File: C:\MED-PC\Data\2018-04-26_11h03m_Subject M328.txt


Start Date: 04/26/18
End Date: 04/26/18
Subject: M328
Experiment: DOBLE_PICO_DEMORA
Group: EXP
Box: 8
Start Time: 11:03:48
End Time: 12:17:17
MSN: IF_MULTIPLE_PICO
A:     493.000
B:      20.000
D:      22.000
I:       1.000
J:   18000.000
K:    6000.000
M:       1.000
N:      23.000
O:      24.000
P:     509.000
Q:       0.000
T:    1000.000
U:       0.000
V:       0.000
W:       0.000
Z:       0.000
C:
     0:        0.120        0.120        0.120        0.120        0.120
     5:        0.510       33.120       71.120       81.120      223.120
    10:      229.120      231.120      259.120      264.120      268.120
    15:      285.110      295.120      303.120      335.110      343.120
    20:      359.110      366.120      371.120      393.110      427.110
    25:      438.110      446.120      551.120      566.110      575.120
    30:      595.110      608.110      608.210      613.120      658.310
    35:      758.500      826.120      830.120      838.120      840.120
    40:      889.120      908.120      952.120     1060.100     1065.120
    45:     1095.100     1098.100     1103.120     1118.120     1126.100
    50:     1130.100     1136.120     1248.100     1250.100     1256.120
    55:     1271.100     1278.100     1286.120     1300.100     1308.120
    60:     1346.120     1361.100     1361.200     1363.100     1367.120
    65:     1411.300     1511.510     1558.120     1623.120     1640.120
    70:     1676.120     1682.120     1765.120     1780.110     1798.120
    75:     1806.120     1814.110     1820.120     1842.110     1846.120
    80:     1924.120     1938.110     1944.120     1964.120     1969.120
    85:     1982.110     2009.110     2096.110     2103.110     2113.110
    90:     2113.210     2121.120     2163.310     2263.500     2288.120
    95:     2291.120     2298.120     2300.120     2574.120     2594.100
   100:     2596.100     2600.120     2631.100     2633.100     2634.100
   105:     2639.120     2675.100     2680.120     2713.100     2715.100
   110:     2722.100     2726.120     2749.100     2750.100     2754.100
   115:     2756.100     2759.100     2763.120     2829.100     2834.120
   120:     2850.100     2856.100     2857.100     2862.120     2881.100
   125:     2881.200     2886.120     2931.300     3031.510     3080.120
   130:     3191.120     3193.120     3194.120     3205.120     3207.120
   135:     3209.120     3211.120     3225.120     3237.120     3252.120
   140:     3254.120     3686.120     3709.110     3709.210     3718.120
   145:     3759.310     3767.120     3859.500     3901.120     3908.120
   150:     4023.100     4027.120     4057.120     4062.120     4072.100
   155:     4075.100     4078.120     4105.120     4132.100     4140.120
   160:     4166.100     4169.100     4174.120     4196.100     4198.100
   165:     4210.100     4219.100     4224.100     4227.100     4235.120
   170:     4246.120     4270.100     4271.100     4273.100     4276.120
   175:     4301.100     4309.100     4315.120     4339.120     4349.100
   180:     4352.100     4358.120     4374.100     4376.100     4380.120
   185:     4407.100     4415.100     4417.100     4419.100     4422.120
   190:     4450.100     4451.100     4456.120     4484.100     4484.200
   195:     4486.100     4490.120     4534.300     4634.510     4994.120
   200:     5008.110     5012.120     5023.120     5042.120     5079.120
   205:     5085.120     5087.120     5094.110     5116.120     5138.110
   210:     5145.110     5163.120     5172.110     5177.110     5182.110
   215:     5187.110     5194.120     5219.110     5226.120     5241.110
   220:     5241.210     5247.120     5291.310     5391.510     5443.120
   225:     5450.120     5452.120     5452.120     5454.120     5476.120
   230:     5481.120     5483.120     5694.120     5708.110     5714.120
   235:     5728.120     5764.120     5776.120     5786.110     5787.110
   240:     5795.120     5838.110     5850.110     5857.120     5875.120
   245:     5901.120     5905.110     5915.110     5944.110     5951.120
   250:     5979.110     5991.110     5995.110     5995.210     6000.110
   255:     6008.120     6045.310     6054.120     6145.530     6223.120
   260:     6225.120     6603.100     6610.120     6631.100     6636.120
   265:     6657.100     6663.120     6695.100     6696.100     6702.120
   270:     6726.100     6733.120     6759.100     6761.100     6779.120
   275:     6804.100     6806.100     6810.120     6835.120     6843.100
   280:     6851.100     6852.100     6856.120     6887.100     6891.100
   285:     6893.120     6910.100     6924.100     6927.120     6955.100
   290:     6961.100     6964.100     6970.120     6992.100     6994.100
   295:     6999.120     7022.100     7029.100     7030.100     7043.120
   300:     7065.100     7070.120     7089.100     7094.120     7120.100
   305:     7122.100     7132.120     7158.120     7172.100     7174.100
   310:     7179.120     7215.120     7230.100     7233.100     7239.120
   315:     7304.120     7337.100     7342.120     7354.120     7396.120
   320:     7405.120     7411.120     7415.120     7418.120     7540.100
   325:     7616.120     7622.120     7634.100     7648.120     7761.100
   330:     7768.120     7775.120     7793.120     7796.120     7800.120
   335:     7810.120     7945.330     8045.500     8091.100     8108.100
   340:     8114.120     8114.120     8171.120     8185.100     8197.120
   345:     8312.100     8320.120     8349.100     8353.120     8390.120
   350:     8396.120     8413.100     8417.120     8445.120     8449.120
   355:     8460.100     8463.100     8467.120     8586.120     8606.100
   360:     8607.100     8612.120     8675.120     8682.100     8682.200
   365:     8688.120     8732.300     8832.510     9147.120     9199.120
   370:     9233.110     9241.120     9256.120     9258.120     9267.110
   375:     9281.120     9304.120     9311.110     9324.110     9332.110
   380:     9335.110     9338.110     9346.120     9360.110     9368.110
   385:     9370.110     9384.110     9406.120     9418.110     9427.110
   390:     9431.110     9435.110     9435.210     9440.120     9485.310
   395:     9585.500     9919.100     9924.100     9933.120     9954.100
   400:     9958.120     9982.120     9997.100     9998.100    10002.120
   405:    10028.100    10032.120    10062.120    10073.100    10075.100
   410:    10078.120    10087.120    10095.100    10100.120    10124.100
   415:    10127.100    10193.100    10193.200    10199.120    10243.300
   420:    10343.510    10516.120    10531.110    10535.120    10549.120
   425:    10582.120    10632.110    10641.110    10733.110    10752.110
   430:    10761.110    10770.110    10773.110    10777.110    10784.120
   435:    10805.110    10816.110    10818.110    10823.110    10828.110
   440:    10829.110    10845.120    10849.120    10862.120    10869.110
   445:    10883.110    10890.120    10908.110    10915.110    10920.110
   450:    10923.110    10926.110    10927.110    10946.110    10946.210
   455:    10953.120    10996.310    11006.120    11096.500    11223.120
   460:    11232.120    11310.100    11316.120    11332.120    11412.100
   465:    11419.100    11421.100    11426.120    11492.120    11494.120
   470:    11497.120    11499.120    11501.120    11511.120    11516.120
   475:    11519.120    11522.120    11535.100    11541.120    11559.120
   480:    11560.120    11576.120    11596.100    11598.100    11605.120
   485:    11628.120    11699.100    11699.200    11705.120    11749.300
   490:    11758.120    11849.500    12272.100    12278.100    12288.100
   495:    12290.100    12294.120    12302.120    12312.100    12316.120
   500:    12366.100    12368.100    12372.120    12390.120    12407.100
   505:    12409.100    12416.120    12444.120    12447.120    12455.120
   510:    12464.100    12464.200    12470.120    12514.300    12614.540
   515:    13112.110    13123.120    13134.110    13148.110    13151.110
   520:    13164.120    13182.110    13188.110    13190.110    13206.120
   525:    13219.110    13227.110    13232.110    13237.110    13241.120
   530:    13254.110    13256.110    13274.110    13281.110    13284.110
   535:    13288.110    13303.110    13314.110    13320.110    13323.110
   540:    13330.120    13349.110    13351.110    13354.110    13361.110
   545:    13369.120    13391.110    13403.110    13420.110    13427.110
   550:    13429.110    13450.110    13459.110    13465.110    13474.110
   555:    13481.110    13492.120    13521.120    13528.110    13536.110
   560:    13538.110    13550.110    13552.110    13553.110    13561.110
   565:    13579.110    13584.110    13588.110    13602.120    13634.120
   570:    13646.120    13651.120    13746.120    13748.120    13778.110
   575:    13788.120    13792.120    13794.120    13816.120    13830.120
   580:    13846.120    13853.120    13855.120    13859.120    13860.120
   585:    13861.120    13879.110    13886.120    13897.120    13902.120
   590:    13903.120    13904.120    13907.120    13991.110    14001.120
   595:    14022.110    14034.120    14046.120    14077.120    14083.120
   600:    14089.110    14102.110    14108.110    14114.120    14139.120
   605:    14146.110    14153.110    14157.110    14164.110    14210.110
   610:    14224.110    14228.110    14237.120    14246.120    14249.120
   615:    14268.120    14270.120    14272.120    14277.110    14283.110
   620:    14286.110    14290.110    14310.110    14316.120    14326.120
   625:    14332.120    14336.120    14349.110    14358.110    14359.110
   630:    14370.110    14373.120    14388.120    14398.120    14408.120
   635:    14411.120    14413.120    14414.340    14421.120    14423.120
   640:    14448.120    14449.120    14478.120    14514.510    14522.110
   645:    14528.120    14757.120    14845.120    14875.120    14990.110
   650:    14993.110    15001.110    15008.110    15014.120    15066.120
   655:    15074.120    15080.120    15082.120    15085.120    15091.120
   660:    15095.120    15104.110    15109.120    15122.110    15122.210
   665:    15128.120    15172.310    15272.500    15828.100    15846.100
   670:    15849.120    15872.100    15872.200    15878.120    15922.300
   675:    16022.500    16105.120    16321.100    16331.100    16334.120
   680:    16354.120    16355.120    16359.120    16365.100    16442.100
   685:    16447.100    16452.120    16488.100    16492.100    16496.120
   690:    16545.100    16549.120    16563.100    16567.120    16596.100
   695:    16598.100    16606.100    16611.100    16612.120    16628.100
   700:    16628.200    16632.120    16678.300    16778.510    17369.110
   705:    17377.120    17401.110    17401.210    17406.120    17451.310
   710:    17551.510    17902.120    17934.110    17940.120    17959.120
   715:    17967.120    17971.120    17976.120    18002.120    18028.110
   720:    18034.110    18036.120    18063.110    18073.110    18081.110
   725:    18099.120    18111.110    18118.110    18125.120    18155.110
   730:    18155.210    18160.120    18205.310    18305.500    18450.120
   735:    18628.100    18632.120    18769.100    18774.120    18793.100
   740:    18797.100    18801.120    18825.120    18833.100    18837.120
   745:    18860.120    18862.120    18867.120    18870.120    18878.100
   750:    18880.100    18885.120    18917.100    18917.200    18919.100
   755:    18923.120    18967.300    19067.500    19571.100    19577.100
   760:    19582.120    19600.100    19604.120    19631.100    19635.120
   765:    19657.100    19665.100    19672.100    19672.200    19675.100
   770:    19679.100    19680.120    19722.300    19822.510    20008.120
   775:    20016.120    20020.120    20028.120    20029.120    20031.120
   780:    20110.120    20133.120    20143.120    20162.120    20175.120
   785:    20189.120    20194.120    20205.110    20209.120    20216.120
   790:    20235.120    20239.120    20243.120    20249.120    20258.110
   795:    20264.110    20269.110    20285.110    20295.110    20302.110
   800:    20308.110    20311.110    20324.110    20328.120    20340.120
   805:    20357.120    20375.110    20379.110    20392.120    20408.110
   810:    20417.110    20424.110    20424.210    20433.120    20474.310
   815:    20574.510    20930.110    20934.120    20940.120    20953.120
   820:    20963.120    20983.120    20986.120    20991.110    20996.120
   825:    21006.120    21009.120    21013.120    21019.110    21029.110
   830:    21034.110    21093.110    21104.110    21108.110    21112.110
   835:    21117.110    21128.110    21132.120    21171.110    21181.110
   840:    21181.210    21187.120    21231.310    21331.510    21562.120
   845:    21574.120    21621.120    21634.120    21636.120    21649.120
   850:    21654.120    21663.120    21666.120    21675.120    21696.110
   855:    21705.120    21722.120    21723.120    21726.120    21735.120
   860:    21819.110    21828.110    21850.110    21854.120    21905.120
   865:    21911.120    21918.110    21925.110    21928.110    21937.120
   870:    21942.120    21943.120    21957.120    21973.120    21978.110
   875:    21978.210    21983.120    22028.310    22128.510    22444.120
   880:    22470.120    22478.120    22478.120    22489.120    22504.120
   885:    22516.120    22516.120    22526.120    22527.120    22536.110
   890:    22539.120    22544.120    22582.120    22589.120    22599.120
   895:    22601.120    22615.110    22680.110    22687.110    22690.110
   900:    22695.110    22697.110    22698.110    22700.110    22716.110
   905:    22721.120    22731.120    22733.120    22741.110    22741.210
   910:    22747.120    22791.310    22891.500    23307.100    23311.120
   915:    23372.100    23426.100    23435.120    23468.100    23473.100
   920:    23478.120    23502.120    23509.100    23509.200    23514.120
   925:    23559.300    23565.120    23659.500    23965.100    23971.100
   930:    23975.120    23986.120    23987.120    23989.120    23993.120
   935:    23994.120    23995.120    23996.120    24000.120    24004.120
   940:    24008.120    24010.120    24011.120    24017.120    24034.120
   945:    24035.120    24036.120    24039.120    24054.120    24092.120
   950:    24094.120    24106.100    24109.100    24113.120    24140.120
   955:    24144.100    24149.100    24152.100    24155.120    24180.120
   960:    24184.120    24189.120    24199.100    24201.100    24205.120
   965:    24223.120    24225.120    24235.100    24245.100    24246.100
   970:    24250.120    24264.100    24264.200    24269.120    24314.300
   975:    24414.510    24482.120    24509.120    24518.120    24519.120
   980:    24521.120    24532.110    24536.120    24541.120    24577.120
   985:    24585.110    24590.120    24594.120    24601.120    24620.120
   990:    24626.110    24637.110    24732.110    24735.120    24743.120
   995:    24751.120    24752.120    24755.120    24778.120    24830.110
  1000:    24840.110    24847.120    24870.120    24871.120    24883.110
  1005:    24886.110    24887.110    24895.110    24905.120    24915.120
  1010:    24918.120    24939.120    24948.110    24956.120    24974.110
  1015:    24982.110    24984.110    24994.120    25095.110    25095.210
  1020:    25106.120    25145.310    25245.500    25396.120    25399.120
  1025:    25399.120    25400.120    25610.120    25626.100    25630.120
  1030:    25650.120    25783.100    25788.100    25792.120    25807.100
  1035:    25812.120    25848.100    25848.200    25851.100    25854.120
  1040:    25898.300    25998.500    26388.100    26394.120    26425.100
  1045:    26431.100    26435.120    26466.120    26487.100    26491.120
  1050:    26509.100    26513.120    26534.100    26540.120    26559.120
  1055:    26586.100    26590.120    26618.100    26618.200    26624.120
  1060:    26668.300    26768.510    27185.110    27196.110    27203.120
  1065:    27259.120    27269.110    27280.110    27283.110    27291.120
  1070:    27306.120    27338.110    27345.110    27351.110    27355.110
  1075:    27364.120    27379.120    27393.110    27393.210    27397.120
  1080:    27443.310    27450.120    27543.510    27891.120    27910.120
  1085:    27953.120    27956.120    27958.120    27965.120    27976.110
  1090:    27980.120    28015.120    28021.120    28030.110    28038.110
  1095:    28088.110    28094.110    28105.110    28112.110    28115.120
  1100:    28147.120    28153.120    28160.110    28160.210    28166.120
  1105:    28210.310    28310.500    28760.100    28767.100    28772.120
  1110:    28785.100    28791.100    28794.120    28819.100    28824.120
  1115:    28850.120    28871.100    28876.100    28879.100    28884.120
  1120:    28904.120    28917.100    28917.200    28922.120    28967.300
  1125:    29067.530    29164.120    29169.120    29171.120    29174.120
  1130:    29181.120    29181.120    29399.100    29405.120    29419.100
  1135:    29425.120    29464.100    29470.120    29506.100    29510.120
  1140:    29532.120    29533.120    29543.100    29550.120    29579.100
  1145:    29581.100    29586.120    29610.100    29615.120    29632.120
  1150:    29653.100    29655.100    29659.120    29672.120    29682.100
  1155:    29683.100    29689.120    29707.100    29712.120    29735.100
  1160:    29741.120    29751.120    29786.100    29791.120    29818.120
  1165:    29837.100    29841.120    29863.120    29865.120    29890.100
  1170:    29949.120    29994.100    30002.120    30028.100    30033.120
  1175:    30050.100    30054.120    30073.120    30086.100    30098.120
  1180:    30114.120    30140.120    30146.120    30157.100    30159.100
  1185:    30163.120    30179.120    30191.100    30196.120    30218.100
  1190:    30220.100    30225.120    30259.120    30264.120    30275.100
  1195:    30279.120    30322.100    30328.100    30333.120    30430.100
  1200:    30433.100    30803.120    30821.100    30827.120    30867.330
  1205:    30967.510    31043.110    31047.120    31066.110    31097.110
  1210:    31107.110    31121.110    31124.120    31130.120    31157.120
  1215:    31165.110    31177.110    31187.110    31193.110    31195.120
  1220:    31201.120    31228.120    31233.110    31246.110    31266.110
  1225:    31276.110    31286.110    31294.110    31298.110    31307.120
  1230:    31320.110    31327.120    31347.110    31354.110    31356.110
  1235:    31367.110    31369.110    31376.120    31393.110    31401.110
  1240:    31418.110    31428.110    31434.110    31435.110    31441.110
  1245:    31446.110    31447.110    31453.110    31456.110    31463.120
  1250:    31493.120    31500.110    31510.110    31513.110    31520.120
  1255:    31538.110    31558.120    31586.120    31591.120    31596.120
  1260:    31609.110    31609.210    31613.120    31659.310    31759.500
  1265:    32096.100    32101.120    32119.100    32125.100    32129.120
  1270:    32165.120    32167.120    32179.100    32183.120    32208.120
  1275:    32211.120    32214.120    32268.100    32274.100    32278.100
  1280:    32281.120    32305.100    32310.120    32328.120    32330.120
  1285:    32339.100    32343.120    32371.100    32371.200    32379.120
  1290:    32421.300    32521.500    32932.100    32997.100    33002.120
  1295:    33030.120    33041.100    33045.120    33061.120    33066.120
  1300:    33068.120    33080.100    33085.120    33117.100    33121.120
  1305:    33142.120    33151.120    33170.100    33170.200    33176.120
  1310:    33220.300    33320.540    33788.120    33801.110    33810.120
  1315:    33846.120    33847.120    33862.120    33866.120    33880.120
  1320:    33887.110    33895.110    33912.110    33916.120    33942.120
  1325:    33944.120    33945.120    33950.110    33964.110    33971.110
  1330:    33979.110    33994.110    34000.120    34011.120    34027.110
  1335:    34036.110    34042.110    34054.110    34063.120    34069.120
  1340:    34101.110    34119.110    34127.110    34130.110    34137.120
  1345:    34165.120    34167.120    34173.110    34184.110    34187.110
  1350:    34208.120    34209.120    34217.120    34223.110    34233.110
  1355:    34236.110    34250.110    34262.110    34263.120    34292.110
  1360:    34301.110    34303.110    34310.110    34311.110    34314.110
  1365:    34320.120    34327.120    34363.120    34370.110    34379.120
  1370:    34390.120    34399.110    34508.110    34519.110    34525.120
  1375:    34801.120    34804.120    34816.110    34822.120    34837.120
  1380:    34839.120    34842.120    34857.120    34858.120    34858.120
  1385:    35120.340    35220.510    35282.110    35291.110    35302.120
  1390:    35369.110    35383.110    35389.110    35400.110    35412.110
  1395:    35417.120    35429.120    35434.110    35451.120    35483.110
  1400:    35491.110    35493.110    35517.110    35526.120    35535.110
  1405:    35544.110    35549.110    35570.110    35600.110    35609.110
  1410:    35614.120    35646.120    35647.120    35655.110    35666.110
  1415:    35672.120    35694.110    35703.110    35708.110    35713.120
  1420:    35738.120    35742.120    35751.110    35758.110    35763.110
  1425:    35767.110    35773.120    35783.120    35818.110    35821.120
  1430:    35826.120    35842.120    35843.120    35849.110    35849.210
  1435:    35854.120    35899.310    35999.510    36038.120    36041.120
  1440:    36121.120    36241.120    36423.110    36428.120    36489.110
  1445:    36500.120    36535.110    36544.110    36549.110    36552.120
  1450:    36573.120    36585.110    36590.110    36594.110    36601.110
  1455:    36601.210    36608.120    36651.310    36751.500    36951.100
  1460:    36962.100    36966.100    36969.120    37001.100    37006.100
  1465:    37008.100    37011.120    37044.100    37050.100    37053.120
  1470:    37066.120    37077.100    37081.120    37104.120    37114.100
  1475:    37118.120    37132.100    37137.120    37156.100    37157.100
  1480:    37164.120    37183.100    37191.120    37210.100    37212.100
  1485:    37221.120    37240.100    37250.120    37269.100    37273.120
  1490:    37297.100    37300.100    37304.120    37329.100    37337.100
  1495:    37339.100    37349.120    37392.100    37392.200    37398.120
  1500:    37442.300    37455.120    37542.530    37592.120    37981.120
  1505:    37989.100    37994.100    38006.100    38010.120    38020.120
  1510:    38047.120    38061.100    38062.100    38067.120    38086.120
  1515:    38088.120    38094.120    38095.120    38095.120    38099.120
  1520:    38108.100    38113.120    38141.120    38153.100    38156.100
  1525:    38160.120    38174.100    38178.120    38195.100    38202.120
  1530:    38223.100    38224.100    38230.120    38244.100    38248.120
  1535:    38265.100    38271.120    38290.100    38292.100    38294.100
  1540:    38297.100    38302.100    38303.100    38305.100    38316.120
  1545:    38366.120    38380.100    38382.100    38384.100    38392.100
  1550:    38405.100    38412.100    38413.100    38415.100    38418.120
  1555:    38442.100    38444.100    38451.120    38477.100    38482.100
  1560:    38489.120    38509.100    38524.100    38534.120    38566.100
  1565:    38568.100    38575.120    38595.120    38605.100    38607.100
  1570:    38613.120    38629.100    38635.120    38648.100    38660.100
  1575:    38663.100    38667.100    38672.100    38673.120    38696.120
  1580:    38708.100    38710.100    38714.120    38734.100    38741.100
  1585:    38752.120    38784.120    38794.100    38796.100    38801.120
  1590:    38846.100    38849.100    38852.100    38853.120    38870.120
  1595:    38875.120    38884.100    38892.120    38921.100    38929.100
  1600:    38931.100    38941.120    39154.120    39190.100    39194.120
  1605:    39240.100    39306.100    39342.330    39419.120    39429.120
  1610:    39442.510    39563.110    39566.120    39586.110    39600.110
  1615:    39606.120    39625.110    39638.110    39649.110    39664.120
  1620:    39695.120    39700.120    39706.110    39715.110    39718.110
  1625:    39721.110    39730.110    39773.110    39784.110    39788.110
  1630:    39794.110    39798.120    39801.120    39822.120    39826.120
  1635:    39833.110    39843.110    39851.120    39870.120    39880.110
  1640:    39891.110    39894.110    39950.110    39955.110    39958.110
  1645:    39960.110    39971.120    39992.110    40001.110    40006.110
  1650:    40024.110    40031.120    40032.120    40043.110    40043.210
  1655:    40049.120    40093.310    40193.500    40469.100    40504.100
  1660:    40508.120    40523.120    40523.120    40524.120    40530.100
  1665:    40542.120    40567.120    40573.120    40582.100    40588.120
  1670:    40620.100    40624.120    40636.100    40641.120    40663.120
  1675:    40675.100    40678.100    40688.120    40691.120    40710.120
  1680:    40718.120    40726.100    40731.120    40744.120    40746.120
  1685:    40757.100    40759.100    40763.120    40777.120    40782.120
  1690:    40784.120    40793.100    40793.200    40796.100    40800.100
  1695:    40801.120    40843.300    40943.510    41028.120    41036.120
  1700:    41037.120    41039.120    41043.120    41229.120    41233.120
  1705:    41234.120    41235.120    41241.120    41259.120    41306.120
  1710:    41307.120    41312.120    41314.120    41320.110    41328.120
  1715:    41340.120    41347.120    41354.120    41362.110    41368.120
  1720:    41373.120    41377.110    41388.110    41395.110    41447.110
  1725:    41452.120    41461.110    41468.110    41473.110    41476.110
  1730:    41479.110    41482.110    41486.120    41499.120    41506.110
  1735:    41513.110    41518.110    41520.110    41526.120    41553.110
  1740:    41553.210    41557.120    41603.310    41703.500    41982.100
  1745:    41986.120    41991.120
E:
     0:     1747.000      424.000      471.000
F:
     0:       70.000       34.698       28.610
G:
     0:        1.000        1.000        1.000        1.000        1.000
     5:        1.000        1.000        1.000        1.000        0.000
H:
     0:        1.000        1.000        2.000        2.000
L:
R:
     0:        1.000        1.000        1.000        1.000        1.000
     5:        1.000        1.000        1.000        1.000        0.000
S:
     0:        1.000        1.000
X:
     0:        0.000      301.001      336.002      339.003      367.004
     5:      371.005      489.006      491.007      512.008      519.009
    10:      541.010      602.011      602.011      604.012      652.000
    15:      652.000      983.001      985.002     1020.003     1021.004
    20:     1023.005     1064.006     1102.007     1103.008     1110.009
    25:     1137.010     1139.011     1143.012     1144.013     1147.014
    30:     1217.015     1238.016     1244.017     1246.018     1270.019
    35:     1270.019     1320.000     1320.000     1484.001     1532.002
    40:     1535.003     1592.004     1626.005     1629.006     1657.007
    45:     1658.008     1670.009     1679.010     1685.011     1688.012
    50:     1730.013     1732.014     1734.015     1761.016     1770.017
    55:     1810.018     1813.019     1834.020     1836.021     1867.022
    60:     1876.023     1878.024     1879.025     1910.026     1912.027
    65:     1945.028     1945.028     1946.029     1995.000     1995.000
    70:     2453.002     2480.004     2506.006     2544.008     2546.010
    75:     2575.012     2608.014     2611.016     2653.018     2655.020
    80:     2693.022     2700.024     2702.026     2737.028     2740.030
    85:     2759.032     2773.034     2804.036     2810.038     2813.040
    90:     2841.042     2844.044     2871.046     2878.048     2879.050
    95:     2914.052     2938.054     2969.056     2971.058     3021.060
   100:     3024.062     3079.064     3082.066     3186.068     3389.070
   105:     3484.072     3610.074     3940.075     3958.076     4034.077
   110:     4161.078     4198.079     4262.080     4310.081     4312.082
   115:     4455.083     4457.084     4531.085     4531.085     4581.000
   120:     4581.000     4914.001     4920.002     4949.003     4992.004
   125:     4993.005     5023.006     5068.007     5070.008     5090.009
   130:     5120.010     5122.011     5189.012     5189.012     5239.000
   135:     5239.000     5452.001     5555.002     5561.003     5563.004
   140:     5677.005     5739.006     5740.007     5842.008     5842.008
   145:     5892.000     5892.000     6315.001     6321.002     6330.003
   150:     6332.004     6354.005     6408.006     6411.007     6449.008
   155:     6452.009     6506.010     6506.010     6556.000     6556.000
   160:     7111.001     7129.002     7156.003     7156.003     7206.000
   165:     7206.000     7504.001     7514.002     7549.003     7626.004
   170:     7630.005     7671.006     7675.007     7728.008     7746.009
   175:     7779.010     7781.011     7789.012     7795.013     7811.014
   180:     7811.014     7861.000     7861.000     8184.001     8325.002
   185:     8348.003     8353.004     8389.005     8434.006     8435.007
   190:     8472.008     8472.008     8474.009     8522.000     8522.000
   195:     9025.001     9032.002     9054.003     9085.004     9112.005
   200:     9120.006     9127.007     9127.007     9130.008     9134.009
   205:     9177.000     9177.000     9592.001     9657.002     9711.003
   210:     9753.004     9758.005     9794.006     9794.006     9844.000
   215:     9844.000    10149.001    10156.002    10291.003    10293.004
   220:    10328.005    10334.006    10336.007    10383.008    10385.009
   225:    10420.010    10429.011    10431.012    10448.013    10449.013
   230:    10499.000    10499.000    10879.001    11036.002    11041.003
   235:    11061.004    11102.005    11102.005    11104.006    11152.000
   240:    11152.000    11541.001    11578.002    11584.003    11640.004
   245:    11662.005    11688.006    11739.007    11772.008    11772.008
   250:    11822.000    11822.000    12271.001    12278.002    12297.003
   255:    12302.004    12330.005    12382.006    12388.007    12390.008
   260:    12429.009    12429.009    12479.000    12479.000    12810.002
   265:    12830.004    12875.006    12917.008    12954.010    12990.012
   270:    12992.014    13021.016    13064.018    13066.020    13093.022
   275:    13094.024    13118.026    13146.028    13197.030    13248.032
   280:    13301.034    13405.036    13439.038    13461.040    13497.042
   285:    13568.044    13570.046    13602.048    13629.050    13631.052
   290:    13686.054    13733.056    13739.058    13841.060    13844.062
   295:    14232.064    15507.001    15530.002    15536.003    15590.004
   300:    15679.005    15685.006    15689.007    15716.008    15750.009
   305:    15782.010    15782.010    15832.000    15832.000    16243.001
   310:    16308.002    16352.003    16391.004    16428.005    16481.006
   315:    16481.006    16531.000    16531.000    16731.001    16742.002
   320:    16746.003    16781.004    16786.005    16788.006    16823.007
   325:    16829.008    16856.009    16893.010    16912.011    16935.012
   330:    16937.013    16963.014    16990.015    16992.016    17020.017
   335:    17049.018    17077.019    17080.020    17108.021    17117.022
   340:    17119.023    17172.024    17172.024    17222.000    17222.000
   345:    17668.002    17673.004    17685.006    17740.008    17741.010
   350:    17787.012    17832.014    17835.016    17853.018    17874.020
   355:    17902.022    17903.024    17923.026    17944.028    17969.030
   360:    17971.032    17973.034    17976.036    17981.038    17982.040
   365:    17984.042    18059.044    18061.046    18063.048    18071.050
   370:    18084.052    18091.054    18092.056    18094.058    18121.060
   375:    18123.062    18157.064    18161.066    18188.068    18203.070
   380:    18245.072    18247.074    18284.076    18286.078    18308.080
   385:    18327.082    18339.084    18342.086    18346.088    18351.090
   390:    18387.092    18389.094    18413.096    18420.098    18473.100
   395:    18476.102    18525.104    18528.106    18531.108    18563.110
   400:    18600.112    18608.114    18610.116    18869.118    18919.120
   405:    18985.122    20148.001    20184.002    20209.003    20261.004
   410:    20299.005    20315.006    20354.007    20357.008    20405.009
   415:    20437.010    20438.011    20473.012    20473.012    20475.013
   420:    20479.014    20523.000    20523.000    20802.001
Y:
     0:        0.000      285.001      335.002      359.003      393.004
     5:      427.005      438.006      566.007      595.008      608.009
    10:      608.009      658.000      658.000      927.001      960.002
    15:      988.003     1084.004     1128.005     1155.006     1242.007
    20:     1249.008     1259.009     1259.009     1309.000     1309.000
    25:     1986.001     1986.001     2036.000     2036.000     2409.001
    30:     2495.002     2539.003     2547.004     2573.005     2578.006
    35:     2583.007     2588.008     2620.009     2643.010     2643.010
    40:     2693.000     2693.000     3009.001     3087.002     3088.003
    45:     3139.004     3151.005     3206.006     3216.007     3245.008
    50:     3280.009     3292.010     3296.011     3296.011     3302.012
    55:     3346.000     3346.000     3747.001     3780.002     3825.003
    60:     3838.004     3845.005     3849.006     3852.007     3874.008
    65:     3882.009     3883.010     3897.011     3932.012     3941.013
    70:     3944.014     3949.015     3949.015     3999.000     3999.000
    75:     4186.001     4288.002     4296.003     4388.004     4407.005
    80:     4416.006     4425.007     4429.008     4433.009     4460.010
    85:     4471.011     4473.012     4478.013     4483.014     4485.015
    90:     4524.016     4538.017     4563.018     4570.019     4575.020
    95:     4578.021     4581.022     4583.023     4602.024     4602.024
   100:     4652.000     4652.000     5149.002     5172.004     5185.006
   105:     5188.008     5220.010     5226.012     5227.014     5257.016
   110:     5265.018     5270.020     5275.022     5292.024     5294.026
   115:     5311.028     5319.030     5321.032     5326.034     5341.036
   120:     5351.038     5357.040     5360.042     5387.044     5388.046
   125:     5392.048     5399.050     5429.052     5441.054     5457.056
   130:     5465.058     5467.060     5487.062     5497.064     5502.066
   135:     5512.068     5519.070     5565.072     5573.074     5576.076
   140:     5587.078     5589.080     5590.082     5599.084     5616.086
   145:     5621.088     5625.090     5815.092     5916.094     6028.096
   150:     6059.098     6127.100     6139.102     6146.104     6183.106
   155:     6191.108     6194.110     6202.112     6247.114     6261.116
   160:     6266.118     6315.120     6321.122     6323.124     6328.126
   165:     6347.128     6386.130     6396.132     6397.134     6408.136
   170:     6559.137     7028.138     7031.139     7039.140     7045.141
   175:     7141.142     7160.143     7160.143     7210.000     7210.000
   180:     7801.001     7833.002     7833.002     7883.000     7883.000
   185:     8266.001     8360.002     8366.003     8394.004     8404.005
   190:     8412.006     8442.007     8449.008     8487.009     8487.009
   195:     8537.000     8537.000     8919.001     8972.002     8978.003
   200:     8983.004     9000.005     9009.006     9016.007     9022.008
   205:     9025.009     9039.010     9090.011     9093.012     9122.013
   210:     9131.014     9139.015     9139.015     9189.000     9189.000
   215:     9545.001     9606.002     9633.003     9643.004     9648.005
   220:     9707.006     9718.007     9722.008     9726.009     9731.010
   225:     9742.011     9785.012     9795.013     9795.013     9845.000
   230:     9845.000    10210.001    10333.002    10342.003    10363.004
   235:    10432.005    10439.006    10441.007    10492.008    10492.008
   240:    10542.000    10542.000    10949.001    11028.002    11094.003
   245:    11101.004    11103.005    11108.006    11110.007    11112.008
   250:    11114.009    11130.010    11155.011    11155.011    11205.000
   255:    11205.000    11323.001    11375.002    11417.003    11427.004
   260:    11522.005    11620.006    11630.007    11673.008    11676.009
   265:    11678.010    11686.011    11738.012    11764.013    11773.014
   270:    11775.015    11885.016    11886.016    11936.000    11936.000
   275:    12352.001    12363.002    12436.003    12447.004    12450.005
   280:    12505.006    12512.007    12518.008    12522.009    12560.010
   285:    12560.010    12610.000    12610.000    13043.001    13097.002
   290:    13105.003    13154.004    13160.005    13171.006    13178.007
   295:    13227.008    13227.008    13277.000    13277.000    13277.065
   300:    13277.066    13277.067    13277.068    13277.069    13277.070
   305:    13277.071    13277.072    13277.073    13277.074    13277.075
   310:    13277.076    13277.077    13277.078    13277.079    13277.080
   315:    13277.081    13277.082    13277.083    13277.084    13277.085
   320:    13277.086    13277.087    13277.088    13277.089    13277.090
   325:    13277.091    13277.092    13277.093    13277.094    13277.095
   330:    13277.096    13277.097    13277.098    13277.099    13277.100
   335:    13277.101    13277.102    13277.102    13277.000    13277.000
   340:    13758.002    13843.004    13852.006    13868.008    13906.010
   345:    13921.012    13928.014    13935.016    13950.018    13983.020
   350:    13993.022    13999.024    14011.026    14058.028    14075.030
   355:    14083.032    14086.034    14130.036    14141.038    14144.040
   360:    14180.042    14190.044    14193.046    14206.048    14218.050
   365:    14249.052    14257.054    14260.056    14267.058    14268.060
   370:    14271.062    14327.064    14356.066    14465.068    14475.070
   375:    14773.072    15238.073    15248.074    15326.075    15340.076
   380:    15346.077    15357.078    15369.079    15390.080    15439.081
   385:    15447.082    15450.083    15474.084    15491.085    15500.086
   390:    15505.087    15527.088    15557.089    15565.090    15611.091
   395:    15622.092    15651.093    15660.094    15665.095    15707.096
   400:    15715.097    15719.098    15724.099    15775.100    15806.101
   405:    15806.101    15856.000    15856.000    16279.001    16345.002
   410:    16391.003    16400.004    16405.005    16441.006    16446.007
   415:    16450.008    16457.009    16457.009    16507.000    16507.000
   420:    16507.123    16507.124    16507.125    16507.126    16507.127
   425:    16507.128    16507.129    16507.130    16507.131    16507.132
   430:    16507.133    16507.134    16507.135    16507.136    16507.137
   435:    16507.138    16507.139    16507.140    16507.141    16507.142
   440:    16507.143    16507.144    16507.145    16507.146    16507.147
   445:    16507.148    16507.149    16507.150    16507.151    16507.151
   450:    16507.000    16507.000    16883.001    16925.002    16940.003
   455:    16951.004    16958.005    17010.006    17024.007    17031.008
   460:    17036.009    17039.010    17042.011    17045.012    17069.013
   465:    17076.014    17081.015    17083.016    17116.017    17116.017
   470:    17166.000
