File: C:\MED-PC\Data\2018-04-26_09h36m_Subject M327.txt


Start Date: 04/26/18
End Date: 04/26/18
Subject: M327
Experiment: DOBLE_PICO_DEMORA
Group: EXP
Box: 10
Start Time: 09:36:20
End Time: 10:50:18
MSN: IF_MULTIPLE_PICO
A:     744.000
B:      21.000
D:      22.000
I:       1.000
J:   18000.000
K:    6000.000
M:      74.000
N:      23.000
O:      24.000
P:    1086.000
Q:       0.000
T:    1000.000
U:       0.000
V:       0.000
W:       0.000
Z:       0.000
C:
     0:        0.120        0.120        0.120        0.120        0.120
     5:        0.120        0.120        0.120        0.120        0.120
    10:        0.120        0.120        0.120        0.120        0.120
    15:        0.120        0.120        0.120        0.120        0.120
    20:        0.120        0.120        0.120        0.120        0.120
    25:        0.120        0.120        0.120        0.120        0.120
    30:        0.120        0.120        0.510       42.120       53.110
    35:       63.120       89.110       95.110      100.110      102.110
    40:      111.110      117.110      130.120      164.110      167.110
    45:      170.110      175.110      178.110      186.110      187.110
    50:      189.110      192.110      196.110      202.110      209.110
    55:      214.110      216.110      220.110      222.110      229.110
    60:      232.110      235.110      245.110      248.110      251.110
    65:      258.110      260.120      264.120      281.110      285.110
    70:      296.110      299.110      302.110      304.110      372.120
    75:      384.110      386.110      391.110      395.110      400.110
    80:      406.110      431.120      445.110      448.110      455.110
    85:      457.110      459.110      462.110      463.110      467.110
    90:      470.110      473.110      477.110      480.110      484.110
    95:      498.110      505.110      510.110      513.110      520.110
   100:      522.110      524.110      531.110      538.110      541.110
   105:      633.110      633.210      635.110      639.120      683.310
   110:      722.120      783.510      945.120      947.120      958.120
   115:      967.120      977.120      994.120     1001.120     1189.120
   120:     1220.110     1224.110     1236.120     1243.120     1260.110
   125:     1273.110     1278.110     1281.110     1285.110     1290.110
   130:     1296.110     1298.110     1348.110     1362.120     1365.120
   135:     1366.120     1383.110     1383.210     1387.120     1433.310
   140:     1466.120     1533.500     1706.120     1706.120     1817.100
   145:     1931.100     1944.120     1968.100     1975.100     1980.100
   150:     1983.100     1995.100     2002.100     2006.100     2010.120
   155:     2019.100     2026.100     2041.100     2044.100     2048.100
   160:     2053.100     2058.100     2065.100     2070.100     2091.100
   165:     2096.100     2100.100     2100.100     2108.100     2111.100
   170:     2115.100     2122.120     2133.100     2139.100     2139.200
   175:     2146.120     2189.300     2289.500     2460.120     2496.120
   180:     2496.120     2497.120     2541.120     2655.100     2875.120
   185:     2916.100     2916.200     2923.120     2966.300     2996.120
   190:     3066.540     3139.120     3226.120     3230.120     3291.120
   195:     3341.110     3348.110     3408.110     3456.110     3462.110
   200:     3478.120     3497.110     3507.110     3510.110     3512.110
   205:     3515.110     3518.110     3523.110     3559.110     3576.110
   210:     3579.110     3581.110     3584.120     3607.110     3613.110
   215:     3623.110     3629.120     3646.110     3649.110     3651.110
   220:     3655.110     3657.110     3672.110     3674.110     3676.110
   225:     3680.110     3686.110     3689.110     3692.110     3694.110
   230:     3702.110     3706.110     3712.110     3715.110     3720.110
   235:     3736.120     3840.110     3852.110     3856.110     3861.110
   240:     3880.110     3884.110     3891.110     3911.110     3917.110
   245:     3924.110     3972.110     3977.110     3979.110     3983.110
   250:     3996.110     4001.110     4002.110     4009.120     4010.120
   255:     4012.120     4114.110     4122.110     4134.110     4136.110
   260:     4140.120     4156.110     4160.110     4179.110     4182.110
   265:     4185.110     4280.110     4287.110     4302.110     4306.110
   270:     4311.110     4318.110     4320.110     4336.120     4354.120
   275:     4358.120     4362.120     4378.110     4383.110     4387.110
   280:     4391.110     4398.120     4420.120     4432.110     4436.110
   285:     4439.120     4581.120     4595.110     4598.110     4610.110
   290:     4620.110     4639.110     4643.110     4647.110     4663.110
   295:     4668.110     4727.110     4731.110     4734.110     4751.120
   300:     4773.120     4777.110     4784.110     4790.110     4792.110
   305:     4793.110     4857.110     4866.110     4866.340     4873.120
   310:     4966.510     5167.120     5231.120     5238.110     5250.110
   315:     5253.110     5262.120     5332.110     5337.110     5341.110
   320:     5347.110     5350.110     5417.110     5429.120     5435.120
   325:     5470.120     5483.110     5488.110     5492.110     5496.110
   330:     5498.110     5505.110     5509.110     5514.110     5517.110
   335:     5521.110     5522.110     5525.110     5543.120     5562.110
   340:     5570.110     5570.210     5574.120     5620.310     5662.120
   345:     5664.120     5720.500     5889.120     6043.120     6057.120
   350:     6098.120     6110.120     6119.100     6349.100     6349.200
   355:     6354.120     6399.300     6425.120     6427.120     6499.500
   360:     6631.120     6660.120     6694.120     6735.120     6751.100
   365:     6830.100     6871.120     6916.100     6922.100     6942.100
   370:     6947.120     6958.100     6963.100     6970.100     6976.100
   375:     6979.100     6990.100     6996.100     7001.100     7004.100
   380:     7014.100     7018.100     7023.100     7027.100     7031.100
   385:     7042.100     7046.100     7050.100     7067.100     7077.100
   390:     7081.100     7089.100     7100.100     7100.200     7106.120
   395:     7150.300     7239.120     7250.510     7389.120     7426.120
   400:     7466.110     7473.110     7531.110     7537.120     7572.110
   405:     7583.110     7588.110     7592.110     7604.110     7607.110
   410:     7609.110     7613.110     7616.110     7621.110     7624.110
   415:     7628.110     7629.110     7633.110     7643.110     7645.110
   420:     7658.110     7661.110     7667.110     7672.110     7674.110
   425:     7678.110     7683.110     7688.110     7691.110     7693.110
   430:     7695.110     7697.110     7706.120     7716.110     7719.110
   435:     7722.110     7726.110     7729.110     7732.110     7737.110
   440:     7742.110     7744.110     7747.110     7749.110     7758.110
   445:     7761.110     7763.110     7768.120     7779.110     7785.110
   450:     7791.110     7793.110     7796.110     7807.120     7820.110
   455:     7822.110     7828.120     7850.110     7850.210     7855.120
   460:     7900.310     7919.120     8000.530     8139.120     8170.120
   465:     8172.120     8196.120     8233.100     8377.120     8424.100
   470:     8430.100     8434.100     8438.100     8441.100     8458.100
   475:     8464.100     8468.100     8481.100     8488.100     8495.100
   480:     8514.100     8522.100     8525.100     8528.100     8535.100
   485:     8546.100     8548.100     8556.120     8564.100     8568.100
   490:     8570.100     8580.100     8585.100     8595.100     8597.100
   495:     8600.100     8619.100     8626.100     8632.100     8634.100
   500:     8649.100     8663.100     8671.100     8674.100     8694.100
   505:     8704.100     8708.100     8721.120     8728.120     8730.120
   510:     8732.120     8734.120     8735.120     8735.120     8739.120
   515:     8740.120     8746.100     8768.100     8784.120     8802.100
   520:     8814.100     8819.100     8830.120     8840.120     8874.100
   525:     8882.100     8893.100     8929.100     8938.100     8943.120
   530:     8970.100     8982.100     8988.100     9001.100     9081.120
   535:     9089.100     9092.100     9096.100     9101.100     9105.100
   540:     9125.100     9126.100     9148.100     9154.100     9166.120
   545:     9196.120     9313.100     9322.100     9332.120     9365.100
   550:     9372.100     9379.100     9384.100     9393.100     9395.100
   555:     9400.120     9441.120     9448.120     9470.100     9616.100
   560:     9621.100     9629.120     9642.100     9645.100     9650.100
   565:     9659.100     9667.100     9692.100     9698.100     9702.100
   570:     9705.100     9717.100     9726.100     9735.100     9736.100
   575:     9738.100     9741.100     9742.100     9749.100     9754.100
   580:     9761.100     9764.100     9770.100     9772.100     9779.100
   585:     9789.100     9792.100     9797.100     9800.330     9839.120
   590:     9847.120     9900.510     9936.110     9988.110     9992.110
   595:     9995.110     9999.110    10006.120    10051.110    10057.110
   600:    10066.110    10070.110    10073.110    10088.110    10093.110
   605:    10095.110    10096.110    10098.110    10101.110    10108.110
   610:    10111.110    10113.110    10114.110    10116.110    10121.120
   615:    10135.110    10138.110    10141.110    10187.110    10191.110
   620:    10195.110    10200.110    10201.110    10205.110    10215.110
   625:    10216.110    10218.110    10221.110    10229.110    10233.110
   630:    10235.110    10238.110    10242.110    10249.110    10258.110
   635:    10266.110    10271.110    10273.110    10276.110    10280.110
   640:    10286.110    10305.110    10307.110    10309.110    10320.110
   645:    10328.110    10330.110    10332.110    10339.110    10346.110
   650:    10355.120    10388.120    10394.110    10396.110    10401.120
   655:    10403.120    10423.110    10426.110    10433.110    10437.110
   660:    10442.110    10951.120    10964.110    10964.210    10968.120
   665:    11014.310    11056.120    11114.500    11230.120    11471.120
   670:    11510.100    11523.100    11529.100    11542.100    11552.100
   675:    11554.100    11559.100    11563.100    11570.100    11576.100
   680:    11580.100    11582.100    11597.100    11612.120    11626.100
   685:    11629.100    11639.100    11653.100    11661.100    11677.100
   690:    11680.100    11688.120    11712.100    11725.100    11725.200
   695:    11732.120    11775.300    11827.120    11875.510    11997.120
   700:    12031.120    12149.120    12344.120    12382.110    12385.110
   705:    12392.110    12396.110    12401.110    12402.110    12404.110
   710:    12407.110    12415.110    12418.110    12426.110    12436.110
   715:    12440.110    12444.110    12512.110    12512.210    12515.110
   720:    12518.120    12562.310    12662.510    12751.120    12773.120
   725:    12775.120    12787.120    12796.120    12873.110    12949.110
   730:    12991.110    13099.120    13124.110    13130.110    13136.110
   735:    13140.110    13147.110    13151.110    13154.110    13155.110
   740:    13159.120    13178.110    13182.110    13187.110    13191.110
   745:    13194.110    13195.110    13199.110    13203.110    13207.110
   750:    13214.110    13216.110    13222.110    13228.120    13239.110
   755:    13241.110    13243.110    13253.110    13256.110    13259.110
   760:    13263.110    13263.210    13267.120    13313.310    13413.510
   765:    13599.120    13649.120    13726.120    13759.120    13940.120
   770:    14012.110    14017.110    14017.210    14023.120    14067.310
   775:    14111.120    14167.500    14248.120    14280.120    14282.120
   780:    14285.120    14295.120    14464.120    14531.100    14538.100
   785:    14548.100    14656.100    14664.100    14667.100    14672.100
   790:    14682.100    14729.100    14742.100    14766.100    14782.100
   795:    14782.200    14789.120    14832.300    14932.500    14991.120
   800:    15062.120    15222.100    15236.120    15273.100    15303.100
   805:    15326.100    15331.100    15336.100    15344.120    15364.100
   810:    15370.100    15374.100    15388.100    15396.100    15424.100
   815:    15432.100    15435.100    15447.100    15454.100    15465.100
   820:    15474.100    15488.100    15494.100    15509.100    15538.100
   825:    15538.200    15544.120    15588.300    15637.120    15688.500
   830:    15749.120    15794.120    15926.120    15939.120    15941.120
   835:    15963.120    15988.100    16067.100    16074.100    16080.120
   840:    16107.100    16115.100    16135.100    16136.100    16139.100
   845:    16156.100    16161.100    16163.100    16167.100    16169.100
   850:    16174.100    16184.100    16201.100    16210.100    16214.100
   855:    16223.100    16228.100    16232.100    16236.100    16241.100
   860:    16253.100    16263.100    16265.100    16274.100    16274.100
   865:    16281.100    16282.100    16291.120    16299.100    16299.200
   870:    16305.120    16349.300    16390.120    16449.510    16526.120
   875:    16593.120    16609.120    16629.110    16753.110    16760.110
   880:    16765.120    16813.120    16814.120    16844.110    16851.110
   885:    16854.110    16857.110    16861.110    16865.110    16904.110
   890:    16908.110    16911.110    16913.110    16918.110    16933.110
   895:    16938.110    16939.110    16943.120    16970.110    16973.110
   900:    16978.110    16982.110    16986.110    16988.110    16989.110
   905:    16994.110    17001.110    17002.110    17005.110    17007.110
   910:    17011.110    17020.110    17025.110    17031.110    17033.110
   915:    17042.110    17045.110    17061.110    17061.210    17065.120
   920:    17111.310    17146.120    17150.120    17211.500    17306.120
   925:    17486.100    17516.100    17523.120    17559.100    17708.100
   930:    17719.120    17750.100    17772.100    17775.100    17781.100
   935:    17795.100    17803.100    17805.100    17815.120    17820.100
   940:    17820.200    17827.120    17870.300    17910.120    17970.540
   945:    18074.120    18107.120    18135.120    18169.110    18176.110
   950:    18187.120    18189.120    18248.110    18251.110    18309.110
   955:    18312.110    18315.110    18328.120    18356.110    18363.110
   960:    18369.110    18375.120    18390.110    18397.110    18402.110
   965:    18404.110    18408.110    18412.110    18417.110    18421.110
   970:    18429.110    18434.110    18436.110    18455.110    18458.110
   975:    18463.110    18473.120    18490.110    18494.120    18514.110
   980:    18518.110    18523.110    18532.110    18538.110    18540.110
   985:    18550.110    18552.110    18557.110    18559.110    18569.110
   990:    18574.110    18577.110    18594.110    18597.110    18601.110
   995:    18603.110    18613.110    18616.110    18619.110    18622.110
  1000:    18636.110    18640.110    18643.110    18647.110    18653.110
  1005:    18657.110    18660.110    18669.110    18672.110    18673.110
  1010:    18679.110    18681.110    18685.110    18710.110    18716.110
  1015:    18723.110    18725.110    18728.110    18730.110    18731.110
  1020:    18734.120    18736.120    18748.120    18876.110    18882.110
  1025:    18884.110    18929.110    19291.120    19308.110    19318.110
  1030:    19323.110    19327.110    19332.110    19341.110    19343.110
  1035:    19348.110    19352.120    19371.110    19374.110    19381.110
  1040:    19384.110    19386.110    19390.110    19399.110    19409.110
  1045:    19411.110    19423.120    19447.110    19450.110    19452.110
  1050:    19458.110    19466.110    19470.110    19472.110    19474.110
  1055:    19481.110    19483.110    19487.110    19495.110    19499.110
  1060:    19501.110    19506.110    19508.110    19509.110    19513.120
  1065:    19635.110    19641.110    19691.110    19770.340    19870.510
  1070:    19873.120    19879.120    19909.120    19931.110    19939.110
  1075:    19954.110    19958.110    20079.110    20174.110    20183.110
  1080:    20187.110    20191.110    20194.110    20203.110    20207.110
  1085:    20212.120    20234.110    20238.110    20242.110    20245.110
  1090:    20249.110    20423.110    20431.110    20530.120    20585.110
  1095:    20585.210    20589.120    20635.310    20678.120    20735.500
  1100:    20839.120    20867.120    20915.120    20932.100    21067.100
  1105:    21073.120    21103.100    21109.100    21114.100    21122.100
  1110:    21136.100    21146.100    21154.100    21162.100    21166.100
  1115:    21172.120    21179.100    21182.100    21188.100    21203.100
  1120:    21211.100    21219.100    21229.100    21239.100    21248.100
  1125:    21257.100    21265.100    21273.100    21284.100    21291.100
  1130:    21304.100    21315.120    21324.100    21337.100    21337.200
  1135:    21344.120    21387.300    21487.530    21635.120    21677.120
  1140:    21885.100    21897.100    21906.100    21912.100    21925.100
  1145:    21935.100    21943.100    21951.100    21954.100    21966.100
  1150:    21975.100    21981.120    21990.100    21993.100    21997.100
  1155:    22004.100    22009.100    22013.100    22018.100    22032.100
  1160:    22050.100    22067.100    22074.100    22079.100    22083.100
  1165:    22094.100    22101.100    22107.120    22120.100    22132.100
  1170:    22154.100    22165.100    22178.100    22205.100    22226.100
  1175:    22259.100    22265.100    22271.120    22284.120    22377.100
  1180:    22388.100    22398.100    22496.120    22511.120    22549.120
  1185:    22565.100    22576.120    22630.100    22640.100    22647.100
  1190:    22657.100    22659.100    22701.100    22709.100    22722.100
  1195:    22735.120    22766.100    22774.100    22777.100    22796.100
  1200:    22804.100    22827.100    22833.100    22950.120    22963.100
  1205:    22985.100    23001.120    23107.100    23130.100    23131.100
  1210:    23138.120    23162.100    23242.100    23287.330    23387.510
  1215:    23400.110    23409.120    23413.120    23511.110    23613.110
  1220:    23834.110    23849.110    23858.110    23868.110    23873.110
  1225:    23877.120    23891.110    23894.110    23903.110    23907.110
  1230:    23915.110    23919.110    23930.110    23932.110    23937.110
  1235:    23946.110    23948.110    23956.110    23963.110    23965.110
  1240:    23973.110    23975.110    23980.110    23984.110    23988.120
  1245:    24000.110    24000.210    24004.120    24050.310    24150.510
  1250:    24262.120    24475.120    24508.120    24525.110    24590.110
  1255:    24593.110    24609.110    24618.110    24621.110    24630.120
  1260:    24658.110    24665.110    24668.110    24700.110    24703.110
  1265:    24707.110    24716.120    24725.110    24727.110    24735.110
  1270:    24737.110    24738.110    24741.110    24743.110    24745.110
  1275:    24749.120    24762.110    24762.210    24766.120    24812.310
  1280:    24912.500    25023.120    25276.120    25319.120    25330.100
  1285:    25339.100    25359.100    25372.100    25380.100    25393.100
  1290:    25415.100    25422.120    25431.100    25434.100    25438.100
  1295:    25443.100    25459.100    25482.100    25490.100    25499.100
  1300:    25508.100    25528.100    25528.200    25536.120    25578.300
  1305:    25628.120    25678.510    25833.120    25882.120    26099.110
  1310:    26105.110    26110.120    26137.110    26146.110    26151.110
  1315:    26155.110    26168.110    26177.110    26183.120    26203.110
  1320:    26209.110    26214.110    26216.110    26220.110    26227.110
  1325:    26230.110    26250.110    26252.110    26261.110    26265.110
  1330:    26268.110    26279.110    26279.210    26284.120    26329.310
  1335:    26368.120    26429.500    26531.120    26572.120    26979.100
  1340:    26993.120    27007.100    27018.100    27032.100    27032.200
  1345:    27039.120    27082.300    27182.500    27282.120    27348.120
  1350:    27529.120    27543.100    27554.100    27559.100    27564.100
  1355:    27573.100    27584.100    27589.100    27595.120    27608.100
  1360:    27623.100    27634.100    27644.100    27656.100    27660.100
  1365:    27673.100    27701.100    27705.100    27708.100    27723.100
  1370:    27730.100    27737.100    27746.120    27757.100    27760.100
  1375:    27766.100    27772.100    27774.100    27783.100    27783.200
  1380:    27790.120    27833.300    27879.120    27881.120    27933.510
  1385:    27964.120    28018.120    28039.120    28196.110    28201.110
  1390:    28261.110    28266.110    28271.120    28317.110    28321.110
  1395:    28324.110    28327.110    28336.110    28340.110    28382.110
  1400:    28388.110    28392.120    28414.110    28421.110    28430.110
  1405:    28433.110    28437.110    28442.110    28446.110    28448.110
  1410:    28461.110    28465.110    28469.110    28473.110    28476.110
  1415:    28482.110    28486.110    28494.110    28497.110    28500.110
  1420:    28502.110    28504.110    28513.110    28528.110    28532.110
  1425:    28537.110    28537.210    28540.120    28587.310    28625.120
  1430:    28687.510    28836.120    28872.120    29046.120    29070.120
  1435:    29101.120    29116.110    29119.110    29158.110    29161.110
  1440:    29172.110    29176.110    29190.120    29218.110    29223.110
  1445:    29225.110    29229.110    29232.110    29238.110    29251.110
  1450:    29255.110    29264.110    29268.110    29282.110    29285.110
  1455:    29287.110    29292.110    29292.210    29298.120    29342.310
  1460:    29442.500    29547.120    29820.120    29853.100    29860.100
  1465:    29864.100    29868.100    29873.100    29886.100    29888.100
  1470:    29895.100    29912.100    29914.100    29924.100    29938.100
  1475:    29953.100    29955.100    29962.120    29975.100    29979.100
  1480:    29982.100    29987.100    30000.100    30002.100    30003.100
  1485:    30027.100    30032.100    30042.100    30042.200    30049.120
  1490:    30092.300    30122.120    30192.510    30303.120    30590.110
  1495:    30594.110    30599.120    30646.110    30652.110    30672.110
  1500:    30778.110    30787.120    30791.120    30808.110    30808.210
  1505:    30813.120    30858.310    30958.510    31074.120    31109.120
  1510:    31333.120    31362.110    31368.110    31372.110    31374.110
  1515:    31379.120    31383.120    31390.110    31396.110    31399.110
  1520:    31406.110    31408.110    31416.110    31420.110    31423.110
  1525:    31427.110    31431.120    31442.110    31444.110    31450.110
  1530:    31456.110    31459.110    31460.110    31467.120    31478.120
  1535:    31479.120    31485.110    31489.110    31492.110    31506.110
  1540:    31509.110    31517.110    31519.110    31528.110    31533.110
  1545:    31534.110    31545.110    31548.110    31550.110    31553.110
  1550:    31555.110    31557.110    31559.110    31559.210    31564.120
  1555:    31609.310    31709.500    31762.120    31908.120    32048.100
  1560:    32243.100    32249.120    32293.120    32300.100    32319.100
  1565:    32319.200    32327.120    32369.300    32398.120    32469.500
  1570:    32538.120    32630.120    32687.120    32713.100    32822.100
  1575:    32867.100    32872.100    32878.120    32889.100    32896.100
  1580:    32909.100    32919.100    32937.100    32946.100    32953.100
  1585:    32957.120    32962.100    32970.100    32977.100    32983.100
  1590:    32997.100    32999.100    33011.100    33015.100    33018.100
  1595:    33023.100    33027.100    33031.120    33039.100    33045.100
  1600:    33054.100    33061.100    33075.100    33075.200    33083.120
  1605:    33125.300    33171.120    33225.500    33333.120    33376.120
  1610:    33402.100    33646.120    33657.100    33719.100    33728.120
  1615:    33804.100    33828.100    33828.200    33836.120    33878.300
  1620:    33897.120    33978.510    34067.120    34117.110    34123.110
  1625:    34127.110    34184.110    34225.110    34232.120    34259.110
  1630:    34263.110    34275.110    34277.110    34282.110    34285.110
  1635:    34302.110    34305.110    34314.120    34315.120    34323.110
  1640:    34332.110    34336.110    34338.110    34341.110    34345.110
  1645:    34349.110    34354.110    34357.110    34360.110    34365.110
  1650:    34367.110    34370.110    34374.120    34382.110    34385.110
  1655:    34387.110    34390.110    34395.110    34397.110    34415.110
  1660:    34417.110    34419.110    34427.110    34431.110    34435.110
  1665:    34437.110    34439.110    34443.110    34450.120    34462.110
  1670:    34465.110    34467.110    34476.110    34478.110    34480.110
  1675:    34482.110    34484.110    34495.120    34504.110    34507.110
  1680:    34517.110    34520.110    34528.110    34531.110    34535.110
  1685:    34544.110    34549.110    34560.110    34563.110    34568.110
  1690:    34581.110    34581.210    34587.120    34631.310    34652.120
  1695:    34731.500    34800.120    34865.120    35154.120    35229.100
  1700:    35231.100    35242.100    35248.100    35264.100    35270.100
  1705:    35274.100    35278.120    35286.100    35293.100    35293.100
  1710:    35304.100    35321.100    35329.100    35335.100    35335.200
  1715:    35343.120    35385.300    35433.120    35485.510    35557.120
  1720:    35717.120    35859.120    35878.120    35885.110    35889.110
  1725:    35895.110    35898.110    35910.110    35924.110    35929.110
  1730:    35974.110    35981.110    35993.110    35996.110    36016.110
  1735:    36019.110    36027.110    36029.110    36032.110    36034.110
  1740:    36043.110    36048.110    36051.110    36053.110    36058.110
  1745:    36073.110    36075.110    36082.110    36086.110    36086.210
  1750:    36092.120    36136.310    36236.500    36347.120    36378.120
  1755:    36420.120    36427.120    36429.120    36455.120    36497.120
  1760:    36758.100    36771.100    36773.100    36784.100    36794.100
  1765:    36798.100    36809.100    36824.100    36843.100    36843.200
  1770:    36850.120    36893.300    36939.120    36993.510    37088.120
  1775:    37116.120    37182.110    37290.110    37299.110    37304.120
  1780:    37325.110    37328.110    37331.110    37343.110    37349.110
  1785:    37354.110    37358.110    37361.110    37364.110    37375.110
  1790:    37382.110    37388.110    37392.110    37404.110    37408.110
  1795:    37411.110    37414.110    37418.110    37431.110    37434.110
  1800:    37437.110    37440.110    37441.110    37448.110    37452.110
  1805:    37456.110    37464.110    37475.110    37487.110    37492.110
  1810:    37496.120    37504.110    37508.110    37511.110    37518.110
  1815:    37527.110    37530.110    37535.110    37540.110    37545.110
  1820:    37552.110    37560.110    37563.110    37567.110    37569.110
  1825:    37575.110    37583.110    37587.110    37591.120    37647.110
  1830:    37647.210    37651.120    37697.310    37797.510    37868.120
  1835:    37905.120    37925.120    37926.120    37936.120    38219.110
  1840:    38228.120    38268.120    38269.120    38271.120    38273.120
  1845:    38321.120    38329.110    38333.110    38351.120    38363.110
  1850:    38372.110    38375.110    38378.110    38380.110    38382.110
  1855:    38386.110    38389.110    38392.110    38394.110    38396.110
  1860:    38398.110    38398.210    38403.120    38448.310    38548.500
  1865:    38571.120    38607.120    38682.120    38695.120    38756.100
  1870:    38887.100    38893.120    38918.120    38987.100    38994.100
  1875:    39000.100    39011.100    39027.100    39039.100    39047.100
  1880:    39055.120    39064.100    39067.100    39074.100    39087.100
  1885:    39174.100    39174.200    39182.120    39224.300    39324.510
  1890:    39420.120    39482.120    39675.120    39696.110    39700.110
  1895:    39717.110    39719.110    39725.110    39732.110    39734.110
  1900:    39738.110    39749.110    39755.110    39760.110    39766.120
  1905:    39787.110    39794.110    39802.110    39813.110    39818.110
  1910:    39822.110    39823.110    39830.110    39838.110    39845.110
  1915:    39847.110    39849.110    39855.110    39856.110    39861.120
  1920:    39877.110    39881.110    39888.110    39893.110    39896.110
  1925:    39898.110    39899.110    39906.110    39914.120    39921.110
  1930:    39924.110    39927.110    39927.210    39935.120    39977.310
  1935:    40064.120    40077.500    40098.120    40189.120    40190.120
  1940:    40191.120    40191.120    40248.100    40345.120    40370.120
  1945:    40372.120    40383.100    40480.100    40527.100    40534.120
  1950:    40547.100    40555.100    40560.100    40573.100    40578.100
  1955:    40589.100    40595.100    40605.100    40615.100    40618.100
  1960:    40621.100    40627.100    40634.100    40648.100    40657.100
  1965:    40661.100    40666.100    40673.100    40680.100    40680.200
  1970:    40689.120    40730.300    40775.120    40830.530    40925.120
  1975:    40976.120    40980.120    41001.120    41029.120    41037.120
  1980:    41038.120    41040.120    41064.100    41153.100    41160.120
  1985:    41182.100    41189.100    41196.100    41203.100    41210.100
  1990:    41220.100    41227.100    41233.100    41250.100    41259.100
  1995:    41267.100    41271.100    41279.100    41283.100    41295.100
  2000:    41306.100    41312.100    41319.120    41330.100    41336.100
  2005:    41341.100    41343.100    41346.100    41352.100    41357.100
  2010:    41381.100    41397.100    41403.100    41424.120    41431.100
  2015:    41447.100    41453.100    41465.100    41471.100    41478.120
  2020:    41561.100    41601.100    41611.120    41661.120    41873.100
E:
     0:     2025.000      612.000      950.000
F:
     0:       70.000       35.912       27.393
G:
     0:        1.000        1.000        1.000        1.000        1.000
     5:        1.000        1.000        1.000        1.000        0.000
H:
     0:        1.000        1.000        2.000        2.000
L:
R:
     0:        1.000        1.000        1.000        1.000        1.000
     5:        1.000        1.000        1.000        1.000        0.000
S:
     0:        0.000        1.000
X:
     0:        0.000      283.001      397.002      434.003      441.004
     5:      446.005      449.006      461.007      468.008      472.009
    10:      485.010      492.011      507.012      510.013      514.014
    15:      519.015      525.016      531.017      536.018      557.019
    20:      562.020      566.021      566.022      574.023      577.024
    25:      581.025      599.026      605.027      606.027      656.000
    30:      656.000     1022.001     1283.002     1283.002     1333.000
    35:     1333.000     1732.001     1961.002     1961.002     2011.000
    40:     2011.000     2262.001     2341.002     2428.003     2434.004
    45:     2454.005     2470.006     2474.007     2482.008     2487.009
    50:     2491.010     2502.011     2508.012     2512.013     2516.014
    55:     2526.015     2530.016     2535.017     2539.018     2543.019
    60:     2554.020     2558.021     2562.022     2579.023     2589.024
    65:     2593.025     2600.026     2612.027     2612.027     2662.000
    70:     2662.000     2894.002     3085.004     3091.006     3095.008
    75:     3099.010     3102.012     3119.014     3125.016     3129.018
    80:     3142.020     3149.022     3156.024     3175.026     3183.028
    85:     3186.030     3189.032     3196.034     3207.036     3209.038
    90:     3225.040     3229.042     3231.044     3241.046     3246.048
    95:     3256.050     3258.052     3261.054     3280.056     3287.058
   100:     3293.060     3295.062     3310.064     3324.066     3332.068
   105:     3335.070     3355.072     3365.074     3369.076     3407.078
   110:     3429.080     3463.082     3475.084     3480.086     3535.088
   115:     3543.090     3554.092     3590.094     3599.096     3631.098
   120:     3643.100     3649.102     3662.104     3750.106     3753.108
   125:     3757.110     3762.112     3766.114     3786.116     3787.118
   130:     3809.120     3815.122     3974.124     3983.126     4026.128
   135:     4033.130     4040.132     4045.134     4054.136     4056.138
   140:     4131.140     4277.142     4282.144     4303.146     4306.148
   145:     4311.150     4320.152     4328.154     4353.156     4359.158
   150:     4363.160     4366.162     4378.164     4387.166     4396.168
   155:     4397.170     4399.172     4402.174     4403.176     4410.178
   160:     4415.180     4422.182     4425.184     4431.186     4433.188
   165:     4440.190     4450.192     4453.194     4458.196     6171.001
   170:     6184.002     6190.003     6203.004     6213.005     6215.006
   175:     6220.007     6224.008     6231.009     6237.010     6241.011
   180:     6243.012     6258.013     6287.014     6290.015     6300.016
   185:     6314.017     6322.018     6338.019     6341.020     6373.021
   190:     6386.022     6386.022     6436.000     6436.000     6799.001
   195:     6806.002     6816.003     6924.004     6932.005     6935.006
   200:     6941.007     6950.008     6997.009     7010.010     7034.011
   205:     7050.012     7050.012     7100.000     7100.000     7390.001
   210:     7441.002     7471.003     7494.004     7499.005     7504.006
   215:     7532.007     7538.008     7542.009     7556.010     7564.011
   220:     7592.012     7600.013     7602.014     7615.015     7622.016
   225:     7633.017     7642.018     7656.019     7662.020     7677.021
   230:     7706.022     7706.022     7756.000     7756.000     8056.001
   235:     8135.002     8141.003     8175.004     8183.005     8203.006
   240:     8204.007     8207.008     8224.009     8228.010     8231.011
   245:     8234.012     8237.013     8242.014     8252.015     8269.016
   250:     8278.017     8281.018     8290.019     8296.020     8300.021
   255:     8303.022     8308.023     8321.024     8331.025     8333.026
   260:     8341.027     8342.028     8348.029     8349.030     8367.031
   265:     8367.031     8417.000     8417.000     8691.001     8722.002
   270:     8765.003     8914.004     8956.005     8977.006     8981.007
   275:     8987.008     9000.009     9009.010     9011.011     9026.012
   280:     9026.012     9076.000     9076.000     9273.001     9407.002
   285:     9444.003     9450.004     9455.005     9463.006     9477.007
   290:     9487.008     9495.009     9503.010     9507.011     9520.012
   295:     9523.013     9529.014     9543.015     9551.016     9559.017
   300:     9569.018     9580.019     9589.020     9598.021     9606.022
   305:     9613.023     9624.024     9632.025     9645.026     9665.027
   310:     9678.028     9678.028     9728.000     9728.000    10125.002
   315:    10138.004    10146.006    10152.008    10165.010    10176.012
   320:    10183.014    10191.016    10195.018    10207.020    10215.022
   325:    10230.024    10234.026    10238.028    10245.030    10249.032
   330:    10253.034    10258.036    10272.038    10290.040    10307.042
   335:    10315.044    10320.046    10324.048    10334.050    10341.052
   340:    10360.054    10372.056    10394.058    10405.060    10418.062
   345:    10446.064    10467.066    10499.068    10505.070    10617.072
   350:    10628.074    10638.076    10806.078    10870.080    10880.082
   355:    10888.084    10897.086    10899.088    10941.090    10949.092
   360:    10963.094    11007.096    11015.098    11018.100    11037.102
   365:    11044.104    11068.106    11073.108    11203.110    11225.112
   370:    11348.114    11370.116    11372.118    11403.120    11482.122
   375:    13570.001    13580.002    13599.003    13612.004    13621.005
   380:    13634.006    13655.007    13671.008    13675.009    13678.010
   385:    13684.011    13700.012    13723.013    13730.014    13740.015
   390:    13749.016    13768.017    13768.017    13818.000    13818.000
   395:    14367.001    14396.002    14406.003    14420.004    14420.004
   400:    14470.000    14470.000    14831.001    14842.002    14846.003
   405:    14851.004    14861.005    14872.006    14877.007    14895.008
   410:    14911.009    14922.010    14932.011    14944.012    14948.013
   415:    14960.014    14988.015    14992.016    14996.017    15011.018
   420:    15018.019    15025.020    15044.021    15048.022    15054.023
   425:    15060.024    15062.025    15071.026    15071.026    15121.000
   430:    15121.000    15532.001    15539.002    15542.003    15546.004
   435:    15552.005    15564.006    15567.007    15573.008    15591.009
   440:    15593.010    15602.011    15617.012    15632.013    15634.014
   445:    15654.015    15658.016    15661.017    15666.018    15678.019
   450:    15680.020    15681.021    15705.022    15711.023    15721.024
   455:    15721.024    15771.000    15771.000    16110.001    16304.002
   460:    16362.003    16381.004    16381.004    16431.000    16431.000
   465:    16674.001    16784.002    16828.003    16833.004    16850.005
   470:    16857.006    16870.007    16880.008    16899.009    16908.010
   475:    16914.011    16924.012    16931.013    16938.014    16944.015
   480:    16958.016    16960.017    16972.018    16977.019    16979.020
   485:    16984.021    16989.022    17000.023    17006.024    17015.025
   490:    17022.026    17037.027    17037.027    17087.000    17087.000
   495:    17263.001    17518.002    17580.003    17665.004    17689.005
   500:    17689.005    17739.000    17739.000    18236.001    18239.002
   505:    18249.003    18255.004    18271.005    18278.006    18281.007
   510:    18294.008    18300.009    18301.010    18312.011    18329.012
   515:    18336.013    18342.014    18343.014    18393.000    18393.000
   520:    18914.001    18927.002    18929.003    18941.004    18951.005
   525:    18955.006    18965.007    18980.008    18999.009    19000.009
   530:    19050.000    19050.000    19257.001    19388.002    19489.003
   535:    19495.004    19501.005    19513.006    19528.007    19540.008
   540:    19548.009    19565.010    19568.011    19576.012    19588.013
   545:    19675.014    19675.014    19725.000    19725.000    19895.001
   550:    20031.002    20128.003    20175.004    20194.005    20203.006
   555:    20208.007    20221.008    20225.009    20237.010    20242.011
   560:    20253.012    20262.013    20265.014    20269.015    20275.016
   565:    20282.017    20296.018    20304.019    20308.020    20313.021
   570:    20321.022    20327.023    20328.023    20378.000    20378.000
   575:    20612.002    20701.004    20729.006    20737.008    20744.010
   580:    20750.012    20757.014    20767.016    20774.018    20780.020
   585:    20798.022    20807.024    20815.026    20819.028    20826.030
   590:    20830.032    20843.034    20854.036    20860.038    20878.040
   595:    20884.042    20889.044    20891.046    20894.048    20900.050
   600:    20905.052    20929.054    20944.056    20951.058    20978.060
   605:    20994.062    21001.064    21013.066    21018.068    21109.070
   610:    21148.072    21420.074
Y:
     0:        0.000       53.001       89.002       95.003      100.004
     5:      102.005      111.006      117.007      164.008      166.009
    10:      169.010      175.011      178.012      186.013      187.014
    15:      189.015      192.016      196.017      202.018      209.019
    20:      214.020      216.021      220.022      222.023      229.024
    25:      232.025      235.026      245.027      248.028      251.029
    30:      258.030      281.031      285.032      296.033      299.034
    35:      302.035      304.036      384.037      385.038      391.039
    40:      395.040      399.041      406.042      445.043      448.044
    45:      455.045      457.046      459.047      462.048      463.049
    50:      467.050      470.051      473.052      477.053      479.054
    55:      484.055      498.056      505.057      510.058      513.059
    60:      520.060      521.061      524.062      531.063      538.064
    65:      540.065      633.066      633.066      635.067      683.000
    70:      683.000     1119.001     1123.002     1160.003     1173.004
    75:     1177.005     1181.006     1185.007     1189.008     1196.009
    80:     1198.010     1248.011     1283.012     1283.012     1333.000
    85:     1333.000     1607.002     1614.004     1674.006     1722.008
    90:     1728.010     1763.012     1773.014     1776.016     1778.018
    95:     1781.020     1784.022     1789.024     1825.026     1842.028
   100:     1845.030     1847.032     1873.034     1879.036     1889.038
   105:     1912.040     1915.042     1917.044     1921.046     1923.048
   110:     1938.050     1940.052     1942.054     1946.056     1952.058
   115:     1955.060     1958.062     1960.064     1968.066     1972.068
   120:     1978.070     1981.072     1986.074     2106.076     2118.078
   125:     2122.080     2127.082     2146.084     2150.086     2157.088
   130:     2177.090     2183.092     2190.094     2238.096     2243.098
   135:     2245.100     2249.102     2262.104     2267.106     2268.108
   140:     2380.110     2388.112     2400.114     2402.116     2422.118
   145:     2426.120     2445.122     2448.124     2451.126     2546.128
   150:     2553.130     2568.132     2572.134     2577.136     2584.138
   155:     2586.140     2644.142     2649.144     2653.146     2657.148
   160:     2698.150     2702.152     2861.154     2864.156     2876.158
   165:     2886.160     2905.162     2909.164     2913.166     2929.168
   170:     2934.170     2993.172     2997.174     3000.176     3043.178
   175:     3050.180     3056.182     3058.184     3059.186     3123.188
   180:     3132.190     3504.191     3516.192     3519.193     3598.194
   185:     3603.195     3607.196     3613.197     3616.198     3683.199
   190:     3749.200     3754.201     3758.202     3762.203     3764.204
   195:     3771.205     3775.206     3780.207     3783.208     3787.209
   200:     3788.210     3791.211     3828.212     3836.213     3836.213
   205:     3886.000     3886.000     4101.001     4108.002     4166.003
   210:     4207.004     4218.005     4223.006     4227.007     4239.008
   215:     4242.009     4245.010     4248.011     4252.012     4257.013
   220:     4260.014     4263.015     4265.016     4268.017     4278.018
   225:     4280.019     4294.020     4296.021     4302.022     4307.023
   230:     4310.024     4313.025     4319.026     4324.027     4326.028
   235:     4329.029     4330.030     4332.031     4351.032     4354.033
   240:     4357.034     4361.035     4365.036     4368.037     4372.038
   245:     4378.039     4380.040     4382.041     4385.042     4393.043
   250:     4396.044     4399.045     4415.046     4421.047     4427.048
   255:     4428.049     4431.050     4455.051     4458.052     4486.053
   260:     4486.053     4536.000     4536.000     4536.197     4536.198
   265:     4536.199     4536.200     4536.201     4536.202     4536.203
   270:     4536.204     4536.205     4536.206     4536.207     4536.208
   275:     4536.209     4536.210     4536.211     4536.212     4536.213
   280:     4536.214     4536.215     4536.216     4536.217     4536.218
   285:     4536.219     4536.220     4536.221     4536.222     4536.223
   290:     4536.224     4536.225     4536.226     4536.227     4536.228
   295:     4536.229     4536.230     4536.231     4536.232     4536.233
   300:     4536.234     4536.235     4536.236     4536.237     4536.238
   305:     4536.239     4536.240     4536.241     4536.242     4536.243
   310:     4536.244     4536.245     4536.246     4536.247     4536.248
   315:     4536.249     4536.250     4536.251     4536.252     4536.253
   320:     4536.254     4536.255     4536.256     4536.257     4536.258
   325:     4536.259     4536.260     4536.260     4536.000     4536.000
   330:     5043.001     5045.002     5053.003     5056.004     5061.005
   335:     5063.006     5065.007     5068.008     5076.009     5079.010
   340:     5086.011     5096.012     5100.013     5104.014     5173.015
   345:     5173.015     5176.016     5223.000     5223.000     5433.001
   350:     5509.002     5551.003     5684.004     5690.005     5696.006
   355:     5700.007     5707.008     5711.009     5714.010     5715.011
   360:     5738.012     5742.013     5747.014     5751.015     5754.016
   365:     5755.017     5759.018     5763.019     5767.020     5774.021
   370:     5776.022     5782.023     5799.024     5801.025     5803.026
   375:     5813.027     5816.028     5819.029     5823.030     5823.030
   380:     5873.000     5873.000     6472.001     6477.002     6477.002
   385:     6527.000     6527.000     6706.001     6830.002     6837.003
   390:     6921.004     6928.005     6931.006     6934.007     6938.008
   395:     6942.009     6981.010     6985.011     6988.012     6990.013
   400:     6995.014     7010.015     7015.016     7016.017     7047.018
   405:     7050.019     7055.020     7059.021     7063.022     7065.023
   410:     7066.024     7071.025     7078.026     7079.027     7082.028
   415:     7084.029     7088.030     7097.031     7102.032     7108.033
   420:     7110.034     7119.035     7122.036     7138.037     7138.037
   425:     7188.000     7188.000     7386.002     7393.004     7465.006
   430:     7468.008     7526.010     7529.012     7532.014     7573.016
   435:     7580.018     7586.020     7607.022     7614.024     7619.026
   440:     7621.028     7625.030     7629.032     7634.034     7638.036
   445:     7646.038     7651.040     7653.042     7672.044     7675.046
   450:     7680.048     7707.050     7731.052     7735.054     7740.056
   455:     7749.058     7755.060     7757.062     7767.064     7769.066
   460:     7774.068     7776.070     7786.072     7791.074     7794.076
   465:     7811.078     7814.080     7818.082     7820.084     7830.086
   470:     7833.088     7836.090     7839.092     7853.094     7857.096
   475:     7860.098     7864.100     7870.102     7874.104     7877.106
   480:     7886.108     7889.110     7890.112     7896.114     7898.116
   485:     7902.118     7927.120     7933.122     7940.124     7942.126
   490:     7945.128     7947.130     7948.132     8093.134     8099.136
   495:     8101.138     8146.140     8525.142     8535.144     8540.146
   500:     8544.148     8549.150     8558.152     8560.154     8565.156
   505:     8588.158     8591.160     8598.162     8601.164     8603.166
   510:     8607.168     8616.170     8626.172     8628.174     8664.176
   515:     8667.178     8669.180     8675.182     8683.184     8687.186
   520:     8689.188     8691.190     8698.192     8700.194     8704.196
   525:     8712.198     8716.200     8718.202     8723.204     8725.206
   530:     8726.208     8852.210     8858.212     8908.214     9148.215
   535:     9156.216     9171.217     9175.218     9296.219     9391.220
   540:     9400.221     9404.222     9408.223     9411.224     9420.225
   545:     9424.226     9451.227     9455.228     9459.229     9462.230
   550:     9466.231     9640.232     9648.233     9802.234     9802.234
   555:     9852.000     9852.000     9852.123     9852.124     9852.125
   560:     9852.126     9852.127     9852.128     9852.129     9852.130
   565:     9852.131     9852.132     9852.133     9852.134     9852.135
   570:     9852.136     9852.137     9852.138     9852.139     9852.140
   575:     9852.141     9852.142     9852.143     9852.144     9852.145
   580:     9852.146     9852.147     9852.148     9852.149     9852.149
   585:     9852.000     9852.000     9852.001     9852.002     9852.003
   590:     9852.004     9852.005     9852.006     9852.007     9852.008
   595:     9852.009     9852.010     9852.011     9852.012     9852.013
   600:     9852.014     9852.015     9852.016     9852.017     9852.018
   605:     9852.019     9852.020     9852.021     9852.021     9852.000
   610:     9852.000    10273.001    10279.002    10310.003    10320.004
   615:    10325.005    10329.006    10342.007    10351.008    10377.009
   620:    10383.010    10388.011    10390.012    10394.013    10401.014
   625:    10404.015    10423.016    10426.017    10434.018    10439.019
   630:    10442.020    10453.021    10453.021    10503.000    10503.000
   635:    10765.001    10770.002    10830.003    10835.004    10886.005
   640:    10890.006    10893.007    10896.008    10905.009    10909.010
   645:    10951.011    10957.012    10983.013    10990.014    10999.015
   650:    11002.016    11006.017    11011.018    11015.019    11017.020
   655:    11030.021    11034.022    11038.023    11042.024    11045.025
   660:    11051.026    11055.027    11063.028    11066.029    11069.030
   665:    11071.031    11073.032    11082.033    11097.034    11101.035
   670:    11106.036    11106.036    11156.000    11156.000    11585.001
   675:    11588.002    11626.003    11630.004    11641.005    11645.006
   680:    11687.007    11692.008    11694.009    11698.010    11701.011
   685:    11707.012    11720.013    11724.014    11733.015    11737.016
   690:    11751.017    11753.018    11755.019    11761.020    11761.020
   695:    11811.000    11811.000    12208.001    12213.002    12265.003
   700:    12270.004    12290.005    12396.006    12427.007    12427.007
   705:    12477.000    12477.000    12880.001    12886.002    12890.003
   710:    12892.004    12908.005    12914.006    12917.007    12924.008
   715:    12926.009    12934.010    12938.011    12941.012    12945.013
   720:    12960.014    12962.015    12969.016    12974.017    12977.018
   725:    12979.019    13003.020    13007.021    13010.022    13024.023
   730:    13027.024    13035.025    13037.026    13046.027    13051.028
   735:    13052.029    13063.030    13066.031    13068.032    13071.033
   740:    13073.034    13075.035    13077.036    13077.036    13127.000
   745:    13127.000    13265.001    13272.002    13275.003    13333.004
   750:    13373.005    13408.006    13411.007    13423.008    13425.009
   755:    13430.010    13433.011    13450.012    13453.013    13471.014
   760:    13480.015    13484.016    13486.017    13489.018    13494.019
   765:    13498.020    13502.021    13505.022    13508.023    13513.024
   770:    13515.025    13518.026    13530.027    13533.028    13536.029
   775:    13538.030    13543.031    13545.032    13563.033    13565.034
   780:    13568.035    13576.036    13579.037    13583.038    13585.039
   785:    13587.040    13591.041    13611.042    13613.043    13615.044
   790:    13624.045    13626.046    13628.047    13630.048    13632.049
   795:    13652.050    13655.051    13665.052    13669.053    13676.054
   800:    13679.055    13684.056    13693.057    13697.058    13708.059
   805:    13711.060    13716.061    13729.062    13729.062    13779.000
   810:    13779.000    14178.001    14182.002    14189.003    14192.004
   815:    14203.005    14218.006    14223.007    14267.008    14274.009
   820:    14286.010    14289.011    14309.012    14312.013    14320.014
   825:    14322.015    14326.016    14327.017    14337.018    14341.019
   830:    14344.020    14347.021    14351.022    14366.023    14368.024
   835:    14376.025    14380.026    14380.026    14430.000    14430.000
   840:    14618.001    14726.002    14736.003    14762.004    14764.005
   845:    14767.006    14780.007    14786.008    14791.009    14794.010
   850:    14797.011    14800.012    14811.013    14818.014    14824.015
   855:    14828.016    14841.017    14844.018    14847.019    14850.020
   860:    14854.021    14867.022    14870.023    14874.024    14876.025
   865:    14877.026    14884.027    14888.028    14892.029    14900.030
   870:    14912.031    14923.032    14928.033    14941.034    14944.035
   875:    14947.036    14954.037    14963.038    14967.039    14971.040
   880:    14977.041    14981.042    14989.043    14996.044    14999.045
   885:    15003.046    15006.047    15011.048    15019.049    15023.050
   890:    15083.051    15083.051    15133.000    15133.000    15555.001
   895:    15665.002    15668.003    15698.004    15707.005    15710.006
   900:    15714.007    15715.008    15718.009    15721.010    15724.011
   905:    15727.012    15730.013    15732.014    15734.015    15734.015
   910:    15784.000    15784.000    16156.001    16159.002    16176.003
   915:    16179.004    16185.005    16191.006    16194.007    16197.008
   920:    16209.009    16215.010    16219.011    16247.012    16253.013
   925:    16262.014    16272.015    16277.016    16281.017    16283.018
   930:    16290.019    16298.020    16304.021    16307.022    16309.023
   935:    16314.024    16316.025    16336.026    16340.027    16348.028
   940:    16352.029    16355.030    16357.031    16358.032    16365.033
   945:    16380.034    16383.035    16386.036    16386.036    16436.000
