File: C:\MED-PC\Data\2018-05-24_12h16m_Subject M333.txt


Start Date: 05/24/18
End Date: 05/24/18
Subject: M333
Experiment: DOBLE_PICO_ACO
Group: EXP
Box: 10
Start Time: 12:16:25
End Time: 13:29:50
MSN: IF_ACO_MULTIPLE_PICO
A:     289.000
B:      20.000
D:      20.000
I:       2.000
J:   18000.000
K:    5400.000
M:     181.000
N:      20.000
O:      21.000
P:     789.000
Q:       0.000
T:    1000.000
V:     600.000
W:      20.000
Z:       0.000
C:
     0:        0.120        0.120        0.120        0.120        0.120
     5:        0.120        0.120        0.120        0.120        0.120
    10:        0.120        0.120        0.120        0.120        0.120
    15:        0.120        0.120        0.120        0.120        0.120
    20:        0.120        0.120        0.120        0.120        0.120
    25:        0.120        0.120        0.120        0.120        0.120
    30:        0.120        0.120        0.120        0.120        0.120
    35:        0.120        0.120        0.120        0.120        0.120
    40:        0.120        0.120        0.120        0.120        0.120
    45:        0.120        0.540        7.120       64.120       70.120
    50:       70.120      118.110      123.120      136.120      165.110
    55:      170.120      179.120      209.110      259.110      263.110
    60:      268.120      275.120      284.120      304.110      308.110
    65:      311.110      320.110      326.120      333.120      354.120
    70:      368.110      373.110      376.110      381.110      385.110
    75:      388.110      391.110      397.110      404.110      454.110
    80:      459.110      464.120      495.110      499.110      508.110
    85:      512.110      517.120      558.110      566.110      582.110
    90:      583.110      586.110      601.110      612.110      624.110
    95:      626.110      656.120      662.120      669.110      673.120
   100:      771.110      777.120      780.120      857.110      862.120
   105:      887.120      890.120      972.120     1061.110     1066.120
   110:     1069.120     1072.120     1079.120     1082.120     1147.120
   115:     1488.110     1493.120     1501.120     1537.110     1541.120
   120:     1585.110     1590.120     1591.120     1594.120     1633.110
   125:     1638.110     1642.110     1646.120     1652.120     1654.120
   130:     1663.120     1687.120     1708.120     1712.120     1743.110
   135:     1753.120     1759.120     1761.120     1793.120     1794.120
   140:     1800.340     1837.120     1900.530     1933.120     1947.120
   145:     1984.120     2025.120     2077.120     2092.120     2153.120
   150:     2177.120     2272.100     2280.120     2290.120     2291.120
   155:     2575.100     2579.120     2598.120     2603.120     2607.120
   160:     2610.120     2626.120     2627.120     2752.120     2770.120
   165:     2848.120     2854.120     2866.120     2877.120     2879.120
   170:     2882.120     2902.120     2930.100     2932.100     2940.120
   175:     3010.100     3022.100     3026.100     3034.120     3063.120
   180:     3116.100     3120.120     3260.120     3401.100     3408.120
   185:     3418.120     3631.120     3637.120     3700.330     3708.120
   190:     3714.120     3789.120     3790.120     3792.120     3795.120
   195:     3800.510     3818.120     3819.120     3922.120     3937.120
   200:     3994.110     3998.120     4047.110     4050.120     4060.120
   205:     4090.110     4094.120     4136.120     4148.120     4219.110
   210:     4226.120     4228.120     4250.110     4253.120     4299.110
   215:     4303.120     4342.110     4342.210     4345.120     4392.310
   220:     4492.510     4875.110     4880.120     4953.120     4954.120
   225:     4987.110     5043.110     5043.210     5047.120     5093.310
   230:     5193.500     5274.120     5276.120     5291.120     5379.100
   235:     5441.120     5445.120     5452.120     5454.120     5454.120
   240:     5457.120     5525.120     5527.120     5532.120     5540.120
   245:     5584.120     5631.120     5657.100     5665.100     5668.120
   250:     5694.120     5696.120     5699.120     5727.100     5744.100
   255:     5748.100     5753.100     5758.100     5761.100     5764.120
   260:     5804.100     5804.200     5810.120     5854.300     5954.510
   265:     6204.110     6208.120     6210.120     6279.110     6282.120
   270:     6299.120     6357.110     6360.120     6399.110     6453.110
   275:     6460.120     6471.120     6474.120     6500.110     6508.110
   280:     6511.120     6519.120     6537.110     6541.120     6582.110
   285:     6582.210     6586.120     6632.310     6732.500     6820.120
   290:     6841.120     7137.100     7144.120     7151.120     7153.120
   295:     7154.120     7163.120     7170.120     7172.120     7173.120
   300:     7183.120     7185.120     7186.120     7221.120     7243.120
   305:     7247.120     7277.100     7289.100     7291.100     7298.120
   310:     7337.200     7343.120     7387.300     7487.500     7829.120
   315:     7832.120     7851.120     7853.120     7895.120     7927.120
   320:     7962.120     7976.100     7980.120     7991.120     7999.120
   325:     8000.120     8017.120     8026.120     8039.120     8042.120
   330:     8052.120     8116.100     8130.120     8176.200     8181.120
   335:     8226.300     8326.510     8736.110     8739.120     8745.120
   340:     8768.110     8772.120     8781.120     8784.120     8799.110
   345:     8807.110     8813.120     8842.120     8851.110     8857.110
   350:     8904.110     8906.110     8924.110     8928.110     8930.110
   355:     8943.110     8946.110     8950.120     8972.110     8972.210
   360:     8976.120     9022.310     9122.500     9271.120     9521.100
   365:     9523.120     9539.120     9547.100     9554.120     9566.120
   370:     9567.120     9569.120     9570.120     9580.120     9604.120
   375:     9613.120     9650.100     9658.120     9667.120     9691.120
   380:     9710.120     9732.120     9762.100     9775.100     9779.100
   385:     9783.100     9785.100     9789.100     9795.100     9808.100
   390:     9814.120     9822.200     9822.100     9828.120     9872.300
   395:     9972.510    10178.110    10186.120    10191.120    10240.110
   400:    10244.120    10250.120    10282.110    10285.120    10332.120
   405:    10338.120    10352.120    10379.110    10383.120    10399.120
   410:    10413.110    10419.120    10434.120    10442.120    10461.110
   415:    10463.110    10465.110    10474.110    10478.120    10510.110
   420:    10513.110    10515.110    10523.110    10524.110    10542.110
   425:    10547.110    10553.110    10557.110    10568.120    10580.110
   430:    10583.110    10588.110    10592.110    10599.110    10599.210
   435:    10603.120    10649.310    10749.510    11072.120    11077.120
   440:    11087.120    11098.120    11112.120    11113.120    11135.120
   445:    11151.120    11157.120    11162.120    11166.120    11229.110
   450:    11235.110    11238.120    11245.120    11268.110    11272.120
   455:    11317.110    11320.110    11324.120    11340.120    11358.110
   460:    11366.120    11387.120    11398.120    11399.120    11404.110
   465:    11404.210    11408.120    11454.310    11554.500    12012.120
   470:    12013.120    12016.120    12036.120    12072.120    12102.120
   475:    12135.100    12152.100    12158.100    12160.100    12173.100
   480:    12175.100    12180.100    12189.100    12194.100    12195.200
   485:    12196.100    12200.120    12245.300    12345.510    12659.110
   490:    12662.120    12668.120    12720.110    12724.120    12739.120
   495:    12745.120    12756.120    12779.110    12782.120    12795.120
   500:    12796.120    12818.120    12831.120    12854.110    12859.120
   505:    12888.110    12899.110    12904.110    12906.110    12916.110
   510:    12920.110    12925.110    12928.110    12987.110    12987.210
   515:    12990.120    13037.310    13137.500    13599.120    13613.120
   520:    13621.100    13625.120    13651.120    13679.100    13688.120
   525:    13734.100    13739.200    13745.120    13789.300    13889.510
   530:    14018.120    14126.110    14132.120    14139.120    14156.120
   535:    14172.120    14218.110    14221.120    14230.120    14255.110
   540:    14257.120    14289.120    14304.120    14313.110    14317.120
   545:    14323.120    14326.120    14351.120    14365.120    14380.110
   550:    14383.120    14398.120    14413.120    14420.120    14422.120
   555:    14431.110    14440.110    14445.120    14471.110    14478.110
   560:    14481.110    14486.110    14490.110    14492.110    14496.110
   565:    14508.110    14514.110    14514.210    14518.120    14564.310
   570:    14664.500    15102.100    15169.120    15183.120    15193.120
   575:    15210.120    15234.120    15238.120    15248.120    15302.100
   580:    15310.100    15315.100    15327.100    15342.100    15348.120
   585:    15362.200    15412.300    15512.500    15559.120    15564.120
   590:    15565.120    15567.120    15591.120    16080.100    16087.120
   595:    16100.120    16105.100    16113.120    16140.200    16190.300
   600:    16290.510    16378.110    16386.120    16391.120    16409.120
   605:    16681.110    16685.120    16692.120    16712.110    16715.120
   610:    16731.120    16734.120    16745.120    16764.110    16770.110
   615:    16775.110    16778.110    16780.120    16800.120    16815.110
   620:    16818.110    16820.110    16879.110    16883.110    16888.110
   625:    16890.110    16895.110    16900.120    16910.110    16916.110
   630:    16916.210    16921.120    16966.310    17066.500    17211.100
   635:    17216.120    17223.120    17225.120    17228.120    17234.120
   640:    17235.120    17303.120    17311.120    17322.120    17326.120
   645:    17410.120    17428.120    17437.120    17459.120    17466.120
   650:    17467.120    17491.120    17664.120    17697.120    17734.100
   655:    17738.100    17741.120    17791.100    17794.200    17800.120
   660:    17844.300    17849.120    17944.510    18444.110    18449.120
   665:    18454.120    18474.110    18478.120    18493.120    18512.110
   670:    18516.120    18540.120    18552.120    18565.110    18565.210
   675:    18569.120    18615.310    18621.120    18715.500    18901.120
   680:    18907.120    18927.120    18995.100    19055.120    19061.120
   685:    19063.120    19067.120    19081.120    19110.120    19116.120
   690:    19122.120    19123.120    19137.120    19177.120    19245.120
   695:    19293.120    19308.120    19318.120    19328.120    19369.100
   700:    19371.100    19377.120    19417.100    19428.100    19429.200
   705:    19436.120    19479.300    19579.500    19760.120    19768.120
   710:    19982.100    19984.120    20001.120    20003.120    20022.120
   715:    20057.120    20062.120    20070.120    20124.120    20144.120
   720:    20146.120    20162.120    20196.100    20209.100    20213.100
   725:    20215.100    20219.120    20256.100    20256.200    20263.120
   730:    20306.300    20406.510    20854.110    20858.120    20864.120
   735:    20890.110    20893.120    20905.120    20922.110    20928.120
   740:    20945.120    20951.110    20957.110    20960.110    20963.110
   745:    21011.110    21016.110    21021.110    21026.120    21027.120
   750:    21037.120    21048.110    21048.210    21051.120    21098.310
   755:    21193.120    21198.510    21241.120    21551.120    21715.110
   760:    21719.120    21725.120    21746.110    21748.120    21758.120
   765:    21792.110    21795.110    21799.110    21802.110    21806.110
   770:    21809.110    21813.110    21815.110    21815.210    21819.120
   775:    21865.310    21925.120    21931.120    21938.120    21938.120
   780:    21949.120    21965.510    21974.120    21979.120    21990.120
   785:    22338.120    22352.120    22359.120    22369.120    22394.120
   790:    22395.120    22416.120    22440.110    22443.120    22449.120
   795:    22465.120    22466.120    22478.120    22490.110    22494.120
   800:    22527.110    22531.110    22535.110    22539.110    22575.110
   805:    22581.110    22581.210    22585.120    22631.310    22722.120
   810:    22731.500    22755.120    22771.100    22775.120    22784.120
   815:    22843.100    22923.120    22956.120    22962.120    23077.100
   820:    23084.120    23100.120    23113.120    23114.120    23165.120
   825:    23200.120    23201.120    23203.120    23207.120    23223.100
   830:    23226.120    23249.120    23251.120    23259.120    23262.120
   835:    23264.120    23281.100    23287.120    23332.100    23341.200
   840:    23345.120    23391.300    23491.510    23796.110    23805.110
   845:    23811.120    23830.120    23845.110    23849.120    23887.110
   850:    23892.110    23897.110    23901.110    23905.110    23906.110
   855:    23910.110    23913.110    23915.110    23921.110    23928.110
   860:    23939.110    23953.110    23968.110    23977.110    23981.110
   865:    23983.110    23988.110    23996.110    24000.110    24005.110
   870:    24010.110    24012.110    24046.110    24052.110    24056.110
   875:    24061.110    24067.110    24086.110    24087.110    24104.110
   880:    24118.110    24118.210    24123.120    24168.310    24268.530
   885:    24365.120    24371.100    24376.120    24414.120    24468.100
   890:    24474.120    24507.120    24511.120    24524.100    24529.120
   895:    24558.120    24895.120    24921.120    24922.120    24924.120
   900:    24975.100    24987.100    24993.120    25008.120    25034.100
   905:    25048.100    25059.100    25067.100    25072.100    25073.100
   910:    25079.100    25085.100    25102.100    25108.100    25114.100
   915:    25126.120    25179.100    25186.100    25199.100    25204.100
   920:    25208.100    25214.100    25217.100    25229.100    25233.100
   925:    25235.100    25239.100    25241.100    25242.100    25259.120
   930:    25266.100    25280.100    25283.100    25296.100    25301.100
   935:    25305.100    25307.100    25309.100    25319.100    25326.100
   940:    25340.100    25342.100    25346.100    25350.100    25364.100
   945:    25369.100    25373.100    25376.100    25403.100    25410.120
   950:    25415.120    25416.120    25423.120    25455.120    25464.120
   955:    25521.120    25551.120    25585.120    25644.120    25720.120
   960:    25741.120    25807.120    25816.120    25840.120    25844.120
   965:    25929.120    25936.120    25996.120    26013.120    26062.120
   970:    26068.330    26074.120    26077.120    26148.120    26151.120
   975:    26161.120    26166.120    26168.500    26262.120    26283.120
   980:    26286.120    26331.100    26339.120    26375.120    26405.120
   985:    26431.100    26534.100    26553.100    26560.100    26566.120
   990:    26600.100    26610.100    26613.100    26616.100    26620.100
   995:    26626.100    26629.100    26632.100    26651.100    26654.100
  1000:    26656.100    26668.100    26670.100    26676.100    26683.100
  1005:    26688.100    26700.100    26721.120    26729.100    26745.100
  1010:    26753.100    26764.100    26770.100    26776.120    26789.200
  1015:    26839.300    26939.500    26964.120    26971.120    26972.120
  1020:    27004.120    27016.100    27019.100    27023.120    27035.120
  1025:    27070.120    27106.120    27281.120    27287.120    27310.100
  1030:    27315.120    27350.120    27381.100    27388.120    27413.120
  1035:    27435.120    27445.100    27452.120    27493.120    27497.120
  1040:    27511.120    27515.120    27543.100    27553.120    27570.100
  1045:    27587.100    27595.100    27603.200    27604.100    27605.100
  1050:    27607.120    27653.300    27753.540    28106.110    28112.110
  1055:    28114.110    28119.120    28149.110    28152.110    28154.110
  1060:    28161.110    28164.110    28169.110    28172.110    28180.110
  1065:    28183.110    28186.110    28191.110    28194.110    28212.110
  1070:    28214.110    28219.110    28227.110    28240.110    28247.110
  1075:    28254.110    28268.110    28270.110    28276.110    28277.110
  1080:    28280.110    28283.120    28303.110    28306.110    28310.110
  1085:    28313.110    28319.110    28322.110    28339.110    28344.110
  1090:    28348.110    28350.110    28354.110    28362.110    28364.110
  1095:    28367.110    28375.110    28381.110    28388.110    28394.110
  1100:    28396.110    28398.110    28404.110    28419.110    28425.110
  1105:    28425.110    28435.110    28437.110    28442.110    28448.110
  1110:    28453.110    28465.120    28479.120    28490.110    28494.120
  1115:    28515.110    28521.120    28550.120    28562.120    28564.120
  1120:    28574.120    28576.120    28583.120    28584.120    28595.120
  1125:    28626.120    28632.120    28632.120    28649.110    28653.120
  1130:    28660.120    28663.120    28665.120    28666.120    28709.120
  1135:    28768.120    28771.120    28773.120    28789.120    28791.120
  1140:    28793.120    28795.120    28797.120    28800.120    28802.120
  1145:    28803.120    28818.120    28866.110    28873.120    28878.120
  1150:    28881.120    28887.120    28894.120    28911.120    28914.120
  1155:    28915.120    28919.120    28920.120    28922.120    28925.120
  1160:    28926.120    28968.110    28972.120    29002.110    29013.110
  1165:    29015.110    29048.120    29058.110    29067.110    29072.110
  1170:    29074.110    29095.110    29100.110    29102.110    29105.110
  1175:    29107.110    29109.110    29131.110    29134.110    29233.110
  1180:    29238.120    29264.110    29268.120    29285.120    29314.110
  1185:    29317.120    29347.110    29352.110    29355.110    29358.110
  1190:    29360.110    29368.110    29372.110    29375.110    29382.110
  1195:    29388.110    29414.110    29423.110    29431.110    29435.110
  1200:    29444.110    29459.110    29462.110    29479.110    29492.110
  1205:    29498.110    29506.110    29514.110    29526.110    29527.110
  1210:    29533.110    29540.110    29545.120    29553.340    29555.120
  1215:    29571.120    29602.120    29613.120    29637.120    29638.120
  1220:    29653.510    29848.110    29851.120    29895.110    29898.120
  1225:    29923.120    29983.120    29990.120    30012.110    30016.120
  1230:    30028.120    30029.120    30060.110    30063.120    30095.120
  1235:    30106.120    30125.120    30150.110    30155.110    30159.120
  1240:    30209.110    30214.120    30235.120    30254.110    30261.120
  1245:    30270.110    30270.210    30273.120    30320.310    30420.500
  1250:    30926.100    30930.120    30945.120    30946.120    30976.100
  1255:    30984.120    31026.100    31036.100    31036.200    31037.100
  1260:    31039.100    31041.120    31086.300    31093.120    31186.500
  1265:    31684.120    31714.120    31740.100    31746.120    31800.200
  1270:    31806.120    31850.300    31950.510    32405.110    32410.120
  1275:    32417.120    32431.110    32435.120    32463.120    32465.120
  1280:    32476.110    32482.110    32487.110    32489.110    32561.110
  1285:    32566.110    32566.210    32570.120    32616.310    32716.510
  1290:    33014.110    33017.120    33031.120    33039.120    33065.110
  1295:    33068.110    33080.110    33082.110    33087.110    33092.110
  1300:    33094.110    33096.110    33098.110    33100.110    33156.110
  1305:    33162.110    33168.110    33170.110    33174.110    33177.110
  1310:    33183.110    33185.110    33187.110    33188.110    33194.110
  1315:    33262.110    33268.110    33272.110    33275.110    33279.110
  1320:    33283.110    33286.110    33288.110    33290.110    33293.110
  1325:    33304.110    33309.110    33311.110    33317.120    33340.110
  1330:    33343.110    33350.110    33356.110    33360.110    33384.110
  1335:    33385.110    33386.110    33389.110    33390.110    33398.120
  1340:    33424.110    33424.210    33427.120    33474.310    33574.510
  1345:    34104.110    34109.120    34123.110    34132.110    34186.110
  1350:    34197.110    34202.110    34205.110    34211.110    34216.110
  1355:    34222.110    34228.110    34285.110    34285.210    34289.120
  1360:    34335.310    34423.120    34427.120    34428.120    34431.120
  1365:    34433.120    34435.510    34437.120    34511.120    34556.120
  1370:    34558.120    34642.120    34685.120    34720.120    34754.120
  1375:    34756.120    34776.120    34813.120    34817.120    34838.110
  1380:    34841.120    34860.120    34866.120    34876.120    34878.120
  1385:    34928.110    34931.120    34944.120    34968.110    34971.120
  1390:    35001.110    35005.110    35007.110    35013.110    35016.110
  1395:    35020.110    35027.110    35033.110    35035.110    35040.110
  1400:    35044.110    35057.110    35061.120    35093.110    35099.110
  1405:    35101.110    35117.110    35122.110    35128.120    35133.120
  1410:    35150.110    35150.210    35153.120    35200.310    35204.120
  1415:    35300.500    35607.100    35617.120    35662.100    35668.120
  1420:    35699.120    35742.120    35790.100    35801.100    35813.100
  1425:    35821.100    35823.100    35827.100    35828.100    35831.100
  1430:    35833.100    35836.100    35838.120    35858.100    35868.100
  1435:    35892.100    35896.100    35900.100    35906.100    35907.100
  1440:    35909.100    35913.100    35918.100    35918.200    35925.120
  1445:    35968.300    35975.120    36068.500    36434.100    36439.120
  1450:    36492.120    36535.100    36544.120    36584.100    36592.100
  1455:    36596.100    36599.100    36602.100    36606.100    36613.100
  1460:    36616.100    36628.100    36633.100    36642.100    36656.100
  1465:    36658.100    36673.200    36674.100    36680.120    36723.300
  1470:    36823.510    36867.120    36937.120    36955.120    36967.110
  1475:    36970.120    36994.120    37022.110    37219.110    37228.110
  1480:    37231.120    37234.120    37243.120    37245.120    37246.120
  1485:    37256.120    37264.110    37270.110    37274.110    37277.110
  1490:    37281.120    37296.120    37300.120    37310.110    37313.110
  1495:    37315.110    37322.110    37326.110    37328.110    37333.110
  1500:    37335.110    37337.110    37343.120    37351.120    37371.110
  1505:    37378.110    37381.110    37397.110    37402.110    37405.110
  1510:    37409.110    37412.110    37415.110    37417.110    37423.110
  1515:    37431.110    37449.110    37453.110    37455.110    37487.110
  1520:    37492.110    37495.110    37500.110    37505.120    37531.110
  1525:    37531.210    37534.120    37581.310    37681.500    37965.120
  1530:    37976.120    38001.120    38002.120    38009.120    38029.120
  1535:    38048.120    38080.120    38109.100    38114.100    38123.120
  1540:    38189.120    38212.120    38232.100    38240.100    38249.100
  1545:    38255.120    38288.100    38292.200    38298.120    38342.300
  1550:    38442.500    38680.120    38701.120    38706.120    38734.120
  1555:    38737.120    38760.120    38786.120    38787.120    38799.120
  1560:    38835.120    38854.120    38922.100    38932.120    38954.100
  1565:    38979.100    38987.100    38992.100    38999.100    39003.100
  1570:    39006.100    39009.100    39012.100    39021.100    39024.100
  1575:    39032.100    39034.100    39046.100    39047.200    39048.100
  1580:    39053.120    39097.300    39197.540    39468.110    39471.120
  1585:    39530.110    39534.120    39574.110    39577.120    39612.110
  1590:    39615.120    39622.120    39647.110    39650.120    39662.120
  1595:    39678.110    39681.120    39691.120    39704.110    39707.120
  1600:    39735.110    39739.120    39756.120    39762.120    39774.110
  1605:    39785.110    39791.110    39796.120    39811.120    39817.110
  1610:    39823.110    39830.110    39832.110    39852.110    39854.110
  1615:    39856.110    39861.110    39868.110    39871.110    39874.110
  1620:    39881.110    39884.110    39894.110    39896.110    39901.110
  1625:    39903.110    39905.110    39908.110    39926.110    39930.110
  1630:    39934.110    39937.110    39943.110    39957.110    39969.110
  1635:    39993.110    40000.110    40007.110    40012.110    40014.110
  1640:    40016.110    40024.110    40041.110    40050.110    40055.110
  1645:    40072.120    40086.110    40090.120    40097.110    40100.110
  1650:    40107.110    40113.120    40138.120    40139.120    40150.110
  1655:    40161.110    40185.110    40191.110    40194.110    40198.110
  1660:    40201.110    40209.110    40212.110    40219.110    40233.110
  1665:    40237.110    40240.110    40252.110    40255.110    40261.110
  1670:    40280.110    40300.110    40311.110    40314.110    40350.110
  1675:    40493.120    40496.120    40535.120    40551.120    40553.120
  1680:    40603.110    40605.120    40613.120    40613.120    40628.120
  1685:    40644.120    40661.120    40678.120    40678.120    40719.110
  1690:    40722.120    40729.120    40765.120    40783.120    40785.120
  1695:    40791.120    40802.120    40845.120    40888.110    40891.120
  1700:    40915.110    40918.120    40964.110    40968.120    40985.110
  1705:    40994.110    40997.340    41007.120    41010.120    41057.120
  1710:    41078.120    41080.120    41089.120    41097.510    41105.120
  1715:    41145.120    41153.120    41156.120    41217.120    41230.120
  1720:    41285.120    41286.120    41306.120    41308.120    41310.120
  1725:    41354.120    41393.120    41424.120    41458.120    41461.120
  1730:    41463.120    41469.120    41493.120    41495.120    41496.120
  1735:    41498.120    41500.120    41502.120    41503.120    41527.110
  1740:    41533.110    41539.110    41543.110    41549.110    41609.110
  1745:    41615.110    41617.110    41622.110    41625.110    41630.110
  1750:    41635.110    41641.120    41666.110    41671.110    41677.110
  1755:    41680.110    41692.110    41698.110    41703.110    41705.110
  1760:    41708.110    41731.120    41740.120    41746.110    41750.110
  1765:    41754.120    41779.120    41782.120    41803.120    41873.120
  1770:    41878.120    41920.120    41952.120    41983.120
E:
     0:     1774.000      292.000      622.000
F:
     0:       70.000       26.247       37.058
G:
     0:        1.000        1.000        1.000        1.000        1.000
     5:        1.000        1.000        1.000        1.000        0.000
H:
     0:        1.000        1.000        2.000        2.000
L:
     0:     6212.000     6151.000     6988.000     7092.000     6510.000
     5:     6123.000     7086.000     6372.000     7372.000     7238.000
    10:     6870.000     6199.000     6310.000     6735.000     6268.000
    15:     6239.000     6281.000     6146.000     6214.000     6151.000
R:
     0:        1.000        1.000        1.000        1.000        1.000
     5:        1.000        1.000        1.000        1.000        0.000
S:
     0:        1.000        1.000
U:
     0:     6988.000        2.000        0.000
X:
     0:        0.000        0.090        0.092        0.094        0.096
     5:        0.098        0.100        0.102        0.104        0.106
    10:      185.001      463.002      471.003      534.004      551.005
    15:      554.006      560.007      564.008      567.009      610.010
    20:      611.010      661.000      661.000     1065.001     1206.002
    25:     1217.003     1219.004     1266.004     1316.000     1316.000
    30:     1804.001     1944.002     2004.002     2054.000     2054.000
    35:     2452.001     2478.002     2581.003     2693.004     2706.005
    40:     2710.006     2714.007     2716.008     2720.009     2726.010
    45:     2739.011     2753.011     2754.012     2803.000     2803.000
    50:     3383.001     3400.002     3406.003     3408.004     3421.005
    55:     3423.006     3428.007     3437.008     3442.009     3444.009
    60:     3444.010     3494.000     3494.000     3977.001     4036.002
    65:     4090.003     4096.003     4146.000     4146.000     4584.001
    70:     4784.002     4792.003     4797.004     4808.005     4823.006
    75:     4844.006     4894.000     4894.000     5461.001     5486.002
    80:     5521.002     5571.000     5571.000     5715.001     6238.002
    85:     6242.003     6295.004     6298.004     6348.000     6348.000
    90:     6627.001     7001.002     7003.003     7049.004     7060.005
    95:     7061.005     7111.000     7111.000     7513.001     7727.002
   100:     7740.003     7745.004     7746.005     7787.006     7788.006
   105:     7838.000     7838.000     7877.001     7949.002     8183.003
   110:     8329.004     8387.005     8438.006     8447.006     8497.000
   115:     8497.000     8599.002     8697.004     8753.006     9204.008
   120:     9215.010     9262.012     9276.014     9287.016     9296.018
   125:     9300.020     9302.022     9307.024     9314.026     9330.028
   130:     9337.030     9343.032     9407.034     9415.036     9428.038
   135:     9433.040     9437.042     9443.044     9445.046     9457.048
   140:     9461.050     9464.052     9467.054     9469.056     9470.058
   145:     9495.060     9508.062     9512.064     9525.066     9529.068
   150:     9534.070     9535.072     9537.074     9548.076     9554.078
   155:     9569.080     9571.082     9574.084     9578.086     9593.088
   160:     9597.090     9602.092     9604.094     9631.096    10560.097
   165:    10659.098    10762.099    10782.100    10789.101    10829.102
   170:    10838.103    10841.104    10844.105    10849.106    10855.107
   175:    10858.108    10861.109    10879.110    10883.111    10884.112
   180:    10896.113    10899.114    10904.115    10912.116    10917.117
   185:    10928.118    10957.119    10973.120    10982.121    10992.122
   190:    10998.123    11018.123    11068.000    11068.000    11144.001
   195:    11147.002    11439.003    11509.004    11574.005    11671.006
   200:    11699.007    11715.008    11724.009    11731.009    11732.010
   205:    11733.011    11781.000    11781.000    12287.001    12337.002
   210:    12387.003    12396.004    12397.004    12398.005    12400.006
   215:    12447.000    12447.000    13000.001    13060.001    13110.000
   220:    13110.000    13416.001    13471.002    13599.003    13610.004
   225:    13622.005    13630.006    13633.007    13636.008    13637.009
   230:    13640.010    13642.011    13645.012    13668.013    13677.014
   235:    13702.015    13705.016    13710.017    13715.018    13716.019
   240:    13718.020    13723.021    13727.022    13728.022    13778.000
   245:    13778.000    14143.001    14244.002    14293.003    14301.004
   250:    14305.005    14308.006    14311.007    14315.008    14322.009
   255:    14325.010    14337.011    14342.012    14351.013    14365.014
   260:    14367.015    14382.015    14383.016    14432.000    14432.000
   265:    14860.001    14865.002    14983.003    14991.004    15000.005
   270:    15039.006    15043.006    15093.000    15093.000    15573.001
   275:    15605.002    15630.003    15638.004    15642.005    15649.006
   280:    15654.007    15656.008    15660.009    15662.010    15671.011
   285:    15674.012    15683.013    15685.014    15696.015    15698.015
   290:    15698.016    15748.000
Y:
     0:        0.000      118.002      165.004      209.006      259.008
     5:      263.010      304.012      308.014      311.016      319.018
    10:      368.020      373.022      376.024      380.026      385.028
    15:      388.030      391.032      397.034      403.036      454.038
    20:      459.040      495.042      499.044      508.046      512.048
    25:      558.050      566.052      582.054      583.056      586.058
    30:      601.060      611.062      624.064      626.066      669.068
    35:      771.070      857.072     1061.074     1488.076     1537.078
    40:     1585.080     1633.082     1638.084     1642.086     1743.088
    45:     3994.107     4047.108     4090.109     4219.110     4249.111
    50:     4299.112     4342.113     4342.113     4392.000     4392.000
    55:     4775.001     4887.002     4942.003     4942.003     4992.000
    60:     4992.000     5241.001     5316.002     5394.003     5436.004
    65:     5491.005     5537.006     5545.007     5575.008     5620.009
    70:     5620.009     5670.000     5670.000     6079.001     6111.002
    75:     6142.003     6151.004     6195.005     6200.006     6247.007
    80:     6250.008     6267.009     6271.010     6274.011     6286.012
    85:     6290.013     6316.014     6316.014     6366.000     6366.000
    90:     6572.001     6634.002     6676.003     6773.004     6807.005
    95:     6855.006     6857.007     6859.008     6868.009     6904.010
   100:     6907.011     6909.012     6917.013     6918.014     6936.015
   105:     6940.016     6947.017     6951.018     6974.019     6976.020
   110:     6982.021     6986.022     6993.023     6993.023     7043.000
   115:     7043.000     7522.001     7529.002     7562.003     7611.004
   120:     7614.005     7652.006     7698.007     7698.007     7748.000
   125:     7748.000     8061.001     8122.002     8181.003     8256.004
   130:     8290.005     8301.006     8306.007     8308.008     8318.009
   135:     8322.010     8327.011     8330.012     8389.013     8389.013
   140:     8439.000     8439.000     8676.001     8767.002     8804.003
   145:     8863.004     8929.005     8981.006     8989.007     9021.008
   150:     9027.009     9030.010     9035.011     9039.012     9041.013
   155:     9045.014     9057.015     9063.016     9063.016     9113.000
   160:     9113.000     9201.001     9504.002     9535.003     9587.004
   165:     9593.005     9598.006     9601.007     9638.008     9641.009
   170:     9643.010     9701.011     9706.012     9710.013     9713.014
   175:     9718.015     9733.016     9739.017     9739.017     9789.000
   180:     9789.000    10289.001    10319.002    10357.003    10410.004
   185:    10410.004    10460.000    10460.000    10907.001    10943.002
   190:    10975.003    11004.004    11010.005    11013.006    11016.007
   195:    11065.008    11069.009    11074.010    11101.011    11101.011
   200:    11151.000    11151.000    11667.001    11698.002    11744.003
   205:    11748.004    11752.005    11755.006    11758.007    11761.008
   210:    11765.009    11768.010    11768.010    11818.000    11818.000
   215:    12292.001    12342.002    12379.003    12383.004    12387.005
   220:    12391.006    12427.007    12433.008    12433.008    12483.000
   225:    12483.000    12788.001    12797.002    12836.003    12879.004
   230:    12884.005    12889.006    12892.007    12897.008    12898.009
   235:    12901.010    12904.011    12907.012    12913.013    12919.014
   240:    12931.015    12944.016    12960.017    12969.018    12972.019
   245:    12974.020    12979.021    12988.022    12992.023    12996.024
   250:    13001.025    13003.026    13037.027    13043.028    13048.029
   255:    13052.030    13059.031    13078.032    13079.033    13095.034
   260:    13110.035    13110.035    13160.000    13160.000    13513.002
   265:    13519.004    13521.006    13556.008    13558.010    13561.012
   270:    13568.014    13571.016    13576.018    13579.020    13587.022
   275:    13589.024    13593.026    13598.028    13601.030    13619.032
   280:    13621.034    13626.036    13634.038    13647.040    13654.042
   285:    13661.044    13675.046    13677.048    13683.050    13684.052
   290:    13686.054    13710.056    13712.058    13717.060    13720.062
   295:    13726.064    13729.066    13746.068    13750.070    13754.072
   300:    13757.074    13761.076    13769.078    13771.080    13774.082
   305:    13782.084    13788.086    13795.088    13801.090    13803.092
   310:    13805.094    13811.096    13825.098    13832.100    13832.102
   315:    13841.104    13844.106    13849.108    13855.110    13860.112
   320:    13897.114    13922.116    14056.118    14273.120    14375.122
   325:    14409.124    14420.126    14422.128    14465.130    14474.132
   330:    14479.134    14481.136    14502.138    14507.140    14509.142
   335:    14512.144    14514.146    14516.148    14538.150    14541.152
   340:    14640.154    14671.156    14720.158    14754.160    14759.162
   345:    14762.164    14765.166    14767.168    14775.170    14779.172
   350:    14782.174    14788.176    14794.178    14821.180    14830.182
   355:    14838.184    14841.186    14851.188    14866.190    14869.192
   360:    14886.194    14899.196    14905.198    14913.200    14921.202
   365:    14932.204    14934.206    14940.208    14947.210    15254.211
   370:    15302.212    15419.213    15467.214    15557.215    15562.216
   375:    15616.217    15661.218    15676.219    15677.219    15727.000
   380:    15727.000    16181.001    16207.002    16252.003    16258.004
   385:    16263.005    16265.006    16337.007    16342.008    16343.008
   390:    16393.000    16393.000    16690.001    16741.002    16744.003
   395:    16756.004    16758.005    16763.006    16768.007    16770.008
   400:    16772.009    16774.010    16776.011    16833.012    16838.013
   405:    16844.014    16846.015    16851.016    16853.017    16859.018
   410:    16861.019    16863.020    16865.021    16870.022    16938.023
   415:    16944.024    16948.025    16951.026    16955.027    16959.028
   420:    16962.029    16965.030    16966.031    16969.032    16981.033
   425:    16985.034    16987.035    17016.036    17020.037    17026.038
   430:    17032.039    17037.040    17060.041    17062.042    17062.043
   435:    17065.044    17067.045    17100.046    17100.046    17150.000
   440:    17150.000    17680.001    17699.002    17708.003    17762.004
   445:    17773.005    17778.006    17780.007    17787.008    17792.009
   450:    17798.010    17804.011    17861.012    17861.012    17911.000
   455:    17911.000    18314.001    18404.002    18443.003    18476.004
   460:    18481.005    18483.006    18489.007    18491.008    18496.009
   465:    18503.010    18508.011    18511.012    18516.013    18519.014
   470:    18532.015    18568.016    18575.017    18577.018    18592.019
   475:    18597.020    18626.021    18626.021    18676.000    18676.000
   480:    18819.001    18875.002    19071.003    19080.004    19116.005
   485:    19123.006    19127.007    19130.008    19163.009    19166.010
   490:    19167.011    19174.012    19179.013    19180.014    19186.015
   495:    19188.016    19190.017    19223.018    19231.019    19233.020
   500:    19250.021    19254.022    19257.023    19261.024    19264.025
   505:    19267.026    19270.027    19276.028    19283.029    19302.030
   510:    19305.031    19307.032    19340.033    19344.034    19348.035
   515:    19353.036    19383.037    19383.037    19433.000    19433.000
   520:    19703.002    19766.004    19810.006    19848.008    19883.010
   525:    19913.012    19939.014    19970.016    20009.018    20021.020
   530:    20026.022    20052.024    20058.026    20065.028    20068.030
   535:    20087.032    20089.034    20092.036    20096.038    20103.040
   540:    20106.042    20110.044    20116.046    20120.048    20130.050
   545:    20132.052    20136.054    20138.056    20140.058    20144.060
   550:    20162.062    20165.064    20169.066    20172.068    20179.070
   555:    20192.072    20204.074    20228.076    20235.078    20243.080
   560:    20247.082    20250.084    20251.086    20259.088    20276.090
   565:    20285.092    20290.094    20321.096    20333.098    20336.100
   570:    20342.102    20385.104    20396.106    20421.108    20427.110
   575:    20429.112    20433.114    20437.116    20444.118    20448.120
   580:    20454.122    20469.124    20472.126    20475.128    20487.130
   585:    20491.132    20496.134    20515.136    20535.138    20546.140
   590:    20549.142    20585.144    20838.146    20955.148    21123.150
   595:    21151.152    21199.154    21220.156    21229.158    21763.159
   600:    21769.160    21774.161    21779.162    21784.163    21845.164
   605:    21851.165    21853.166    21857.167    21860.168    21865.169
   610:    21870.170    21901.171    21907.172    21912.173    21915.174
   615:    21928.175    21933.176    21938.177    21941.178    21944.179
   620:    21981.180    21986.181
