File: C:\MED-PC\Data\2018-05-16_12h25m_Subject M332.txt


Start Date: 05/16/18
End Date: 05/16/18
Subject: M332
Experiment: DOBLE_PICO_ACO
Group: EXP
Box: 9
Start Time: 12:25:28
End Time: 13:38:49
MSN: IF_ACO_MULTIPLE_PICO
A:    1448.000
B:      22.000
D:      20.000
I:       1.000
J:   18000.000
K:    5400.000
M:       0.000
N:      22.000
O:      20.000
P:    1580.000
Q:       0.000
T:    1000.000
V:     600.000
W:      22.000
Z:       0.000
C:
     0:        0.120        0.120        0.120        0.120        0.120
     5:        0.120        0.120        0.120        0.120        0.120
    10:        0.120        0.120        0.120        0.120        0.510
    15:       37.120       71.120       84.110       90.110       93.110
    20:       96.110      100.110      107.110      112.110      117.110
    25:      118.110      126.110      131.110      133.110      137.110
    30:      139.110      141.110      188.110      189.110      192.110
    35:      193.110      194.110      197.110      201.110      205.110
    40:      209.110      212.110      213.110      214.110      215.110
    45:      216.110      219.110      221.110      223.110      226.110
    50:      228.110      230.110      235.110      239.110      255.110
    55:      258.110      260.110      262.110      269.110      271.110
    60:      273.110      280.110      282.110      284.110      288.110
    65:      291.110      298.110      303.110      304.110      309.110
    70:      313.110      315.110      318.110      321.110      324.110
    75:      326.110      328.110      334.110      345.110      346.110
    80:      349.110      359.110      361.110      362.110      367.110
    85:      370.110      373.110      383.110      388.110      392.110
    90:      395.110      404.110      406.110      416.110      419.110
    95:      421.110      426.110      431.110      433.110      433.110
   100:      434.110      444.110      445.110      452.110      454.110
   105:      458.110      460.110      462.110      467.110      472.110
   110:      475.110      477.110      481.110      487.110      494.110
   115:      495.110      497.110      521.110      522.110      531.110
   120:      535.110      537.110      559.110      559.210      564.120
   125:      606.120      609.310      683.120      709.500      761.120
   130:      762.120      827.120      858.120      864.100      908.120
   135:      909.120      912.120      966.120      971.100      980.100
   140:      988.100      989.100      991.100      995.100      996.100
   145:      998.100      999.100     1009.120     1022.120     1024.120
   150:     1035.100     1044.100     1049.100     1050.100     1052.100
   155:     1058.100     1059.100     1062.100     1067.100     1070.100
   160:     1071.100     1073.100     1091.100     1093.100     1096.100
   165:     1098.100     1109.100     1112.100     1113.100     1117.100
   170:     1121.100     1124.100     1127.100     1134.100     1137.100
   175:     1143.100     1145.100     1148.100     1149.100     1154.120
   180:     1181.120     1200.100     1203.100     1205.100     1208.100
   185:     1210.100     1226.100     1232.100     1234.100     1238.100
   190:     1241.100     1250.100     1260.100     1262.100     1268.100
   195:     1282.100     1293.100     1298.120     1310.200     1345.120
   200:     1360.300     1460.500     1476.120     1559.120     1561.120
   205:     1639.120     1640.120     1664.120     1667.120     1692.120
   210:     1695.120     1796.100     1804.100     1807.120     1831.120
   215:     1931.120     1932.120     1953.100     1955.100     1957.100
   220:     1960.100     1963.100     1964.100     1966.100     1975.100
   225:     1978.100     1991.100     2002.100     2004.100     2007.100
   230:     2009.100     2015.120     2045.120     2049.120     2062.200
   235:     2069.120     2099.120     2112.300     2212.540     2237.120
   240:     2304.120     2305.120     2391.120     2393.120     2555.110
   245:     2561.120     2586.120     2614.110     2615.110     2620.110
   250:     2622.110     2626.110     2628.110     2633.110     2635.110
   255:     2639.110     2644.110     2646.110     2648.110     2651.110
   260:     2652.110     2653.110     2653.110     2659.110     2661.110
   265:     2663.110     2665.110     2680.110     2688.110     2691.110
   270:     2694.110     2696.110     2699.110     2700.110     2702.110
   275:     2706.110     2708.110     2714.110     2719.110     2721.110
   280:     2723.110     2724.110     2725.110     2731.110     2741.110
   285:     2743.110     2748.110     2749.110     2756.110     2758.110
   290:     2760.110     2766.110     2767.110     2768.110     2782.110
   295:     2784.110     2786.110     2789.110     2791.110     2793.110
   300:     2794.110     2800.110     2804.110     2806.110     2808.110
   305:     2813.110     2815.110     2817.110     2819.110     2824.110
   310:     2826.110     2829.110     2830.110     2834.110     2837.110
   315:     2838.110     2843.110     2849.110     2857.110     2860.110
   320:     2879.110     2880.110     2882.110     2883.110     2885.110
   325:     2891.110     2900.110     2901.110     2908.110     2912.110
   330:     2919.110     2933.110     2936.110     2938.110     2946.110
   335:     2949.110     2952.110     2952.110     2953.110     2965.110
   340:     2971.110     2973.110     2975.110     2977.110     2977.110
   345:     2978.110     2990.110     2995.110     3003.110     3006.110
   350:     3023.110     3025.110     3027.110     3029.110     3034.110
   355:     3036.110     3038.110     3042.110     3054.110     3057.110
   360:     3061.110     3064.110     3066.110     3077.110     3079.110
   365:     3088.120     3120.120     3122.120     3174.110     3177.110
   370:     3177.110     3181.110     3183.110     3187.110     3230.120
   375:     3506.120     3669.120     3670.120     3837.110     3842.120
   380:     3993.110     4000.110     4002.110     4012.340     4030.120
   385:     4061.120     4068.120     4112.510     4141.120     4168.120
   390:     4172.120     4175.120     4176.120     4184.120     4188.120
   395:     4237.110     4245.110     4248.110     4252.110     4258.110
   400:     4563.120     4585.110     4587.110     4591.110     4597.110
   405:     4601.110     4612.110     4616.110     4618.110     4626.110
   410:     4632.110     4632.110     4633.110     4634.110     4636.110
   415:     4641.110     4644.110     4648.110     4650.110     4654.110
   420:     4658.110     4715.110     4719.110     4720.110     4731.110
   425:     4731.210     4736.120     4770.120     4781.310     4881.510
   430:     4930.120     5033.120     5145.120     5147.120     5211.120
   435:     5228.120     5230.120     5259.120     5356.120     5392.110
   440:     5393.110     5395.110     5399.110     5405.110     5408.110
   445:     5414.110     5416.110     5418.110     5420.110     5422.110
   450:     5425.110     5427.110     5429.110     5434.110     5438.110
   455:     5440.110     5442.110     5449.110     5451.110     5452.110
   460:     5454.110     5459.110     5461.110     5464.110     5467.110
   465:     5472.110     5475.110     5479.110     5482.110     5491.110
   470:     5494.110     5494.210     5499.120     5533.120     5544.310
   475:     5644.510     5711.120     5776.120     5789.120     5850.120
   480:     5881.120     5893.120     6038.120     6075.110     6077.110
   485:     6078.110     6082.110     6084.110     6087.110     6089.110
   490:     6092.110     6094.110     6095.110     6097.110     6098.110
   495:     6101.110     6103.110     6109.110     6113.110     6117.110
   500:     6120.110     6123.110     6126.110     6129.110     6146.110
   505:     6149.110     6152.110     6154.110     6161.110     6163.110
   510:     6167.110     6169.110     6170.110     6181.110     6185.110
   515:     6196.110     6223.110     6229.110     6231.110     6234.110
   520:     6239.110     6244.110     6264.110     6264.210     6270.120
   525:     6297.120     6314.310     6414.500     6455.120     6473.120
   530:     6521.120     6523.120     6577.120     6619.120     6656.100
   535:     6724.100     6732.120     6760.100     6763.100     6766.100
   540:     6768.100     6772.100     6775.100     6777.100     6783.100
   545:     6784.100     6786.100     6793.100     6797.100     6804.100
   550:     6811.100     6816.100     6818.100     6820.100     6823.100
   555:     6827.100     6829.100     6831.100     6838.100     6849.100
   560:     6857.100     6864.120     6880.120     6901.100     6905.100
   565:     6907.100     6909.100     6910.100     6911.100     6914.100
   570:     6921.100     6929.100     6933.100     6938.100     6939.100
   575:     6944.100     6950.100     6954.100     6957.100     6959.100
   580:     6963.100     6965.100     6970.100     6977.100     6984.100
   585:     6991.100     6994.100     6996.100     6997.100     7004.100
   590:     7012.100     7016.100     7017.200     7019.100     7025.120
   595:     7053.120     7067.300     7167.500     7280.120     7308.120
   600:     7385.120     7420.120     7429.120     7526.120     7574.100
   605:     7604.100     7610.120     7625.100     7631.100     7635.100
   610:     7639.100     7650.100     7652.100     7675.100     7681.100
   615:     7684.100     7698.100     7700.100     7704.100     7706.100
   620:     7710.100     7714.100     7733.100     7735.100     7736.100
   625:     7747.100     7749.100     7755.100     7758.100     7762.120
   630:     7770.200     7804.120     7820.300     7920.510     7975.120
   635:     8045.120     8072.120     8088.120     8210.120     8269.110
   640:     8271.110     8464.120     8492.110     8495.110     8498.120
   645:     8520.110     8523.110     8529.110     8531.110     8533.110
   650:     8533.210     8537.120     8566.120     8583.310     8608.120
   655:     8683.500     8717.120     8718.120     8779.120     8849.120
   660:     8858.120     9079.120     9079.120     9123.100     9130.100
   665:     9132.100     9137.120     9157.100     9159.100     9166.100
   670:     9167.100     9169.100     9172.100     9180.100     9183.100
   675:     9187.100     9190.100     9203.100     9205.100     9220.100
   680:     9225.100     9229.120     9267.120     9271.120     9282.100
   685:     9285.100     9285.200     9291.120     9320.120     9335.300
   690:     9435.510     9455.120     9548.120     9550.120     9574.120
   695:     9729.120     9874.110     9886.110     9893.110     9895.110
   700:     9900.110     9945.110     9949.110     9951.110     9961.110
   705:     9963.110     9965.110     9969.110     9973.110     9974.110
   710:     9979.110     9983.110     9989.110     9992.110     9994.110
   715:    10001.110    10003.110    10006.110    10009.110    10011.110
   720:    10013.110    10018.110    10034.110    10038.110    10039.110
   725:    10047.110    10060.110    10060.210    10065.120    10094.120
   730:    10110.310    10131.120    10140.120    10210.500    10240.120
   735:    10241.120    10254.120    10269.120    10270.120    10298.100
   740:    10395.120    10396.120    10423.100    10427.100    10432.100
   745:    10435.100    10443.100    10450.100    10458.100    10460.100
   750:    10465.100    10469.100    10471.100    10481.100    10487.100
   755:    10489.100    10494.100    10513.120    10544.100    10547.100
   760:    10551.100    10552.100    10562.100    10571.100    10580.100
   765:    10582.100    10582.100    10592.100    10604.100    10608.100
   770:    10616.100    10618.100    10624.100    10626.100    10629.100
   775:    10633.120    10678.100    10684.100    10686.100    10699.100
   780:    10705.100    10708.100    10711.100    10714.100    10718.100
   785:    10723.100    10728.100    10741.100    10743.100    10744.100
   790:    10749.120    10790.120    10801.120    11042.120    11042.120
   795:    11050.120    11065.100    11069.100    11114.100    11121.120
   800:    11125.200    11160.120    11175.300    11275.510    11393.120
   805:    11445.120    11477.120    11477.120    11479.120    11485.120
   810:    11497.120    11573.110    11579.120    11607.110    11697.120
   815:    11736.120    11745.110    11752.110    11755.110    11757.110
   820:    11760.110    11762.110    11765.110    11771.110    11775.110
   825:    11779.110    11781.110    11783.110    11787.110    11789.110
   830:    11791.110    11793.110    11795.110    11798.110    11801.110
   835:    11803.110    11806.110    11810.110    11814.110    11819.110
   840:    11821.110    11825.110    11831.110    11834.110    11844.110
   845:    11877.110    11879.110    11886.110    11890.110    11890.210
   850:    11895.120    11927.120    11940.310    12040.500    12106.120
   855:    12107.120    12190.120    12190.120    12191.120    12214.120
   860:    12254.120    12262.100    12310.120    12312.120    12361.120
   865:    12366.120    12377.120    12383.100    12445.100    12451.100
   870:    12460.100    12462.100    12465.100    12470.100    12475.100
   875:    12478.100    12480.100    12482.100    12493.100    12497.100
   880:    12504.100    12510.100    12512.100    12514.100    12517.100
   885:    12519.100    12522.100    12525.100    12530.100    12531.100
   890:    12535.100    12537.100    12539.100    12542.100    12543.100
   895:    12551.100    12553.100    12557.100    12563.100    12566.100
   900:    12571.120    12596.120    12608.100    12610.100    12612.100
   905:    12615.100    12617.100    12626.100    12629.100    12633.100
   910:    12637.100    12639.100    12644.100    12647.100    12651.100
   915:    12653.100    12655.100    12662.100    12668.100    12668.200
   920:    12671.100    12676.120    12703.120    12718.300    12818.510
   925:    12843.120    12886.120    12886.120    12917.120    12939.120
   930:    12960.120    12962.120    12964.120    12976.120    12978.120
   935:    12981.120    12981.120    12986.120    12990.120    12992.120
   940:    13009.120    13010.120    13019.120    13020.120    13022.120
   945:    13037.120    13061.120    13088.120    13314.120    13315.120
   950:    13342.110    13344.110    13345.110    13349.110    13351.110
   955:    13355.110    13357.110    13359.110    13366.110    13368.110
   960:    13374.110    13375.110    13378.110    13380.110    13386.110
   965:    13390.110    13393.110    13399.110    13400.110    13406.110
   970:    13408.110    13410.110    13412.110    13414.110    13416.110
   975:    13418.110    13422.110    13425.110    13431.110    13431.210
   980:    13436.120    13466.120    13481.310    13483.120    13581.500
   985:    13581.120    13715.120    13727.120    13795.120    13801.120
   990:    13821.100    13831.100    13836.120    13844.120    13857.100
   995:    13859.100    13863.100    13867.100    13871.100    13873.100
  1000:    13876.100    13880.100    13885.100    13889.100    13891.100
  1005:    13893.100    13896.100    13899.100    13903.100    13909.100
  1010:    13912.100    13914.100    13920.120    13945.100    13950.100
  1015:    13952.100    13953.100    13958.100    13968.100    13969.100
  1020:    13972.100    13975.100    13978.100    13979.100    13980.100
  1025:    13983.100    13994.100    13996.100    14006.100    14009.100
  1030:    14014.100    14016.100    14018.100    14021.100    14026.120
  1035:    14042.120    14060.120    14065.100    14067.100    14070.100
  1040:    14072.100    14074.100    14075.100    14087.100    14098.100
  1045:    14100.100    14102.100    14103.100    14105.100    14106.100
  1050:    14107.100    14109.100    14115.100    14119.100    14121.100
  1055:    14124.100    14133.100    14137.100    14143.100    14149.100
  1060:    14151.100    14156.100    14157.100    14159.100    14159.100
  1065:    14164.120    14184.200    14219.120    14234.300    14262.120
  1070:    14334.510    14375.120    14376.120    14413.120    14439.120
  1075:    14445.120    14483.120    14541.120    14572.110    14629.110
  1080:    14637.120    14677.110    14678.110    14682.110    14686.110
  1085:    14694.110    14696.110    14698.110    14700.110    14704.110
  1090:    14706.110    14709.110    14714.110    14716.110    14719.110
  1095:    14722.110    14724.110    14726.110    14733.110    14742.110
  1100:    14744.110    14749.110    14751.110    14753.110    14759.110
  1105:    14764.110    14767.110    14767.110    14771.110    14773.110
  1110:    14779.110    14783.110    14794.110    14803.110    14811.110
  1115:    14813.110    14815.110    14846.110    14849.110    14856.110
  1120:    14861.110    14862.110    14865.110    14871.110    14876.110
  1125:    14878.110    14889.110    14893.110    14897.110    14901.110
  1130:    14916.110    14918.110    14918.110    14920.110    14930.110
  1135:    14936.110    14937.110    14948.110    14948.210    14952.110
  1140:    14955.120    14984.120    14998.310    15098.500    15214.120
  1145:    15229.120    15242.120    15281.100    15301.120    15308.120
  1150:    15325.100    15335.100    15338.100    15341.100    15345.120
  1155:    15371.100    15377.100    15379.100    15380.100    15385.100
  1160:    15387.100    15404.100    15405.100    15409.100    15414.100
  1165:    15415.100    15425.100    15427.100    15429.100    15431.100
  1170:    15437.100    15438.100    15448.100    15450.100    15455.100
  1175:    15459.100    15461.100    15466.100    15468.100    15470.100
  1180:    15475.120    15500.120    15530.100    15531.100    15532.100
  1185:    15535.100    15549.100    15556.100    15558.100    15560.100
  1190:    15562.100    15571.100    15577.100    15581.100    15584.100
  1195:    15585.100    15587.100    15598.100    15608.100    15615.120
  1200:    15632.120    15665.100    15667.100    15671.100    15673.100
  1205:    15684.100    15690.100    15694.100    15698.100    15704.100
  1210:    15706.100    15714.100    15723.100    15725.200    15727.100
  1215:    15733.120    15764.120    15775.300    15875.530    16046.120
  1220:    16049.120    16058.120    16060.120    16061.120    16111.120
  1225:    16119.120    16123.120    16314.120    16368.100    16380.100
  1230:    16389.100    16391.100    16394.100    16401.120    16433.100
  1235:    16434.100    16436.100    16438.100    16440.100    16444.100
  1240:    16447.100    16451.100    16453.100    16455.100    16458.100
  1245:    16459.100    16468.100    16476.100    16478.100    16481.100
  1250:    16485.100    16490.100    16492.100    16498.100    16502.100
  1255:    16509.100    16513.100    16515.100    16519.100    16523.100
  1260:    16525.100    16528.100    16530.100    16539.100    16549.100
  1265:    16561.100    16563.100    16565.100    16567.100    16570.100
  1270:    16577.100    16583.100    16588.100    16594.120    16619.120
  1275:    16636.100    16641.100    16643.100    16654.100    16658.100
  1280:    16666.100    16668.100    16670.100    16672.100    16673.100
  1285:    16674.100    16679.100    16681.100    16685.100    16687.100
  1290:    16690.100    16693.100    16695.100    16699.100    16705.100
  1295:    16709.100    16718.100    16726.100    16728.100    16730.100
  1300:    16732.100    16737.100    16742.100    16748.120    16783.120
  1305:    16783.120    16813.120    16836.100    16841.100    16844.100
  1310:    16846.100    16861.100    16867.100    16869.100    16872.100
  1315:    16876.100    16879.100    16884.100    16912.120    16935.100
  1320:    16940.100    16942.100    16944.100    16964.100    16966.100
  1325:    16970.100    16976.100    16979.100    16981.100    16986.120
  1330:    17023.120    17031.120    17073.100    17076.100    17108.100
  1335:    17113.100    17141.120    17181.120    17380.120    17411.100
  1340:    17659.100    17661.100    17675.330    17728.120    17732.120
  1345:    17775.510    17950.120    17950.120    17967.110    18081.120
  1350:    18112.110    18114.110    18142.110    18145.110    18150.110
  1355:    18151.110    18157.110    18159.110    18165.110    18170.110
  1360:    18175.110    18182.110    18184.110    18186.110    18188.110
  1365:    18190.110    18193.110    18195.110    18197.110    18198.110
  1370:    18210.110    18212.110    18221.110    18223.110    18226.110
  1375:    18231.110    18233.110    18234.110    18235.110    18242.110
  1380:    18245.110    18251.110    18257.110    18260.110    18273.110
  1385:    18277.110    18281.110    18291.110    18301.110    18308.110
  1390:    18312.110    18313.110    18335.110    18337.110    18340.110
  1395:    18346.110    18349.110    18352.110    18362.110    18364.110
  1400:    18367.110    18370.110    18372.110    18400.110    18400.210
  1405:    18404.120    18438.120    18450.310    18550.540    18624.120
  1410:    18636.120    18708.120    18784.110    18789.110    18801.110
  1415:    18813.110    18821.110    18823.110    18828.110    18832.110
  1420:    18834.110    18839.110    18845.110    18847.110    18849.110
  1425:    18853.110    18855.110    18861.110    18865.110    18885.110
  1430:    18891.110    18894.110    18900.110    18921.110    18922.110
  1435:    18923.110    18925.110    18928.110    18958.110    18963.110
  1440:    18965.110    18983.110    18985.110    18988.110    18991.110
  1445:    18993.110    18997.110    19017.110    19020.110    19039.110
  1450:    19041.110    19048.110    19052.110    19064.110    19072.110
  1455:    19076.110    19088.110    19095.110    19097.110    19101.110
  1460:    19103.110    19105.110    19107.110    19108.110    19126.110
  1465:    19132.110    19134.110    19136.110    19141.110    19144.110
  1470:    19145.110    19146.110    19165.110    19167.110    19173.110
  1475:    19197.110    19207.110    19211.110    19221.110    19229.110
  1480:    19236.110    19238.110    19240.110    19246.110    19252.110
  1485:    19258.110    19260.110    19262.110    19271.110    19275.110
  1490:    19277.110    19281.120    19282.120    19329.110    19331.110
  1495:    19344.110    19349.110    19353.110    19359.120    19515.120
  1500:    19518.120    19519.120    19708.110    19712.110    19724.120
  1505:    19734.120    19817.110    19819.110    19819.110    19820.110
  1510:    19823.110    19831.120    19862.110    19864.110    19867.110
  1515:    19871.110    19874.110    19878.110    19881.110    19883.110
  1520:    19891.110    19895.110    19900.110    19904.110    19906.110
  1525:    19907.110    19914.110    19916.110    19917.110    19921.110
  1530:    19923.110    19926.110    19933.110    19939.110    19943.110
  1535:    19950.110    19952.110    19955.110    19957.110    19972.110
  1540:    19981.110    19987.110    19989.110    19994.110    19999.110
  1545:    20003.110    20005.110    20024.110    20026.110    20039.110
  1550:    20042.110    20043.110    20046.110    20048.110    20055.110
  1555:    20060.110    20062.110    20066.110    20077.110    20079.110
  1560:    20082.110    20083.110    20089.110    20090.110    20110.110
  1565:    20112.110    20113.110    20114.110    20123.110    20131.110
  1570:    20147.110    20154.110    20172.110    20174.110    20175.110
  1575:    20183.110    20185.110    20190.110    20192.110    20195.110
  1580:    20198.110    20200.110    20205.110    20209.110    20227.110
  1585:    20228.110    20236.110    20241.110    20249.110    20251.110
  1590:    20253.110    20254.110    20263.110    20271.110    20272.110
  1595:    20286.110    20288.110    20298.110    20301.110    20307.110
  1600:    20308.110    20320.110    20322.110    20323.110    20324.110
  1605:    20332.110    20333.110    20345.110    20350.340    20352.110
  1610:    20427.120    20450.500    20483.100    20553.120    20555.120
  1615:    20568.100    20570.100    20572.100    20576.100    20579.100
  1620:    20584.100    20587.120    20612.100    20614.100    20616.100
  1625:    20618.100    20628.100    20632.100    20637.100    20645.100
  1630:    20647.100    20655.100    20658.100    20660.100    20662.100
  1635:    20664.100    20669.100    20671.100    20674.100    20678.120
  1640:    20699.120    20716.100    20717.100    20720.100    20723.100
  1645:    20726.100    20730.100    20732.100    20735.100    20737.100
  1650:    20746.100    20752.100    20770.100    20779.100    20783.100
  1655:    20785.100    20797.100    20800.100    20802.100    20803.100
  1660:    20804.100    20806.100    20808.100    20811.100    20826.100
  1665:    20831.100    20835.100    20839.100    20844.100    20849.100
  1670:    20853.100    20860.100    20862.100    20865.100    20873.100
  1675:    20879.100    20883.120    20909.120    20924.100    20932.100
  1680:    20934.100    20946.100    20947.100    20954.100    20965.100
  1685:    20971.100    20973.100    20984.100    20993.100    20997.100
  1690:    21003.120    21045.100    21049.100    21051.100    21053.200
  1695:    21054.100    21059.120    21090.120    21103.300    21203.510
  1700:    21237.120    21237.120    21420.120    21429.120    21500.120
  1705:    21502.120    21502.120    21503.120    21517.120    21533.120
  1710:    21543.120    21544.120    21749.120    21750.120    21784.110
  1715:    21787.110    21789.110    21791.110    21797.110    21804.110
  1720:    21809.110    21816.110    21816.210    21820.120    21851.120
  1725:    21866.310    21966.500    22070.120    22072.120    22240.120
  1730:    22241.120    22352.120    22393.120    22394.120    22411.120
  1735:    22416.120    22494.120    22517.100    22525.100    22535.100
  1740:    22539.100    22542.100    22544.100    22550.100    22555.100
  1745:    22557.100    22559.100    22577.200    22584.120    22615.120
  1750:    22627.300    22649.120    22727.510    22813.120    22827.120
  1755:    22891.120    22917.120    22939.120    23074.110    23078.110
  1760:    23083.110    23087.110    23091.110    23093.110    23096.110
  1765:    23098.110    23103.110    23106.110    23109.110    23117.110
  1770:    23128.110    23129.110    23131.110    23136.110    23142.110
  1775:    23145.110    23151.110    23155.110    23157.110    23168.110
  1780:    23176.110    23178.110    23179.110    23181.110    23185.110
  1785:    23189.110    23194.110    23195.110    23197.110    23199.110
  1790:    23207.110    23211.110    23213.110    23221.110    23235.110
  1795:    23235.110    23237.110    23245.110    23246.110    23248.110
  1800:    23249.110    23265.110    23268.110    23268.110    23274.110
  1805:    23282.110    23297.110    23300.110    23302.110    23305.110
  1810:    23321.110    23326.110    23328.110    23330.110    23336.110
  1815:    23338.110    23343.110    23343.210    23348.120    23379.120
  1820:    23393.310    23477.120    23493.500    23616.120    23663.120
  1825:    23673.100    23795.120    23822.100    23829.100    23839.120
  1830:    23857.100    23859.100    23864.100    23865.100    23871.100
  1835:    23876.100    23878.100    23881.100    23883.100    23886.100
  1840:    23899.100    23903.100    23907.100    23910.100    23917.100
  1845:    23924.100    23925.100    23934.100    23951.100    23954.100
  1850:    23961.100    23964.100    23968.100    23970.100    23972.100
  1855:    23975.100    23980.120    24025.100    24028.100    24030.100
  1860:    24032.100    24034.100    24037.100    24045.100    24051.100
  1865:    24053.100    24056.100    24057.100    24059.100    24065.100
  1870:    24066.100    24071.100    24075.100    24077.100    24082.100
  1875:    24085.100    24087.100    24094.100    24094.200    24101.120
  1880:    24132.120    24144.300    24244.500    24635.120    24636.120
  1885:    24638.120    24659.120    24665.120    24666.120    24666.120
  1890:    24707.100    24719.100    24720.100    24723.100    24729.100
  1895:    24731.100    24737.100    24740.100    24745.100    24755.100
  1900:    24760.100    24762.100    24764.100    24772.100    24774.100
  1905:    24777.100    24782.100    24785.100    24787.100    24803.100
  1910:    24808.100    24817.100    24822.100    24824.100    24827.100
  1915:    24829.100    24831.100    24833.100    24835.100    24836.100
  1920:    24845.200    24852.120    24876.120    24895.300    24934.120
  1925:    24995.510    25148.120    25173.120    25270.120    25431.120
  1930:    25448.110    25453.110    25456.110    25457.110    25460.110
  1935:    25465.110    25474.110    25477.110    25481.110    25484.110
  1940:    25486.110    25491.110    25505.110    25508.110    25514.110
  1945:    25518.110    25527.110    25531.110    25535.110    25555.110
  1950:    25563.110    25566.110    25568.110    25574.110    25577.110
  1955:    25578.110    25585.110    25590.110    25596.110    25607.110
  1960:    25608.110    25608.210    25612.120    25642.120    25643.120
  1965:    25658.310    25758.510    25875.120    25877.120    25920.120
  1970:    26090.120    26292.120    26327.110    26330.110    26334.110
  1975:    26341.110    26343.110    26345.110    26351.110    26356.110
  1980:    26358.110    26359.110    26363.110    26365.110    26367.110
  1985:    26368.110    26374.110    26374.210    26379.120    26415.120
  1990:    26424.310    26491.120    26524.510    26586.120    26627.120
  1995:    26629.120    26636.120    26637.120    26642.120    27037.120
  2000:    27037.120    27073.110    27077.110    27081.110    27085.110
  2005:    27087.110    27092.110    27094.110    27096.110    27100.110
  2010:    27102.110    27105.110    27108.110    27108.110    27109.110
  2015:    27112.110    27118.110    27125.110    27127.110    27129.110
  2020:    27131.110    27132.110    27144.110    27144.210    27148.120
  2025:    27179.120    27194.310    27230.120    27231.120    27270.120
  2030:    27294.500    27707.100    27717.120    27718.120    27736.100
  2035:    27742.100    27745.100    27757.100    27761.120    27779.100
  2040:    27781.100    27786.100    27787.100    27791.100    27792.100
  2045:    27797.100    27804.100    27805.100    27811.100    27813.100
  2050:    27817.100    27829.100    27834.100    27838.100    27839.100
  2055:    27844.100    27867.100    27871.100    27876.100    27878.100
  2060:    27879.100    27882.100    27889.100    27892.100    27893.100
  2065:    27894.200    27895.100    27902.120    27933.120    27944.300
  2070:    28044.500    28066.120    28380.120    28415.100    28417.100
  2075:    28421.100    28425.100    28426.100    28428.100    28431.100
  2080:    28436.100    28440.100    28444.100    28446.100    28461.100
  2085:    28463.100    28465.100    28469.100    28476.100    28479.100
  2090:    28480.100    28487.100    28491.100    28493.100    28498.100
  2095:    28504.100    28505.100    28510.100    28512.100    28524.100
  2100:    28528.100    28530.100    28532.100    28536.100    28539.100
  2105:    28542.100    28546.100    28550.100    28553.100    28557.100
  2110:    28569.100    28574.120    28623.100    28626.100    28629.100
  2115:    28636.100    28645.100    28650.100    28651.100    28653.100
  2120:    28675.100    28678.100    28683.200    28684.100    28689.120
  2125:    28717.120    28733.300    28833.500    28885.120    28886.120
  2130:    28928.120    29173.120    29233.100    29240.100    29246.100
  2135:    29248.100    29252.100    29254.100    29261.100    29263.100
  2140:    29266.100    29268.100    29269.100    29271.100    29273.100
  2145:    29278.100    29283.100    29285.100    29287.100    29291.100
  2150:    29294.100    29296.100    29300.100    29301.100    29304.100
  2155:    29312.100    29314.100    29318.100    29321.100    29323.100
  2160:    29328.100    29333.100    29334.100    29342.100    29344.100
  2165:    29346.100    29350.100    29352.100    29364.100    29367.100
  2170:    29383.100    29385.100    29387.100    29392.120    29424.100
  2175:    29428.100    29430.100    29432.100    29442.100    29443.200
  2180:    29449.120    29479.120    29493.300    29593.510    29594.120
  2185:    29607.120    29656.120    29709.120    29892.120    29974.120
  2190:    30003.110    30008.120    30008.120    30013.120    30023.120
  2195:    30047.110    30049.110    30054.110    30061.110    30064.110
  2200:    30066.110    30070.110    30071.110    30076.110    30076.110
  2205:    30077.110    30086.110    30091.110    30091.110    30093.110
  2210:    30094.110    30097.110    30109.110    30115.110    30117.110
  2215:    30122.110    30125.110    30128.110    30130.110    30136.110
  2220:    30143.110    30145.110    30147.110    30148.110    30154.110
  2225:    30158.110    30159.110    30167.110    30169.110    30172.110
  2230:    30185.110    30187.110    30188.110    30192.110    30198.110
  2235:    30200.110    30201.110    30202.110    30209.110    30209.210
  2240:    30214.120    30244.120    30259.310    30359.510    30458.120
  2245:    30460.120    30503.120    30732.120    30771.110    30776.120
  2250:    30798.120    30815.110    30821.110    30827.110    30835.110
  2255:    30837.110    30842.110    30846.110    30849.110    30852.110
  2260:    30854.110    30855.110    30856.110    30858.110    30871.110
  2265:    30874.110    30880.110    30885.110    30890.110    30901.110
  2270:    30905.110    30906.110    30908.110    30912.110    30921.110
  2275:    30923.110    30925.110    30926.110    30928.110    30934.110
  2280:    30935.110    30937.110    30938.110    30942.110    30946.110
  2285:    30948.110    30956.110    30957.110    30960.110    30969.110
  2290:    30971.110    30974.110    30974.210    30979.120    31009.120
  2295:    31024.310    31124.530    31290.120    31339.100    31396.100
  2300:    31405.100    31411.120    31436.100    31442.100    31445.100
  2305:    31460.100    31463.100    31469.100    31479.100    31482.100
  2310:    31483.100    31485.100    31489.100    31500.100    31502.100
  2315:    31505.100    31516.100    31520.100    31522.100    31524.100
  2320:    31527.100    31530.100    31533.100    31535.100    31538.100
  2325:    31539.100    31542.100    31544.100    31552.100    31557.100
  2330:    31559.100    31562.100    31570.100    31578.100    31587.100
  2335:    31593.100    31597.100    31610.100    31617.100    31622.120
  2340:    31651.120    31663.100    31667.100    31669.100    31671.100
  2345:    31681.100    31685.100    31689.100    31691.100    31691.100
  2350:    31694.100    31697.100    31698.100    31700.100    31703.100
  2355:    31705.100    31707.100    31716.100    31726.100    31728.100
  2360:    31731.100    31754.100    31759.120    31800.100    31803.100
  2365:    31805.100    31807.100    31817.100    31825.100    31827.100
  2370:    31832.100    31834.100    31839.100    31841.100    31847.100
  2375:    31849.100    31856.100    31863.100    31865.100    31870.100
  2380:    31871.100    31877.100    31878.100    31883.100    31888.100
  2385:    31890.100    31900.100    31905.120    31938.120    31954.100
  2390:    31958.100    31959.100    31968.100    31979.100    31981.100
  2395:    31987.100    31999.120    32020.120    32020.120    32033.100
  2400:    32035.100    32038.100    32049.100    32060.100    32067.100
  2405:    32093.120    32134.100    32136.100    32174.120    32574.100
  2410:    32667.120    32693.100    32697.100    32702.100    32704.100
  2415:    32706.100    32712.120    32732.100    32735.100    32737.100
  2420:    32743.100    32745.100    32754.100    32774.100    32782.100
  2425:    32787.100    32790.100    32791.100    32799.100    32801.100
  2430:    32810.120    32836.120    32858.100    32859.100    32864.100
  2435:    32866.100    32868.100    32870.100    32871.100    32876.100
  2440:    32883.100    32885.100    32897.100    32899.100    32903.100
  2445:    32905.100    32907.100    32917.100    32922.100    32924.330
  2450:    32981.120    33024.500    33116.120    33135.100    33138.100
  2455:    33141.100    33144.100    33147.100    33154.100    33156.100
  2460:    33164.100    33167.100    33179.100    33182.100    33195.100
  2465:    33198.100    33205.120    33258.100    33260.100    33318.100
  2470:    33326.120    33361.100    33363.100    33372.100    33384.100
  2475:    33387.100    33388.100    33392.100    33401.100    33410.100
  2480:    33424.100    33427.100    33432.100    33437.100    33440.100
  2485:    33452.100    33456.100    33477.100    33480.100    33483.100
  2490:    33488.100    33491.100    33494.100    33513.100    33515.100
  2495:    33524.120    33555.120    33556.120    33570.100    33572.100
  2500:    33581.100    33587.100    33591.100    33596.100    33597.100
  2505:    33604.100    33613.100    33630.200    33645.120    33675.120
  2510:    33680.300    33780.510    33797.120    33831.120    33907.120
  2515:    33916.120    34258.120    34369.120    34657.120    34700.110
  2520:    34700.210    34704.120    34730.120    34750.310    34760.120
  2525:    34850.500    34906.120    34907.120    34931.120    34932.120
  2530:    35185.100    35192.120    35228.100    35236.100    35239.100
  2535:    35243.100    35253.100    35258.100    35263.100    35269.100
  2540:    35287.100    35291.100    35296.100    35308.100    35312.100
  2545:    35315.100    35318.100    35322.100    35324.100    35326.100
  2550:    35337.100    35344.100    35350.100    35352.100    35354.100
  2555:    35355.100    35368.100    35370.100    35375.100    35381.100
  2560:    35383.100    35385.100    35388.100    35390.100    35392.100
  2565:    35400.100    35414.100    35416.100    35420.100    35426.100
  2570:    35432.100    35435.100    35439.100    35444.100    35445.100
  2575:    35447.100    35450.200    35456.120    35490.120    35500.300
  2580:    35600.510    35685.120    35686.120    35874.120    35879.120
  2585:    35916.120    35948.110    35954.110    35958.110    35964.110
  2590:    35972.110    35976.110    35983.110    35985.110    35991.110
  2595:    35998.110    36002.110    36003.110    36006.110    36011.110
  2600:    36013.110    36020.110    36022.110    36027.110    36029.110
  2605:    36033.110    36034.110    36036.110    36041.110    36108.110
  2610:    36113.110    36114.110    36115.110    36118.120    36150.110
  2615:    36153.110    36156.110    36161.110    36225.110    36225.210
  2620:    36229.120    36263.120    36275.310    36318.120    36336.120
  2625:    36375.510    36458.120    36510.110    36513.110    36520.110
  2630:    36571.120    36586.110    36590.110    36592.110    36637.120
  2635:    36658.110    36665.110    36668.110    36668.110    36672.110
  2640:    36678.110    36819.120    36886.110    36886.110    36888.110
  2645:    36890.110    36894.110    36911.120    36928.120    36943.110
  2650:    36944.110    36950.110    36952.110    36954.110    36956.110
  2655:    36958.110    36959.110    36967.110    36970.110    36973.110
  2660:    36977.110    36977.110    36979.110    36981.110    36985.110
  2665:    36998.110    36998.210    37002.120    37037.120    37048.310
  2670:    37148.500    37251.120    37282.120    37289.120    37520.120
  2675:    37552.100    37562.100    37566.100    37570.100    37576.120
  2680:    37590.100    37591.100    37594.100    37595.100    37601.100
  2685:    37604.100    37607.100    37609.100    37614.100    37623.100
  2690:    37625.100    37628.100    37630.100    37632.100    37635.100
  2695:    37641.100    37649.100    37651.100    37653.100    37655.100
  2700:    37661.100    37664.100    37666.100    37678.100    37682.100
  2705:    37684.100    37687.100    37689.100    37692.100    37694.100
  2710:    37697.100    37698.100    37702.100    37706.100    37722.100
  2715:    37725.100    37728.100    37730.100    37736.100    37747.120
  2720:    37749.200    37780.120    37799.300    37871.120    37899.540
  2725:    37946.120    37947.120    37974.120    38287.120    38299.120
  2730:    38336.110    38337.110    38338.110    38340.110    38348.110
  2735:    38350.110    38352.110    38356.110    38360.110    38361.110
  2740:    38363.110    38370.110    38374.110    38385.110    38387.110
  2745:    38388.110    38394.110    38398.110    38401.110    38409.110
  2750:    38411.110    38416.110    38420.110    38423.110    38426.110
  2755:    38428.110    38429.110    38433.110    38435.110    38441.110
  2760:    38445.110    38449.110    38451.110    38453.110    38455.110
  2765:    38457.110    38460.110    38463.110    38465.110    38470.110
  2770:    38471.110    38478.110    38483.110    38487.110    38489.110
  2775:    38491.110    38495.110    38499.110    38519.110    38520.110
  2780:    38522.110    38523.110    38524.110    38531.110    38534.110
  2785:    38536.110    38538.110    38539.110    38546.110    38548.110
  2790:    38550.110    38552.110    38565.110    38573.110    38582.110
  2795:    38583.110    38585.110    38593.110    38600.110    38602.110
  2800:    38607.110    38618.110    38627.110    38629.110    38631.110
  2805:    38637.110    38642.110    38645.110    38647.110    38652.110
  2810:    38661.110    38669.110    38672.110    38674.110    38681.110
  2815:    38683.110    38693.110    38699.110    38701.110    38720.110
  2820:    38721.110    38753.110    38755.110    38758.120    38802.110
  2825:    38813.110    38818.110    38821.110    38841.120    39151.120
  2830:    39341.110    39343.110    39345.110    39350.120    39413.120
  2835:    39415.120    39427.110    39428.110    39429.110    39430.110
  2840:    39578.110    39584.110    39589.110    39598.120    39642.110
  2845:    39643.110    39647.110    39649.110    39651.110    39655.110
  2850:    39659.110    39661.110    39670.110    39675.120    39699.340
  2855:    39799.500    40002.100    40005.100    40013.100    40020.120
  2860:    40056.100    40058.100    40060.100    40063.100    40067.100
  2865:    40069.100    40073.100    40075.100    40081.100    40085.100
  2870:    40087.100    40095.100    40097.100    40101.100    40104.100
  2875:    40111.100    40115.100    40120.100    40122.100    40124.100
  2880:    40126.100    40131.100    40134.100    40138.100    40139.100
  2885:    40145.120    40182.100    40184.100    40186.100    40188.100
  2890:    40192.100    40193.100    40204.100    40207.100    40211.100
  2895:    40214.100    40217.100    40224.100    40232.100    40235.100
  2900:    40245.100    40249.100    40252.100    40263.100    40268.120
  2905:    40295.120    40306.100    40310.100    40312.100    40315.100
  2910:    40324.100    40329.100    40333.100    40337.100    40339.100
  2915:    40341.100    40344.100    40346.100    40353.100    40365.100
  2920:    40368.100    40372.100    40374.100    40381.100    40383.100
  2925:    40393.100    40398.100    40401.200    40408.120    40440.120
  2930:    40451.300    40540.120    40551.500    40616.120    40617.120
  2935:    40618.120    40619.120    41066.120    41100.100    41105.100
  2940:    41108.100    41115.100    41117.100    41118.100    41125.100
  2945:    41132.100    41136.100    41138.100    41151.100    41153.100
  2950:    41155.100    41157.100    41159.100    41160.200    41166.120
  2955:    41197.120    41210.300    41248.120    41310.500    41353.120
  2960:    41354.120    41417.100    41540.120    41557.100    41560.100
  2965:    41564.100    41566.100    41572.120    41590.100    41591.100
  2970:    41595.100    41596.100    41600.100    41601.100    41636.100
  2975:    41640.100    41643.100    41648.100    41650.100    41659.100
  2980:    41664.100    41668.100    41672.100    41675.100    41679.100
  2985:    41683.100    41689.100    41694.100    41696.100    41707.100
  2990:    41713.100    41718.100    41723.100    41724.100    41730.100
  2995:    41732.100    41737.100    41738.100    41751.100    41759.100
  3000:    41761.100    41763.100    41771.100    41776.100    41778.100
  3005:    41782.100    41783.100    41785.100    41795.100    41802.100
  3010:    41807.100    41814.120    41848.100    41850.100    41851.100
  3015:    41855.100    41864.100    41871.100    41874.100    41876.100
  3020:    41878.100    41884.100    41888.100    41891.100    41893.100
  3025:    41896.100    41899.100    41911.200    41912.100    41918.120
  3030:    41950.120    41961.300
E:
     0:     3032.000     1278.000     1209.000
F:
     0:       70.000       32.118       31.513
G:
     0:        1.000        1.000        1.000        1.000        1.000
     5:        1.000        1.000        1.000        1.000        0.000
H:
     0:        1.000        1.000        2.000        2.000
L:
     0:     6111.000     6123.000     6129.000     6127.000     6121.000
     5:     9247.000     6378.000     6135.000     6375.000     6130.000
    10:     6208.000     6113.000     6108.000     6107.000     6488.000
    15:     6196.000     6162.000     6105.000     6108.000     6122.000
    20:     6191.000     6113.000
R:
     0:        1.000        1.000        1.000        1.000        1.000
     5:        1.000        1.000        1.000        1.000        0.000
S:
     0:        1.000        0.000
U:
     0:     6127.000        3.000        0.000
X:
     0:        0.000      154.001      262.002      271.003      278.004
     5:      280.005      281.006      286.007      287.008      288.009
    10:      290.010      326.011      334.012      339.013      341.014
    15:      342.015      348.016      350.017      352.018      358.019
    20:      360.020      362.021      363.022      381.023      383.024
    25:      387.025      389.026      399.027      402.028      404.029
    30:      407.030      411.031      414.032      418.033      425.034
    35:      427.035      433.036      436.037      438.038      440.039
    40:      491.040      493.041      496.042      499.043      500.044
    45:      517.045      523.046      525.047      529.048      531.049
    50:      541.050      551.051      553.052      559.053      573.054
    55:      583.055      601.055      651.000      651.000      986.001
    60:      994.002     1144.003     1146.004     1148.005     1150.006
    65:     1153.007     1155.008     1156.009     1165.010     1169.011
    70:     1182.012     1193.013     1195.014     1197.015     1199.016
    75:     1253.016     1303.000     1303.000     1544.001     1612.002
    80:     1648.003     1651.004     1654.005     1656.006     1660.007
    85:     1663.008     1665.009     1671.010     1672.011     1674.012
    90:     1681.013     1685.014     1692.015     1699.016     1704.017
    95:     1706.018     1708.019     1711.020     1715.021     1717.022
   100:     1719.023     1726.024     1737.025     1745.026     1789.027
   105:     1793.028     1795.029     1797.030     1798.031     1799.032
   110:     1802.033     1809.034     1817.035     1821.036     1826.037
   115:     1827.038     1832.039     1838.040     1842.041     1845.042
   120:     1847.043     1851.044     1853.045     1858.046     1865.047
   125:     1872.048     1879.049     1882.050     1884.051     1885.052
   130:     1892.053     1900.054     1904.055     1905.055     1907.056
   135:     1955.000     1955.000     2361.001     2391.002     2412.003
   140:     2418.004     2422.005     2426.006     2437.007     2439.008
   145:     2462.009     2468.010     2471.011     2485.012     2487.013
   150:     2491.014     2493.015     2497.016     2502.017     2520.018
   155:     2522.019     2523.020     2534.021     2536.022     2542.023
   160:     2545.024     2557.024     2607.000     2607.000     3047.001
   165:     3054.002     3055.003     3080.004     3083.005     3090.006
   170:     3091.007     3093.008     3096.009     3104.010     3106.011
   175:     3110.012     3113.013     3126.014     3129.015     3144.016
   180:     3149.017     3205.018     3209.019     3209.019     3259.000
   185:     3259.000     3347.001     3471.002     3475.003     3480.004
   190:     3483.005     3492.006     3498.007     3506.008     3509.009
   195:     3513.010     3517.011     3519.012     3530.013     3535.014
   200:     3537.015     3543.016     3593.017     3596.018     3599.019
   205:     3601.020     3610.021     3619.022     3629.023     3630.024
   210:     3631.025     3641.026     3653.027     3657.028     3664.029
   215:     3666.030     3672.031     3675.032     3677.033     3727.034
   220:     3732.035     3734.036     3748.037     3753.038     3756.039
   225:     3759.040     3763.041     3766.042     3771.043     3777.044
   230:     3789.045     3791.046     3792.047     4113.048     4117.049
   235:     4162.050     4173.050     4223.000     4223.000     4444.001
   240:     4566.002     4628.003     4633.004     4643.005     4644.006
   245:     4647.007     4653.008     4658.009     4660.010     4662.011
   250:     4665.012     4676.013     4679.014     4686.015     4693.016
   255:     4695.017     4697.018     4699.019     4701.020     4705.021
   260:     4708.022     4712.023     4714.024     4718.025     4720.026
   265:     4722.027     4724.028     4726.029     4734.030     4735.031
   270:     4740.032     4746.033     4748.034     4790.035     4793.036
   275:     4795.037     4798.038     4799.039     4808.040     4812.041
   280:     4816.042     4819.043     4822.044     4826.045     4829.046
   285:     4833.047     4836.048     4838.049     4844.050     4850.051
   290:     4850.051     4853.052     4900.000     4900.000     5140.001
   295:     5150.002     5176.003     5178.004     5182.005     5185.006
   300:     5189.007     5192.008     5195.009     5199.010     5204.011
   305:     5207.012     5209.013     5212.014     5215.015     5218.016
   310:     5222.017     5228.018     5231.019     5233.020     5264.021
   315:     5269.022     5270.023     5272.024     5277.025     5286.026
   320:     5288.027     5290.028     5294.029     5296.030     5298.031
   325:     5299.032     5302.033     5312.034     5315.035     5325.036
   330:     5327.037     5333.038     5335.039     5337.040     5339.041
   335:     5383.042     5385.043     5389.044     5391.045     5393.046
   340:     5394.047     5406.048     5417.049     5419.050     5420.051
   345:     5422.052     5423.053     5424.054     5426.055     5428.056
   350:     5433.057     5437.058     5439.059     5443.060     5451.061
   355:     5456.062     5462.063     5467.064     5470.065     5475.066
   360:     5476.067     5478.068     5478.069     5503.069     5553.000
   365:     5553.000     5735.001     5780.002     5790.003     5793.004
   370:     5795.005     5826.006     5831.007     5834.008     5835.009
   375:     5840.010     5842.011     5858.012     5860.013     5864.014
   380:     5868.015     5870.016     5880.017     5882.018     5884.019
   385:     5886.020     5891.021     5893.022     5903.023     5905.024
   390:     5910.025     5914.026     5916.027     5920.028     5922.029
   395:     5925.030     5984.031     5986.032     5986.033     5990.034
   400:     6003.035     6010.036     6013.037     6015.038     6016.039
   405:     6025.040     6032.041     6036.042     6038.043     6039.044
   410:     6042.045     6053.046     6063.047     6120.048     6122.049
   415:     6125.050     6128.051     6139.052     6145.053     6149.054
   420:     6153.055     6158.056     6160.057     6168.058     6178.059
   425:     6180.059     6182.060     6230.000     6230.000     6722.002
   430:     6734.004     6743.006     6746.008     6748.010     6787.012
   435:     6789.014     6790.016     6792.018     6794.020     6798.022
   440:     6801.024     6805.026     6807.028     6810.030     6812.032
   445:     6814.034     6822.036     6830.038     6833.040     6835.042
   450:     6839.044     6844.046     6846.048     6852.050     6856.052
   455:     6863.054     6867.056     6869.058     6873.060     6878.062
   460:     6880.064     6882.066     6885.068     6893.070     6903.072
   465:     6915.074     6917.076     6920.078     6921.080     6924.082
   470:     6931.084     6937.086     6943.088     6990.090     6996.092
   475:     6997.094     7008.096     7012.098     7020.100     7022.102
   480:     7025.104     7026.106     7027.108     7029.110     7033.112
   485:     7035.114     7040.116     7042.118     7044.120     7048.122
   490:     7049.124     7053.126     7059.128     7063.130     7072.132
   495:     7080.134     7082.136     7084.138     7086.140     7091.142
   500:     7097.144     7190.146     7195.148     7198.150     7200.152
   505:     7215.154     7221.156     7223.158     7226.160     7230.162
   510:     7233.164     7239.166     7289.168     7294.170     7296.172
   515:     7298.174     7319.176     7320.178     7324.180     7330.182
   520:     7333.184     7335.186     7427.188     7431.190     7462.192
   525:     7467.194     7765.196     8013.198     8015.200    10837.376
   530:    10923.377    10924.378    10927.379    10930.380    10934.381
   535:    10938.382    10966.383    10968.384    10970.385    10972.386
   540:    10982.387    10987.388    10991.389    10999.390    11001.391
   545:    11009.392    11012.393    11014.394    11016.395    11018.396
   550:    11023.397    11025.398    11028.399    11070.400    11071.401
   555:    11074.402    11077.403    11080.404    11084.405    11086.406
   560:    11089.407    11091.408    11100.409    11106.410    11125.411
   565:    11133.412    11137.413    11140.414    11151.415    11154.416
   570:    11156.417    11157.418    11158.419    11160.420    11162.421
   575:    11165.422    11180.423    11186.424    11190.425    11193.426
   580:    11198.427    11203.428    11207.429    11214.430    11217.431
   585:    11219.432    11227.433    11233.434    11278.435    11286.436
   590:    11288.437    11300.438    11301.439    11308.440    11320.441
   595:    11326.442    11328.443    11338.444    11347.445    11351.446
   600:    11399.447    11404.448    11405.449    11407.449    11408.450
   605:    11457.000    11457.000    12007.001    12015.002    12025.003
   610:    12029.004    12032.005    12034.006    12040.007    12045.008
   615:    12047.009    12049.010    12067.010    12117.000    12117.000
   620:    12297.001    12446.002    12453.003    12481.004    12483.005
   625:    12487.006    12489.007    12495.008    12500.009    12502.010
   630:    12505.011    12507.012    12510.013    12522.014    12527.015
   635:    12531.016    12534.017    12540.018    12547.019    12549.020
   640:    12558.021    12574.022    12578.023    12585.024    12588.025
   645:    12592.026    12594.027    12596.028    12599.029    12648.030
   650:    12652.031    12654.032    12656.033    12658.034    12660.035
   655:    12669.036    12675.037    12677.038    12680.039    12681.040
   660:    12683.041    12688.042    12690.043    12695.044    12699.045
   665:    12701.046    12705.047    12709.048    12711.049    12717.050
   670:    12718.050    12768.000    12768.000    13230.001    13242.002
   675:    13244.003    13246.004    13252.005    13254.006    13260.007
   680:    13263.008    13269.009    13279.010    13283.011    13285.012
   685:    13287.013    13296.014    13298.015    13300.016    13306.017
   690:    13308.018    13310.019    13327.020    13331.021    13340.022
   695:    13345.023    13347.024    13350.025    13353.026    13355.027
   700:    13357.028    13358.029    13360.030    13368.030    13418.000
   705:    13418.000    13831.001    13860.002    13866.003    13869.004
   710:    13881.005    13902.006    13905.007    13909.008    13911.009
   715:    13914.010    13916.011    13921.012    13927.013    13929.014
   720:    13935.015    13937.016    13941.017    13953.018    13958.019
   725:    13961.020    13963.021    13968.022    13991.023    13994.024
   730:    14000.025    14002.026    14003.027    14006.028    14013.029
   735:    14016.030    14017.031    14018.031    14019.032    14068.000
   740:    14068.000    14438.001    14440.002    14444.003    14448.004
   745:    14449.005    14451.006    14454.007    14459.008    14463.009
   750:    14467.010    14469.011    14484.012    14486.013    14488.014
   755:    14492.015    14499.016    14502.017    14503.018    14510.019
   760:    14514.020    14516.021    14521.022    14527.023    14528.024
   765:    14533.025    14535.026    14547.027    14551.028    14553.029
   770:    14555.030    14559.031    14562.032    14565.033    14569.034
   775:    14573.035    14576.036    14580.037    14592.038    14646.039
   780:    14649.040    14652.041    14659.042    14668.043    14673.044
   785:    14674.045    14676.046    14698.047    14701.048    14706.048
   790:    14707.049    14756.000    14756.000    15155.001    15163.002
   795:    15169.003    15170.004    15174.005    15176.006    15183.007
   800:    15186.008    15189.009    15190.010    15191.011    15193.012
   805:    15195.013    15200.014    15205.015    15207.016    15209.017
   810:    15214.018    15216.019    15218.020    15222.021    15224.022
   815:    15227.023    15234.024    15236.025    15240.026    15243.027
   820:    15245.028    15250.029    15255.030    15257.031    15264.032
   825:    15267.033    15269.034    15273.035    15274.036    15287.037
   830:    15289.038    15305.039    15307.040    15310.041    15346.042
   835:    15350.043    15352.044    15354.045    15364.046    15365.046
   840:    15415.000    15415.000    15630.002    15687.004    15695.006
   845:    15727.008    15733.010    15736.012    15751.014    15754.016
   850:    15759.018    15770.020    15773.022    15774.024    15776.026
   855:    15780.028    15790.030    15793.032    15795.034    15807.036
   860:    15811.038    15813.040    15815.042    15818.044    15821.046
   865:    15824.048    15826.050    15829.052    15830.054    15833.056
   870:    15835.058    15843.060    15848.062    15849.064    15853.066
   875:    15861.068    15869.070    15877.072    15884.074    15888.076
   880:    15901.078    15908.080    15953.082    15958.084    15960.086
   885:    15961.088    15972.090    15975.092    15979.094    15982.096
   890:    15982.098    15985.100    15987.102    15989.104    15991.106
   895:    15994.108    15996.110    15998.112    16007.114    16016.116
   900:    16018.118    16022.120    16045.122    16090.124    16094.126
   905:    16096.128    16098.130    16108.132    16115.134    16118.136
   910:    16123.138    16125.140    16130.142    16132.144    16138.146
   915:    16139.148    16147.150    16153.152    16156.154    16160.156
   920:    16162.158    16167.160    16169.162    16173.164    16179.166
   925:    16180.168    16191.170    16244.172    16248.174    16250.176
   930:    16258.178    16269.180    16271.182    16278.184    16324.186
   935:    16326.188    16329.190    16340.192    16351.194    16358.196
   940:    16425.198    16427.200    16865.202    16984.204    16987.206
   945:    16993.208    16995.210    16997.212    17022.214    17026.216
   950:    17027.218    17034.220    17036.222    17044.224    17065.226
   955:    17073.228    17077.230    17081.232    17082.234    17090.236
   960:    17092.238    17148.240    17150.242    17155.244    17156.246
   965:    17158.248    17161.250    17162.252    17167.254    17174.256
   970:    17176.258    17188.260    17190.262    17193.264    17195.266
   975:    17198.268    17207.270    17213.272    17426.273    17428.274
   980:    17432.275    17435.276    17438.277    17444.278    17447.279
   985:    17455.280    17458.281    17470.282    17472.283    17486.284
   990:    17489.285    17548.286    17550.287    17609.288    17652.289
   995:    17654.290    17663.291    17675.292    17678.293    17679.294
  1000:    17683.295    17692.296    17701.297    17715.298    17718.299
  1005:    17723.300    17727.301    17731.302    17743.303    17746.304
  1010:    17768.305    17771.306    17774.307    17778.308    17782.309
  1015:    17785.310    17804.311    17806.312    17861.313    17863.314
  1020:    17872.315    17877.316    17882.317    17887.318    17888.319
  1025:    17895.320    17904.321    17921.321    17971.000    17971.000
  1030:    18306.001    18348.002    18357.003    18359.004    18363.005
  1035:    18374.006    18378.007    18384.008    18390.009    18407.010
  1040:    18412.011    18417.012    18429.013    18433.014    18436.015
  1045:    18439.016    18443.017    18445.018    18447.019    18457.020
  1050:    18465.021    18471.022    18473.023    18475.024    18476.025
  1055:    18489.026    18491.027    18495.028    18502.029    18504.030
  1060:    18506.031    18508.032    18511.033    18513.034    18521.035
  1065:    18535.036    18537.037    18541.038    18547.039    18553.040
  1070:    18555.041    18560.042    18565.043    18566.044    18567.045
  1075:    18571.045    18621.000    18621.000    19025.001    19034.002
  1080:    19038.003    19043.004    19062.005    19064.006    19067.007
  1085:    19068.008    19074.009    19077.010    19080.011    19081.012
  1090:    19086.013    19095.014    19097.015    19100.016    19102.017
  1095:    19105.018    19107.019    19113.020    19121.021    19123.022
  1100:    19125.023    19128.024    19133.025    19137.026    19139.027
  1105:    19151.028    19155.029    19157.030    19160.031    19161.032
  1110:    19164.033    19166.034    19169.035    19171.036    19174.037
  1115:    19179.038    19194.039    19198.040    19201.041    19202.042
  1120:    19208.043    19221.043    19271.000    19271.000    19271.233
  1125:    19271.234    19271.235    19271.236    19271.237    19271.238
  1130:    19271.239    19271.240    19271.241    19271.242    19271.243
  1135:    19271.244    19271.245    19271.246    19271.247    19271.248
  1140:    19271.249    19271.250    19271.251    19271.252    19271.253
  1145:    19271.254    19271.255    19271.256    19271.257    19271.258
  1150:    19271.259    19271.260    19271.261    19271.262    19271.263
  1155:    19271.264    19271.265    19271.266    19271.267    19271.268
  1160:    19271.269    19271.270    19271.271    19271.272    19271.273
  1165:    19271.274    19271.275    19271.276    19271.277    19271.278
  1170:    19271.279    19271.280    19271.281    19271.282    19271.283
  1175:    19271.284    19271.285    19271.286    19271.287    19271.288
  1180:    19271.289    19271.290    19271.291    19271.292    19271.293
  1185:    19271.294    19271.295    19271.296    19271.297    19271.298
  1190:    19271.299    19271.299    19271.000    19271.000    19271.001
  1195:    19271.002    19271.003    19271.004    19271.005    19271.006
  1200:    19271.007    19271.008    19271.009    19271.010    19271.011
  1205:    19271.012    19271.013    19271.014    19271.015    19271.015
  1210:    19271.000    19271.000    19271.001    19271.002    19271.003
  1215:    19271.004    19271.005    19271.006    19271.007    19271.008
  1220:    19271.009    19271.010    19271.011    19271.012    19271.013
  1225:    19271.014    19271.015    19271.016    19271.017    19271.018
  1230:    19271.019    19271.020    19271.021    19271.022    19271.023
  1235:    19271.024    19271.025    19271.026    19271.027    19271.028
  1240:    19271.029    19271.030    19271.031    19271.032    19271.033
  1245:    19271.034    19271.035    19271.036    19271.037    19271.038
  1250:    19271.039    19271.040    19271.041    19271.042    19271.043
  1255:    19271.044    19271.045    19271.046    19271.047    19271.048
  1260:    19271.049    19271.050    19271.051    19271.052    19271.053
  1265:    19271.054    19271.055    19271.056    19271.057    19271.058
  1270:    19271.059    19271.060    19271.061    19271.062    19271.063
  1275:    19271.063    19271.064    19271.000
Y:
     0:        0.000       84.001       89.002       93.003       96.004
     5:      100.005      107.006      112.007      117.008      118.009
    10:      126.010      131.011      133.012      137.013      139.014
    15:      141.015      188.016      189.017      192.018      193.019
    20:      194.020      197.021      201.022      205.023      209.024
    25:      212.025      213.026      214.027      215.028      216.029
    30:      219.030      221.031      223.032      226.033      228.034
    35:      230.035      235.036      239.037      255.038      258.039
    40:      260.040      262.041      269.042      271.043      273.044
    45:      279.045      282.046      284.047      288.048      291.049
    50:      298.050      303.051      304.052      309.053      313.054
    55:      315.055      317.056      321.057      324.058      326.059
    60:      327.060      334.061      345.062      346.063      349.064
    65:      359.065      361.066      362.067      367.068      370.069
    70:      373.070      383.071      388.072      392.073      395.074
    75:      403.075      406.076      416.077      419.078      421.079
    80:      426.080      431.081      433.082      433.083      434.084
    85:      444.085      445.086      451.087      454.088      458.089
    90:      460.090      462.091      467.092      471.093      474.094
    95:      477.095      481.096      486.097      494.098      495.099
   100:      497.100      521.101      521.102      531.103      535.104
   105:      537.105      559.106      559.106      609.000      609.000
   110:      951.002     1010.004     1011.006     1016.008     1018.010
   115:     1022.012     1024.014     1029.016     1031.018     1035.020
   120:     1040.022     1042.024     1045.026     1047.028     1048.030
   125:     1049.032     1049.034     1055.036     1057.038     1059.040
   130:     1061.042     1076.044     1084.046     1087.048     1090.050
   135:     1092.052     1095.054     1096.056     1098.058     1102.060
   140:     1104.062     1111.064     1115.066     1117.068     1119.070
   145:     1120.072     1122.074     1127.076     1137.078     1139.080
   150:     1144.082     1145.084     1152.086     1154.088     1156.090
   155:     1162.092     1163.094     1164.096     1178.098     1180.100
   160:     1182.102     1185.104     1187.106     1189.108     1190.110
   165:     1196.112     1200.114     1202.116     1204.118     1209.120
   170:     1211.122     1213.124     1216.126     1220.128     1222.130
   175:     1225.132     1226.134     1230.136     1233.138     1234.140
   180:     1240.142     1245.144     1253.146     1256.148     1275.150
   185:     1276.152     1278.154     1279.156     1282.158     1287.160
   190:     1296.162     1297.164     1304.166     1308.168     1315.170
   195:     1330.172     1332.174     1334.176     1342.178     1345.180
   200:     1348.182     1348.184     1349.186     1361.188     1367.190
   205:     1369.192     1371.194     1373.196     1374.198     1374.200
   210:     1386.202     1391.204     1400.206     1402.208     1420.210
   215:     1421.212     1423.214     1425.216     1430.218     1432.220
   220:     1434.222     1438.224     1450.226     1454.228     1457.230
   225:     1460.232     1463.234     1473.236     1476.238     1571.240
   230:     1573.242     1574.244     1577.246     1579.248     1583.250
   235:     2233.252     2389.254     2396.256     2398.258     2633.259
   240:     2641.260     2644.261     2648.262     2654.263     2981.264
   245:     2983.265     2987.266     2993.267     2997.268     3008.269
   250:     3012.270     3014.271     3022.272     3028.273     3028.274
   255:     3029.275     3030.276     3032.277     3037.278     3040.279
   260:     3044.280     3046.281     3050.282     3054.283     3111.284
   265:     3115.285     3117.286     3127.287     3127.287     3177.000
   270:     3177.000     3687.001     3689.002     3691.003     3695.004
   275:     3700.005     3704.006     3709.007     3711.008     3713.009
   280:     3716.010     3718.011     3720.012     3723.013     3725.014
   285:     3729.015     3733.016     3736.017     3737.018     3745.019
   290:     3746.020     3748.021     3750.022     3754.023     3756.024
   295:     3760.025     3762.026     3768.027     3771.028     3775.029
   300:     3778.030     3787.031     3789.032     3789.032     3839.000
   305:     3839.000     4270.001     4271.002     4273.003     4277.004
   310:     4279.005     4281.006     4283.007     4287.008     4289.009
   315:     4290.010     4292.011     4293.012     4296.013     4298.014
   320:     4304.015     4308.016     4312.017     4315.018     4318.019
   325:     4320.020     4324.021     4341.022     4344.023     4347.024
   330:     4349.025     4356.026     4358.027     4362.028     4364.029
   335:     4365.030     4376.031     4380.032     4391.033     4418.034
   340:     4424.035     4426.036     4429.037     4434.038     4439.039
   345:     4459.040     4459.040     4509.000     4509.000     4858.001
   350:     4859.002     5081.003     5083.004     5109.005     5111.006
   355:     5118.007     5120.008     5121.009     5121.009     5171.000
   360:     5171.000     5609.001     5622.002     5628.003     5631.004
   365:     5635.005     5680.006     5685.007     5686.008     5697.009
   370:     5699.010     5701.011     5705.012     5708.013     5710.014
   375:     5715.015     5719.016     5725.017     5727.018     5729.019
   380:     5737.020     5738.021     5742.022     5744.023     5746.024
   385:     5749.025     5754.026     5770.027     5773.028     5775.029
   390:     5783.030     5796.031     5796.031     5846.000     5846.000
   395:     6144.001     6177.002     6316.003     6322.004     6326.005
   400:     6328.006     6330.007     6332.008     6336.009     6342.010
   405:     6345.011     6350.012     6352.013     6354.014     6357.015
   410:     6359.016     6361.017     6364.018     6366.019     6369.020
   415:     6371.021     6374.022     6377.023     6381.024     6385.025
   420:     6389.026     6391.027     6395.028     6402.029     6405.030
   425:     6415.031     6448.032     6449.033     6457.034     6461.035
   430:     6461.035     6511.000     6511.000     7035.001     7037.002
   435:     7037.003     7042.004     7044.005     7048.006     7050.007
   440:     7052.008     7059.009     7060.010     7067.011     7068.012
   445:     7071.013     7073.014     7079.015     7082.016     7086.017
   450:     7091.018     7093.019     7099.020     7101.021     7103.022
   455:     7105.023     7107.024     7109.025     7111.026     7115.027
   460:     7117.028     7123.029     7124.029     7174.000     7174.000
   465:     7411.001     7468.002     7516.003     7517.004     7521.005
   470:     7525.006     7533.007     7535.008     7537.009     7539.010
   475:     7543.011     7545.012     7548.013     7553.014     7555.015
   480:     7558.016     7561.017     7563.018     7565.019     7573.020
   485:     7581.021     7583.022     7588.023     7590.024     7592.025
   490:     7598.026     7603.027     7606.028     7607.029     7610.030
   495:     7612.031     7618.032     7623.033     7633.034     7642.035
   500:     7651.036     7652.037     7654.038     7685.039     7688.040
   505:     7696.041     7700.042     7701.043     7704.044     7711.045
   510:     7715.046     7717.047     7728.048     7732.049     7736.050
   515:     7740.051     7755.052     7757.053     7757.054     7759.055
   520:     7769.056     7775.057     7776.058     7787.059     7787.059
   525:     7791.060     7837.000     7837.000     7837.201     7837.202
   530:     7837.203     7837.204     7837.205     7837.206     7837.207
   535:     7837.208     7837.209     7837.210     7837.211     7837.212
   540:     7837.213     7837.214     7837.215     7837.216     7837.217
   545:     7837.218     7837.219     7837.220     7837.221     7837.222
   550:     7837.223     7837.224     7837.225     7837.226     7837.227
   555:     7837.228     7837.229     7837.230     7837.231     7837.232
   560:     7837.233     7837.234     7837.235     7837.236     7837.237
   565:     7837.238     7837.239     7837.240     7837.241     7837.242
   570:     7837.243     7837.244     7837.245     7837.246     7837.247
   575:     7837.248     7837.249     7837.250     7837.251     7837.252
   580:     7837.253     7837.254     7837.255     7837.255     7837.000
   585:     7837.000     7837.002     7837.004     7837.006     7837.008
   590:     7837.010     7837.012     7837.014     7837.016     7837.018
   595:     7837.020     7837.022     7837.024     7837.026     7837.028
   600:     7837.030     7837.032     7837.034     7837.036     7837.038
   605:     7837.040     7837.042     7837.044     7837.046     7837.048
   610:     7837.050     7837.052     7837.054     7837.056     7837.058
   615:     7837.060     7837.062     7837.064     7837.066     7837.068
   620:     7837.070     7837.072     7837.074     7837.076     7837.078
   625:     7837.080     7837.082     7837.084     7837.086     7837.088
   630:     7837.090     7837.092     7837.094     7837.096     7837.098
   635:     7837.100     7837.102     7837.104     7837.106     7837.108
   640:     7837.110     7837.112     7837.114     7837.116     7837.118
   645:     7837.120     7837.122     7837.124     7837.126     7837.128
   650:     7837.130     7837.132     7837.134     7837.136     7837.138
   655:     7837.140     7837.142     7837.144     7837.146     7837.148
   660:     7837.150     7837.152     7837.154     7837.156     7837.158
   665:     7837.160     7837.162     7837.164     7837.166     7837.168
   670:     7837.170     7837.172     7837.174     7837.176     7837.178
   675:     7837.180     7837.182     7837.184     7837.186     7837.188
   680:     7837.190     7837.192     7837.194     7837.196     7837.198
   685:     7837.200     7837.202     7837.204     7837.206     7837.208
   690:     7837.210     7837.212     7837.214     7837.216     7837.218
   695:     7837.220     7837.222     7837.224     7837.226     7837.228
   700:     7837.230     7837.232     7837.234     7837.236     7837.238
   705:     7837.240     7837.242     7837.244     7837.246     7837.248
   710:     7837.250     7837.252     7837.254     7837.256     7837.258
   715:     7837.260     7837.262     7837.264     7837.266     7837.268
   720:     7837.270     7837.272     7837.274     7837.276     7837.278
   725:     7837.280     7837.282     7837.284     7837.286     7837.288
   730:     7837.290     7837.292     7837.294     7837.296     7837.298
   735:     7837.300     7837.302     7837.304     7837.306     7837.308
   740:     7837.310     7837.312     7837.314     7837.316     7837.318
   745:     7837.320     7837.322     7837.324     7837.326     7837.328
   750:     7837.330     7837.332     7837.334     7837.336     7837.338
   755:     7837.340     7837.342     7837.344     7837.346     7837.348
   760:     7837.350     7837.352     7837.354     7837.356     7837.358
   765:     7837.360     7837.362     7837.364     7837.366     7837.368
   770:     7837.370     7837.372     7837.374     7837.375     8417.001
   775:     8420.002     8422.003     8425.004     8431.005     8438.006
   780:     8442.007     8450.008     8450.008     8500.000     8500.000
   785:     8846.001     8851.002     8856.003     8859.004     8863.005
   790:     8866.006     8868.007     8870.008     8875.009     8878.010
   795:     8881.011     8890.012     8900.013     8902.014     8903.015
   800:     8908.016     8914.017     8917.018     8923.019     8927.020
   805:     8929.021     8941.022     8948.023     8950.024     8952.025
   810:     8954.026     8957.027     8961.028     8966.029     8968.030
   815:     8969.031     8971.032     8979.033     8983.034     8985.035
   820:     8993.036     9007.037     9008.038     9010.039     9017.040
   825:     9018.041     9020.042     9022.043     9038.044     9040.045
   830:     9041.046     9046.047     9054.048     9069.049     9072.050
   835:     9074.051     9078.052     9093.053     9098.054     9100.055
   840:     9103.056     9108.057     9110.058     9115.059     9115.059
   845:     9165.000     9165.000     9618.001     9623.002     9626.003
   850:     9627.004     9629.005     9635.006     9643.007     9647.008
   855:     9651.009     9653.010     9656.011     9661.012     9675.013
   860:     9678.014     9684.015     9687.016     9696.017     9700.018
   865:     9705.019     9725.020     9733.021     9736.022     9738.023
   870:     9743.024     9746.025     9748.026     9755.027     9760.028
   875:     9766.029     9777.030     9778.031     9778.031     9828.000
   880:     9828.000    10396.001    10399.002    10403.003    10410.004
   885:    10412.005    10414.006    10420.007    10425.008    10427.009
   890:    10428.010    10432.011    10434.012    10436.013    10437.014
   895:    10443.015    10443.015    10493.000    10493.000    11041.001
   900:    11045.002    11049.003    11053.004    11056.005    11060.006
   905:    11062.007    11064.008    11068.009    11070.010    11073.011
   910:    11076.012    11076.013    11077.014    11080.015    11087.016
   915:    11093.017    11095.018    11097.019    11099.020    11101.021
   920:    11112.022    11112.022    11162.000    11162.000    11572.001
   925:    11615.002    11618.003    11623.004    11630.005    11633.006
   930:    11634.007    11638.008    11640.009    11645.010    11645.011
   935:    11646.012    11655.013    11660.014    11660.015    11661.016
   940:    11663.017    11665.018    11677.019    11684.020    11686.021
   945:    11691.022    11694.023    11697.024    11699.025    11704.026
   950:    11712.027    11714.028    11716.029    11716.030    11723.031
   955:    11726.032    11728.033    11735.034    11738.035    11740.036
   960:    11753.037    11755.038    11757.039    11760.040    11767.041
   965:    11768.042    11770.043    11771.044    11778.045    11778.045
   970:    11828.000    11828.000    12239.001    12284.002    12290.003
   975:    12295.004    12304.005    12305.006    12311.007    12315.008
   980:    12318.009    12320.010    12323.011    12323.012    12324.013
   985:    12326.014    12340.015    12343.016    12348.017    12354.018
   990:    12358.019    12369.020    12373.021    12375.022    12376.023
   995:    12380.024    12389.025    12391.026    12393.027    12394.028
  1000:    12397.029    12402.030    12403.031    12405.032    12406.033
  1005:    12410.034    12414.035    12416.036    12424.037    12425.038
  1010:    12429.039    12437.040    12439.041    12442.042    12442.042
  1015:    12492.000    12492.000    13411.001    13411.001    13461.000
  1020:    13461.000    13808.001    13815.002    13818.003    13824.004
  1025:    13832.005    13836.006    13843.007    13845.008    13851.009
  1030:    13858.010    13862.011    13864.012    13866.013    13872.014
  1035:    13874.015    13881.016    13882.017    13888.018    13889.019
  1040:    13893.020    13894.021    13897.022    13901.023    13969.024
  1045:    13973.025    13974.026    13975.027    14010.028    14014.029
  1050:    14017.030    14021.031    14085.032    14085.032    14135.000
  1055:    14135.000    14270.001    14273.002    14280.003    14346.004
  1060:    14350.005    14352.006    14418.007    14425.008    14427.009
  1065:    14428.010    14432.011    14438.012    14646.013    14646.014
  1070:    14648.015    14650.016    14654.017    14703.018    14703.019
  1075:    14710.020    14712.021    14714.022    14716.023    14718.024
  1080:    14719.025    14727.026    14730.027    14733.028    14737.029
  1085:    14737.030    14739.031    14741.032    14745.033    14758.034
  1090:    14758.034    14808.000    14808.000    15244.002    15246.004
  1095:    15246.006    15249.008    15257.010    15259.012    15260.014
  1100:    15265.016    15268.018    15270.020    15272.022    15279.024
  1105:    15283.026    15293.028    15295.030    15296.032    15302.034
  1110:    15307.036    15310.038    15318.040    15319.042    15325.044
  1115:    15329.046    15331.048    15334.050    15336.052    15338.054
  1120:    15342.056    15344.058    15350.060    15354.062    15358.064
  1125:    15360.066    15362.068    15364.070    15366.072    15369.074
  1130:    15372.076    15374.078    15379.080    15380.082    15386.084
  1135:    15391.086    15396.088    15398.090    15400.092    15404.094
  1140:    15407.096    15427.098    15428.100    15430.102    15431.104
  1145:    15433.106    15440.108    15442.110    15445.112    15446.114
  1150:    15448.116    15454.118    15457.120    15458.122    15461.124
  1155:    15474.126    15482.128    15490.130    15492.132    15494.134
  1160:    15502.136    15509.138    15510.140    15515.142    15526.144
  1165:    15536.146    15538.148    15539.150    15546.152    15550.154
  1170:    15553.156    15555.158    15560.160    15570.162    15578.164
  1175:    15580.166    15583.168    15590.170    15591.172    15602.174
  1180:    15607.176    15610.178    15628.180    15630.182    15661.184
  1185:    15663.186    15711.188    15722.190    15726.192    15730.194
  1190:    16250.196    16252.198    16254.200    16335.202    16337.204
  1195:    16337.206    16339.208    16487.210    16492.212    16498.214
  1200:    16550.216    16552.218    16555.220    16557.222    16560.224
  1205:    16564.226    16567.228    16569.230    16579.232
