File: C:\MED-PC\Data\2018-06-05_09h35m_Subject M327.txt


Start Date: 06/05/18
End Date: 06/05/18
Subject: M327
Experiment: DOBLE_PICO_ACO
Group: EXP
Box: 10
Start Time: 09:35:53
End Time: 10:49:12
MSN: IF_ACO_MULTIPLE_PICO
A:      76.000
B:      18.000
D:      19.000
I:       2.000
J:   18000.000
K:    5400.000
M:     146.000
N:      18.000
O:      19.000
P:     848.000
Q:       0.000
T:    1000.000
V:     600.000
W:      18.000
Z:       0.000
C:
     0:        0.120        0.120        0.120        0.120        0.120
     5:        0.120        0.120        0.120        0.120        0.120
    10:        0.120        0.120        0.120        0.120        0.120
    15:        0.510       44.120       86.110      196.120      206.110
    20:      212.110      219.110      224.110      306.110      308.110
    25:      323.110      372.110      384.110      389.110      393.110
    30:      395.110      402.110      403.110      497.120      506.110
    35:      518.110      525.110      533.110      535.110      536.110
    40:      542.110      542.210      546.120      592.310      626.120
    45:      631.120      692.510      857.120     1300.120     1305.120
    50:     1307.120     1308.120     1308.120     1372.110     1372.210
    55:     1376.120     1422.310     1522.500     1712.120     1721.120
    60:     1986.120     1989.120     2182.120     2198.100     2199.100
    65:     2247.120     2258.200     2262.120     2308.300     2340.120
    70:     2408.510     3051.120     3083.120     3091.120     3102.110
    75:     3110.110     3112.110     3121.110     3122.110     3129.110
    80:     3139.110     3144.110     3146.110     3149.110     3155.110
    85:     3155.210     3160.120     3205.310     3245.120     3305.500
    90:     3459.120     3480.120     3486.120     3792.120     3942.120
    95:     3946.120     4051.120     4085.100     4145.200     4153.120
   100:     4195.300     4295.530     4373.120     4652.100     4789.120
   105:     4803.120     4813.120     4815.120     4817.120     4823.100
   110:     5062.120     5218.120     5242.100     5256.100     5266.100
   115:     5280.100     5330.100     5333.100     5339.120     5346.120
   120:     5347.120     5521.100     5526.100     5530.100     5534.100
   125:     5538.100     5549.120     6095.330     6158.120     6195.510
   130:     6685.110     6857.110     6867.110     6884.110     6892.110
   135:     6894.110     6933.120     6959.110     6959.210     6961.110
   140:     6964.120     7009.310     7109.510     7250.120     7566.120
   145:     7585.110     7590.110     7599.110     7601.110     7605.110
   150:     7644.110     7648.110     7650.110     7660.110     7662.110
   155:     7667.110     7669.110     7677.110     7683.110     7688.110
   160:     7701.120     7715.110     7755.110     7760.110     7762.110
   165:     7767.110     7778.110     7791.110     7800.110     7878.110
   170:     7878.210     7884.120     7928.310     7975.120     8028.500
   175:     8179.120     8366.120     8372.120     8571.120     8618.100
   180:     8678.200     8686.120     8728.300     8760.120     8828.510
   185:     9017.120     9171.120     9229.120     9232.120     9253.120
   190:     9311.120     9313.120     9317.120     9319.120     9326.120
   195:     9407.110     9411.110     9473.110     9476.110     9478.110
   200:     9485.110     9488.120     9522.110     9526.110     9534.110
   205:     9536.110     9537.110     9543.110     9548.110     9550.110
   210:     9556.110     9560.110     9570.110     9577.110     9577.210
   215:     9582.120     9627.310     9727.540     9938.120    10261.120
   220:    10393.120    10401.110    10446.110    10450.110    10454.110
   225:    10460.110    10462.110    10469.110    10472.120    10503.110
   230:    10506.110    10513.110    10518.110    10520.110    10523.110
   235:    10525.110    10529.110    10532.110    10538.110    10598.110
   240:    10600.110    10612.110    10615.110    10618.110    10619.110
   245:    10622.110    10625.110    10627.110    10633.110    10643.110
   250:    10649.110    10660.110    10668.110    10670.110    10672.110
   255:    10674.110    10687.120    10721.110    10723.110    10727.120
   260:    10745.110    10747.110    10749.110    10762.110    10765.110
   265:    10774.110    10776.110    10781.110    10789.110    10793.110
   270:    10842.110    10919.110    10938.110    10940.110    11040.110
   275:    11090.110    11096.110    11101.110    11103.110    11108.110
   280:    11291.110    11299.110    11303.110    11416.110    11423.110
   285:    11424.110    11527.340    11627.500    12204.120    12206.120
   290:    12382.120    12399.100    12459.200    12467.120    12509.300
   295:    12609.500    12769.120    12896.120    12906.120    12909.120
   300:    12912.120    12913.120    12933.120    12939.120    12942.120
   305:    12955.100    13073.120    13076.120    13095.120    13096.120
   310:    13098.120    13100.120    13102.120    13106.120    13125.100
   315:    13251.120    13261.120    13273.100    13333.200    13344.120
   320:    13383.300    13483.510    13627.120    13901.120    13903.120
   325:    13907.120    13955.120    13957.120    13983.120    13998.120
   330:    14003.120    14007.120    14007.120    14009.120    14022.110
   335:    14089.110    14095.110    14099.120    14143.110    14147.110
   340:    14151.110    14153.110    14156.110    14157.110    14159.110
   345:    14165.110    14175.110    14190.110    14229.110    14234.110
   350:    14234.210    14242.120    14284.310    14384.500    14641.120
   355:    14912.120    14914.120    14915.120    14931.120    14985.100
   360:    15045.200    15060.120    15095.300    15139.120    15195.500
   365:    15369.120    15397.120    15400.120    15466.120    15471.120
   370:    15490.120    15494.120    15533.120    15541.120    15546.120
   375:    15548.120    15558.120    15569.120    15606.120    15611.120
   380:    15613.120    15634.100    15828.120    15840.100    15900.200
   385:    15911.120    15950.300    16050.510    16213.120    16430.120
   390:    16458.120    16460.120    16462.120    16463.120    16616.120
   395:    16625.110    16638.110    16642.110    16646.110    16654.120
   400:    16668.120    16675.110    16683.110    16684.110    16687.110
   405:    16688.110    16692.110    16694.110    16703.110    16713.110
   410:    16721.110    16723.110    16725.110    16727.110    16729.110
   415:    16733.120    16759.110    16761.110    16761.110    16766.110
   420:    16770.110    16773.110    16775.110    16778.110    16781.110
   425:    16787.110    16789.110    16794.110    16797.110    16797.210
   430:    16802.120    16847.310    16947.510    17077.120    17615.120
   435:    17626.110    17635.110    17641.110    17641.110    17645.110
   440:    17651.110    17660.110    17664.110    17678.110    17683.110
   445:    17684.110    17686.110    17689.110    17694.110    17694.210
   450:    17701.120    17744.310    17844.500    17964.120    18340.120
   455:    18366.100    18567.120    18578.100    18587.100    18638.200
   460:    18648.120    18688.300    18788.500    18924.120    19229.120
   465:    19258.120    19262.120    19270.100    19280.100    19385.120
   470:    19397.100    19451.120    19457.200    19463.120    19507.300
   475:    19607.510    19716.120    19746.120    19749.120    20277.120
   480:    20309.120    20322.110    20335.110    20336.110    20342.110
   485:    20347.110    20353.110    20353.210    20359.120    20403.310
   490:    20503.510    20616.120    20697.120    20721.120    20939.120
   495:    21017.120    21033.120    21049.110    21051.110    21055.110
   500:    21059.110    21064.110    21070.110    21075.110    21079.110
   505:    21122.110    21131.110    21135.110    21136.110    21138.110
   510:    21141.110    21145.110    21153.110    21163.110    21167.110
   515:    21175.110    21177.110    21181.110    21183.110    21186.110
   520:    21191.110    21200.120    21201.120    21212.110    21220.110
   525:    21222.110    21225.110    21232.120    21248.110    21255.110
   530:    21255.210    21260.120    21305.310    21329.120    21405.500
   535:    21560.120    22130.120    22144.100    22146.100    22204.200
   540:    22212.120    22254.300    22354.500    22721.120    22723.120
   545:    22723.120    22724.120    22737.120    22738.120    22740.120
   550:    22744.120    22810.120    22846.120    22861.100    22928.120
   555:    23036.100    23096.200    23105.120    23146.300    23246.510
   560:    23389.120    23798.120    23845.120    23855.110    23861.110
   565:    23867.110    23874.120    23905.110    23916.110    23922.110
   570:    23923.110    23924.110    23929.110    23933.110    23944.110
   575:    23947.110    23955.110    23967.110    23969.110    23972.110
   580:    23973.110    23975.110    23982.110    23998.120    24011.110
   585:    24011.210    24015.110    24017.120    24061.310    24161.500
   590:    24349.120    24557.120    24575.100    24594.100    24739.100
   595:    24799.200    24813.120    24849.300    24949.510    25042.120
   600:    25077.120    25262.110    25354.120    25394.120    25402.110
   605:    25408.110    25454.110    25455.110    25461.120    25469.120
   610:    25472.120    25496.120    25511.120    25525.110    25530.110
   615:    25531.110    25533.110    25537.110    25543.110    25545.110
   620:    25550.110    25553.110    25555.110    25558.110    25560.110
   625:    25562.110    25564.110    25574.110    25577.110    25587.120
   630:    25612.110    25614.110    25622.110    25624.110    25627.110
   635:    25628.110    25630.110    25646.110    25653.110    25657.110
   640:    25659.110    25660.110    25665.120    25677.110    25680.110
   645:    25702.110    25702.210    25705.110    25707.120    25752.310
   650:    25852.530    25970.120    25999.120    26293.120    26581.120
   655:    26606.100    26660.120    26669.120    26687.100    27104.120
   660:    27138.100    27145.100    27220.120    27468.120    27498.100
   665:    27634.100    27649.100    27652.330    27694.120    27752.510
   670:    27817.110    27820.110    27907.110    28003.110    28013.120
   675:    28042.120    28065.110    28105.110    28111.120    28122.120
   680:    28124.120    28126.120    28134.120    28147.110    28157.110
   685:    28158.110    28160.110    28163.110    28168.110    28188.120
   690:    28207.110    28215.110    28219.110    28231.110    28237.110
   695:    28238.110    28239.110    28241.110    28247.110    28250.110
   700:    28256.110    28260.110    28262.110    28269.110    28279.110
   705:    28287.110    28292.110    28294.110    28295.110    28298.110
   710:    28302.110    28305.110    28307.110    28311.120    28323.110
   715:    28331.110    28346.110    28348.110    28353.110    28354.110
   720:    28356.110    28360.110    28365.120    28366.120    28389.120
   725:    28397.110    28402.110    28407.110    28411.110    28414.110
   730:    28418.110    28421.110    28447.110    28470.110    28482.110
   735:    28486.110    28490.120    28493.120    28499.120    28512.110
   740:    28512.210    28514.110    28517.120    28562.310    28662.500
   745:    28728.120    28784.120    28785.120    28803.120    28820.120
   750:    28822.120    28832.120    29186.120    29430.120    29458.100
   755:    29518.200    29527.120    29568.300    29668.510    29747.120
   760:    30005.120    30100.120    30119.120    30120.120    30161.120
   765:    30178.110    30192.110    30194.110    30197.110    30203.110
   770:    30215.110    30218.110    30222.110    30223.110    30225.110
   775:    30227.110    30230.110    30232.110    30239.110    30241.110
   780:    30244.110    30247.120    30263.110    30265.110    30274.110
   785:    30276.110    30280.110    30281.110    30283.110    30285.110
   790:    30290.110    30293.110    30300.110    30310.120    30324.120
   795:    30333.110    30336.110    30344.110    30350.110    30352.110
   800:    30368.110    30371.110    30373.110    30382.110    30388.110
   805:    30389.110    30470.120    30480.110    30480.210    30483.110
   810:    30486.120    30530.310    30630.510    30808.120    30835.120
   815:    30903.120    30906.120    30910.120    30914.120    30920.120
   820:    30956.120    31194.110    31202.120    31205.120    31236.120
   825:    31243.110    31249.110    31258.110    31263.110    31265.110
   830:    31270.120    31277.120    31305.110    31312.110    31315.110
   835:    31318.110    31323.110    31325.110    31332.110    31340.110
   840:    31347.110    31348.110    31358.110    31361.110    31364.110
   845:    31380.110    31380.210    31385.120    31430.310    31530.500
   850:    31756.120    32081.120    32099.100    32159.200    32168.120
   855:    32209.300    32309.500    32410.120    32441.120    32545.120
   860:    32550.120    32565.120    32574.120    32591.120    32595.120
   865:    32598.120    32600.120    32608.120    32636.120    32637.120
   870:    32642.120    32652.100    32812.120    32822.100    32947.100
   875:    32978.120    32990.100    33007.200    33018.120    33057.300
   880:    33157.510    33296.120    33529.120    33550.120    33552.120
   885:    33571.120    33579.120    33593.120    33602.120    33637.120
   890:    33642.120    33656.120    33731.120    33739.110    33746.120
   895:    33750.120    33765.120    33768.120    33773.120    33785.120
   900:    33805.120    33811.120    33878.120    33885.110    33896.110
   905:    33898.110    33902.110    33905.110    33905.210    33910.120
   910:    33955.310    34055.510    34162.120    34378.120    34485.120
   915:    34536.120    34561.120    34689.120    34706.110    34709.110
   920:    34715.110    34722.110    34725.110    34731.110    34736.110
   925:    34741.110    34745.110    34756.110    34766.110    34770.110
   930:    34776.110    34777.110    34793.120    34800.110    34809.110
   935:    34809.210    34811.110    34814.120    34859.310    34959.500
   940:    35034.120    35465.120    35471.120    35531.100    35591.200
   945:    35598.120    35641.300    35741.540    35831.120    36014.120
   950:    36106.120    36116.110    36120.110    36122.120    36162.110
   955:    36169.110    36205.110    36210.110    36264.110    36273.120
   960:    36300.110    36305.110    36309.110    36311.110    36312.110
   965:    36314.110    36315.110    36317.110    36319.110    36323.110
   970:    36334.110    36346.110    36348.110    36365.110    36371.110
   975:    36371.110    36373.110    36374.110    36379.110    36389.120
   980:    36404.110    36421.110    36426.110    36427.110    36429.110
   985:    36432.110    36435.110    36437.110    36439.110    36439.110
   990:    36443.110    36445.110    36460.120    36468.110    36477.110
   995:    36497.110    36499.110    36505.110    36508.110    36513.110
  1000:    36529.110    36539.110    36544.110    36546.110    36547.110
  1005:    36550.110    36553.110    36555.110    36560.110    36562.110
  1010:    36569.120    36570.120    36586.110    36588.110    36591.110
  1015:    36593.110    36604.110    36653.120    36705.110    36709.110
  1020:    36713.110    36714.110    36728.120    36729.120    36733.120
  1025:    36747.110    36762.110    36775.110    36776.110    36779.110
  1030:    36781.110    36784.110    36787.110    36798.110    36801.110
  1035:    36862.110    36866.110    36869.110    36870.110    36875.110
  1040:    37023.110    37027.110    37032.110    37325.110    37332.110
  1045:    37344.110    37433.110    37541.340    37641.500    37916.120
  1050:    37942.100    38016.120    38029.100    38131.120    38158.100
  1055:    38225.120    38231.100    38291.200    38299.120    38341.300
  1060:    38441.500    38577.120    38742.120    38751.120    38779.120
  1065:    38792.120    38801.120    38804.120    38855.120    38856.120
  1070:    38862.120    39194.120    39211.100    39271.200    39282.120
  1075:    39321.300    39421.510    39464.120    39470.120    39471.120
  1080:    39539.120    39540.120    39548.120    39932.110    39939.120
  1085:    39968.120    39970.120    39978.110    39985.110    39986.110
  1090:    39990.110    39999.110    40006.110    40008.110    40009.110
  1095:    40021.110    40028.110    40033.110    40037.110    40039.110
  1100:    40042.110    40043.110    40046.110    40050.110    40060.110
  1105:    40071.110    40075.110    40079.110    40093.110    40104.110
  1110:    40107.110    40109.110    40118.110    40162.110    40170.110
  1115:    40170.210    40176.120    40220.310    40320.540    40466.120
  1120:    40519.120    40751.120    40782.120    40823.120    40854.110
  1125:    40856.110    41214.120    41225.110    41228.110    41239.110
  1130:    41241.110    41242.110    41246.110    41254.110    41266.110
  1135:    41278.110    41284.110    41286.110    41287.110    41288.110
  1140:    41292.110    41296.120    41297.120    41306.110    41310.110
  1145:    41317.110    41325.110    41329.110    41330.110    41334.110
  1150:    41339.110    41340.110    41352.120    41360.110    41363.110
  1155:    41365.110    41375.110    41383.110    41389.110    41396.110
  1160:    41398.110    41406.110    41409.110    41467.120    41474.110
  1165:    41477.110    41489.110    41496.110    41501.110    41502.110
  1170:    41505.110    41510.110    41514.110    41527.120    41540.110
  1175:    41549.110    41550.110    41551.110    41555.110    41559.110
  1180:    41561.110    41571.110    41584.110    41603.110    41608.110
  1185:    41610.110    41616.110    41621.110    41622.110    41628.120
  1190:    41662.110    41671.110    41672.110    41675.110    41684.110
  1195:    41689.110    41693.110    41737.110    41752.110    41756.110
  1200:    41759.110    41761.110    41764.110    41942.110
E:
     0:     1204.000      110.000      685.000
F:
     0:       70.000       28.805       36.172
G:
     0:        1.000        1.000        1.000        1.000        1.000
     5:        1.000        1.000        1.000        1.000        0.000
H:
     0:        1.000        1.000        2.000        2.000
L:
     0:     7458.000     8504.000     6599.000     8421.000     7345.000
     5:     6717.000     7143.000     8036.000     6789.000     8089.000
    10:     7520.000     6480.000     8662.000     6384.000     7086.000
    15:     6416.000     6607.000     8402.000
R:
     0:        1.000        1.000        1.000        1.000        1.000
     5:        1.000        1.000        1.000        1.000        0.000
S:
     0:        1.000        0.000
U:
     0:     7458.000        0.000        0.000
X:
     0:        0.000      675.001      677.002      735.002      785.000
     5:      785.000     1565.001     1625.001     1675.000     1675.000
    10:     2031.002     2202.004     2621.006     2636.008     2645.010
    15:     2659.012     2709.014     2713.016     2901.018     2905.020
    20:     2910.022     2913.024     2917.026     5997.001     6057.001
    25:     6107.000     6107.000     6107.125     6107.125     6107.000
    30:     6107.000     6107.001     6107.002     6107.003     6107.003
    35:     6107.000     6107.000     6708.001     6768.001     6818.000
    40:     6818.000     7256.001     7462.002     7522.002     7572.000
    45:     7572.000     8093.001     8305.002     8315.003     8365.003
    50:     8415.000     8415.000     8897.001     8907.002     9023.003
    55:     9083.003     9133.000     9133.000     9871.001     9873.002
    60:     9931.002     9981.000     9981.000    10488.001    10662.002
    65:    10723.002    10773.000    10773.000    11187.001    11206.002
    70:    11350.003    11411.003    11461.000    11461.000    12214.002
    75:    12295.004    12746.006    12753.008    13106.010    13242.012
    80:    13258.014    15066.001    15126.001    15176.000    15176.000
    85:    15744.001    15804.001    15854.000    15854.000    16197.001
    90:    16366.002    16492.003    16534.004    16552.004    16602.000
    95:    16602.000    17173.001    17233.001    17283.000    17283.000
   100:    17283.173    17283.174    17283.175    17283.176    17283.176
   105:    17283.000    17283.000    17283.001    17283.001    17283.000
Y:
     0:        0.000       86.001      206.002      212.003      219.004
     5:      224.005      306.006      307.007      323.008      372.009
    10:      384.010      389.011      393.012      395.013      402.014
    15:      403.015      506.016      518.017      525.018      533.019
    20:      535.020      536.021      542.022      542.022      592.000
    25:      592.000     1271.001     1271.001     1321.000     1321.000
    30:     2014.001     2023.002     2025.003     2034.004     2035.005
    35:     2042.006     2051.007     2057.008     2059.009     2062.010
    40:     2068.011     2068.011     2118.000     2118.000     2118.027
    45:     2118.028     2118.029     2118.030     2118.031     2118.032
    50:     2118.033     2118.033     2118.034     2118.000     2118.000
    55:     2118.001     2118.002     2118.003     2118.004     2118.005
    60:     2118.006     2118.007     2118.008     2118.009     2118.010
    65:     2118.011     2118.012     2118.013     2118.014     2118.015
    70:     2118.016     2118.017     2118.018     2118.019     2118.020
    75:     2118.021     2118.022     2118.023     2118.024     2118.024
    80:     2118.000     2118.000     2697.001     2701.002     2763.003
    85:     2765.004     2768.005     2775.006     2811.007     2816.008
    90:     2824.009     2826.010     2827.011     2833.012     2838.013
    95:     2840.014     2846.015     2850.016     2860.017     2867.018
   100:     2867.018     2917.000     2917.000     3591.002     3635.004
   105:     3640.006     3644.008     3649.010     3652.012     3659.014
   110:     3693.016     3695.018     3703.020     3708.022     3710.024
   115:     3713.026     3715.028     3719.030     3721.032     3728.034
   120:     3787.036     3789.038     3801.040     3805.042     3808.044
   125:     3809.046     3812.048     3814.050     3817.052     3823.054
   130:     3832.056     3838.058     3850.060     3858.062     3860.064
   135:     3861.066     3864.068     3911.070     3913.072     3935.074
   140:     3937.076     3939.078     3952.080     3955.082     3963.084
   145:     3965.086     3971.088     3979.090     3982.092     4031.094
   150:     4109.096     4127.098     4130.100     4229.102     4280.104
   155:     4286.106     4290.108     4293.110     4298.112     4480.114
   160:     4489.116     4492.118     4605.120     4612.122     4614.124
   165:     7211.001     7279.002     7285.003     7333.004     7336.005
   170:     7341.006     7343.007     7345.008     7347.009     7348.010
   175:     7354.011     7365.012     7379.013     7419.014     7423.015
   180:     7423.015     7473.000     7473.000     8047.001     8061.002
   185:     8065.003     8069.004     8097.005     8106.006     8107.007
   190:     8109.008     8110.009     8115.010     8117.011     8126.012
   195:     8135.013     8144.014     8146.015     8148.016     8150.017
   200:     8152.018     8182.019     8184.020     8184.021     8189.022
   205:     8193.023     8195.024     8197.025     8201.026     8204.027
   210:     8210.028     8212.029     8217.030     8220.031     8220.031
   215:     8270.000     8270.000     8948.001     8957.002     8963.003
   220:     8964.004     8968.005     8974.006     8982.007     8986.008
   225:     9000.009     9006.010     9007.011     9009.012     9011.013
   230:     9016.014     9017.014     9067.000     9067.000     9782.001
   235:     9794.002     9796.003     9802.004     9807.005     9813.006
   240:     9813.006     9863.000     9863.000    10408.001    10411.002
   245:    10415.003    10418.004    10424.005    10429.006    10434.007
   250:    10438.008    10481.009    10490.010    10494.011    10496.012
   255:    10497.013    10500.014    10504.015    10513.016    10522.017
   260:    10527.018    10534.019    10537.020    10541.021    10542.022
   265:    10545.023    10550.024    10571.025    10579.026    10581.027
   270:    10584.028    10607.029    10615.030    10615.030    10665.000
   275:    10665.000    11273.001    11280.002    11285.003    11324.004
   280:    11334.005    11340.006    11341.007    11342.008    11347.009
   285:    11351.010    11362.011    11365.012    11374.013    11385.014
   290:    11387.015    11390.016    11391.017    11394.018    11400.019
   295:    11429.020    11429.020    11433.021    11479.000    11479.000
   300:    11791.001    11932.002    11938.003    11983.004    11984.005
   305:    12054.006    12059.007    12060.008    12062.009    12066.010
   310:    12072.011    12074.012    12079.013    12083.014    12085.015
   315:    12087.016    12089.017    12091.018    12093.019    12103.020
   320:    12106.021    12142.022    12144.023    12151.024    12154.025
   325:    12156.026    12158.027    12160.028    12176.029    12183.030
   330:    12186.031    12188.032    12190.033    12206.034    12210.035
   335:    12232.036    12232.036    12234.037    12282.000    12282.000
   340:    12282.015    12282.016    12282.017    12282.018    12282.019
   345:    12282.020    12282.021    12282.022    12282.023    12282.024
   350:    12282.025    12282.026    12282.027    12282.028    12282.029
   355:    12282.030    12282.031    12282.032    12282.033    12282.034
   360:    12282.035    12282.036    12282.037    12282.038    12282.039
   365:    12282.040    12282.041    12282.042    12282.043    12282.044
   370:    12282.045    12282.046    12282.047    12282.048    12282.049
   375:    12282.050    12282.051    12282.052    12282.053    12282.054
   380:    12282.055    12282.056    12282.057    12282.058    12282.059
   385:    12282.060    12282.061    12282.062    12282.063    12282.064
   390:    12282.065    12282.066    12282.067    12282.068    12282.069
   395:    12282.069    12282.070    12282.000    12282.000    12792.001
   400:    12806.002    12807.003    12811.004    12817.005    12828.006
   405:    12831.007    12835.008    12837.009    12839.010    12840.011
   410:    12843.012    12846.013    12852.014    12855.015    12857.016
   415:    12876.017    12878.018    12887.019    12889.020    12893.021
   420:    12895.022    12896.023    12898.024    12903.025    12907.026
   425:    12913.027    12947.028    12949.029    12957.030    12963.031
   430:    12965.032    12982.033    12984.034    12986.035    12995.036
   435:    13001.037    13003.038    13094.039    13094.039    13096.040
   440:    13144.000    13144.000    13707.001    13756.002    13763.003
   445:    13771.004    13776.005    13778.006    13818.007    13825.008
   450:    13828.009    13831.010    13836.011    13838.012    13845.013
   455:    13853.014    13860.015    13861.016    13871.017    13874.018
   460:    13877.019    13894.020    13894.020    13944.000    13944.000
   465:    14525.001    14671.002    14682.003    14684.004    14688.005
   470:    14691.006    14691.006    14741.000    14741.000    15392.001
   475:    15395.002    15401.003    15407.004    15410.005    15417.006
   480:    15421.007    15427.008    15430.009    15442.010    15452.011
   485:    15456.012    15462.013    15463.014    15486.015    15495.016
   490:    15495.016    15497.017    15545.000    15545.000    15920.002
   495:    15924.004    15966.006    15973.008    16009.010    16014.012
   500:    16068.014    16104.016    16109.018    16113.020    16115.022
   505:    16116.024    16118.026    16119.028    16121.030    16122.032
   510:    16127.034    16138.036    16150.038    16152.040    16169.042
   515:    16174.044    16175.046    16177.048    16178.050    16183.052
   520:    16207.054    16225.056    16229.058    16231.060    16233.062
   525:    16236.064    16239.066    16241.068    16243.070    16243.072
   530:    16247.074    16249.076    16272.078    16281.080    16300.082
   535:    16303.084    16309.086    16312.088    16317.090    16333.092
   540:    16343.094    16347.096    16349.098    16351.100    16354.102
   545:    16357.104    16359.106    16364.108    16366.110    16390.112
   550:    16392.114    16395.116    16397.118    16408.120    16508.122
   555:    16513.124    16517.126    16518.128    16551.130    16566.132
   560:    16579.134    16580.136    16583.138    16585.140    16588.142
   565:    16591.144    16602.146    16605.148    16666.150    16670.152
   570:    16673.154    16674.156    16679.158    16827.160    16831.162
   575:    16836.164    17129.166    17136.168    17148.170    17237.172
   580:    19736.001    19782.002    19789.003    19790.004    19794.005
   585:    19803.006    19810.007    19812.008    19813.009    19825.010
   590:    19832.011    19837.012    19841.013    19843.014    19846.015
   595:    19847.016    19850.017    19854.018    19864.019    19875.020
   600:    19879.021    19883.022    19896.023    19907.024    19911.025
   605:    19913.026    19922.027    19966.028    19974.029    19974.029
   610:    20024.000    20024.000    20558.002    20560.004    20929.006
   615:    20931.008    20943.010    20944.012    20946.014    20950.016
   620:    20958.018    20969.020    20982.022    20988.024    20989.026
   625:    20990.028    20992.030    20996.032    21010.034    21014.036
   630:    21020.038    21029.040    21033.042    21034.044    21037.046
   635:    21042.048    21044.050    21063.052    21066.054    21068.056
   640:    21078.058    21086.060    21093.062    21099.064    21102.066
   645:    21110.068    21113.070    21177.072    21181.074    21193.076
   650:    21200.078    21205.080    21206.082    21208.084    21214.086
   655:    21217.088    21244.090    21252.092    21254.094    21255.096
   660:    21258.098    21263.100    21265.102    21274.104    21287.106
   665:    21306.108    21312.110    21313.112    21319.114    21324.116
   670:    21326.118    21366.120    21374.122    21376.124    21378.126
   675:    21388.128    21393.130    21397.132    21441.134    21455.136
   680:    21460.138    21462.140    21464.142    21468.144    21646.146
