File: C:\MED-PC\Data\2018-05-14_09h37m_Subject M327.txt


Start Date: 05/14/18
End Date: 05/14/18
Subject: M327
Experiment: DOBLE_PICO_ACO
Group: EXP
Box: 10
Start Time: 09:37:37
End Time: 10:50:59
MSN: IF_ACO_MULTIPLE_PICO
A:     249.000
B:      20.000
D:      23.000
I:       1.000
J:   18000.000
K:    5400.000
M:       0.000
N:      21.000
O:      23.000
P:     893.000
Q:       0.000
T:    1000.000
V:     600.000
W:      20.000
Z:       0.000
C:
     0:        0.120        0.120        0.120        0.120        0.120
     5:        0.120        0.120        0.120        0.120        0.120
    10:        0.120        0.120        0.120        0.510       29.110
    15:       57.120      176.120      188.110      192.110      201.110
    20:      205.110      213.110      216.110      219.110      224.110
    25:      230.110      236.110      241.110      242.110      263.120
    30:      279.110      281.110      287.110      289.110      293.110
    35:      301.110      303.110      304.110      306.110      331.120
    40:      340.110      343.110      348.110      351.110      360.110
    45:      368.110      374.110      382.110      385.110      389.110
    50:      395.110      397.110      407.110      429.110      431.110
    55:      438.110      444.110      461.110      465.110      473.110
    60:      484.110      486.110      492.120      541.120      553.110
    65:      553.210      555.110      558.120      603.310      608.120
    70:      703.510      824.120     1017.110     1027.110     1037.110
    75:     1041.120     1072.120     1098.110     1100.110     1103.110
    80:     1106.110     1114.110     1162.110     1164.110     1169.120
    85:     1201.120     1204.120     1210.120     1212.120     1221.120
    90:     1222.120     1229.110     1236.110     1240.110     1243.110
    95:     1243.210     1248.120     1293.310     1347.120     1356.120
   100:     1393.500     1568.120     1591.120     1593.120     1594.120
   105:     1598.120     1608.120     1741.120     1761.120     1762.120
   110:     1778.120     1779.120     1796.120     1807.100     1943.120
   115:     1976.120     2017.100     2047.100     2077.200     2085.120
   120:     2127.300     2176.120     2227.510     2504.120     2543.120
   125:     2544.120     2548.120     2550.120     2579.120     2780.110
   130:     2785.110     2789.110     2794.120     2828.110     2832.110
   135:     2838.110     2841.110     2843.110     2846.110     2848.110
   140:     2851.110     2853.110     2857.110     2861.110     2869.110
   145:     2874.110     2879.110     2883.110     2884.110     2886.110
   150:     2888.110     2930.120     2936.110     2936.210     2941.120
   155:     2986.310     3086.500     3356.120     3614.120     3674.100
   160:     3708.100     3710.100     3734.200     3740.120     3784.300
   165:     3823.120     3884.500     4083.120     4219.120     4224.120
   170:     4226.120     4226.120     4229.120     4244.120     4252.100
   175:     4305.100     4367.120     4380.100     4446.100     4486.100
   180:     4503.100     4506.100     4506.200     4512.120     4556.300
   185:     4588.120     4656.510     4815.120     4859.120     4861.120
   190:     4863.120     4864.120     4865.120     4867.120     4869.120
   195:     4873.120     4911.110     4914.110     5102.110     5108.120
   200:     5145.110     5149.110     5154.110     5159.110     5161.110
   205:     5165.110     5169.110     5180.110     5181.110     5183.110
   210:     5211.120     5217.110     5222.110     5234.110     5238.110
   215:     5239.110     5245.110     5246.110     5250.110     5258.110
   220:     5265.110     5270.110     5280.110     5283.110     5287.110
   225:     5290.110     5298.110     5300.110     5317.110     5320.110
   230:     5324.110     5332.110     5345.110     5354.110     5354.210
   235:     5358.120     5404.310     5504.510     5708.120     5724.120
   240:     5729.120     5736.120     5737.120     5779.120     5783.120
   245:     5785.120     5797.110     5799.110     5802.110     5854.110
   250:     5860.110     6148.110     6152.110     6153.110     6158.110
   255:     6162.110     6165.110     6170.110     6171.110     6173.110
   260:     6182.110     6186.110     6199.110     6199.210     6205.120
   265:     6249.310     6349.530     6506.120     6507.120     6518.120
   270:     6706.100     6709.100     6754.120     6765.100     6768.100
   275:     6817.100     6863.100     6924.100     6931.100     7077.120
   280:     7083.120     7084.120     7086.120     7087.120     7089.120
   285:     7174.100     7186.100     7189.100     7193.100     7195.100
   290:     7309.100     7316.120     7323.120     7331.120     7333.120
   295:     7338.120     7349.120     7353.120     7357.120     7365.100
   300:     7369.100     7378.100     7385.100     7394.100     7480.100
   305:     7482.100     7495.100     7499.100     7502.100     7510.100
   310:     7525.100     7528.100     7532.100     7540.100     7544.100
   315:     7844.100     8036.100     8041.120     8046.120     8093.100
   320:     8149.330     8150.100     8157.120     8191.120     8194.120
   325:     8195.120     8203.120     8224.120     8249.500     8260.120
   330:     8304.120     8310.120     8313.120     8332.100     8433.100
   335:     8444.100     8446.100     8449.100     8463.120     8479.100
   340:     8482.100     8521.100     8531.100     8582.100     8587.100
   345:     8667.100     8677.120     8700.100     8704.100     8772.100
   350:     8779.100     8784.100     8791.100     8850.100     8851.200
   355:     8860.120     8901.300     9001.500     9242.120     9272.120
   360:     9292.120     9299.120     9446.120     9461.120     9465.120
   365:     9467.120     9469.120     9477.120     9490.120     9491.120
   370:     9493.120     9495.120     9499.120     9501.120     9503.120
   375:     9505.120     9511.120     9525.120     9528.120     9539.120
   380:     9552.100     9576.100     9579.100     9610.100     9612.200
   385:     9619.120     9662.300     9720.120     9762.510     9994.120
   390:    10209.110    10286.110    10288.110    10294.110    10305.120
   395:    10341.110    10345.110    10349.110    10352.110    10354.110
   400:    10360.110    10364.110    10368.110    10374.110    10375.110
   405:    10378.110    10395.110    10407.110    10415.110    10417.110
   410:    10424.110    10428.110    10435.110    10437.110    10439.110
   415:    10441.110    10460.120    10466.110    10466.210    10471.120
   420:    10516.310    10616.510    10843.120    10849.120    10856.120
   425:    10997.110    11099.110    11102.110    11105.110    11116.120
   430:    11153.110    11157.110    11161.110    11164.110    11169.110
   435:    11175.110    11178.110    11185.110    11205.110    11223.110
   440:    11229.110    11231.110    11273.110    11279.110    11287.110
   445:    11290.110    11329.110    11329.210    11333.120    11379.310
   450:    11479.510    11600.120    11602.120    11610.120    11638.120
   455:    11642.120    11651.120    11654.120    11658.120    11664.120
   460:    11674.120    11679.120    11681.120    11683.120    11684.120
   465:    11686.120    11688.120    11690.120    11700.120    11701.120
   470:    11903.120    11913.110    11978.110    11985.120    12020.110
   475:    12022.110    12026.110    12039.110    12040.110    12042.110
   480:    12043.110    12051.110    12058.110    12071.110    12075.110
   485:    12078.110    12080.110    12082.110    12085.110    12140.110
   490:    12142.110    12146.110    12155.110    12157.110    12161.110
   495:    12163.110    12170.120    12186.110    12186.210    12189.110
   500:    12191.120    12236.310    12336.500    12633.120    12881.100
   505:    12886.120    12898.100    12900.100    12941.200    12941.100
   510:    12948.120    12991.300    13091.500    13096.120    13098.120
   515:    13388.120    13439.120    13447.120    13450.120    13452.120
   520:    13472.100    13508.100    13549.100    13556.100    13609.100
   525:    13612.100    13620.100    13682.100    13693.100    13696.100
   530:    13742.200    13749.120    13792.300    13892.540    14077.120
   535:    14377.110    14388.110    14393.120    14417.110    14424.110
   540:    14429.110    14431.110    14433.110    14442.110    14451.110
   545:    14457.110    14458.110    14483.120    14492.110    14498.110
   550:    14503.110    14510.110    14513.110    14520.110    14523.110
   555:    14549.110    14551.110    14552.110    14563.110    14571.110
   560:    14573.110    14574.110    14576.110    14582.110    14585.110
   565:    14587.110    14588.110    14589.110    14616.110    14629.110
   570:    14634.110    14637.110    14640.110    14643.110    14645.110
   575:    14649.110    14654.120    14655.120    14710.120    14731.110
   580:    14734.110    14737.110    14746.110    14752.110    14757.110
   585:    14763.110    14836.110    14838.110    14846.120    14899.120
   590:    14905.110    14911.110    14914.110    14954.110    14956.110
   595:    14962.120    14982.120    15027.120    15045.110    15056.120
   600:    15095.120    15107.120    15114.120    15147.120    15151.120
   605:    15165.110    15168.110    15173.110    15209.110    15212.110
   610:    15218.110    15426.110    15430.110    15437.120    15444.120
   615:    15558.110    15567.110    15575.120    15692.340    15792.500
   620:    15810.120    15853.100    16133.120    16158.100    16181.100
   625:    16182.100    16185.100    16224.100    16227.100    16262.100
   630:    16282.100    16320.100    16328.100    16332.100    16340.100
   635:    16386.100    16390.100    16392.200    16393.100    16399.120
   640:    16442.300    16482.120    16542.500    16678.120    16679.120
   645:    16940.120    16964.120    16965.120    16967.120    16969.120
   650:    16975.100    17075.100    17132.100    17136.100    17171.100
   655:    17180.100    17186.120    17192.200    17194.100    17199.120
   660:    17242.300    17329.120    17342.510    17528.120    17708.120
   665:    17710.120    17731.120    17749.120    17755.120    17761.120
   670:    17766.120    17767.120    17796.120    17798.120    17800.120
   675:    17816.110    17871.110    17877.110    17942.110    17944.110
   680:    17948.110    17953.110    17958.110    17962.120    17986.110
   685:    17990.110    17999.110    18002.110    18011.110    18014.110
   690:    18024.110    18026.110    18030.110    18032.110    18034.110
   695:    18044.110    18044.210    18049.120    18094.310    18146.120
   700:    18194.510    18356.120    18381.120    18388.120    18414.120
   705:    18416.120    18417.120    18666.120    18678.110    18688.110
   710:    18694.110    18702.110    18704.110    18707.110    18750.110
   715:    18752.110    18757.110    18759.110    18763.110    18767.110
   720:    18770.110    18776.110    18780.110    18781.110    18788.110
   725:    18795.110    18815.110    18818.110    18823.110    18836.120
   730:    18861.110    18861.210    18866.120    18911.310    18953.120
   735:    19011.500    19120.120    19424.120    19427.120    19444.120
   740:    19455.100    19508.100    19541.100    19573.100    19630.100
   745:    19632.100    19633.200    19641.120    19683.300    19721.120
   750:    19730.120    19783.510    20039.120    20324.120    20356.120
   755:    20366.110    20370.110    20376.110    20383.110    20386.120
   760:    20401.110    20403.110    20405.110    20408.110    20410.110
   765:    20413.110    20414.110    20415.110    20417.110    20422.110
   770:    20427.110    20432.110    20433.110    20436.110    20438.110
   775:    20442.110    20442.210    20449.120    20492.310    20543.120
   780:    20592.510    20797.120    21172.120    21192.110    21210.110
   785:    21216.120    21227.120    21232.110    21238.110    21240.110
   790:    21244.110    21252.110    21252.210    21259.120    21302.310
   795:    21402.500    21605.120    21639.120    21734.120    21738.120
   800:    21761.120    21774.120    21775.120    21777.120    21804.120
   805:    21805.120    21818.120    21824.120    21825.120    21827.120
   810:    21835.100    21915.100    21959.100    21963.100    22001.100
   815:    22019.200    22026.120    22069.300    22116.120    22169.530
   820:    22331.120    22529.100    22568.100    22571.100    22753.100
   825:    22795.100    22802.120    22811.100    22852.100    22859.100
   830:    22868.120    22883.120    22988.120    23020.120    23047.100
   835:    23161.100    23237.100    23240.100    23245.100    23247.100
   840:    23299.100    23340.100    23347.100    23427.100    23875.120
   845:    23893.120    23908.100    23926.100    23969.330    23970.100
   850:    24069.510    24135.110    24138.110    24226.110    24229.110
   855:    24234.110    24239.110    24329.110    24332.110    24340.110
   860:    24349.110    24388.110    24390.110    24400.110    24403.110
   865:    24407.120    24429.110    24432.110    24437.110    24441.110
   870:    24443.110    24456.110    24460.110    24461.110    24463.110
   875:    24465.110    24475.110    24477.110    24480.110    24482.110
   880:    24485.110    24494.110    24497.110    24501.110    24505.110
   885:    24507.110    24512.110    24513.110    24521.120    24531.110
   890:    24533.110    24534.110    24545.110    24548.110    24552.110
   895:    24554.110    24564.110    24568.110    24571.110    24582.110
   900:    24597.110    24601.110    24602.110    24607.110    24612.120
   905:    24613.120    24633.120    24645.110    24647.110    24657.110
   910:    24658.110    24673.120    24677.120    24693.120    24702.110
   915:    24707.110    24759.110    24759.210    24761.110    24764.120
   920:    24809.310    24909.510    25131.120    25133.120    25176.120
   925:    25188.110    25276.110    25284.120    25319.120    25324.120
   930:    25326.120    25360.110    25363.110    25393.110    25399.110
   935:    25473.120    25490.110    25497.110    25502.110    25507.110
   940:    25515.110    25516.110    25524.110    25526.110    25548.110
   945:    25551.110    25553.110    25558.110    25564.110    25565.110
   950:    25568.110    25568.210    25573.120    25618.310    25658.120
   955:    25718.500    26134.120    26177.100    26249.120    26263.100
   960:    26286.100    26288.100    26321.100    26323.200    26330.120
   965:    26373.300    26437.120    26473.510    26657.120    26680.120
   970:    26822.120    26851.120    26853.120    26862.120    26870.120
   975:    26875.120    26878.120    26879.120    26881.120    26884.120
   980:    26897.120    26898.120    26903.120    26914.110    26921.110
   985:    26968.110    26973.110    26979.110    26981.110    26985.110
   990:    26989.110    26993.120    27014.110    27018.110    27023.110
   995:    27026.110    27027.110    27037.110    27041.110    27048.110
  1000:    27053.110    27054.110    27056.110    27061.110    27067.110
  1005:    27090.110    27105.110    27108.110    27114.110    27115.110
  1010:    27124.110    27137.110    27137.210    27139.110    27141.120
  1015:    27187.310    27287.500    27464.120    27533.120    27918.120
  1020:    27922.120    27963.100    28022.100    28023.200    28030.120
  1025:    28073.300    28119.120    28173.500    28342.120    28384.120
  1030:    28386.120    28412.120    28446.120    28447.120    28500.120
  1035:    28506.120    28621.100    28665.100    28669.100    28705.100
  1040:    28706.100    28711.100    28761.100    28772.100    28776.100
  1045:    28780.100    28821.200    28830.120    28871.300    28971.510
  1050:    29089.120    29113.120    29129.120    29148.120    29331.120
  1055:    29349.120    29364.110    29370.110    29382.120    29402.110
  1060:    29405.110    29410.110    29414.110    29416.110    29431.110
  1065:    29436.110    29438.110    29440.110    29448.110    29455.110
  1070:    29459.110    29463.110    29477.110    29480.110    29482.110
  1075:    29483.110    29485.110    29492.110    29495.110    29511.110
  1080:    29523.110    29526.110    29528.110    29529.110    29531.110
  1085:    29533.110    29540.110    29547.110    29548.110    29573.110
  1090:    29596.110    29597.110    29611.110    29615.110    29616.110
  1095:    29618.110    29620.110    29625.110    29632.110    29632.210
  1100:    29636.120    29682.310    29704.120    29782.500    29908.120
  1105:    30316.100    30396.100    30397.100    30431.100    30435.100
  1110:    30439.100    30442.100    30444.100    30456.200    30464.120
  1115:    30506.300    30573.120    30606.500    30807.120    31010.120
  1120:    31019.100    31028.100    31088.100    31150.100    31151.100
  1125:    31157.100    31184.100    31189.100    31210.200    31217.120
  1130:    31260.300    31360.510    31497.120    31535.120    31546.120
  1135:    31547.120    31780.120    31804.110    31820.110    31833.110
  1140:    31840.110    31842.110    31919.120    31928.110    31930.110
  1145:    31933.110    31938.110    31940.110    31943.110    31948.110
  1150:    31951.110    31957.110    31960.110    31964.110    31969.120
  1155:    31984.110    31994.110    32003.110    32011.110    32013.110
  1160:    32015.110    32016.110    32023.110    32023.210    32028.120
  1165:    32073.310    32111.120    32173.540    32367.120    32580.120
  1170:    32600.120    32693.110    32699.120    32708.120    32722.120
  1175:    32726.120    32755.120    32766.110    32773.110    32778.110
  1180:    32780.110    32781.110    32789.110    32792.110    32797.110
  1185:    32799.110    32800.110    32807.110    32818.110    32825.110
  1190:    32829.110    32838.110    32848.110    32849.110    32851.110
  1195:    32852.110    32853.110    32859.110    32873.110    32878.110
  1200:    32882.110    32888.110    32892.110    32897.110    32898.110
  1205:    32900.110    32920.120    32932.110    32934.110    32938.110
  1210:    32943.110    32946.110    32951.110    32960.110    32962.110
  1215:    32966.110    32967.110    32984.110    32994.110    32997.110
  1220:    33004.110    33005.110    33011.110    33018.110    33020.110
  1225:    33023.110    33027.110    33048.110    33049.110    33055.110
  1230:    33061.110    33077.110    33080.110    33087.110    33090.110
  1235:    33092.110    33094.110    33095.110    33101.110    33111.110
  1240:    33117.110    33118.110    33120.110    33125.110    33126.110
  1245:    33129.110    33142.110    33145.110    33159.110    33162.110
  1250:    33168.110    33175.110    33192.120    33560.120    33570.110
  1255:    33577.110    33595.110    33610.110    33612.110    33615.110
  1260:    33623.110    33629.110    33753.110    33760.120    33776.120
  1265:    33800.120    33860.120    33862.120    33878.110    33885.110
  1270:    33890.120    33970.120    33973.340    33993.120    34016.120
  1275:    34031.120    34032.120    34041.120    34042.120    34044.120
  1280:    34046.120    34067.120    34073.500    34360.120    34367.120
  1285:    34421.100    34472.100    34504.100    34523.100    34525.100
  1290:    34555.100    34572.100    34649.100    34700.100    34705.100
  1295:    34709.200    34715.120    34759.300    34817.120    34821.120
  1300:    34859.500    35028.120    35334.100    35359.100    35379.100
  1305:    35380.100    35404.100    35449.100    35464.200    35471.120
  1310:    35514.300    35614.510    35744.120    36090.110    36102.120
  1315:    36131.120    36153.110    36157.110    36165.110    36168.110
  1320:    36170.110    36172.110    36176.110    36179.110    36187.110
  1325:    36193.110    36195.110    36204.110    36211.110    36217.110
  1330:    36227.110    36230.110    36231.110    36232.110    36236.110
  1335:    36241.110    36248.110    36255.110    36260.110    36264.110
  1340:    36267.110    36300.120    36306.110    36306.210    36309.110
  1345:    36312.120    36356.310    36456.510    36606.120    36630.120
  1350:    36630.120    36632.120    36955.120    36984.120    36996.110
  1355:    37050.120    37059.110    37066.110    37073.110    37079.110
  1360:    37083.110    37085.110    37088.110    37090.110    37090.210
  1365:    37095.120    37140.310    37191.120    37240.510    37428.120
  1370:    37596.120    37597.120    37635.120    37756.110    37798.110
  1375:    37802.120    37897.110    37897.210    37902.120    37947.310
  1380:    38047.500    38471.120    38501.120    38502.120    38504.120
  1385:    38506.120    38511.120    38515.120    38517.120    38518.120
  1390:    38522.120    38524.120    38530.120    38536.100    38548.100
  1395:    38551.100    38622.100    38625.100    38659.100    38682.200
  1400:    38691.120    38732.300    38832.510    38956.120    38991.120
  1405:    38991.120    39200.120    39287.120    39297.110    39306.110
  1410:    39312.110    39314.110    39323.110    39387.110    39396.110
  1415:    39400.110    39402.110    39403.110    39413.110    39417.110
  1420:    39423.110    39429.110    39430.110    39432.110    39434.110
  1425:    39446.110    39458.110    39468.110    39468.210    39475.120
  1430:    39518.310    39618.500    39761.120    39910.120    40109.120
  1435:    40110.120    40112.120    40145.120    40148.120    40149.120
  1440:    40153.120    40164.100    40178.100    40224.200    40232.120
  1445:    40274.300    40334.120    40374.510    40494.120    40530.110
  1450:    40558.120    40566.120    40577.120    40578.120    40580.120
  1455:    40592.120    40623.120    40636.110    40700.110    40712.110
  1460:    40718.110    40729.110    40731.110    40733.110    40739.110
  1465:    40747.110    40748.110    40750.110    40759.110    40767.110
  1470:    40768.110    40770.110    40772.110    40792.110    40798.110
  1475:    40799.110    40801.110    40804.110    40812.110    40815.110
  1480:    40818.110    40823.110    40828.110    40840.110    40843.110
  1485:    40847.110    40849.110    40851.110    40872.110    40874.110
  1490:    40878.110    40879.110    40881.110    40882.110    40885.110
  1495:    40894.110    40900.110    40929.110    40951.110    40954.110
  1500:    40959.110    40960.110    40961.110    40966.120    40984.110
  1505:    40986.110    40994.110    40996.110    41011.110    41011.210
  1510:    41013.110    41017.120    41061.310    41161.510    41256.120
  1515:    41267.120    41420.110    41423.110    41591.120    41599.110
  1520:    41602.110    41606.110    41646.110    41650.110    41656.120
  1525:    41673.120    41684.110    41697.110    41698.110    41717.110
  1530:    41722.110    41726.110    41732.110    41737.110    41738.110
  1535:    41740.110    41748.110    41756.110    41762.110    41764.110
  1540:    41769.110    41771.110    41772.110    41774.110    41776.110
  1545:    41841.120    41849.110    41849.210    41851.110    41854.120
  1550:    41899.310    41999.500
E:
     0:     1552.000      257.000      812.000
F:
     0:       70.000       27.353       36.453
G:
     0:        1.000        1.000        1.000        1.000        1.000
     5:        1.000        1.000        1.000        1.000        0.000
H:
     0:        1.000        1.000        2.000        2.000
L:
     0:     6936.000     6576.000     6324.000     6128.000     6205.000
     5:     6143.000     6614.000     6103.000     6599.000     6315.000
    10:     6264.000     6157.000     7461.000     6577.000     6842.000
    15:     6140.000     6459.000     6158.000     6457.000     6164.000
R:
     0:        1.000        1.000        1.000        1.000        1.000
     5:        1.000        1.000        1.000        1.000        0.000
S:
     0:        1.000        1.000
U:
     0:     6324.000        2.000        0.000
X:
     0:        0.000      413.001      623.002      653.003      683.003
     5:      733.000      733.000     1320.001     1355.002     1356.003
    10:     1380.003     1430.000     1430.000     1797.001     1851.002
    15:     1926.003     1992.004     2032.005     2049.006     2051.007
    20:     2052.007     2102.000     2102.000     2459.002     2462.004
    25:     2518.006     2521.008     2570.010     2616.012     2677.014
    30:     2684.016     2926.018     2939.020     2942.022     2946.024
    35:     2948.026     3062.028     3118.030     3121.032     3131.034
    40:     3138.036     3147.038     3232.040     3235.042     3248.044
    45:     3251.046     3255.048     3263.050     3278.052     3280.054
    50:     3284.056     3293.058     3297.060     3597.062     3789.064
    55:     3846.066     3902.067     4085.068     4186.069     4197.070
    60:     4199.071     4202.072     4232.073     4235.074     4274.075
    65:     4284.076     4334.077     4340.078     4420.079     4453.080
    70:     4456.081     4525.082     4532.083     4537.084     4544.085
    75:     4603.086     4604.086     4654.000     4654.000     5204.001
    80:     5228.002     5231.003     5262.004     5264.004     5314.000
    85:     5314.000     5858.001     5875.002     5877.003     5918.003
    90:     5918.004     5968.000     5968.000     6348.001     6385.002
    95:     6426.003     6433.004     6486.005     6489.006     6497.007
   100:     6559.008     6570.009     6573.010     6619.010     6669.000
   105:     6669.000     6669.129     6669.130     6669.131     6669.132
   110:     6669.133     6669.134     6669.135     6669.136     6669.137
   115:     6669.138     6669.139     6669.140     6669.141     6669.142
   120:     6669.143     6669.143     6669.144     6669.000     6669.000
   125:     6669.001     6669.002     6669.003     6669.004     6669.005
   130:     6669.006     6669.006     6669.007     6669.000     6669.000
   135:     7112.001     7165.002     7198.003     7230.004     7287.005
   140:     7290.006     7290.006     7340.000     7340.000     7772.001
   145:     7852.002     7896.003     7900.004     7938.005     7956.005
   150:     8006.000     8006.000     8366.002     8405.004     8407.006
   155:     8590.008     8632.010     8648.012     8689.014     8696.016
   160:     8884.018     8998.020     9074.022     9077.024     9082.026
   165:     9084.028     9136.030     9177.032     9183.034     9264.036
   170:     9745.038     9763.040     9807.041    12014.001    12100.002
   175:    12123.003    12125.004    12158.005    12160.005    12210.000
   180:    12210.000    12886.001    12945.002    12946.002    12996.000
   185:    12996.000    13444.001    13488.002    13491.003    13528.004
   190:    13529.005    13533.006    13583.007    13594.008    13598.009
   195:    13602.010    13643.010    13693.000    13693.000    14226.001
   200:    14307.002    14308.003    14342.004    14346.005    14350.006
   205:    14352.007    14354.008    14367.008    14417.000    14417.000
   210:    14829.001    14838.002    14898.003    14960.004    14962.005
   215:    14968.006    14994.007    14999.008    15021.008    15071.000
   220:    15071.000    15071.173    15071.174    15071.175    15071.176
   225:    15071.177    15071.178    15071.179    15071.180    15071.181
   230:    15071.182    15071.182    15071.000    15071.000    15071.001
   235:    15071.002    15071.003    15071.004    15071.005    15071.006
   240:    15071.006    15071.000    15071.000    15560.001    15572.002
   245:    15575.003    15646.004    15649.005    15683.006    15706.006
   250:    15756.000    15756.000    16302.001    16316.002    16362.002
   255:    16412.000    16412.000
Y:
     0:        0.000       29.001      188.002      192.003      201.004
     5:      205.005      212.006      216.007      219.008      224.009
    10:      230.010      236.011      240.012      242.013      279.014
    15:      281.015      287.016      289.017      293.018      301.019
    20:      302.020      304.021      306.022      339.023      342.024
    25:      348.025      351.026      359.027      367.028      374.029
    30:      382.030      385.031      389.032      395.033      397.034
    35:      407.035      429.036      431.037      438.038      444.039
    40:      461.040      465.041      473.042      484.043      486.044
    45:      553.045      553.045      555.046      603.000      603.000
    50:      917.001      927.002      937.003      998.004     1000.005
    55:     1003.006     1006.007     1014.008     1062.009     1064.010
    60:     1129.011     1136.012     1140.013     1143.014     1143.014
    65:     1193.000     1193.000     1746.001     1750.002     1755.003
    70:     1793.004     1797.005     1803.006     1807.007     1809.008
    75:     1812.009     1814.010     1816.011     1819.012     1822.013
    80:     1827.014     1834.015     1840.016     1844.017     1849.018
    85:     1850.019     1851.020     1854.021     1902.022     1902.022
    90:     1952.000     1952.000     2207.001     2209.002     2398.003
    95:     2440.004     2444.005     2449.006     2454.007     2456.008
   100:     2461.009     2464.010     2475.011     2476.012     2478.013
   105:     2512.014     2517.015     2529.016     2533.017     2534.018
   110:     2540.019     2542.020     2545.021     2553.022     2560.023
   115:     2565.024     2575.025     2579.026     2582.027     2586.028
   120:     2593.029     2595.030     2612.031     2616.032     2619.033
   125:     2627.034     2640.035     2650.036     2650.036     2700.000
   130:     2700.000     2992.001     2995.002     2997.003     3049.004
   135:     3055.005     3343.006     3347.007     3348.008     3353.009
   140:     3358.010     3360.011     3365.012     3366.013     3368.014
   145:     3377.015     3381.016     3394.017     3394.017     3444.000
   150:     3444.000     3891.001     3967.002     3970.003     3976.004
   155:     4022.005     4026.006     4030.007     4034.008     4036.009
   160:     4042.010     4045.011     4050.012     4055.013     4057.014
   165:     4060.015     4077.016     4088.017     4096.018     4098.019
   170:     4106.020     4110.021     4117.022     4119.023     4120.024
   175:     4123.025     4148.026     4148.026     4198.000     4198.000
   180:     4578.001     4680.002     4683.003     4686.004     4734.005
   185:     4738.006     4742.007     4745.008     4750.009     4756.010
   190:     4759.011     4766.012     4786.013     4804.014     4810.015
   195:     4813.016     4854.017     4860.018     4868.019     4871.020
   200:     4910.021     4910.021     4960.000     4960.000     5394.001
   205:     5459.002     5501.003     5503.004     5507.005     5520.006
   210:     5521.007     5523.008     5524.009     5532.010     5539.011
   215:     5552.012     5556.013     5559.014     5561.015     5562.016
   220:     5566.017     5621.018     5623.019     5627.020     5636.021
   225:     5638.022     5642.023     5644.024     5667.025     5667.025
   230:     5670.026     5717.000     5717.000     6201.002     6213.004
   235:     6241.006     6248.008     6253.010     6255.012     6258.014
   240:     6267.016     6276.018     6281.020     6283.022     6316.024
   245:     6322.026     6327.028     6335.030     6337.032     6345.034
   250:     6347.036     6373.038     6375.040     6376.042     6387.044
   255:     6395.046     6397.048     6398.050     6400.052     6406.054
   260:     6409.056     6411.058     6412.060     6414.062     6440.064
   265:     6453.066     6458.068     6461.070     6464.072     6467.074
   270:     6470.076     6473.078     6555.080     6559.082     6561.084
   275:     6570.086     6577.088     6581.090     6587.092     6660.094
   280:     6662.096     6729.098     6735.100     6738.102     6779.104
   285:     6781.106     6869.108     6990.110     6993.112     6997.114
   290:     7033.116     7036.118     7042.120     7250.122     7255.124
   295:     7383.126     7391.128     9640.001     9695.002     9702.003
   300:     9766.004     9768.005     9772.006     9778.007     9783.008
   305:     9811.009     9814.010     9824.011     9826.012     9835.013
   310:     9838.014     9848.015     9850.016     9854.017     9856.018
   315:     9858.019     9868.020     9868.020     9918.000     9918.000
   320:    10401.001    10411.002    10418.003    10425.004    10427.005
   325:    10431.006    10474.007    10476.008    10480.009    10483.010
   330:    10487.011    10490.012    10493.013    10500.014    10503.015
   335:    10505.016    10511.017    10518.018    10538.019    10541.020
   340:    10546.021    10585.022    10585.022    10635.000    10635.000
   345:    11217.001    11222.002    11228.003    11234.004    11252.005
   350:    11255.006    11257.007    11260.008    11262.009    11265.010
   355:    11265.011    11267.012    11269.013    11274.014    11278.015
   360:    11284.016    11285.017    11288.018    11290.019    11293.020
   365:    11294.020    11344.000    11344.000    11943.001    11962.002
   370:    11984.003    11990.004    11991.005    11996.006    12004.007
   375:    12004.007    12054.000    12054.000    12054.042    12054.043
   380:    12054.044    12054.045    12054.046    12054.047    12054.048
   385:    12054.049    12054.050    12054.051    12054.052    12054.053
   390:    12054.054    12054.055    12054.056    12054.057    12054.058
   395:    12054.059    12054.060    12054.061    12054.062    12054.063
   400:    12054.064    12054.065    12054.066    12054.067    12054.068
   405:    12054.069    12054.070    12054.071    12054.072    12054.073
   410:    12054.074    12054.075    12054.076    12054.077    12054.078
   415:    12054.079    12054.080    12054.081    12054.082    12054.083
   420:    12054.084    12054.085    12054.086    12054.087    12054.088
   425:    12054.089    12054.090    12054.091    12054.092    12054.093
   430:    12054.094    12054.095    12054.096    12054.097    12054.098
   435:    12054.099    12054.099    12054.100    12054.000    12054.000
   440:    12054.001    12054.002    12054.003    12054.004    12054.005
   445:    12054.006    12054.007    12054.008    12054.009    12054.010
   450:    12054.011    12054.012    12054.013    12054.014    12054.015
   455:    12054.016    12054.017    12054.018    12054.019    12054.020
   460:    12054.021    12054.021    12054.000    12054.000    12494.001
   465:    12501.002    12548.003    12553.004    12559.005    12561.006
   470:    12565.007    12569.008    12594.009    12598.010    12603.011
   475:    12606.012    12607.013    12617.014    12621.015    12628.016
   480:    12633.017    12634.018    12636.019    12641.020    12647.021
   485:    12670.022    12685.023    12688.024    12694.025    12695.026
   490:    12704.027    12717.028    12717.028    12719.029    12767.000
   495:    12767.000    13160.001    13166.002    13198.003    13201.004
   500:    13205.005    13210.006    13211.007    13227.008    13232.009
   505:    13234.010    13236.011    13243.012    13250.013    13255.014
   510:    13259.015    13272.016    13276.017    13278.018    13279.019
   515:    13281.020    13288.021    13291.022    13307.023    13319.024
   520:    13322.025    13323.026    13325.027    13327.028    13329.029
   525:    13336.030    13343.031    13344.032    13369.033    13392.034
   530:    13393.035    13407.036    13411.037    13412.038    13414.039
   535:    13416.040    13420.041    13428.042    13428.042    13478.000
   540:    13478.000    13921.001    13937.002    13950.003    13957.004
   545:    13959.005    14045.006    14048.007    14050.008    14055.009
   550:    14058.010    14060.011    14066.012    14069.013    14074.014
   555:    14077.015    14082.016    14101.017    14111.018    14121.019
   560:    14128.020    14130.021    14132.022    14134.023    14140.024
   565:    14140.024    14190.000    14190.000    14709.002    14782.004
   570:    14790.006    14794.008    14797.010    14798.012    14806.014
   575:    14809.016    14814.018    14815.020    14817.022    14824.024
   580:    14834.026    14842.028    14846.030    14855.032    14865.034
   585:    14866.036    14868.038    14869.040    14870.042    14876.044
   590:    14889.046    14895.048    14899.050    14905.052    14909.054
   595:    14914.056    14915.058    14917.060    14948.062    14950.064
   600:    14955.066    14959.068    14963.070    14967.072    14977.074
   605:    14978.076    14983.078    14984.080    15001.082    15011.084
   610:    15014.086    15021.088    15022.090    15028.092    15035.094
   615:    15036.096    15040.098    15044.100    15064.102    15066.104
   620:    15072.106    15078.108    15094.110    15097.112    15104.114
   625:    15107.116    15109.118    15110.120    15112.122    15118.124
   630:    15128.126    15134.128    15135.130    15137.132    15142.134
   635:    15143.136    15146.138    15159.140    15162.142    15176.144
   640:    15179.146    15184.148    15192.150    15586.152    15594.154
   645:    15612.156    15627.158    15629.160    15632.162    15639.164
   650:    15646.166    15770.168    15895.170    15902.172    18107.001
   655:    18169.002    18174.003    18182.004    18185.005    18187.006
   660:    18189.007    18192.008    18196.009    18204.010    18209.011
   665:    18212.012    18221.013    18228.014    18234.015    18243.016
   670:    18247.017    18248.018    18249.019    18252.020    18258.021
   675:    18265.022    18272.023    18276.024    18281.025    18284.026
   680:    18323.027    18323.027    18326.028    18373.000    18373.000
   685:    18912.001    18976.002    18983.003    18989.004    18995.005
   690:    18999.006    19001.007    19005.008    19006.009    19006.009
   695:    19056.000    19056.000    19571.001    19613.002    19712.003
   700:    19712.003    19762.000    19762.000    20226.001    20235.002
   705:    20241.003    20243.004    20252.005    20316.006    20325.007
   710:    20329.008    20331.009    20333.010    20342.011    20346.012
   715:    20352.013    20358.014    20359.015    20361.016    20363.017
   720:    20375.018    20388.019    20397.020    20397.020    20447.000
   725:    20447.000    20603.001    20709.002    20772.003    20785.004
   730:    20790.005    20802.006    20803.007    20805.008    20811.009
   735:    20819.010    20820.011    20823.012    20831.013    20839.014
   740:    20841.015    20842.016    20845.017    20865.018    20870.019
   745:    20872.020    20873.021    20877.022    20884.023    20888.024
   750:    20890.025    20896.026    20900.027    20913.028    20916.029
   755:    20920.030    20921.031    20923.032    20945.033    20946.034
   760:    20951.035    20952.036    20953.037    20954.038    20957.039
   765:    20966.040    20973.041    21001.042    21024.043    21027.044
   770:    21031.045    21032.046    21033.047    21056.048    21058.049
   775:    21067.050    21069.051    21084.052    21084.052    21086.053
   780:    21134.000    21134.000    21392.001    21395.002    21571.003
   785:    21574.004    21578.005    21618.006    21622.007    21657.008
   790:    21669.009    21670.010    21689.011    21694.012    21698.013
   795:    21704.014    21709.015    21710.016    21712.017    21720.018
   800:    21728.019    21734.020    21736.021    21741.022    21743.023
   805:    21744.024    21746.025    21748.026    21821.027    21822.027
   810:    21823.028    21872.000
