File: C:\MED-PC\Data\2018-05-24_10h54m_Subject M329.txt


Start Date: 05/24/18
End Date: 05/24/18
Subject: M329
Experiment: DOBLE_PICO_ACO
Group: EXP
Box: 9
Start Time: 10:54:17
End Time: 12:07:41
MSN: IF_ACO_MULTIPLE_PICO
A:     292.000
B:      20.000
D:      20.000
I:       2.000
J:   18000.000
K:    5400.000
M:       0.000
N:      20.000
O:      21.000
P:     510.000
Q:       0.000
T:    1000.000
V:     600.000
W:      20.000
Z:       0.000
C:
     0:        0.120        0.510      190.110      197.120      360.110
     5:      368.120      378.120      383.120      404.110      409.120
    10:      426.120      434.120      444.110      448.120      460.120
    15:      465.120      469.120      485.110      487.110      491.120
    20:      572.120      581.110      581.210      585.120      631.310
    25:      731.500      949.120      966.120      996.120     1145.120
    30:     1153.120     1168.120     1184.120     1190.120     1196.120
    35:     1213.100     1220.100     1222.100     1226.120     1230.120
    40:     1260.100     1265.120     1270.120     1277.120     1293.120
    45:     1306.120     1341.100     1344.100     1347.100     1349.100
    50:     1351.100     1353.100     1368.120     1369.120     1371.120
    55:     1376.120     1401.200     1404.120     1451.300     1551.510
    60:     1736.120     1910.110     1916.120     1979.110     1982.110
    65:     1986.120     1995.120     2024.110     2030.120     2036.120
    70:     2045.120     2045.120     2048.120     2049.120     2065.110
    75:     2072.110     2074.120     2106.120     2126.120     2135.110
    80:     2142.110     2146.110     2148.110     2152.120     2173.120
    85:     2181.110     2189.110     2191.110     2194.110     2197.110
    90:     2201.120     2208.120     2209.120     2247.110     2247.210
    95:     2251.120     2297.310     2397.510     2625.120     2799.120
   100:     2808.110     2814.120     2824.120     2847.110     2908.110
   105:     2914.120     2933.120     2946.110     2954.120     2962.120
   110:     2964.120     2981.120     2988.110     2995.110     3000.110
   115:     3005.120     3051.120     3059.120     3062.120     3067.110
   120:     3075.110     3082.120     3103.120     3104.120     3111.120
   125:     3134.110     3134.210     3139.120     3184.310     3284.500
   130:     3526.120     3625.120     3629.120     3901.120     3910.100
   135:     3914.100     3918.100     3921.100     3926.120     3933.120
   140:     3955.120     3970.200     3974.120     4020.300     4120.500
   145:     4222.120     4411.120     4907.120     4912.120     4918.120
   150:     4947.100     4953.120     4966.120     4982.120     4994.100
   155:     4997.100     5002.100     5004.100     5007.100     5007.200
   160:     5012.120     5057.300     5157.510     5215.120     5234.120
   165:     5564.110     5570.120     5577.120     5598.110     5601.110
   170:     5666.110     5677.120     5696.110     5708.110     5711.110
   175:     5715.110     5718.120     5725.120     5727.120     5730.120
   180:     5763.110     5766.110     5769.110     5773.110     5776.110
   185:     5779.110     5781.110     5784.110     5787.120     5801.120
   190:     5812.120     5818.110     5822.110     5826.120     5830.120
   195:     5848.120     5854.120     5864.110     5864.210     5868.120
   200:     5914.310     6014.500     6190.120     6575.120     6600.100
   205:     6604.100     6606.100     6608.100     6609.100     6624.120
   210:     6660.200     6663.120     6710.300     6810.510     7196.120
   215:     7427.110     7436.120     7521.120     7535.110     7535.210
   220:     7539.120     7585.310     7685.510     7846.120     7847.120
   225:     8090.110     8096.120     8149.120     8154.120     8174.120
   230:     8222.120     8230.110     8235.110     8285.110     8291.110
   235:     8293.110     8295.110     8297.110     8300.110     8303.120
   240:     8308.120     8309.120     8321.120     8326.110     8329.110
   245:     8332.120     8343.120     8360.110     8365.110     8365.210
   250:     8369.120     8415.310     8515.510     8651.120     8927.110
   255:     8938.120     8944.120     9009.120     9009.120     9010.120
   260:     9011.120     9017.120     9021.120     9037.110     9043.120
   265:     9059.120     9061.120     9079.120     9103.110     9108.110
   270:     9111.110     9113.120     9142.120     9145.120     9146.120
   275:     9163.110     9165.110     9169.110     9175.120     9210.120
   280:     9214.120     9228.110     9228.210     9232.120     9278.310
   285:     9378.500     9495.120     9870.120     9918.120     9965.100
   290:     9968.100     9969.100     9972.100     9974.100     9985.120
   295:    10024.120    10025.200    10075.300    10175.530    10268.120
   300:    10463.120    10476.120    10514.120    10562.120    10568.120
   305:    10596.100    10599.100    10600.100    10602.100    10606.100
   310:    10614.120    10619.120    10623.120    10642.120    10650.120
   315:    10668.120    10712.120    10721.120    10736.120    10759.120
   320:    10790.120    10799.120    10800.120    10804.120    10805.120
   325:    10811.120    10866.100    10872.100    10874.100    10892.120
   330:    10948.120    10951.120    10955.120    11027.120    11055.120
   335:    11072.100    11159.100    11165.100    11168.100    11170.100
   340:    11172.100    11177.100    11178.120    11182.120    11187.120
   345:    11236.120    11247.120    11321.100    11336.100    11683.120
   350:    11707.100    11720.100    11726.100    11732.120    11737.120
   355:    11746.120    11774.120    11777.120    11789.120    11795.120
   360:    11868.100    11872.100    11875.100    11886.100    11889.100
   365:    11892.100    11902.120    11913.120    11959.100    11964.100
   370:    11974.100    11975.330    12075.500    12334.120    12338.120
   375:    12493.120    12500.120    12504.120    12510.120    12511.120
   380:    12513.120    12515.120    12527.120    12527.120    12614.100
   385:    12620.100    12623.100    12625.100    12628.100    12630.100
   390:    12637.100    12640.100    12645.100    12649.120    12657.120
   395:    12680.200    12683.120    12730.300    12830.510    13089.120
   400:    13292.120    13355.120    13368.110    13375.120    13377.120
   405:    13383.120    13397.110    13401.110    13405.110    13411.120
   410:    13432.120    13444.110    13447.110    13450.110    13453.110
   415:    13455.120    13462.120    13469.120    13488.110    13491.110
   420:    13493.110    13496.110    13501.110    13503.120    13506.120
   425:    13526.120    13531.120    13550.110    13550.210    13554.120
   430:    13600.310    13700.540    13952.120    14293.120    14298.120
   435:    14309.110    14311.110    14315.120    14325.120    14335.110
   440:    14338.110    14340.110    14345.110    14346.110    14348.110
   445:    14350.120    14358.120    14379.120    14392.120    14397.110
   450:    14401.110    14403.110    14407.110    14424.120    14434.120
   455:    14451.110    14458.110    14460.110    14463.110    14465.110
   460:    14469.120    14490.120    14502.110    14505.110    14507.110
   465:    14509.110    14516.120    14531.120    14566.110    14569.110
   470:    14577.110    14579.110    14581.110    14586.110    14592.110
   475:    14595.110    14597.120    14611.120    14626.110    14629.110
   480:    14632.110    14636.110    14648.110    14653.110    14655.110
   485:    14656.110    14659.110    14661.110    14664.120    14672.120
   490:    14715.110    14722.110    14724.110    14726.110    14749.120
   495:    14766.110    14791.110    14794.110    14839.110    14847.110
   500:    14857.110    14870.110    14873.110    14946.110    15055.120
   505:    15333.110    15406.110    15413.110    15500.340    15519.120
   510:    15528.120    15600.500    15678.120    15681.120    15683.120
   515:    15694.120    15697.120    15705.120    15744.120    15862.100
   520:    15866.100    15870.100    15876.120    15880.120    15897.120
   525:    15916.100    15919.100    15923.100    15930.100    15931.100
   530:    15933.100    15941.100    15948.120    15949.120    15951.120
   535:    15956.120    15961.120    15989.100    15994.100    15996.100
   540:    16046.120    16073.120    16079.120    16080.120    16082.120
   545:    16114.100    16122.100    16125.100    16129.100    16132.100
   550:    16134.100    16138.120    16145.120    16175.120    16245.100
   555:    16299.120    16303.120    16305.200    16355.300    16455.500
   560:    16602.120    16602.120    16856.120    16886.120    16897.100
   565:    16902.100    16910.120    16935.120    16974.100    16977.100
   570:    16984.100    16995.120    16996.120    16998.120    17006.120
   575:    17043.120    17060.120    17061.120    17066.120    17080.100
   580:    17085.100    17097.120    17108.120    17137.120    17140.200
   585:    17190.300    17290.510    17660.110    17661.110    17664.110
   590:    17670.120    17698.120    17700.120    17705.120    17706.120
   595:    17740.120    17748.120    17771.120    17774.120    17783.120
   600:    17796.110    17800.110    17801.110    17804.110    17808.110
   605:    17810.120    17820.120    17836.120    17841.110    17845.110
   610:    17850.120    17876.120    17883.120    17892.120    17905.110
   615:    17910.110    17913.110    17917.110    17920.120    17928.120
   620:    17929.120    17954.110    17958.110    17960.110    17961.110
   625:    17964.110    17965.110    17968.110    17972.120    18021.120
   630:    18034.120    18051.110    18051.210    18056.120    18101.310
   635:    18201.540    18290.120    18309.120    18391.120    18441.120
   640:    18445.120    18455.110    18461.120    18480.120    18483.120
   645:    18487.120    18498.110    18552.120    18569.120    18573.120
   650:    18583.120    18599.120    18607.120    18612.120    18620.120
   655:    18626.110    18668.120    18677.120    18688.110    18696.110
   660:    18699.110    18703.120    18721.110    18724.110    18727.110
   665:    18729.110    18737.110    18741.110    18743.110    18751.120
   670:    18763.120    18792.110    18796.110    18798.110    18799.110
   675:    18803.110    18811.110    18815.110    18817.110    18820.110
   680:    18823.120    18845.120    18851.120    18860.120    18880.110
   685:    18884.110    18886.110    18890.110    18893.120    18909.120
   690:    18913.120    18929.110    18934.110    18937.110    18944.110
   695:    18946.110    18967.110    18969.110    18971.110    18973.110
   700:    18978.110    18981.110    18987.120    18995.120    19010.110
   705:    19013.110    19015.110    19019.110    19048.120    19062.110
   710:    19065.110    19066.110    19069.110    19073.110    19075.120
   715:    19101.110    19104.110    19108.110    19111.110    19116.110
   720:    19119.110    19121.110    19123.110    19127.120    19197.110
   725:    19203.110    19208.110    19212.110    19217.120    19278.110
   730:    19450.120    19457.110    19462.110    19464.110    19467.110
   735:    19470.110    19472.120    19498.120    19503.120    19508.120
   740:    19526.120    19538.110    19540.110    19544.110    19551.120
   745:    19572.110    19575.110    19577.110    19580.110    19582.120
   750:    19647.110    19650.110    19656.120    19755.120    19824.110
   755:    19832.120    19843.120    19851.120    19858.120    19870.120
   760:    19887.120    19914.110    19922.110    19925.110    19926.110
   765:    19932.120    19948.110    19951.110    19957.110    19965.120
   770:    20001.340    20101.500    20137.120    20196.100    20201.100
   775:    20205.100    20209.100    20213.120    20216.120    20224.120
   780:    20279.120    20283.120    20347.100    20351.100    20354.100
   785:    20363.100    20365.100    20368.100    20371.100    20377.100
   790:    20378.120    20381.120    20405.120    20411.120    20414.120
   795:    20417.120    20435.120    20443.120    20461.120    20473.120
   800:    20502.120    20518.100    20521.100    20526.100    20528.100
   805:    20532.100    20534.100    20544.100    20548.120    20552.120
   810:    20556.120    20565.120    20624.120    20627.120    20628.120
   815:    20632.120    20639.120    20657.120    20666.120    21031.120
   820:    21036.120    21065.100    21071.100    21074.100    21076.100
   825:    21079.100    21081.100    21085.120    21086.120    21093.120
   830:    21111.120    21125.200    21128.120    21175.300    21275.510
   835:    21513.120    21684.120    21808.120    21808.120    21827.120
   840:    21829.120    21831.120    21833.120    21846.110    21896.120
   845:    21908.110    21913.110    21914.110    21916.110    21922.110
   850:    21924.120    21932.120    21956.110    21956.210    21961.120
   855:    22006.310    22106.500    22402.120    22403.120    22704.120
   860:    22707.120    22714.120    22722.120    22730.100    22736.100
   865:    22738.100    22740.100    22744.100    22748.120    22751.120
   870:    22758.120    22774.120    22779.120    22780.120    22790.200
   875:    22793.120    22840.300    22940.510    23023.120    23162.120
   880:    23418.120    23428.110    23433.110    23435.110    23437.110
   885:    23442.120    23447.120    23453.120    23468.120    23486.110
   890:    23489.110    23492.110    23493.110    23551.120    23560.110
   895:    23563.110    23567.110    23569.110    23572.110    23573.120
   900:    23584.120    23614.110    23617.110    23624.110    23624.210
   905:    23629.120    23674.310    23774.500    23836.120    23858.120
   910:    24159.120    24197.100    24203.100    24207.120    24210.120
   915:    24263.100    24266.100    24269.100    24273.100    24277.120
   920:    24278.120    24285.120    24307.120    24349.120    24352.120
   925:    24360.120    24366.120    24374.120    24398.120    24416.120
   930:    24487.120    24491.120    24498.120    24522.120    24526.120
   935:    24531.120    24538.120    24554.120    24556.120    24732.100
   940:    24738.100    24744.100    24751.100    24756.120    24761.120
   945:    24792.200    24796.120    24842.300    24942.500    25087.120
   950:    25097.120    25192.120    25194.120    25209.120    25436.100
   955:    25439.100    25447.100    25450.100    25455.120    25465.120
   960:    25492.120    25513.120    25541.100    25551.100    25558.100
   965:    25568.120    25572.120    25578.120    25586.120    25601.200
   970:    25604.120    25651.300    25751.510    25917.120    25932.120
   975:    26168.120    26173.120    26173.120    26211.120    26223.120
   980:    26225.120    26230.120    26237.120    26260.110    26262.110
   985:    26268.120    26319.110    26323.110    26328.120    26348.120
   990:    26351.120    26382.110    26389.110    26392.110    26396.110
   995:    26399.110    26401.110    26456.110    26456.210    26461.120
  1000:    26506.310    26606.500    26645.120    26776.120    27094.120
  1005:    27116.100    27121.100    27138.120    27162.100    27165.100
  1010:    27168.100    27170.100    27174.100    27188.120    27216.120
  1015:    27222.200    27224.120    27272.300    27372.510    27441.120
  1020:    27451.120    27454.120    27463.120    27464.120    27701.120
  1025:    27718.120    27722.120    27723.120    27733.120    27760.120
  1030:    27778.120    27780.120    27790.120    27834.120    27851.120
  1035:    27870.110    27909.110    27914.110    27917.110    27920.120
  1040:    27971.120    27974.120    27982.110    27985.110    28039.110
  1045:    28043.110    28045.110    28047.110    28050.110    28056.110
  1050:    28060.120    28069.120    28076.120    28081.120    28099.110
  1055:    28099.210    28102.110    28105.120    28149.310    28249.500
  1060:    28365.120    28625.100    28638.100    28646.120    28686.100
  1065:    28690.100    28694.100    28705.120    28716.120    28764.120
  1070:    28776.120    28825.120    28834.120    28834.120    28840.120
  1075:    28873.120    28884.100    28887.100    28890.100    28893.100
  1080:    28896.100    28905.120    28935.120    28944.120    28944.200
  1085:    28994.300    29094.510    29336.120    29581.120    29640.120
  1090:    29647.120    29654.120    29656.120    29665.120    29666.120
  1095:    29669.120    29671.120    29692.120    29695.120    29702.120
  1100:    29707.120    29717.110    29724.110    29750.120    29756.120
  1105:    29763.120    29772.120    29784.110    29787.110    29790.110
  1110:    29792.110    29799.120    29816.120    29825.120    29830.120
  1115:    29855.120    29860.120    29864.120    29871.110    29874.110
  1120:    29876.110    29879.110    29884.110    29887.110    29890.120
  1125:    29898.120    29905.120    29925.120    29931.110    29935.110
  1130:    29939.120    29951.120    29969.120    29980.120    29989.110
  1135:    29991.110    29997.110    29997.210    30001.120    30038.120
  1140:    30047.310    30147.500    30365.120    30637.120    30642.120
  1145:    30643.120    30645.120    30668.120    30669.120    30674.120
  1150:    30693.100    30697.100    30708.120    30719.120    30753.200
  1155:    30756.120    30785.120    30803.300    30903.510    31040.120
  1160:    31054.120    31456.120    31468.120    31481.120    31482.120
  1165:    31493.110    31496.110    31532.120    31539.120    31546.110
  1170:    31548.110    31551.110    31557.120    31563.120    31572.120
  1175:    31588.120    31594.110    31594.210    31599.120    31644.310
  1180:    31744.510    31756.120    31779.120    31788.120    32071.110
  1185:    32079.120    32092.120    32116.120    32119.120    32120.120
  1190:    32121.120    32139.110    32146.110    32149.110    32238.120
  1195:    32246.120    32251.120    32256.120    32260.120    32264.120
  1200:    32286.110    32290.110    32295.120    32302.120    32303.120
  1205:    32309.120    32329.120    32333.120    32334.120    32347.110
  1210:    32351.110    32359.110    32362.110    32364.120    32370.120
  1215:    32377.120    32402.120    32424.110    32424.210    32429.120
  1220:    32474.310    32574.500    32615.120    32861.120    32871.120
  1225:    33028.120    33032.120    33034.120    33040.120    33057.120
  1230:    33069.120    33077.120    33113.120    33116.120    33118.120
  1235:    33122.120    33124.120    33137.120    33173.120    33183.120
  1240:    33184.120    33189.120    33217.120    33226.100    33232.100
  1245:    33238.100    33250.100    33251.120    33255.120    33264.120
  1250:    33286.200    33289.120    33336.300    33436.500    33540.120
  1255:    33618.120    33622.120    34014.100    34026.100    34037.120
  1260:    34074.200    34079.120    34124.300    34224.510    34290.120
  1265:    34360.120    34376.120    34379.120    34381.120    34385.120
  1270:    34390.120    34391.120    34423.120    34426.120    34433.120
  1275:    34580.120    34585.120    34592.120    34803.120    34808.120
  1280:    34812.120    34820.120    34831.110    34837.110    34841.120
  1285:    34846.120    34849.120    34858.120    34865.110    34867.110
  1290:    34872.120    34890.120    34892.120    34893.120    34902.110
  1295:    34902.210    34907.120    34952.310    35052.510    35129.120
  1300:    35349.120    35354.120    35355.120    35356.120    35357.120
  1305:    35418.120    35420.120    35424.120    35429.120    35430.120
  1310:    35461.120    35464.120    35466.120    35466.120    35469.120
  1315:    35474.120    35500.120    35507.120    35520.110    35524.110
  1320:    35548.120    35553.120    35558.120    35576.110    35582.110
  1325:    35584.110    35600.120    35608.120    35617.120    35622.120
  1330:    35628.110    35632.110    35635.110    35638.120    35648.120
  1335:    35676.120    35687.110    35687.210    35691.120    35737.310
  1340:    35837.500    36007.120    36009.120    36024.120    36042.120
  1345:    36169.120    36476.100    36482.100    36488.120    36492.120
  1350:    36492.120    36522.100    36526.100    36529.100    36533.120
  1355:    36536.200    36538.120    36586.300    36686.530    36769.120
  1360:    36920.120    36934.120    37075.120    37078.120    37079.120
  1365:    37271.120    37279.100    37285.100    37296.120    37300.120
  1370:    37311.120    37343.100    37346.100    37349.100    37351.100
  1375:    37353.100    37361.100    37375.120    37391.120    37395.120
  1380:    37412.120    37427.120    37436.120    37443.120    37460.120
  1385:    37493.100    37499.120    37511.120    37519.120    37528.120
  1390:    37550.120    37588.120    37591.120    37604.120    37634.120
  1395:    37637.120    37644.120    37667.120    37675.120    37683.100
  1400:    37691.100    37696.100    37700.100    37703.100    37707.100
  1405:    37718.120    37725.120    37761.120    37769.120    37778.120
  1410:    37826.120    37833.120    38011.120    38014.120    38030.100
  1415:    38044.100    38060.120    38079.120    38088.120    38102.100
  1420:    38108.100    38111.100    38114.100    38119.100    38122.100
  1425:    38145.120    38180.120    38192.120    38221.120    38227.120
  1430:    38231.120    38242.120    38258.100    38265.100    38274.100
  1435:    38278.100    38282.100    38286.100    38290.100    38295.120
  1440:    38305.120    38340.120    38360.120    38368.120    38387.120
  1445:    38396.120    38407.100    38413.100    38414.100    38415.100
  1450:    38418.100    38421.100    38424.100    38425.120    38429.120
  1455:    38440.120    38465.120    38486.330    38508.120    38520.120
  1460:    38586.510    38860.110    38864.110    38867.110    38871.120
  1465:    38877.120    38881.120    38885.120    38890.120    38893.120
  1470:    38899.120    38907.120    38908.120    38920.110    38923.110
  1475:    38927.110    38930.110    38932.120    38981.120    38985.120
  1480:    38995.110    39009.110    39027.120    39030.120    39038.120
  1485:    39040.120    39044.120    39046.120    39051.120    39074.110
  1490:    39078.110    39090.110    39093.120    39097.120    39098.120
  1495:    39102.120    39108.120    39112.120    39123.110    39126.110
  1500:    39128.110    39129.110    39133.110    39135.120    39157.120
  1505:    39160.120    39192.110    39195.110    39198.110    39200.110
  1510:    39209.110    39209.210    39213.120    39259.310    39359.500
  1515:    39393.120    39773.100    39776.100    39785.100    39792.120
  1520:    39805.120    39831.100    39834.100    39837.100    39852.120
  1525:    39860.120    39874.120    39879.120    39885.120    39901.100
  1530:    39905.100    39909.100    39911.100    39918.120    39929.120
  1535:    39939.120    39961.200    39965.120    40011.300    40111.510
  1540:    40163.120    40200.120    40550.110    40560.120    40562.120
  1545:    40621.120    40623.120    40632.110    40639.120    40657.120
  1550:    40666.110    40669.110    40672.110    40679.120    40684.120
  1555:    40691.120    40692.120    40699.120    40708.110    40712.110
  1560:    40717.120    40725.120    40745.120    40755.110    40755.210
  1565:    40759.120    40805.310    40905.500    40970.120    40981.120
  1570:    40984.120    40990.120    40991.120    40996.120    41369.100
  1575:    41380.120    41387.120    41394.120    41424.100    41448.120
  1580:    41455.120    41480.120    41482.120    41492.120    41516.120
  1585:    41528.120    41556.100    41562.100    41566.100    41573.100
  1590:    41579.100    41594.120    41601.120    41616.200    41619.120
  1595:    41666.300    41766.510    41852.120    41885.120    41954.120
E:
     0:     1600.000      286.000      435.000
F:
     0:       70.000       28.657       35.313
G:
     0:        1.000        1.000        1.000        1.000        1.000
     5:        1.000        1.000        1.000        1.000        0.000
H:
     0:        1.000        1.000        2.000        2.000
L:
     0:     6797.000     6958.000     8972.000     6554.000     6571.000
     5:     6150.000     7153.000     6948.000    10342.000     6939.000
    10:    10288.000     6688.000     6259.000     7048.000     6160.000
    15:     7223.000     6476.000     7087.000     6129.000     7206.000
R:
     0:        1.000        1.000        1.000        1.000        1.000
     5:        1.000        1.000        1.000        1.000        0.000
S:
     0:        1.000        1.000
U:
     0:     6150.000        5.000        0.000
X:
     0:        0.000      481.001      488.002      490.003      528.004
     5:      609.005      613.006      616.007      617.008      619.009
    10:      621.010      669.010      719.000      719.000     1344.001
    15:     1348.002     1353.003     1356.004     1404.004     1454.000
    20:     1454.000     2281.001     2327.002     2331.003     2336.004
    25:     2338.005     2341.006     2341.006     2391.000     2391.000
    30:     2976.001     2980.002     2982.003     2984.004     2986.005
    35:     3036.005     3086.000     3086.000     3673.001     3676.002
    40:     3677.003     3680.004     3682.005     3733.005     3783.000
    45:     3783.000     4204.002     4206.004     4208.006     4210.008
    50:     4214.010     4474.012     4479.014     4482.016     4680.018
    55:     4767.020     4772.022     4776.024     4778.026     4780.028
    60:     4785.030     4928.032     4944.034     5315.036     5328.038
    65:     5334.040     5475.042     5479.044     5482.046     5493.048
    70:     5497.050     5499.052     5566.054     5571.056     5582.058
    75:     6221.059     6227.060     6231.061     6233.062     6236.063
    80:     6238.064     6245.065     6248.066     6253.067     6288.067
    85:     6338.000     6338.000     6338.111     6338.112     6338.113
    90:     6338.114     6338.115     6338.116     6338.117     6338.118
    95:     6338.119     6338.120     6338.121     6338.122     6338.123
   100:     6338.124     6338.125     6338.126     6338.127     6338.128
   105:     6338.129     6338.130     6338.130     6338.000     6338.000
   110:     6338.001     6338.002     6338.003     6338.004     6338.005
   115:     6338.006     6338.007     6338.007     6338.000     6338.000
   120:     6338.163     6338.164     6338.165     6338.166     6338.167
   125:     6338.168     6338.169     6338.170     6338.171     6338.172
   130:     6338.173     6338.174     6338.175     6338.176     6338.177
   135:     6338.178     6338.179     6338.180     6338.181     6338.182
   140:     6338.183     6338.184     6338.185     6338.186     6338.187
   145:     6338.187     6338.000     6338.000     6961.001     6967.002
   150:     6969.003     6971.004     6975.005     7021.005     7071.000
   155:     7071.000     7494.001     7500.002     7560.003     7563.004
   160:     7566.005     7569.006     8029.007     8035.008     8041.009
   165:     8048.010     8089.010     8139.000     8139.000     8632.001
   170:     8635.002     8643.003     8646.004     8737.005     8747.006
   175:     8754.007     8797.007     8847.000     8847.000     9357.001
   180:     9361.002     9402.003     9406.004     9409.005     9411.006
   185:     9414.007     9462.007     9512.000     9512.000     9887.001
   190:     9900.002     9948.003     9952.004     9956.005    10146.006
   195:    10149.007    10152.008    10155.009    10158.010    10206.010
   200:    10256.000    10256.000    10801.001    10806.002    10862.002
   205:    10912.000    10912.000    11564.001    11569.002    11575.003
   210:    11588.004    11624.004    11674.000    11674.000    12251.001
   215:    12263.002    12311.002    12361.000    12361.000    12999.001
   220:    13006.002    13045.003    13049.004    13052.005    13059.005
   225:    13109.000    13109.000    13702.002    13708.004    13766.006
   230:    13769.008    13771.010    13774.012    13776.014    13784.016
   235:    13916.018    14106.020    14113.022    14119.024    14122.026
   240:    14126.028    14129.030    14453.032    14467.034    14525.036
   245:    14531.038    14534.040    14537.042    14542.044    14545.046
   250:    14681.048    14688.050    14697.052    14701.054    14705.056
   255:    14709.058    14713.060    14830.062    14836.064    14837.066
   260:    14838.068    14841.070    14844.072    14846.074    16196.001
   265:    16199.002    16208.003    16254.004    16257.005    16260.006
   270:    16324.007    16328.008    16331.009    16334.010    16384.010
   275:    16434.000    16434.000    16897.001    16952.002    17084.003
   280:    17090.004    17094.005    17101.006    17107.007    17144.007
   285:    17194.000
Y:
     0:        0.000      190.001      360.002      404.003      444.004
     5:      485.005      487.006      581.007      581.007      631.000
    10:      631.000      990.001     1058.002     1062.003     1104.004
    15:     1145.005     1152.006     1215.007     1222.008     1225.009
    20:     1227.010     1261.011     1269.012     1271.013     1274.014
    25:     1276.015     1327.016     1327.016     1377.000     1377.000
    30:     1788.001     1827.002     1887.003     1925.004     1968.005
    35:     1975.006     1979.007     2047.008     2055.009     2113.010
    40:     2114.010     2164.000     2164.000     2571.001     2604.002
    45:     2608.003     2673.004     2703.005     2715.006     2717.007
    50:     2721.008     2769.009     2773.010     2776.011     2780.012
    55:     2783.013     2786.014     2788.015     2791.016     2825.017
    60:     2828.018     2871.019     2871.019     2921.000     2921.000
    65:     3538.001     3645.002     3646.002     3696.000     3696.000
    70:     4101.001     4241.002     4246.003     4295.004     4302.005
    75:     4304.006     4306.007     4308.008     4310.009     4337.010
    80:     4339.011     4371.012     4376.013     4376.013     4426.000
    85:     4426.000     4838.001     4947.002     5013.003     5018.004
    90:     5021.005     5073.006     5076.007     5079.008     5138.009
    95:     5138.009     5188.000     5188.000     5726.001     5755.002
   100:     5759.003     5762.004     5802.005     5804.006     5807.007
   105:     5810.008     5845.009     5849.010     5851.011     5854.012
   110:     5858.013     5908.014     5908.014     5958.000     5958.000
   115:     6566.002     6569.004     6592.006     6596.008     6597.010
   120:     6602.012     6603.014     6605.016     6654.018     6658.020
   125:     6660.022     6665.024     6708.026     6715.028     6717.030
   130:     6720.032     6723.034     6759.036     6762.038     6765.040
   135:     6766.042     6824.044     6827.046     6835.048     6837.050
   140:     6839.052     6844.054     6849.056     6852.058     6884.060
   145:     6886.062     6889.064     6893.066     6906.068     6910.070
   150:     6912.072     6913.074     6916.076     6919.078     6972.080
   155:     6979.082     6981.084     6984.086     7023.088     7049.090
   160:     7051.092     7097.094     7105.096     7115.098     7127.100
   165:     7130.102     7204.104     7591.106     7663.108     7670.110
   170:     9917.001     9918.002     9921.003    10053.004    10057.005
   175:    10059.006    10062.007    10065.008    10099.009    10103.010
   180:    10163.011    10167.012    10170.013    10174.014    10211.015
   185:    10215.016    10218.017    10219.018    10221.019    10223.020
   190:    10225.021    10309.022    10309.022    10359.000    10359.000
   195:    10612.002    10655.004    10783.006    10845.008    10853.010
   200:    10857.012    10878.014    10881.016    10884.018    10886.020
   205:    10894.022    10898.024    10901.026    10949.028    10953.030
   210:    10955.032    10956.034    10960.036    10968.038    10972.040
   215:    10974.042    10977.044    11037.046    11041.048    11043.050
   220:    11047.052    11086.054    11091.056    11094.058    11101.060
   225:    11103.062    11124.064    11127.066    11128.068    11130.070
   230:    11135.072    11138.074    11167.076    11170.078    11172.080
   235:    11177.082    11219.084    11222.086    11223.088    11226.090
   240:    11230.092    11258.094    11261.096    11265.098    11268.100
   245:    11273.102    11276.104    11278.106    11280.108    11355.110
   250:    11360.112    11365.114    11369.116    11435.118    11614.120
   255:    11619.122    11621.124    11624.126    11627.128    11695.130
   260:    11697.132    11701.134    11730.136    11732.138    11734.140
   265:    11737.142    11804.144    11807.146    11981.148    12071.150
   270:    12079.152    12082.154    12083.156    12106.158    12109.160
   275:    12114.162    14003.001    14065.002    14070.003    14072.004
   280:    14074.005    14079.006    14113.007    14114.007    14164.000
   285:    14164.000    14651.001    14656.002    14659.003    14660.004
   290:    14709.005    14712.006    14715.007    14717.008    14783.009
   295:    14787.010    14791.011    14792.012    14795.013    14838.014
   300:    14840.015    14847.016    14847.016    14897.000    14897.000
   305:    15405.001    15407.002    15464.003    15468.004    15528.005
   310:    15534.006    15538.007    15541.008    15544.009    15546.010
   315:    15601.011    15601.011    15651.000    15651.000    16149.001
   320:    16188.002    16192.003    16195.004    16260.005    16263.006
   325:    16318.007    16321.008    16323.009    16326.010    16329.011
   330:    16334.012    16378.013    16378.013    16381.014    16428.000
   335:    16428.000    17051.001    17058.002    17118.003    17120.004
   340:    17123.005    17125.006    17205.007    17207.008    17210.009
   345:    17212.010    17217.011    17220.012    17264.013    17269.014
   350:    17322.015    17324.016    17330.017    17330.017    17380.000
   355:    17380.000    17970.001    17973.002    18023.003    18025.004
   360:    18028.005    18071.006    18071.006    18121.000    18121.000
   365:    18447.001    18515.002    18522.003    18525.004    18662.005
   370:    18666.006    18723.007    18727.008    18735.009    18738.010
   375:    18800.011    18800.011    18850.000    18850.000    19456.001
   380:    19463.002    19490.003    19493.004    19527.005    19527.005
   385:    19577.000    19577.000    20044.001    20049.002    20101.003
   390:    20106.004    20109.005    20153.006    20157.007    20160.008
   395:    20212.009    20212.009    20262.000    20262.000    20262.075
   400:    20262.076    20262.077    20262.078    20262.079    20262.080
   405:    20262.081    20262.082    20262.083    20262.084    20262.085
   410:    20262.086    20262.087    20262.088    20262.089    20262.090
   415:    20262.091    20262.092    20262.093    20262.094    20262.095
   420:    20262.096    20262.096    20262.000    20262.000    20700.001
   425:    20782.002    20816.003    20819.004    20822.005    20858.006
   430:    20862.007    20905.008    20905.008    20955.000    20955.000
