File: C:\MED-PC\Data\2018-06-05_10h54m_Subject M329.txt


Start Date: 06/05/18
End Date: 06/05/18
Subject: M329
Experiment: DOBLE_PICO_ACO
Group: EXP
Box: 9
Start Time: 10:54:14
End Time: 12:07:39
MSN: IF_ACO_MULTIPLE_PICO
A:     237.000
B:      20.000
D:      21.000
I:       2.000
J:   18000.000
K:    5400.000
M:       0.000
N:      20.000
O:      22.000
P:     495.000
Q:       0.000
T:    1000.000
V:     600.000
W:      20.000
Z:       0.000
C:
     0:        0.120        0.120        0.120        0.120        0.120
     5:        0.510       11.120       44.120       47.120       68.120
    10:      110.120      114.120      125.120      129.120      142.120
    15:      150.110      300.120      307.120      309.120      317.110
    20:      323.120      334.120      342.120      345.120      348.120
    25:      354.120      364.110      373.120      396.120      399.120
    30:      401.120      408.120      421.110      426.120      426.120
    35:      451.120      455.120      465.120      481.120      490.110
    40:      497.110      500.120      564.110      564.210      568.120
    45:      614.310      714.510      785.120      898.120      917.120
    50:      918.120      930.120      952.120      954.120      960.120
    55:      968.110      972.110      976.120      993.120      995.120
    60:     1002.120     1008.110     1013.110     1015.110     1018.110
    65:     1022.120     1048.120     1062.120     1066.120     1072.110
    70:     1076.110     1080.120     1124.120     1134.110     1141.120
    75:     1161.120     1167.120     1174.110     1177.110     1181.110
    80:     1183.110     1187.120     1242.120     1247.120     1259.110
    85:     1259.210     1262.120     1309.310     1409.510     1864.120
    90:     1865.120     1876.120     1877.120     1994.110     1994.210
    95:     1999.120     2044.310     2144.500     2314.120     2331.120
   100:     2333.120     2336.120     2343.120     2557.120     2558.120
   105:     2560.120     2567.120     2572.120     2583.120     2590.100
   110:     2595.120     2602.120     2615.120     2618.120     2628.120
   115:     2639.120     2660.120     2678.120     2689.120     2696.120
   120:     2705.100     2709.100     2713.100     2724.120     2737.120
   125:     2743.120     2750.120     2752.120     2765.200     2767.120
   130:     2767.120     2815.300     2915.500     3457.120     3466.100
   135:     3476.120     3484.120     3497.120     3509.120     3513.120
   140:     3514.120     3526.120     3526.200     3576.300     3676.510
   145:     4055.120     4056.120     4068.120     4223.110     4228.110
   150:     4232.120     4232.120     4285.120     4285.120     4297.120
   155:     4323.110     4323.210     4327.120     4373.310     4473.530
   160:     4757.120     4981.100     4986.100     4993.120     4997.120
   165:     5002.120     5020.120     5025.120     5040.120     5045.120
   170:     5047.120     5055.120     5058.120     5071.120     5072.120
   175:     5081.120     5084.120     5093.120     5114.100     5119.100
   180:     5121.100     5122.100     5125.100     5142.120     5148.120
   185:     5161.120     5166.120     5175.120     5201.120     5224.120
   190:     5228.120     5255.120     5291.100     5302.100     5309.100
   195:     5312.100     5314.100     5317.100     5321.100     5343.120
   200:     5361.120     5362.120     5385.120     5408.120     5410.120
   205:     5420.120     5425.120     5499.100     5513.120     5524.120
   210:     5529.120     5539.120     5545.120     5588.120     5597.120
   215:     5601.120     5610.120     5617.120     5627.120     5689.100
   220:     5692.100     5695.100     5698.100     5703.120     5712.120
   225:     5729.100     5732.100     5734.100     5736.100     5739.100
   230:     5747.120     5757.120     5757.120     5764.120     5786.120
   235:     5791.120     5796.120     5802.120     5810.120     5814.120
   240:     5821.120     5843.100     5850.100     5852.100     5854.100
   245:     5856.100     5857.100     5860.100     5862.100     5882.120
   250:     5901.120     5907.120     5934.120     5941.120     5997.100
   255:     6009.100     6030.100     6033.100     6036.100     6040.100
   260:     6045.100     6049.100     6071.120     6086.120     6091.120
   265:     6101.120     6110.120     6118.120     6178.120     6188.100
   270:     6203.100     6273.330     6373.510     6381.110     6386.110
   275:     6393.120     6526.120     6538.110     6541.110     6634.110
   280:     6639.110     6643.120     6776.120     6783.120     6795.110
   285:     6800.110     6804.110     6806.110     6810.120     6823.120
   290:     6834.110     6838.110     6843.120     6874.120     6880.110
   295:     6885.110     6887.110     6895.120     6908.120     6911.120
   300:     6921.120     6925.120     6939.110     6947.110     6951.110
   305:     6953.110     6955.110     6961.120     6974.120     6993.120
   310:     6998.110     7005.110     7005.210     7010.120     7055.310
   315:     7155.500     7267.120     7449.120     7503.100     7507.100
   320:     7511.100     7515.100     7518.120     7530.120     7548.100
   325:     7554.100     7559.120     7572.120     7579.120     7585.120
   330:     7593.120     7606.120     7611.120     7618.120     7621.120
   335:     7638.120     7638.120     7643.120     7656.100     7659.100
   340:     7661.100     7663.100     7666.100     7671.100     7690.120
   345:     7704.120     7705.120     7713.120     7729.120     7740.120
   350:     7744.120     7760.120     7776.100     7780.100     7783.100
   355:     7787.100     7790.100     7798.120     7811.120     7815.120
   360:     7817.120     7836.200     7838.120     7886.300     7986.510
   365:     8218.120     8438.110     8443.110     8448.120     8535.120
   370:     8539.120     8542.120     8548.110     8554.110     8556.110
   375:     8585.110     8588.110     8595.110     8599.110     8600.110
   380:     8604.110     8608.120     8661.120     8672.110     8672.210
   385:     8677.120     8722.310     8822.500     9167.120     9176.120
   390:     9206.100     9217.120     9220.120     9229.120     9234.120
   395:     9250.100     9259.100     9267.100     9274.120     9285.120
   400:     9293.120     9308.120     9318.120     9327.120     9332.120
   405:     9338.120     9353.120     9356.120     9362.120     9363.120
   410:     9365.120     9381.100     9387.100     9400.120     9404.120
   415:     9426.120     9431.120     9441.200     9445.120     9491.300
   420:     9581.120     9591.540     9871.120    10031.110    10039.120
   425:    10140.120    10156.110    10161.110    10165.120    10191.120
   430:    10203.110    10207.110    10211.110    10213.110    10217.120
   435:    10279.120    10282.120    10287.120    10293.110    10300.110
   440:    10302.110    10304.110    10311.120    10321.120    10326.120
   445:    10329.120    10331.120    10340.120    10353.110    10361.110
   450:    10366.110    10368.110    10371.110    10372.110    10378.120
   455:    10395.120    10407.120    10418.110    10421.110    10423.110
   460:    10425.110    10430.120    10446.120    10462.120    10466.120
   465:    10472.110    10478.110    10480.110    10483.110    10485.110
   470:    10487.110    10489.110    10493.120    10505.120    10510.120
   475:    10519.120    10536.110    10541.110    10543.110    10549.110
   480:    10551.110    10553.110    10555.110    10558.110    10560.110
   485:    10565.120    10568.120    10569.120    10584.120    10589.120
   490:    10590.120    10595.120    10617.110    10622.110    10625.110
   495:    10627.110    10631.110    10633.110    10636.110    10646.110
   500:    10649.110    10651.110    10653.110    10655.110    10660.120
   505:    10669.120    10671.120    10687.110    10691.110    10693.110
   510:    10696.110    10699.110    10704.120    10720.120    10749.110
   515:    10756.110    10757.110    10759.110    10761.110    10763.110
   520:    10766.110    10770.110    10772.110    10774.110    10777.110
   525:    10793.120    10802.110    10805.110    10814.120    10820.120
   530:    10821.120    10825.120    10844.110    10866.110    11073.110
   535:    11274.120    11280.120    11281.120    11289.110    11293.110
   540:    11295.110    11301.120    11391.340    11491.500    11502.120
   545:    11506.120    11511.120    11520.120    11716.120    11869.120
   550:    11880.120    11885.120    11892.120    11913.120    11923.120
   555:    11933.120    11954.120    11960.120    11980.120    11993.120
   560:    12004.120    12007.120    12021.120    12031.120    12040.100
   565:    12045.100    12048.100    12053.100    12056.100    12067.120
   570:    12075.120    12096.120    12100.200    12102.120    12150.300
   575:    12250.510    12378.120    12667.110    12671.110    12676.120
   580:    12739.120    12749.110    12756.120    12781.120    12788.120
   585:    12796.110    12799.110    12809.110    12811.110    12814.110
   590:    12817.120    12822.120    12830.120    12840.120    12846.120
   595:    12846.120    12856.110    12861.110    12865.110    12867.110
   600:    12870.120    12886.120    12893.120    12900.120    12902.120
   605:    12908.120    12918.110    12918.210    12922.120    12968.310
   610:    13068.500    13459.120    13471.120    13741.120    13745.120
   615:    13754.120    13766.100    13768.100    13784.120    13791.120
   620:    13796.120    13803.120    13820.120    13824.120    13826.200
   625:    13827.120    13876.300    13976.510    14181.120    14193.120
   630:    14330.120    14337.120    14655.120    14684.120    14694.120
   635:    14700.120    14710.120    14716.120    14726.120    14734.120
   640:    14746.120    14762.120    14773.120    14776.120    14786.120
   645:    14794.120    14799.120    14809.120    14816.120    14829.120
   650:    14840.110    14840.210    14845.120    14890.310    14990.500
   655:    15067.120    15447.120    15451.120    15466.120    15467.120
   660:    15514.100    15519.100    15525.100    15528.100    15530.100
   665:    15533.120    15537.120    15543.120    15545.120    15553.120
   670:    15557.120    15564.120    15570.120    15584.120    15633.100
   675:    15640.100    15642.100    15645.100    15657.120    15667.120
   680:    15671.120    15688.120    15692.120    15693.120    15693.200
   685:    15694.120    15743.300    15843.500    16178.120    16199.120
   690:    16310.100    16313.100    16383.100    16389.100    16398.120
   695:    16405.120    16409.120    16412.120    16422.120    16429.120
   700:    16435.120    16447.120    16449.200    16499.300    16599.510
   705:    16840.120    16873.120    16874.120    17051.110    17056.110
   710:    17060.120    17140.120    17143.120    17150.120    17158.110
   715:    17158.110    17164.110    17166.110    17217.120    17230.110
   720:    17230.210    17236.120    17280.310    17380.500    17576.120
   725:    17740.120    17873.100    17883.100    17886.100    17890.120
   730:    17893.120    17898.120    17901.120    17911.120    17914.120
   735:    17921.120    17931.120    17933.120    17946.120    17948.120
   740:    17953.120    17960.120    17964.120    17970.120    17978.120
   745:    17984.120    17992.120    18009.120    18025.100    18026.100
   750:    18030.100    18046.120    18065.120    18069.120    18072.120
   755:    18085.120    18085.200    18135.300    18235.510    18526.120
   760:    18536.120    18549.120    18554.120    18643.120    18744.120
   765:    18746.120    18753.120    18764.120    18771.120    18783.110
   770:    18793.110    18798.120    19012.120    19021.110    19021.210
   775:    19026.120    19071.310    19171.500    19221.120    19284.120
   780:    19551.100    19564.120    19575.120    19584.120    19592.120
   785:    19598.120    19616.120    19621.120    19624.120    19634.120
   790:    19651.120    19655.120    19659.120    19665.120    19673.120
   795:    19676.120    19682.120    19686.120    19686.120    19688.120
   800:    19703.120    19710.120    19720.100    19724.100    19726.100
   805:    19730.100    19751.120    19756.120    19756.120    19760.120
   810:    19773.120    19776.120    19780.200    19781.120    19830.300
   815:    19930.500    20099.120    20273.100    20284.100    20291.120
   820:    20293.120    20295.120    20297.120    20313.120    20315.120
   825:    20348.100    20360.120    20363.120    20364.120    20367.120
   830:    20381.120    20387.120    20401.120    20401.120    20406.120
   835:    20409.120    20421.100    20425.100    20431.100    20437.120
   840:    20439.120    20481.120    20493.120    20496.120    20505.120
   845:    20511.120    20517.120    20525.120    20532.120    20537.120
   850:    20549.120    20555.120    20561.120    20566.120    20575.120
   855:    20592.120    20599.120    20601.120    20610.100    20617.100
   860:    20621.100    20623.100    20626.100    20629.100    20632.100
   865:    20646.120    20652.120    20664.120    20670.200    20672.120
   870:    20720.300    20820.510    21054.120    21135.120    21379.120
   875:    21397.110    21400.110    21403.110    21405.110    21459.110
   880:    21459.210    21464.120    21509.310    21609.510    21693.120
   885:    21714.120    21744.110    22152.120    22168.110    22176.120
   890:    22197.120    22210.110    22215.110    22217.110    22220.110
   895:    22222.110    22225.110    22230.120    22238.120    22258.110
   900:    22258.210    22263.120    22308.310    22408.530    23126.120
   905:    23130.120    23140.120    23149.100    23155.100    23164.100
   910:    23172.120    23181.120    23188.120    23197.120    23215.120
   915:    23218.120    23223.120    23232.120    23237.120    23245.120
   920:    23258.120    23258.120    23271.120    23276.120    23280.120
   925:    23286.120    23286.120    23290.120    23291.120    23297.120
   930:    23307.100    23312.100    23314.100    23315.100    23317.100
   935:    23319.100    23339.120    23346.120    23351.120    23352.120
   940:    23353.120    23359.120    23359.120    23369.120    23372.120
   945:    23381.120    23389.120    23393.120    23395.120    23396.120
   950:    23399.120    23416.120    23421.120    23438.120    23442.120
   955:    23444.120    23445.120    23461.120    23471.120    23494.100
   960:    23550.120    23554.120    23565.120    23570.120    23594.120
   965:    23603.120    23609.120    23634.120    23644.120    23649.120
   970:    23662.100    23667.100    23676.100    23679.100    23682.100
   975:    23685.100    23690.100    23696.120    23713.120    23716.120
   980:    23728.120    23741.120    23747.120    23768.120    23791.120
   985:    24208.330    24308.510    24506.120    24509.120    24520.110
   990:    24524.110    24526.110    24529.110    24533.120    24545.120
   995:    24548.120    24554.120    24565.110    24576.110    24580.110
  1000:    24591.110    24594.110    24599.110    24604.120    24619.120
  1005:    24622.120    24634.110    24642.110    24645.110    24676.110
  1010:    24678.110    24680.110    24682.110    24684.110    24688.110
  1015:    24690.110    24695.120    24705.120    24720.110    24723.110
  1020:    24725.110    24728.110    24731.110    24736.120    24737.120
  1025:    24744.120    24749.120    24754.120    24756.120    24760.120
  1030:    24768.110    24770.110    24772.110    24774.110    24780.120
  1035:    24793.120    24806.120    24817.110    24819.110    24826.110
  1040:    24828.110    24829.110    24831.110    24835.110    24838.110
  1045:    24845.120    24854.120    24865.120    24870.120    24888.120
  1050:    24888.120    24901.110    24908.110    24911.110    24913.110
  1055:    24914.110    24917.110    24919.110    24922.110    24924.110
  1060:    24925.110    24927.110    24929.110    24931.110    24931.210
  1065:    24935.120    24981.310    25081.500    25265.120    25287.120
  1070:    25288.120    25576.120    25588.120    25599.120    25601.120
  1075:    25865.100    25869.100    25872.100    25879.100    25899.120
  1080:    25904.120    25911.120    25919.120    25925.200    25926.120
  1085:    25975.300    26075.540    26366.120    26383.120    26384.120
  1090:    26554.110    26561.110    26645.110    26659.110    26664.120
  1095:    26670.120    26687.120    26694.120    26699.120    26711.110
  1100:    26714.110    26717.110    26719.110    26728.120    26737.120
  1105:    26737.120    26740.120    26743.120    26745.120    26753.110
  1110:    26759.110    26761.110    26763.110    26767.110    26770.110
  1115:    26775.110    26778.110    26785.120    26790.120    26801.120
  1120:    26807.120    26810.120    26821.110    26825.110    26829.120
  1125:    26844.120    26851.120    26865.110    26870.110    26874.110
  1130:    26876.110    26878.110    26880.110    26883.110    26885.110
  1135:    26888.110    26891.110    26899.120    26904.120    26916.120
  1140:    26938.120    26942.120    26945.120    26950.110    26952.110
  1145:    26954.110    26957.110    26959.110    26962.110    26966.120
  1150:    26977.120    26990.120    26999.120    27008.120    27017.120
  1155:    27023.120    27028.120    27039.110    27045.110    27053.110
  1160:    27064.120    27074.120    27081.120    27095.120    27097.120
  1165:    27105.110    27108.110    27110.110    27112.110    27115.110
  1170:    27117.110    27119.110    27125.110    27129.120    27139.120
  1175:    27140.120    27169.110    27208.110    27212.110    27217.110
  1180:    27287.120    27294.110    27307.110    27310.110    27327.110
  1185:    27330.110    27333.110    27340.120    27351.120    27362.120
  1190:    27371.110    27373.110    27376.110    27378.110    27380.110
  1195:    27420.110    27746.110    27749.110    27763.120    27868.120
  1200:    27873.120    27875.340    27882.120    27890.120    27901.120
  1205:    27975.500    28021.120    28031.100    28098.100    28121.100
  1210:    28125.100    28277.120    28356.100    28385.100    28395.100
  1215:    28400.100    28404.100    28408.120    28416.120    28422.120
  1220:    28431.120    28437.120    28449.120    28457.120    28463.120
  1225:    28468.120    28473.120    28483.120    28490.120    28500.100
  1230:    28505.100    28508.100    28520.120    28529.120    28542.120
  1235:    28553.120    28559.120    28564.120    28567.120    28569.120
  1240:    28587.120    28601.120    28612.120    28618.120    28624.120
  1245:    28633.100    28639.100    28643.100    28649.100    28668.120
  1250:    28675.120    28682.120    28689.120    28693.200    28743.300
  1255:    28843.510    28959.120    29242.120    29291.120    29304.110
  1260:    29308.110    29310.110    29314.110    29317.110    29319.110
  1265:    29338.110    29343.110    29416.120    29425.110    29428.110
  1270:    29431.110    29434.120    29442.120    29444.120    29448.120
  1275:    29450.120    29462.110    29464.110    29464.210    29469.120
  1280:    29514.310    29614.510    29951.120    29964.120    29967.120
  1285:    30113.120    30150.120    30151.120    30163.110    30166.110
  1290:    30210.110    30213.110    30215.110    30218.110    30222.110
  1295:    30223.110    30225.110    30228.120    30234.120    30243.120
  1300:    30245.120    30257.120    30262.110    30262.210    30266.120
  1305:    30312.310    30412.500    30850.120    30875.120    30880.120
  1310:    30881.120    31071.120    31080.120    31084.120    31100.100
  1315:    31103.100    31107.100    31111.120    31117.120    31124.120
  1320:    31133.120    31146.120    31151.120    31154.120    31160.200
  1325:    31210.300    31310.510    31571.120    31579.120    31800.120
  1330:    31804.120    31806.120    31807.120    31814.110    31816.110
  1335:    31819.110    31823.120    31836.120    31855.110    31859.110
  1340:    31862.110    31865.110    31867.120    31879.120    31886.120
  1345:    31893.120    31903.110    31907.110    31909.110    31910.110
  1350:    31912.110    31916.110    31919.120    31920.120    31921.120
  1355:    31933.120    31939.110    31939.210    31943.120    31989.310
  1360:    32089.510    32300.120    32660.110    32664.110    32667.110
  1365:    32673.120    32687.120    32698.120    32705.110    32708.110
  1370:    32713.110    32713.210    32718.120    32763.310    32863.500
  1375:    33477.120    33483.120    33495.120    33495.120    33503.100
  1380:    33508.100    33516.120    33524.120    33535.120    33550.120
  1385:    33555.120    33559.120    33563.200    33613.300    33713.500
  1390:    33739.120    33969.120    33988.120    33996.120    34096.100
  1395:    34103.100    34110.100    34115.120    34122.120    34124.120
  1400:    34125.120    34131.120    34134.120    34149.120    34154.120
  1405:    34169.120    34173.120    34177.120    34182.120    34187.120
  1410:    34198.120    34200.120    34214.100    34221.100    34232.120
  1415:    34234.120    34237.120    34238.120    34240.120    34250.120
  1420:    34270.120    34273.120    34278.120    34280.120    34285.120
  1425:    34298.120    34311.120    34316.120    34339.120    34343.120
  1430:    34346.120    34349.120    34381.100    34387.100    34389.100
  1435:    34396.100    34407.120    34408.120    34416.120    34416.120
  1440:    34436.120    34441.200    34441.120    34442.120    34491.300
  1445:    34591.510    34881.120    34904.120    35310.120    35314.120
  1450:    35325.110    35325.210    35330.120    35375.310    35475.500
  1455:    36219.120    36221.120    36222.120    36231.120    36237.120
  1460:    36241.120    36243.120    36244.120    36256.120    36258.120
  1465:    36263.120    36274.120    36287.120    36298.120    36314.120
  1470:    36315.120    36329.100    36344.120    36346.120    36349.120
  1475:    36350.120    36359.120    36364.120    36382.120    36389.120
  1480:    36389.200    36439.300    36539.500    37042.120    37047.120
  1485:    37056.120    37069.100    37075.100    37080.100    37089.120
  1490:    37092.120    37103.120    37108.120    37113.120    37120.120
  1495:    37124.120    37134.120    37140.120    37140.200    37141.120
  1500:    37190.300    37290.510    37481.120    37502.120    37688.110
  1505:    37767.110    37768.110    37771.110    37775.110    37781.120
  1510:    37833.120    37842.110    37844.110    37848.110    37851.110
  1515:    37853.110    37857.120    37914.120    37925.110    37925.210
  1520:    37929.120    37975.310    38075.510    38395.120    38416.120
  1525:    38418.120    38489.120    38732.120    38774.110    38774.210
  1530:    38779.120    38824.310    38924.500    39051.120    39052.120
  1535:    39260.120    39267.100    39276.100    39288.120    39291.120
  1540:    39316.120    39323.120    39330.120    39344.120    39356.100
  1545:    39362.100    39382.120    39383.120    39403.120    39421.120
  1550:    39428.120    39440.120    39449.120    39465.120    39484.120
  1555:    39487.120    39487.120    39489.120    39491.120    39509.120
  1560:    39531.120    39536.120    39537.120    39540.120    39540.120
  1565:    39554.100    39559.100    39561.100    39565.100    39576.120
  1570:    39580.120    39590.120    39606.120    39609.120    39614.120
  1575:    39614.200    39664.300    39764.500    39965.120    39981.120
  1580:    40617.120    40625.120    40640.120    40645.120    40752.120
  1585:    40764.120    40769.120    40776.120    40788.120    40802.120
  1590:    40811.120    40813.120    40825.100    40841.120    40860.120
  1595:    40867.120    40873.120    40881.120    40885.200    40935.300
  1600:    41035.510    41037.120    41101.120    41378.120    41391.110
  1605:    41395.110    41496.110    41505.110    41509.110    41515.120
  1610:    41566.120    41575.110    41581.110    41585.110    41587.110
  1615:    41589.110    41591.110    41594.120    41597.120    41612.120
  1620:    41617.110    41621.110    41623.110    41625.110    41628.110
  1625:    41634.110    41636.110    41639.110    41644.120    41652.120
  1630:    41654.120    41654.120    41661.120    41668.110    41668.210
  1635:    41672.120    41718.310    41818.510    41967.120
E:
     0:     1639.000      238.000      423.000
F:
     0:       70.000       32.077       31.727
G:
     0:        1.000        1.000        1.000        1.000        1.000
     5:        1.000        1.000        1.000        1.000        0.000
H:
     0:        1.000        1.000        2.000        2.000
L:
     0:     6307.000     6211.000     6909.000     6294.000     6183.000
     5:     7682.000     7131.000     6154.000     7152.000     6182.000
    10:     7507.000     8535.000     7280.000     7578.000     7100.000
    15:     7375.000     9243.000     6113.000     6999.000    11309.000
R:
     0:        1.000        1.000        1.000        1.000        1.000
     5:        1.000        1.000        1.000        1.000        0.000
S:
     0:        1.000        1.000
U:
     0:     6211.000        1.000        0.000
X:
     0:        0.000      445.001      560.002      564.003      568.004
     5:      620.004      670.000      670.000     1221.001     1281.001
    10:     1331.000     1331.000     1839.002     1843.004     1972.006
    15:     1977.008     1978.010     1980.012     1983.014     2149.016
    20:     2159.018     2167.020     2170.022     2172.024     2175.026
    25:     2178.028     2356.030     2547.032     2550.034     2553.036
    30:     2556.038     2586.040     2590.042     2591.044     2594.046
    35:     2597.048     2700.050     2708.052     2710.054     2712.056
    40:     2714.058     2715.060     2718.062     2720.064     2855.066
    45:     2867.068     2887.070     2891.072     2894.074     2898.076
    50:     2903.078     2906.080     3045.082     3060.084     4361.001
    55:     4365.002     4369.003     4373.004     4406.005     4411.006
    60:     4514.007     4517.008     4518.009     4521.010     4524.011
    65:     4529.012     4634.013     4638.014     4640.015     4644.016
    70:     4648.017     4694.017     4744.000     4744.000     5127.001
    75:     5172.002     5181.003     5189.004     5303.005     5309.006
    80:     5363.006     5413.000     5413.000     5413.147     5413.148
    85:     5413.149     5413.150     5413.151     5413.151     5413.000
    90:     5413.000     6111.001     6113.002     6171.002     6221.000
    95:     6221.000     6744.001     6749.002     6755.003     6759.004
   100:     6760.005     6864.006     6870.007     6872.008     6875.009
   105:     6924.009     6974.000     6974.000     7440.001     7443.002
   110:     7513.003     7519.004     7579.004     7629.000     7629.000
   115:     8122.001     8131.002     8134.003     8274.004     8274.005
   120:     8279.006     8334.006     8384.000     8384.000     8763.001
   125:     8932.002     8936.003     8938.004     8942.005     8992.005
   130:     9042.000     9042.000     9385.001     9396.002     9460.003
   135:     9533.004     9537.005     9543.006     9722.007     9729.008
   140:     9733.009     9735.010     9738.011     9741.012     9744.013
   145:     9782.013     9832.000     9832.000    10572.002    10578.004
   150:    10587.006    10730.008    10735.010    10737.012    10738.014
   155:    10740.016    10742.018    10917.020    11086.022    11090.024
   160:    11099.026    11102.028    11106.030    11108.032    11113.034
   165:    13288.001    13292.002    13295.003    13302.004    13348.004
   170:    13398.000    13398.000    13398.127    13398.128    13398.129
   175:    13398.130    13398.131    13398.132    13398.133    13398.134
   180:    13398.135    13398.136    13398.137    13398.138    13398.139
   185:    13398.140    13398.141    13398.142    13398.142    13398.000
   190:    13398.000    14085.001    14088.002    14092.003    14145.003
   195:    14195.000    14195.000    14834.001    14839.002    14895.002
   200:    14945.000    14945.000    15327.001    15334.002    15341.003
   205:    15445.004    15452.005    15612.006    15618.007    15620.008
   210:    15627.009    15672.009    15722.000    15722.000    16576.001
   215:    16636.001    16686.000    16686.000    17215.001    17221.002
   220:    17227.003    17287.003    17337.000    17337.000    17680.001
   225:    17688.002    17769.003    17775.004    17966.005    17972.006
   230:    17974.007    17977.008    18026.008    18076.000    18076.000
   235:    19136.001    19196.001    19246.000
Y:
     0:        0.000      150.001      317.002      364.003      421.004
     5:      489.005      497.006      564.007      564.007      614.000
    10:      614.000      868.001      872.002      908.003      912.004
    15:      915.005      917.006      971.007      976.008     1033.009
    20:     1073.010     1076.011     1081.012     1083.013     1158.014
    25:     1158.014     1208.000     1208.000     1793.001     1793.001
    30:     1843.000     1843.000     2389.001     2394.002     2489.003
    35:     2489.003     2539.000     2539.000     2539.085     2539.086
    40:     2539.087     2539.088     2539.089     2539.090     2539.091
    45:     2539.092     2539.093     2539.094     2539.095     2539.096
    50:     2539.097     2539.098     2539.099     2539.100     2539.101
    55:     2539.102     2539.103     2539.104     2539.105     2539.106
    60:     2539.106     2539.000     2539.000     2991.001     2995.002
    65:     3100.003     3106.004     3108.005     3137.006     3140.007
    70:     3148.008     3151.009     3153.010     3156.011     3224.012
    75:     3224.012     3274.000     3274.000     3713.002     3838.004
    80:     3843.006     3885.008     3889.010     3893.012     3895.014
    85:     3975.016     3982.018     3984.020     3986.022     4035.024
    90:     4043.026     4048.028     4050.030     4053.032     4054.034
    95:     4100.036     4103.038     4105.040     4107.042     4154.044
   100:     4160.046     4162.048     4165.050     4167.052     4169.054
   105:     4171.056     4218.058     4223.060     4225.062     4231.064
   110:     4233.066     4235.068     4237.070     4240.072     4242.074
   115:     4299.076     4304.078     4307.080     4309.082     4313.084
   120:     4315.086     4318.088     4328.090     4331.092     4333.094
   125:     4335.096     4337.098     4369.100     4373.102     4375.104
   130:     4378.106     4381.108     4431.110     4438.112     4439.114
   135:     4441.116     4443.118     4445.120     4448.122     4452.124
   140:     4454.126     4456.128     4459.130     4484.132     4487.134
   145:     4526.136     4548.138     4755.140     4971.142     4975.144
   150:     4977.146     6349.001     6353.002     6431.003     6478.004
   155:     6481.005     6491.006     6493.007     6496.008     6538.009
   160:     6543.010     6547.011     6549.012     6600.013     6600.013
   165:     6650.000     6650.000     7514.001     7514.001     7564.000
   170:     7564.000     8015.001     8021.002     8122.003     8123.004
   175:     8128.005     8130.006     8195.007     8195.007     8245.000
   180:     8245.000     8793.001     8802.002     9031.003     9031.003
   185:     9081.000     9081.000     9657.001     9660.002     9663.003
   190:     9665.004     9719.005     9719.005     9769.000     9769.000
   195:     9903.001    10327.002    10370.003    10375.004    10377.005
   200:    10380.006    10382.007    10385.008    10418.009    10418.009
   205:    10468.000    10468.000    10468.035    10468.036    10468.037
   210:    10468.038    10468.039    10468.040    10468.041    10468.042
   215:    10468.043    10468.044    10468.045    10468.046    10468.047
   220:    10468.048    10468.049    10468.050    10468.051    10468.052
   225:    10468.053    10468.054    10468.055    10468.056    10468.057
   230:    10468.058    10468.059    10468.060    10468.061    10468.062
   235:    10468.063    10468.064    10468.065    10468.066    10468.067
   240:    10468.068    10468.069    10468.070    10468.071    10468.072
   245:    10468.073    10468.074    10468.075    10468.076    10468.077
   250:    10468.078    10468.079    10468.080    10468.081    10468.082
   255:    10468.083    10468.084    10468.084    10468.000    10468.000
   260:    10946.002    10953.004    11038.006    11052.008    11104.010
   265:    11107.012    11109.014    11111.016    11146.018    11151.020
   270:    11153.022    11156.024    11159.026    11163.028    11168.030
   275:    11171.032    11213.034    11218.036    11258.038    11263.040
   280:    11267.042    11269.044    11271.046    11272.048    11275.050
   285:    11278.052    11281.054    11284.056    11343.058    11345.060
   290:    11347.062    11350.064    11352.066    11355.068    11432.070
   295:    11438.072    11445.074    11498.076    11501.078    11503.080
   300:    11505.082    11508.084    11510.086    11512.088    11517.090
   305:    11562.092    11601.094    11605.096    11609.098    11687.100
   310:    11700.102    11703.104    11720.106    11723.108    11725.110
   315:    11764.112    11766.114    11769.116    11771.118    11773.120
   320:    11813.122    12139.124    12141.126    13696.001    13701.002
   325:    13703.003    13706.004    13710.005    13712.006    13730.007
   330:    13735.008    13818.009    13821.010    13824.011    13855.012
   335:    13857.013    13857.013    13907.000    13907.000    14455.001
   340:    14459.002    14502.003    14505.004    14507.005    14510.006
   345:    14514.007    14515.008    14517.009    14554.010    14554.010
   350:    14604.000    14604.000    15107.001    15110.002    15113.003
   355:    15148.004    15153.005    15156.006    15159.007    15197.008
   360:    15200.009    15202.010    15204.011    15206.012    15210.013
   365:    15232.014    15232.014    15282.000    15282.000    15853.001
   370:    15857.002    15860.003    15898.004    15900.005    15906.006
   375:    15906.006    15956.000    15956.000    16689.001    16689.001
   380:    16739.000    16739.000    17136.001    17215.002    17216.003
   385:    17219.004    17223.005    17290.006    17292.007    17296.008
   390:    17299.009    17301.010    17373.011    17373.011    17423.000
   395:    17423.000    18122.001    18122.001    18172.000    18172.000
   400:    18528.001    18532.002    18633.003    18642.004    18646.005
   405:    18711.006    18718.007    18722.008    18723.009    18726.010
   410:    18727.011    18754.012    18758.013    18760.014    18762.015
   415:    18765.016    18770.017    18773.018    18776.019    18805.020
   420:    18805.020    18855.000    18855.000
