File: C:\MED-PC\Data\2018-05-29_11h05m_Subject M330.txt


Start Date: 05/29/18
End Date: 05/29/18
Subject: M330
Experiment: DOBLE_PICO_ACO
Group: EXP
Box: 10
Start Time: 11:05:53
End Time: 12:19:22
MSN: IF_ACO_MULTIPLE_PICO
A:     283.000
B:      19.000
D:      20.000
I:       1.000
J:   18000.000
K:    5400.000
M:     158.000
N:      20.000
O:      20.000
P:     741.000
Q:       0.000
T:    1000.000
V:     600.000
W:      19.000
Z:       0.000
C:
     0:        0.120        0.120        0.120        0.120        0.120
     5:        0.120        0.120        0.120        0.120        0.120
    10:        0.120        0.120        0.120        0.120        0.120
    15:        0.120        0.120        0.120        0.120        0.120
    20:        0.120        0.120        0.120        0.120        0.120
    25:        0.120        0.120        0.120        0.120        0.120
    30:        0.120        0.120        0.120        0.120        0.120
    35:        0.120        0.120        0.120        0.120        0.120
    40:        0.120        0.510       34.120      113.120      139.110
    45:      180.120      207.110      219.110      233.120      259.120
    50:      267.110      275.110      278.110      284.110      299.110
    55:      303.110      310.110      322.120      326.120      355.120
    60:      370.110      377.110      378.110      384.110      394.110
    65:      399.110      415.120      420.120      448.110      462.110
    70:      465.110      467.110      472.110      478.110      480.110
    75:      483.110      486.110      542.110      542.210      546.120
    80:      592.310      692.510      840.120      841.120      865.120
    85:      867.120      869.120      872.120      874.120      876.120
    90:      878.120      879.120      881.120      904.120      928.120
    95:     1014.120     1016.120     1017.120     1045.120     1051.120
   100:     1078.120     1091.120     1101.110     1112.120     1114.120
   105:     1115.120     1117.120     1126.120     1128.120     1135.120
   110:     1148.120     1181.120     1211.120     1217.120     1220.120
   115:     1226.120     1229.120     1232.120     1260.120     1293.110
   120:     1293.210     1297.120     1343.310     1443.500     1489.120
   125:     1490.120     1498.120     1500.120     1501.120     1517.120
   130:     1519.120     1521.120     1525.120     1527.120     1529.120
   135:     1531.120     1542.120     1551.120     1583.120     1592.120
   140:     1624.120     1651.120     1665.120     1666.120     1702.100
   145:     1705.100     1710.100     1716.100     1723.120     1745.100
   150:     1755.100     1763.100     1787.120     1816.100     1820.100
   155:     1822.100     1826.100     1830.100     1835.100     1843.100
   160:     1851.120     1870.120     1890.100     1894.100     1896.100
   165:     1905.120     1919.120     1954.100     1957.100     1964.100
   170:     1969.120     1993.120     2000.120     2023.100     2027.100
   175:     2030.100     2050.100     2055.100     2065.100     2069.120
   180:     2079.120     2083.200     2133.300     2233.510     2283.120
   185:     2284.120     2310.120     2312.120     2314.120     2316.120
   190:     2322.120     2324.120     2340.120     2370.120     2371.120
   195:     2407.120     2448.120     2457.120     2461.120     2469.120
   200:     2472.120     2480.120     2508.120     2514.120     2517.120
   205:     2564.120     2591.120     2599.120     2635.120     2657.120
   210:     2665.120     2683.120     2689.120     2709.120     2716.120
   215:     2732.120     2736.120     2738.120     2760.120     2765.120
   220:     2783.110     2788.110     2831.120     2855.120     2863.110
   225:     2869.110     2873.110     2876.110     2918.110     2918.210
   230:     2923.120     2968.310     3068.500     3077.120     3113.120
   235:     3121.120     3129.120     3130.120     3153.120     3167.120
   240:     3173.120     3175.120     3181.120     3200.120     3202.120
   245:     3205.120     3211.120     3216.120     3231.120     3268.120
   250:     3280.120     3286.120     3314.120     3338.120     3352.120
   255:     3354.120     3372.120     3379.120     3425.120     3461.120
   260:     3486.120     3499.120     3505.120     3528.120     3537.120
   265:     3593.120     3640.100     3656.100     3662.100     3669.100
   270:     3678.100     3680.120     3700.200     3702.120     3750.300
   275:     3847.120     3850.500     3891.120     3894.120     3918.120
   280:     3924.120     3926.120     3927.120     3936.120     3941.120
   285:     3962.120     3968.120     3975.120     3979.120     3985.120
   290:     3990.120     3996.120     4023.120     4028.120     4030.120
   295:     4033.120     4071.120     4079.120     4081.120     4126.120
   300:     4136.120     4165.120     4167.120     4169.120     4201.120
   305:     4206.120     4246.120     4248.120     4268.120     4271.120
   310:     4299.120     4304.120     4355.120     4379.120     4405.120
   315:     4429.120     4432.120     4437.120     4480.100     4487.100
   320:     4495.120     4524.100     4536.100     4540.200     4546.120
   325:     4590.300     4690.510     4719.120     4751.120     4754.120
   330:     4755.120     4757.120     4891.120     5257.120     5279.110
   335:     5284.110     5287.110     5293.110     5296.110     5335.120
   340:     5367.110     5367.210     5371.120     5417.310     5517.510
   345:     5533.120     5554.120     5558.120     5559.120     5561.120
   350:     5565.120     5567.120     5840.120     5852.120     5854.120
   355:     5870.120     5879.120     5884.120     5904.120     5915.120
   360:     5951.110     5957.120     5980.120     5986.110     5992.110
   365:     5998.110     6025.110     6029.110     6043.110     6061.110
   370:     6062.110     6068.110     6071.110     6077.110     6088.110
   375:     6103.110     6122.110     6126.110     6128.110     6136.110
   380:     6144.110     6153.120     6177.110     6177.210     6182.120
   385:     6227.310     6327.500     6420.120     6456.120     6458.120
   390:     6462.120     6463.120     6473.120     6482.120     6487.120
   395:     6490.120     6496.120     6502.120     6504.120     6537.120
   400:     6548.120     6561.120     6574.120     6604.120     6608.120
   405:     6609.120     6611.120     6617.120     6623.120     6668.120
   410:     6677.120     6694.120     6701.120     6734.120     6739.120
   415:     6774.120     6777.120     6789.120     6811.120     6814.120
   420:     6817.120     6837.120     6843.120     6844.120     6846.120
   425:     6866.120     6872.120     6874.120     6887.120     6891.120
   430:     6893.120     6902.120     6952.120     6992.100     6998.120
   435:     7039.100     7043.100     7052.200     7053.100     7058.120
   440:     7102.300     7202.540     7208.120     7259.120     7261.120
   445:     7271.120     7272.120     7283.120     7286.120     7288.120
   450:     7305.120     7454.120     7463.120     7471.120     7473.120
   455:     7488.120     7555.120     7563.120     7564.120     7586.120
   460:     7594.120     7619.120     7626.120     7628.120     7678.120
   465:     7684.120     7686.120     7704.120     7711.120     7748.110
   470:     7754.110     7769.110     7779.120     7811.120     7816.110
   475:     7830.110     7844.110     7850.110     7855.110     7865.110
   480:     7867.110     7880.110     7894.120     7913.110     7932.110
   485:     7933.110     7934.110     7935.110     7936.110     7938.110
   490:     7957.110     7961.110     7967.110     7969.110     7976.120
   495:     7996.120     8015.110     8023.110     8026.110     8029.110
   500:     8036.110     8039.110     8041.110     8043.110     8053.110
   505:     8055.110     8061.110     8067.110     8070.110     8073.120
   510:     8094.120     8117.110     8182.110     8195.120     8201.120
   515:     8205.120     8207.120     8219.120     8227.120     8231.120
   520:     8240.120     8246.120     8247.120     8255.120     8263.120
   525:     8265.120     8267.120     8268.120     8310.120     8316.120
   530:     8328.120     8331.120     8362.120     8368.120     8386.120
   535:     8397.120     8438.110     8446.110     8451.120     8491.120
   540:     8531.120     8554.120     8559.120     8560.120     8562.120
   545:     8572.120     8601.120     8623.120     8629.120     8630.120
   550:     8654.120     8690.110     8702.110     8707.110     8712.110
   555:     8713.110     8717.110     8721.110     8756.110     8762.110
   560:     8768.110     8772.110     8779.110     8793.120     8795.120
   565:     8833.110     8842.110     8850.110     8856.110     8858.110
   570:     8860.110     8862.110     8864.110     8870.110     8872.110
   575:     8875.110     8881.110     8885.110     8891.110     8892.110
   580:     8896.110     8899.110     8910.110     8923.120     8951.110
   585:     8960.110     9002.340     9037.120     9044.120     9102.500
   590:     9142.120     9183.120     9190.120     9205.120     9208.120
   595:     9282.120     9296.100     9311.120     9352.120     9366.100
   600:     9376.120     9416.100     9421.100     9435.100     9440.100
   605:     9445.100     9447.100     9486.120     9528.120     9549.120
   610:     9571.100     9574.100     9577.100     9579.100     9581.100
   615:     9584.100     9586.120     9643.100     9655.100     9659.100
   620:     9665.100     9672.100     9680.100     9688.100     9696.100
   625:     9701.120     9703.200     9753.300     9840.120     9853.500
   630:     9865.120     9946.120    10001.120    10002.120    10011.120
   635:    10013.120    10021.120    10025.120    10027.120    10029.120
   640:    10031.120    10033.120    10038.120    10041.120    10043.120
   645:    10045.120    10146.120    10185.120    10191.120    10193.120
   650:    10254.120    10262.120    10263.120    10270.120    10274.120
   655:    10317.120    10325.120    10355.120    10360.120    10361.120
   660:    10424.100    10431.120    10458.100    10462.100    10467.100
   665:    10474.100    10480.100    10484.200    10484.100    10490.120
   670:    10534.300    10634.510    10750.120    10752.120    10799.120
   675:    10801.120    10803.120    10805.120    10806.120    10810.120
   680:    10812.120    10815.120    10816.120    11027.110    11068.110
   685:    11071.110    11090.110    11095.120    11100.120    11125.120
   690:    11133.110    11140.110    11143.110    11149.110    11159.110
   695:    11164.110    11173.110    11175.110    11201.110    11207.110
   700:    11209.110    11213.110    11238.120    11257.110    11286.110
   705:    11286.210    11291.120    11336.310    11436.510    11490.120
   710:    11528.120    11530.120    11532.120    11721.120    11752.120
   715:    11761.120    11808.120    11816.120    11860.120    11889.120
   720:    11895.120    11911.120    11932.120    11966.120    11983.120
   725:    11987.120    12008.120    12059.110    12065.110    12071.110
   730:    12075.110    12076.110    12080.110    12080.210    12084.120
   735:    12130.310    12189.120    12230.510    12233.120    12235.120
   740:    12237.120    12239.120    12241.120    12298.120    12303.120
   745:    12333.120    12334.120    12336.120    12344.120    12360.120
   750:    12363.120    12365.120    12367.120    12369.120    12371.120
   755:    12373.120    12382.120    12400.120    12444.120    12448.120
   760:    12450.120    12459.120    12465.120    12467.120    12469.120
   765:    12481.120    12483.120    12483.120    12494.120    12499.120
   770:    12502.120    12504.120    12509.120    12513.120    12534.120
   775:    12535.120    12539.120    12554.120    12557.120    12559.120
   780:    12561.120    12578.120    12608.120    12617.120    12641.120
   785:    12648.120    12655.120    12657.120    12689.120    12778.120
   790:    12787.120    12797.120    12818.110    12824.110    12827.110
   795:    12830.110    12835.110    12842.110    12845.110    12867.110
   800:    12868.110    12873.110    12873.210    12876.110    12879.120
   805:    12923.310    13017.120    13017.120    13023.500    13043.120
   810:    13054.120    13055.120    13056.120    13082.120    13132.120
   815:    13133.120    13134.120    13140.120    13287.120    13290.120
   820:    13293.120    13303.120    13305.120    13307.120    13311.120
   825:    13322.120    13332.120    13345.120    13347.120    13349.120
   830:    13407.120    13410.120    13433.120    13438.120    13440.120
   835:    13442.120    13443.120    13446.120    13448.120    13451.120
   840:    13507.120    13568.120    13610.120    13644.100    13650.100
   845:    13657.100    13660.100    13666.100    13672.100    13684.120
   850:    13704.200    13709.120    13754.300    13854.500    13855.120
   855:    13868.120    13902.120    13904.120    13906.120    13908.120
   860:    13910.120    13914.120    13919.120    13921.120    13926.120
   865:    13927.120    13929.120    13933.120    13935.120    13937.120
   870:    13939.120    13941.120    13942.120    13954.120    13955.120
   875:    13965.120    13967.120    13971.120    13972.120    13979.120
   880:    13981.120    13984.120    13989.120    14038.120    14040.120
   885:    14074.120    14120.120    14124.120    14128.120    14130.120
   890:    14132.120    14134.120    14136.120    14136.120    14142.120
   895:    14144.120    14145.120    14147.120    14205.120    14209.120
   900:    14211.120    14218.120    14220.120    14222.120    14224.120
   905:    14249.120    14258.120    14261.120    14263.120    14266.120
   910:    14268.120    14306.120    14313.120    14320.120    14323.120
   915:    14325.120    14327.120    14328.120    14333.120    14353.120
   920:    14359.120    14375.120    14381.120    14422.120    14436.120
   925:    14469.120    14477.120    14485.120    14551.120    14602.100
   930:    14610.100    14613.120    14662.200    14666.120    14712.300
   935:    14812.510    14893.120    14925.120    15339.110    15344.110
   940:    15353.110    15358.110    15364.120    15386.110    15392.110
   945:    15399.110    15404.110    15411.110    15421.120    15447.110
   950:    15459.110    15459.210    15464.120    15509.310    15609.500
   955:    15655.120    15657.120    15672.120    15707.120    15709.120
   960:    15711.120    15713.120    15715.120    15721.120    15723.120
   965:    15725.120    16320.100    16323.120    16349.100    16356.100
   970:    16358.100    16361.100    16371.120    16380.200    16430.300
   975:    16530.530    16558.120    16731.120    16734.120    16737.120
   980:    16740.120    16747.120    16758.120    16764.120    16768.120
   985:    16776.120    16789.120    16842.120    16878.120    16886.120
   990:    16888.120    16931.120    16983.120    16998.120    17001.120
   995:    17003.120    17029.120    17062.120    17101.120    17115.100
  1000:    17118.120    17143.100    17145.100    17195.100    17197.100
  1005:    17199.100    17204.100    17205.100    17210.100    17219.100
  1010:    17224.100    17229.100    17237.100    17240.120    17255.120
  1015:    17267.120    17285.100    17288.100    17290.100    17292.100
  1020:    17295.100    17299.100    17308.100    17315.100    17322.100
  1025:    17327.100    17332.120    17358.120    17365.100    17368.100
  1030:    17371.100    17373.100    17386.100    17395.100    17401.100
  1035:    17406.120    17440.100    17444.100    17449.120    17473.120
  1040:    17500.120    17546.120    17580.120    17589.120    17607.120
  1045:    17645.120    17680.120    17687.120    17700.120    17767.120
  1050:    17785.120    17800.120    17804.120    17836.120    17853.120
  1055:    17856.120    17884.120    17931.120    17938.120    17940.120
  1060:    17993.120    18004.120    18007.120    18077.120    18089.120
  1065:    18130.120    18171.120    18193.120    18196.120    18202.120
  1070:    18228.120    18324.120    18325.120    18330.330    18334.120
  1075:    18419.120    18430.510    18550.110    18574.120    18610.110
  1080:    18614.110    18624.110    18629.110    18634.110    18637.110
  1085:    18640.110    18647.110    18657.110    18659.110    18664.110
  1090:    18668.110    18675.110    18689.110    18693.110    18702.110
  1095:    18709.110    18713.110    18723.110    18741.110    18747.110
  1100:    18749.110    18770.110    18785.110    18791.110    18796.110
  1105:    18797.110    18798.110    18799.110    18801.110    18805.110
  1110:    18812.110    18832.110    18838.110    18843.110    18851.110
  1115:    18853.110    18854.110    18856.110    18867.110    18876.110
  1120:    18881.110    18887.110    18893.110    18933.110    18934.110
  1125:    18939.110    18949.110    18961.110    18969.120    18991.110
  1130:    19006.110    19011.110    19017.110    19025.120    19054.120
  1135:    19056.120    19062.110    19069.110    19076.110    19076.210
  1140:    19080.120    19126.310    19226.510    19272.120    19308.120
  1145:    19311.120    19313.120    19315.120    19326.120    19334.120
  1150:    19336.120    19356.120    19357.120    19360.120    19379.120
  1155:    19387.120    19419.120    19423.120    19425.120    19427.120
  1160:    19451.120    19453.120    19455.120    19457.120    19486.120
  1165:    19495.120    19552.120    19586.120    19588.120    19590.120
  1170:    19639.120    19646.120    19684.120    19688.120    19690.120
  1175:    19749.110    19755.110    19764.110    19774.110    19799.110
  1180:    19804.110    19808.110    19818.110    19823.110    19828.120
  1185:    19839.120    19854.110    19863.110    19866.110    19867.110
  1190:    19872.110    19872.210    19877.120    19922.310    20022.500
  1195:    20098.120    20099.120    20139.120    20140.120    20145.120
  1200:    20152.120    20154.120    20471.120    20480.120    20484.120
  1205:    20494.120    20499.120    20504.120    20514.120    20515.120
  1210:    20517.120    20518.120    20528.120    20535.120    20543.120
  1215:    20545.120    20588.100    20591.120    20629.100    20636.100
  1220:    20642.100    20648.200    20649.100    20654.120    20698.300
  1225:    20798.510    20815.120    20875.120    20876.120    20882.120
  1230:    21142.120    21154.120    21165.120    21167.120    21172.120
  1235:    21177.120    21193.120    21205.120    21216.120    21228.120
  1240:    21230.120    21247.120    21252.120    21280.120    21283.120
  1245:    21284.120    21386.120    21417.110    21435.110    21439.110
  1250:    21445.110    21445.210    21451.120    21495.310    21595.500
  1255:    21614.120    21656.120    21657.120    21665.120    21666.120
  1260:    21667.120    21669.120    21679.120    21679.120    21681.120
  1265:    21683.120    21684.120    21688.120    21704.120    21712.120
  1270:    21734.120    21747.120    21761.120    21763.120    21775.120
  1275:    21806.120    21807.120    21858.120    21860.120    21877.120
  1280:    21878.120    21881.120    21947.120    21975.120    21976.120
  1285:    21984.120    21986.120    21989.120    21992.120    21994.120
  1290:    21998.120    22001.120    22003.120    22004.120    22006.120
  1295:    22011.120    22013.120    22015.120    22027.120    22038.120
  1300:    22040.120    22042.120    22074.120    22079.120    22080.120
  1305:    22086.120    22089.120    22092.120    22103.120    22107.120
  1310:    22156.120    22181.100    22184.120    22225.100    22232.100
  1315:    22234.100    22241.200    22245.120    22291.300    22391.500
  1320:    22393.120    22431.120    22434.120    22440.120    22442.120
  1325:    22450.120    22451.120    22453.120    22461.120    22463.120
  1330:    22465.120    22470.120    22481.120    22486.120    22490.120
  1335:    22493.120    22502.120    22504.120    22518.120    22533.120
  1340:    22534.120    22547.120    22562.120    22564.120    22566.120
  1345:    22568.120    22570.120    22574.120    22575.120    22577.120
  1350:    22579.120    22601.120    22602.120    22606.120    22608.120
  1355:    22610.120    22638.120    22647.120    22677.120    22682.120
  1360:    22686.120    22688.120    22690.120    22807.120    22811.120
  1365:    22813.120    22815.120    22854.120    22856.120    22892.120
  1370:    22898.120    22902.120    22907.120    22914.120    22916.120
  1375:    22955.100    22959.120    22990.100    22996.100    23001.100
  1380:    23004.100    23007.100    23009.100    23015.200    23017.100
  1385:    23021.120    23065.300    23161.120    23165.500    23608.120
  1390:    23625.120    23637.120    23640.120    23643.120    23692.120
  1395:    23737.100    23743.100    23746.100    23758.100    23765.100
  1400:    23767.120    23793.100    23797.200    23801.120    23847.300
  1405:    23947.540    23953.120    23988.120    23993.120    23995.120
  1410:    23999.120    24000.120    24002.120    24004.120    24007.120
  1415:    24009.120    24010.120    24012.120    24014.120    24015.120
  1420:    24017.120    24019.120    24024.120    24024.120    24025.120
  1425:    24163.120    24175.120    24178.120    24192.120    24200.120
  1430:    24204.120    24206.120    24226.120    24232.120    24236.120
  1435:    24268.120    24273.120    24275.120    24282.120    24285.120
  1440:    24287.120    24326.120    24370.120    24374.120    24387.120
  1445:    24389.120    24391.120    24402.120    24405.120    24493.120
  1450:    24530.120    24542.110    24550.110    24555.110    24565.110
  1455:    24568.110    24578.120    24613.110    24618.110    24623.110
  1460:    24629.110    24634.110    24640.110    24646.110    24661.110
  1465:    24667.110    24674.110    24675.110    24680.110    24683.110
  1470:    24687.110    24701.110    24718.110    24727.110    24728.110
  1475:    24729.110    24730.110    24732.110    24742.110    24752.110
  1480:    24774.110    24780.110    24781.110    24782.110    24787.110
  1485:    24799.110    24805.120    24827.110    24835.110    24852.110
  1490:    24853.110    24862.110    24895.110    24901.110    24922.110
  1495:    24927.110    24929.110    24936.110    25032.110    25038.110
  1500:    25041.110    25051.110    25056.110    25077.110    25089.120
  1505:    25181.110    25186.110    25199.120    25230.120    25256.110
  1510:    25265.110    25274.120    25303.120    25312.110    25314.110
  1515:    25320.110    25327.110    25334.110    25336.110    25356.110
  1520:    25401.120    25417.120    25433.110    25439.110    25640.110
  1525:    25747.340    25847.510    25894.110    25904.110    26068.110
  1530:    26096.120    26148.110    26211.110    26219.110    26226.110
  1535:    26231.110    26280.120    26318.110    26323.110    26375.110
  1540:    26380.110    26386.110    26393.110    26398.110    26418.110
  1545:    26433.120    26447.120    26481.110    26485.110    26493.110
  1550:    26493.210    26498.120    26543.310    26643.500    26655.120
  1555:    26693.120    26733.120    26747.120    26764.120    26765.120
  1560:    26767.120    26769.120    26786.120    26787.120    26822.120
  1565:    26827.120    26829.120    26836.120    26838.120    26916.120
  1570:    26925.120    27014.120    27016.120    27018.120    27020.120
  1575:    27045.120    27120.120    27156.120    27183.100    27196.100
  1580:    27200.100    27205.100    27207.100    27219.100    27221.120
  1585:    27240.100    27243.200    27247.120    27293.300    27393.510
  1590:    27438.120    27465.120    27468.120    27469.120    27473.120
  1595:    27775.110    27788.110    27794.120    27804.120    27849.110
  1600:    27854.110    27858.110    27860.110    27907.110    27917.110
  1605:    27922.110    27926.110    27933.110    27939.110    27944.110
  1610:    27951.110    27969.110    27972.110    27976.110    27986.110
  1615:    27992.110    27996.110    28011.110    28015.110    28019.110
  1620:    28020.110    28021.110    28023.110    28027.110    28038.110
  1625:    28042.110    28054.110    28067.120    28090.110    28096.110
  1630:    28096.210    28101.120    28146.310    28246.510    28344.120
  1635:    28345.120    28380.120    28382.120    28871.120    28900.120
  1640:    28909.110    28917.110    28963.110    28968.110    28972.110
  1645:    28978.110    29000.110    29000.210    29004.120    29050.310
  1650:    29150.500    29241.120    29273.120    29334.120    29347.120
  1655:    29354.120    29387.120    29389.120    29398.120    29459.100
  1660:    29464.100    29488.120    29522.120    29536.120    29537.120
  1665:    29539.120    29544.120    29545.120    29556.120    29565.120
  1670:    29567.120    29620.120    29633.120    29636.120    29644.120
  1675:    29695.120    29705.120    29709.120    29713.120    29716.120
  1680:    29778.120    29801.120    29848.100    29856.120    29886.100
  1685:    29898.100    29906.100    29908.200    29909.100    29914.120
  1690:    29958.300    30058.510    30100.120    30151.120    30153.120
  1695:    30157.120    30159.120    30164.120    30165.120    30168.120
  1700:    30197.120    30202.120    30203.120    30205.120    30207.120
  1705:    30235.120    30307.120    30464.120    30469.120    30478.120
  1710:    30482.120    30487.120    30489.120    30491.120    30509.120
  1715:    30513.120    30517.120    30518.120    30522.120    30531.120
  1720:    30535.120    30536.120    30564.120    30568.120    30570.120
  1725:    30584.120    30588.120    30589.120    30594.120    30604.120
  1730:    30608.120    30697.110    30701.110    30703.110    30708.110
  1735:    30714.110    30720.110    30730.110    30741.120    30776.110
  1740:    30790.110    30794.110    30794.210    30799.120    30844.310
  1745:    30944.500    30997.120    31028.120    31030.120    31032.120
  1750:    31034.120    31036.120    31037.120    31039.120    31044.120
  1755:    31048.120    31052.120    31054.120    31341.120    31378.120
  1760:    31401.120    31448.100    31453.100    31461.100    31465.100
  1765:    31475.120    31507.100    31515.100    31517.100    31523.120
  1770:    31550.100    31553.100    31556.100    31566.100    31567.200
  1775:    31569.100    31573.120    31617.300    31622.120    31717.510
  1780:    31726.120    31891.120    31895.120    31908.120    31917.120
  1785:    31918.120    31921.120    31923.120    31958.120    31961.120
  1790:    31964.120    31966.120    31983.120    31985.120    31987.120
  1795:    32000.120    32001.120    32003.120    32005.120    32008.120
  1800:    32100.120    32110.120    32114.120    32155.120    32198.120
  1805:    32201.120    32258.120    32293.120    32318.120    32324.120
  1810:    32347.120    32381.120    32417.110    32423.110    32427.110
  1815:    32436.110    32441.110    32445.110    32451.110    32454.110
  1820:    32454.210    32458.120    32504.310    32604.500    32653.120
  1825:    32655.120    32673.120    32693.120    32787.120    32791.120
  1830:    32904.120    32907.120    32912.120    32918.120    32924.120
  1835:    32928.120    32930.120    32936.120    32940.120    32942.120
  1840:    32950.120    32953.120    32955.120    32962.120    32965.120
  1845:    32968.120    32970.120    32972.120    32977.120    32979.120
  1850:    32981.120    32983.120    33080.120    33085.120    33087.120
  1855:    33111.120    33115.120    33117.120    33151.120    33183.120
  1860:    33188.120    33224.100    33230.100    33233.100    33241.120
  1865:    33268.100    33284.200    33285.100    33288.100    33300.120
  1870:    33334.300    33434.500    33450.120    33486.120    33493.120
  1875:    33653.120    33659.120    33688.120    33700.120    33702.120
  1880:    33707.120    33708.120    33710.120    33712.120    33714.120
  1885:    33761.120    33793.100    33818.100    33822.100    33827.100
  1890:    33842.120    33856.120    33865.120    33869.120    33909.120
  1895:    33917.120    33919.120    33921.120    33970.120    33971.120
  1900:    33973.120    33975.120    34011.120    34017.120    34036.120
  1905:    34039.120    34041.120    34043.120    34056.120    34059.120
  1910:    34067.120    34110.120    34115.120    34119.120    34162.100
  1915:    34176.100    34183.100    34189.100    34199.120    34222.120
  1920:    34222.200    34272.300    34342.120    34372.530    34372.120
  1925:    34374.120    34381.120    34995.120    35030.100    35035.100
  1930:    35042.100    35053.120    35083.100    35085.100    35098.100
  1935:    35104.100    35108.100    35112.100    35124.120    35140.120
  1940:    35162.100    35167.100    35173.100    35179.100    35188.100
  1945:    35191.100    35200.100    35208.120    35231.120    35239.120
  1950:    35272.120    35307.100    35318.100    35328.100    35331.100
  1955:    35333.100    35338.120    35386.100    35388.100    35556.120
  1960:    35572.120    35575.120    35584.120    36063.100    36067.120
  1965:    36102.100    36106.100    36109.100    36117.100    36126.120
  1970:    36158.100    36165.100    36171.100    36172.330    36172.100
  1975:    36197.120    36233.120    36253.120    36257.120    36263.120
  1980:    36272.510    36279.110    36425.110    36440.120    36691.110
  1985:    36695.110    36699.110    36721.110    36732.120    36756.110
  1990:    36765.110    36769.110    36773.110    36792.110    36794.110
  1995:    36816.110    36821.110    36823.110    36830.110    36833.110
  2000:    36838.110    36839.110    36842.110    36848.110    36851.110
  2005:    36864.120    36877.110    36879.110    36884.110    36891.110
  2010:    36896.110    36898.110    36909.110    36920.110    36941.110
  2015:    36945.110    36946.110    36947.110    36948.110    36965.110
  2020:    36976.110    36998.110    37003.110    37005.110    37006.110
  2025:    37007.110    37012.110    37012.210    37019.120    37062.310
  2030:    37162.510    37188.120    37220.120    37222.120    37224.120
  2035:    37230.120    37237.120    37239.120    37241.120    37243.120
  2040:    37257.120    37536.120    37605.120    37651.110    37658.110
  2045:    37707.110    37717.110    37720.110    37725.110    37739.120
  2050:    37782.110    37782.210    37787.120    37832.310    37932.500
  2055:    37962.120    37963.120    37998.120    38012.120    38053.120
  2060:    38068.120    38079.120    38083.120    38085.120    38087.120
  2065:    38088.120    38090.120    38102.120    38112.120    38116.120
  2070:    38128.120    38132.120    38135.120    38148.120    38150.120
  2075:    38185.120    38186.120    38189.120    38191.120    38232.120
  2080:    38236.120    38238.120    38241.120    38242.120    38271.120
  2085:    38276.120    38292.120    38294.120    38294.120    38296.120
  2090:    38298.120    38333.120    38339.120    38341.120    38350.120
  2095:    38352.120    38355.120    38416.120    38457.100    38464.100
  2100:    38467.100    38470.100    38480.100    38486.100    38493.120
  2105:    38512.120    38525.100    38529.100    38530.100    38538.100
  2110:    38540.200    38546.120    38590.300    38690.510    38751.120
  2115:    38776.120    38785.120    38928.120    38939.120    38946.120
  2120:    38954.120    38956.120    38960.120    38962.120    39144.110
  2125:    39148.110    39225.120    39237.120    39281.110    39290.110
  2130:    39300.120    39324.120    39338.110    39338.210    39343.120
  2135:    39388.310    39488.540    39521.120    39576.120    39578.120
  2140:    39580.120    39583.120    39585.120    39586.120    39587.120
  2145:    39590.120    39591.120    39647.120    39655.120    39656.120
  2150:    39674.120    39676.120    39681.120    39686.120    39690.120
  2155:    39692.120    39699.120    39703.120    39705.120    39708.120
  2160:    39711.120    39713.120    39747.120    39758.120    39760.120
  2165:    39762.120    39764.120    39797.120    39803.120    39805.120
  2170:    39808.120    39810.120    39812.120    39858.120    39862.120
  2175:    39864.120    39866.120    39881.120    39886.120    39888.120
  2180:    39889.120    39902.120    39910.120    39912.120    39916.120
  2185:    39923.120    39941.120    39944.120    39946.120    39948.120
  2190:    39950.120    39981.120    39983.120    40019.110    40027.110
  2195:    40030.110    40044.120    40080.110    40096.110    40100.110
  2200:    40103.110    40107.110    40108.110    40116.110    40134.110
  2205:    40142.120    40153.110    40160.110    40162.110    40163.110
  2210:    40170.110    40177.110    40182.110    40188.110    40200.110
  2215:    40208.110    40210.110    40212.110    40221.110    40226.110
  2220:    40230.110    40253.110    40259.110    40263.110    40276.110
  2225:    40283.110    40284.110    40285.110    40298.110    40302.110
  2230:    40304.110    40305.110    40306.110    40311.110    40313.110
  2235:    40318.110    40344.110    40346.110    40352.110    40353.110
  2240:    40355.110    40363.110    40372.120    40394.110    40403.110
  2245:    40412.110    40418.110    40426.110    40441.110    40467.110
  2250:    40471.110    40474.110    40478.110    40491.110    40495.110
  2255:    40504.120    40527.120    40537.110    40541.110    40553.110
  2260:    40558.110    40570.110    40586.110    40597.110    40600.110
  2265:    40604.120    41108.110    41112.110    41126.110    41153.120
  2270:    41169.110    41173.110    41180.110    41185.110    41187.110
  2275:    41196.110    41207.110    41232.110    41288.340    41388.500
  2280:    41639.120    41654.120    41677.120    41679.120    41687.120
  2285:    41768.100    41853.100
E:
     0:     2287.000      278.000      588.000
F:
     0:       70.000       32.378       32.098
G:
     0:        1.000        1.000        1.000        1.000        1.000
     5:        1.000        1.000        1.000        1.000        0.000
H:
     0:        1.000        1.000        2.000        2.000
L:
     0:     6505.000     6422.000     6998.000     7353.000     6107.000
     5:     6407.000     6905.000     8184.000     7807.000     6356.000
    10:     6559.000     6343.000     6413.000     6102.000     7683.000
    15:     6321.000     6895.000     7980.000     6182.000
R:
     0:        1.000        1.000        1.000        1.000        1.000
     5:        1.000        1.000        1.000        1.000        0.000
S:
     0:        1.000        0.000
U:
     0:     6107.000        4.000      717.000
X:
     0:        0.000      259.001      262.002      266.003      273.004
     5:      301.005      312.006      320.007      373.008      376.009
    10:      379.010      382.011      387.012      391.013      399.014
    15:      447.015      451.016      453.017      511.018      513.019
    20:      520.020      580.021      583.022      587.023      607.024
    25:      611.025      622.026      640.026      690.000      690.000
    30:     1262.001     1278.002     1284.003     1291.004     1300.005
    35:     1322.005     1372.000     1372.000     2001.001     2009.002
    40:     2045.003     2057.004     2061.004     2111.000     2111.000
    45:     2776.001     2823.002     2827.003     2836.003     2836.004
    50:     2886.000     2886.000     2886.143     2886.144     2886.145
    55:     2886.146     2886.147     2886.148     2886.149     2886.150
    60:     2886.151     2886.152     2886.153     2886.154     2886.155
    65:     2886.156     2886.157     2886.158     2886.159     2886.160
    70:     2886.161     2886.162     2886.163     2886.164     2886.164
    75:     2886.000     2886.000     2886.001     2886.002     2886.003
    80:     2886.004     2886.005     2886.006     2886.006     2886.007
    85:     2886.000     2886.000     3506.001     3512.002     3519.003
    90:     3522.004     3528.005     3534.006     3566.006     3616.000
    95:     3616.000     4364.001     4372.002     4424.002     4474.000
   100:     4474.000     5184.001     5213.002     5221.003     5223.004
   105:     5226.005     5244.005     5294.000     5294.000     5879.002
   110:     5907.004     5909.006     5958.008     5961.010     5963.012
   115:     5968.014     5969.016     5974.018     5983.020     5988.022
   120:     5993.024     6000.026     6049.028     6052.030     6054.032
   125:     6055.034     6059.036     6063.038     6071.040     6079.042
   130:     6086.044     6091.046     6129.048     6132.050     6135.052
   135:     6137.054     6150.056     6158.058     6165.060     6204.062
   140:     6208.064     9352.001     9393.002     9400.003     9406.004
   145:     9412.004     9412.005     9462.000     9462.000    10047.001
   150:    10091.002    10098.003    10100.004    10107.004    10157.000
   155:    10157.000    10721.001    10755.002    10761.003    10766.004
   160:    10770.005    10772.006    10775.007    10781.007    10782.008
   165:    10831.000    10831.000    11402.001    11408.002    11411.003
   170:    11423.004    11430.005    11458.006    11462.006    11512.000
   175:    11512.000    12052.001    12065.002    12069.003    12074.004
   180:    12076.005    12087.006    12109.007    12112.007    12162.000
   185:    12162.000    12471.001    12475.002    12860.003    12897.004
   190:    12910.005    12917.006    12920.006    12921.007    12970.000
   195:    12970.000    13473.001    13478.002    13486.003    13490.004
   200:    13532.005    13540.006    13542.007    13575.008    13578.009
   205:    13581.010    13591.011    13592.011    13594.012    13642.000
   210:    13642.000    14261.001    14267.002    14270.003    14305.004
   215:    14321.004    14323.005    14326.006    14371.000    14371.000
   220:    14729.001    14755.002    14758.003    14764.004    15098.005
   225:    15113.006    15120.007    15126.008    15159.008    15209.000
   230:    15209.000    15867.002    15872.004    15879.006    15920.008
   235:    15922.010    15935.012    15941.014    15945.016    15949.018
   240:    15999.020    16004.022    16010.024    16016.026    16025.028
   245:    16028.030    16036.032    16144.034    16155.036    16165.038
   250:    16168.040    16170.042    16222.044    16225.046    16900.048
   255:    16939.050    16943.052    16946.054    16953.056    16994.058
   260:    17001.060    17008.062    17009.063    19294.001    19300.002
   265:    19304.003    19307.004    19317.005    19323.006    19362.007
   270:    19366.008    19366.009    19375.010    19377.010    19427.000
   275:    19427.000    19427.157    19427.158
Y:
     0:        0.000      139.001      207.002      219.003      267.004
     5:      275.005      278.006      284.007      299.008      303.009
    10:      310.010      369.011      376.012      378.013      384.014
    15:      394.015      399.016      448.017      462.018      465.019
    20:      467.020      472.021      478.022      480.023      483.024
    25:      486.025      542.026      542.026      592.000      592.000
    30:     1000.001     1192.002     1192.002     1242.000     1242.000
    35:     1791.001     1796.002     1871.003     1877.004     1881.005
    40:     1884.006     1926.007     1926.007     1976.000     1976.000
    45:     2565.001     2570.002     2573.003     2579.004     2582.005
    50:     2653.006     2653.006     2703.000     2703.000     3136.001
    55:     3171.002     3178.003     3183.004     3210.005     3215.006
    60:     3229.007     3247.008     3248.009     3253.010     3257.011
    65:     3263.012     3274.013     3289.014     3307.015     3311.016
    70:     3314.017     3321.018     3329.019     3362.020     3363.020
    75:     3413.000     3413.000     3958.002     3964.004     3979.006
    80:     4026.008     4040.010     4054.012     4060.014     4065.016
    85:     4075.018     4077.020     4090.022     4123.024     4142.026
    90:     4143.028     4144.030     4145.032     4146.034     4148.036
    95:     4167.038     4171.040     4177.042     4179.044     4225.046
   100:     4233.048     4236.050     4239.052     4246.054     4249.056
   105:     4252.058     4253.060     4263.062     4266.064     4271.066
   110:     4277.068     4280.070     4327.072     4392.074     4648.076
   115:     4656.078     4901.080     4912.082     4917.084     4922.086
   120:     4923.088     4927.090     4931.092     4966.094     4972.096
   125:     4978.098     4983.100     4989.102     5043.104     5052.106
   130:     5060.108     5066.110     5069.112     5070.114     5072.116
   135:     5074.118     5080.120     5083.122     5085.124     5091.126
   140:     5095.128     5101.130     5103.132     5106.134     5109.136
   145:     5120.138     5161.140     5170.142     7237.001     7279.002
   150:     7282.003     7300.004     7344.005     7350.006     7353.007
   155:     7359.008     7369.009     7374.010     7383.011     7385.012
   160:     7411.013     7417.014     7420.015     7423.016     7468.017
   165:     7496.018     7496.018     7546.000     7546.000     8169.001
   170:     8175.002     8181.003     8185.004     8186.005     8190.006
   175:     8190.006     8240.000     8240.000     8827.001     8833.002
   180:     8837.003     8839.004     8844.005     8852.006     8855.007
   185:     8876.008     8877.009     8883.010     8883.010     8885.011
   190:     8933.000     8933.000     9459.001     9464.002     9473.003
   195:     9478.004     9506.005     9512.006     9519.007     9524.008
   200:     9531.009     9567.010     9579.011     9579.011     9629.000
   205:     9629.000     9629.065     9629.066     9629.067     9629.068
   210:     9629.069     9629.070     9629.071     9629.072     9629.073
   215:     9629.074     9629.075     9629.076     9629.077     9629.078
   220:     9629.079     9629.080     9629.081     9629.082     9629.083
   225:     9629.084     9629.085     9629.086     9629.087     9629.088
   230:     9629.089     9629.090     9629.091     9629.092     9629.093
   235:     9629.094     9629.095     9629.096     9629.097     9629.098
   240:     9629.099     9629.100     9629.101     9629.102     9629.103
   245:     9629.104     9629.105     9629.106     9629.107     9629.108
   250:     9629.109     9629.110     9629.111     9629.112     9629.113
   255:     9629.114     9629.115     9629.116     9629.117     9629.118
   260:     9629.119     9629.120     9629.121     9629.121     9629.000
   265:     9629.000     9629.001     9629.002     9629.003     9629.004
   270:     9629.005     9629.006     9629.007     9629.008     9629.009
   275:     9629.010     9629.011     9629.012     9629.013     9629.014
   280:     9629.014     9629.000     9629.000    10247.001    10265.002
   285:    10269.003    10276.004    10276.004    10326.000    10326.000
   290:    10921.002    10929.004    10934.006    10944.008    10947.010
   295:    10992.012    10996.014    11002.016    11008.018    11013.020
   300:    11019.022    11025.024    11040.026    11046.028    11053.030
   305:    11054.032    11058.034    11062.036    11066.038    11080.040
   310:    11097.042    11106.044    11107.046    11108.048    11109.050
   315:    11110.052    11121.054    11131.056    11153.058    11159.060
   320:    11160.062    11161.064    11166.066    11177.068    11206.070
   325:    11214.072    11230.074    11232.076    11241.078    11274.080
   330:    11280.082    11301.084    11306.086    11308.088    11315.090
   335:    11410.092    11416.094    11419.096    11430.098    11434.100
   340:    11456.102    11560.104    11565.106    11635.108    11644.110
   345:    11691.112    11693.114    11699.116    11705.118    11712.120
   350:    11714.122    11735.124    11812.126    11818.128    12019.130
   355:    12273.131    12283.132    12446.133    12527.134    12590.135
   360:    12598.136    12605.137    12610.138    12697.139    12701.140
   365:    12753.141    12759.142    12765.143    12772.144    12776.145
   370:    12797.146    12860.147    12864.148    12871.149    12871.149
   375:    12921.000    12921.000    13302.001    13315.002    13377.003
   380:    13381.004    13386.005    13388.006    13435.007    13444.008
   385:    13449.009    13454.010    13460.011    13467.012    13471.013
   390:    13479.014    13497.015    13500.016    13504.017    13514.018
   395:    13519.019    13524.020    13539.021    13543.022    13547.023
   400:    13548.024    13549.025    13550.026    13555.027    13565.028
   405:    13570.029    13581.030    13617.031    13623.032    13624.032
   410:    13674.000    13674.000    14337.001    14345.002    14391.003
   415:    14396.004    14400.005    14405.006    14428.007    14428.007
   420:    14478.000    14478.000    15116.001    15120.002    15122.003
   425:    15127.004    15133.005    15139.006    15149.007    15195.008
   430:    15209.009    15213.010    15214.010    15264.000    15264.000
   435:    15964.001    15970.002    15974.003    15983.004    15988.005
   440:    15992.006    15998.007    16001.008    16001.008    16051.000
   445:    16051.000    16051.064    16051.065    16051.066    16051.067
   450:    16051.068    16051.069    16051.070    16051.071    16051.072
   455:    16051.073    16051.074    16051.075    16051.076    16051.077
   460:    16051.078    16051.079    16051.080    16051.081    16051.082
   465:    16051.083    16051.084    16051.085    16051.086    16051.087
   470:    16051.088    16051.089    16051.090    16051.091    16051.092
   475:    16051.093    16051.094    16051.095    16051.096    16051.097
   480:    16051.098    16051.099    16051.100    16051.101    16051.102
   485:    16051.103    16051.104    16051.105    16051.106    16051.106
   490:    16051.000    16051.000    16051.001    16051.002    16051.003
   495:    16051.004    16051.005    16051.006    16051.007    16051.007
   500:    16051.000    16051.000    16504.001    16509.002    16642.003
   505:    16650.004    16698.005    16698.005    16748.000    16748.000
   510:    17278.002    17286.004    17289.006    17340.008    17356.010
   515:    17360.012    17363.014    17366.016    17368.018    17375.020
   520:    17393.022    17412.024    17420.026    17421.028    17423.030
   525:    17430.032    17437.034    17442.036    17448.038    17460.040
   530:    17468.042    17469.044    17472.046    17481.048    17486.050
   535:    17489.052    17513.054    17519.056    17522.058    17535.060
   540:    17542.062    17543.064    17545.066    17557.068    17562.070
   545:    17564.072    17565.074    17566.076    17570.078    17573.080
   550:    17577.082    17603.084    17606.086    17612.088    17613.090
   555:    17614.092    17623.094    17654.096    17663.098    17672.100
   560:    17678.102    17686.104    17700.106    17726.108    17731.110
   565:    17734.112    17737.114    17751.116    17755.118    17797.120
   570:    17801.122    17813.124    17817.126    17830.128    17846.130
   575:    17857.132    17860.134    18368.136    18372.138    18386.140
   580:    18428.142    18433.144    18440.146    18444.148    18447.150
   585:    18456.152    18467.154    18492.156
