File: C:\MED-PC\Data\2018-06-05_09h35m_Subject M326.txt


Start Date: 06/05/18
End Date: 06/05/18
Subject: M326
Experiment: DOBLE_PICO_ACO
Group: EXP
Box: 9
Start Time: 09:35:53
End Time: 10:49:10
MSN: IF_ACO_MULTIPLE_PICO
A:     152.000
B:      20.000
D:      19.000
I:       2.000
J:   18000.000
K:    5400.000
M:       0.000
N:      20.000
O:      20.000
P:     622.000
Q:       0.000
T:    1000.000
V:     600.000
W:      20.000
Z:       0.000
C:
     0:        0.120        0.120        0.120        0.120        0.120
     5:        0.120        0.120        0.120        0.120        0.120
    10:        0.120        0.120        0.120        0.120        0.120
    15:        0.120        0.510       44.120       64.110       68.120
    20:      161.110      176.110      184.120      213.120      247.110
    25:      260.110      269.110      274.110      281.110      294.110
    30:      304.110      310.110      314.110      319.120      352.120
    35:      354.120      365.120      389.110      401.110      426.120
    40:      478.110      480.110      482.110      490.120      514.120
    45:      539.110      548.110      548.210      551.110      552.110
    50:      561.120      598.310      698.500      729.120      786.120
    55:      805.120      836.120      840.120     1197.100     1204.100
    60:     1208.120     1325.100     1331.100     1332.100     1335.120
    65:     1385.200     1435.300     1524.120     1535.510     1620.120
    70:     1671.120     1792.120     1801.120     1833.120     2146.120
    75:     2167.110     2172.120     2194.110     2206.110     2213.110
    80:     2223.110     2229.110     2232.110     2242.120     2272.120
    85:     2288.110     2288.210     2292.120     2338.310     2438.500
    90:     2560.120     2624.120     2672.120     2682.120     2904.120
    95:     2943.100     2950.120     2993.100     3001.100     3002.120
   100:     3053.200     3103.300     3203.540     3367.120     3496.120
   105:     3530.120     3597.110     3665.110     3756.110     3758.110
   110:     3767.110     3773.120     3808.120     3853.110     3863.110
   115:     3871.110     3881.110     3883.110     3892.110     3893.110
   120:     3897.110     3909.110     3917.120     3953.110     3968.110
   125:     3970.110     3977.110     3981.110     3995.120     4052.110
   130:     4053.110     4055.110     4061.110     4064.110     4071.110
   135:     4080.120     4166.120     4187.110     4196.110     4198.110
   140:     4200.110     4206.110     4212.110     4217.110     4226.110
   145:     4227.110     4237.110     4240.120     4429.110     4437.120
   150:     4628.110     4635.120     4691.120     4695.120     4715.110
   155:     4723.110     4725.110     4727.110     4739.110     4748.110
   160:     4762.110     5003.340     5042.120     5059.120     5061.120
   165:     5093.120     5103.510     5201.120     5223.120     5312.110
   170:     5318.110     5325.120     5399.120     5425.110     5432.110
   175:     5440.110     5449.110     5458.110     5471.110     5480.110
   180:     5484.110     5499.120     5511.110     5531.110     5533.110
   185:     5534.110     5545.110     5550.110     5618.110     5631.110
   190:     5633.110     5635.110     5642.110     5655.110     5658.110
   195:     5668.110     5724.110     5738.110     5750.110     5753.110
   200:     5756.110     5791.110     5799.110     5801.110     5801.210
   205:     5806.120     5851.310     5951.510     6047.120     6048.120
   210:     6118.120     6149.120     6382.110     6389.120     6482.120
   215:     6508.110     6523.110     6530.110     6541.110     6551.120
   220:     6600.110     6604.110     6621.110     6623.110     6634.110
   225:     6650.110     6650.210     6655.120     6700.310     6800.500
   230:     6926.120     6994.120     6995.120     7088.100     7089.100
   235:     7098.120     7192.100     7199.120     7304.100     7311.100
   240:     7313.120     7381.120     7413.120     7427.100     7437.100
   245:     7439.120     7487.200     7537.300     7637.500     7732.120
   250:     7802.120     7803.120     8076.120     8099.100     8114.120
   255:     8146.100     8153.100     8156.120     8222.120     8244.100
   260:     8251.100     8254.120     8304.200     8354.300     8454.500
   265:     8553.120     8612.120     8841.120     8859.100     8867.120
   270:     8922.100     8929.100     8930.120     9020.100     9028.120
   275:     9080.200     9130.300     9230.510     9274.120     9319.120
   280:     9470.120     9495.120     9524.120     9600.120     9686.120
   285:     9726.110     9736.110     9744.110     9755.110     9760.110
   290:     9763.110     9770.110     9774.120     9792.120     9809.110
   295:     9815.110     9823.110     9829.110     9831.110     9838.110
   300:     9846.110     9860.110     9871.120     9871.120     9915.110
   305:     9918.110     9927.110     9947.110     9947.210     9952.120
   310:     9997.310    10097.510    10221.120    10264.120    10624.120
   315:    10628.120    10704.120    10737.110    10737.210    10742.110
   320:    10747.120    10787.310    10887.500    11001.120    11077.120
   325:    11232.120    11232.120    11368.100    11389.120    11472.100
   330:    11481.120    11532.200    11582.300    11682.510    11704.120
   335:    11740.120    11783.120    11794.120    11800.120    11809.120
   340:    11810.120    11826.110    11833.120    11839.120    11848.120
   345:    11865.120    11896.110    11904.110    11963.110    11972.110
   350:    12052.120    12084.120    12135.110    12139.120    12199.110
   355:    12205.110    12214.110    12221.110    12240.120    12268.120
   360:    12276.110    12282.110    12285.110    12288.110    12290.110
   365:    12293.110    12295.110    12342.110    12342.210    12347.120
   370:    12392.310    12492.510    12607.120    13014.120    13035.110
   375:    13059.110    13087.110    13092.120    13105.110    13110.110
   380:    13120.110    13120.210    13125.120    13170.310    13270.500
   385:    13349.120    13655.120    13673.100    13688.120    13809.100
   390:    13816.120    13924.120    13937.100    13952.120    13997.200
   395:    14047.300    14147.500    14197.120    14467.120    14494.100
   400:    14520.100    14528.120    14602.100    14603.100    14609.120
   405:    14694.120    14708.100    14722.120    14768.200    14818.300
   410:    14822.120    14918.510    14964.120    15013.120    15535.110
   415:    15542.110    15553.110    15553.210    15557.120    15603.310
   420:    15703.500    15803.120    15837.120    15983.120    16028.120
   425:    16049.100    16056.100    16059.120    16118.100    16127.120
   430:    16183.120    16192.100    16207.120    16307.120    16316.100
   435:    16357.100    16369.120    16376.200    16426.300    16526.540
   440:    16618.120    17200.120    17207.110    17214.110    17228.110
   445:    17236.110    17246.110    17259.110    17274.110    17281.110
   450:    17286.120    17299.110    17304.110    17313.110    17326.110
   455:    17328.110    17331.110    17338.110    17345.110    17355.110
   460:    17366.110    17380.120    17430.110    17436.110    17438.110
   465:    17454.120    17472.120    17485.120    17509.110    17517.110
   470:    17559.110    17561.110    17569.110    17571.110    17591.110
   475:    17606.110    17613.110    17626.110    17655.110    17659.110
   480:    17668.110    17678.120    18074.110    18088.110    18097.120
   485:    18131.110    18141.110    18151.110    18157.110    18172.110
   490:    18182.110    18192.110    18217.120    18238.120    18278.110
   495:    18295.110    18300.110    18309.110    18318.110    18321.110
   500:    18326.340    18361.120    18426.530    18714.100    18725.120
   505:    18786.100    18793.100    18794.120    18874.100    18884.100
   510:    18886.120    18891.120    18979.100    18980.100    18986.100
   515:    18988.120    19132.120    19159.100    19167.100    19169.100
   520:    19173.120    19322.100    19330.100    19347.100    19354.120
   525:    19416.120    19435.100    19448.100    19452.100    19456.120
   530:    19619.100    19901.120    19922.100    19975.100    20007.100
   535:    20015.100    20020.120    20133.100    20143.100    20149.120
   540:    20225.120    20226.330    20326.510    20505.110    20515.120
   545:    20551.110    20567.110    20573.120    20595.110    20627.110
   550:    20640.110    20649.110    20655.110    20665.110    20683.110
   555:    20687.120    20707.110    20723.110    20728.110    20736.110
   560:    20740.110    20746.110    20752.110    20766.110    20768.110
   565:    20782.110    20790.110    20799.110    20806.120    20840.110
   570:    20852.110    20856.110    20866.110    20878.110    20889.110
   575:    20891.110    20898.120    20931.110    20941.120    20952.120
   580:    21128.110    21128.210    21131.120    21178.310    21278.500
   585:    21370.120    21412.120    21469.120    21661.120    21686.100
   590:    21689.100    21716.120    21734.100    21748.120    21781.100
   595:    21789.100    21791.120    21851.100    21859.100    21860.120
   600:    21911.200    21961.300    22061.510    22137.120    22233.120
   605:    22257.120    22262.120    22571.110    22581.110    22588.120
   610:    22609.110    22621.110    22630.110    22641.110    22648.110
   615:    22657.110    22667.110    22680.110    22688.110    22688.210
   620:    22694.120    22738.310    22838.500    22927.120    22981.120
   625:    23280.100    23289.120    23320.100    23327.120    23389.100
   630:    23396.100    23398.120    23449.200    23499.300    23599.510
   635:    23670.120    23737.120    23737.120    23756.110    23810.110
   640:    23816.120    23872.110    23892.110    23910.120    23943.120
   645:    23944.120    23963.110    23972.110    23979.110    23990.110
   650:    24005.110    24016.110    24029.110    24047.110    24053.120
   655:    24074.110    24083.110    24088.110    24094.110    24100.110
   660:    24105.110    24116.110    24128.110    24133.110    24143.110
   665:    24150.110    24150.110    24161.110    24166.110    24168.110
   670:    24184.110    24196.110    24210.110    24211.110    24217.110
   675:    24229.110    24229.210    24235.120    24279.310    24379.500
   680:    24452.120    24976.100    24985.120    25036.200    25086.300
   685:    25186.500    25245.120    25435.120    25571.120    25639.100
   690:    25646.120    25744.100    25754.120    25804.200    25854.300
   695:    25954.510    26037.120    26193.120    26281.120    26281.120
   700:    26329.110    26434.110    26448.110    26458.110    26483.110
   705:    26493.110    26509.110    26521.110    26529.120    26559.110
   710:    26568.110    26585.110    26585.210    26589.120    26635.310
   715:    26735.510    26838.120    27146.120    27154.120    27173.110
   720:    27185.110    27202.110    27211.110    27224.110    27239.110
   725:    27253.110    27263.110    27272.110    27276.110    27285.110
   730:    27301.110    27303.110    27314.110    27338.110    27351.110
   735:    27357.110    27359.110    27367.110    27376.110    27387.110
   740:    27403.110    27410.110    27412.110    27418.110    27423.110
   745:    27429.120    27499.110    27499.210    27502.120    27549.310
   750:    27649.510    27695.120    27761.120    27794.110    27828.110
   755:    27835.120    27895.110    27915.110    27920.110    27932.110
   760:    27939.110    27947.120    27973.110    27979.110    27987.110
   765:    27999.110    28010.110    28013.110    28016.110    28021.110
   770:    28023.110    28032.120    28073.120    28099.110    28109.110
   775:    28122.110    28125.110    28127.110    28135.110    28184.110
   780:    28193.110    28200.110    28209.110    28217.120    28283.110
   785:    28289.110    28291.110    28296.110    28299.110    28315.110
   790:    28328.110    28331.110    28335.110    28340.110    28368.110
   795:    28368.210    28373.120    28418.310    28518.500    28545.120
   800:    28591.120    28621.120    28919.120    28966.120    29063.100
   805:    29123.200    29135.120    29173.300    29273.530    29337.120
   810:    29386.120    29644.100    29667.120    29772.100    29781.120
   815:    29878.100    29888.120    29965.120    29979.100    29990.120
   820:    30164.100    30172.100    30177.120    30293.120    30829.100
   825:    30844.100    30853.100    30907.100    30919.120    31029.120
   830:    31038.100    31053.120    31073.330    31107.120    31173.510
   835:    31218.110    31225.120    31354.120    31367.110    31383.110
   840:    31391.110    31404.110    31413.110    31430.110    31440.110
   845:    31452.110    31457.120    31483.110    31494.110    31502.110
   850:    31519.110    31540.110    31568.110    31580.110    31605.110
   855:    31614.110    31631.110    31639.110    31659.110    31667.120
   860:    31698.110    31711.110    31733.110    31753.110    31759.110
   865:    31774.110    31788.110    31792.110    31824.110    31836.110
   870:    31847.110    31850.110    31857.110    32015.120    32039.110
   875:    32039.210    32043.120    32089.310    32189.500    32271.120
   880:    32334.120    32497.120    32656.120    32674.120    32681.120
   885:    32702.100    32723.120    32769.120    32796.120    32803.100
   890:    32812.120    32863.200    32913.300    33013.510    33064.120
   895:    33115.120    33218.110    33231.110    33240.120    33403.120
   900:    33418.110    33427.110    33439.110    33455.110    33475.110
   905:    33491.110    33492.110    33499.110    33504.120    33526.120
   910:    33547.110    33557.110    33562.110    33565.110    33572.110
   915:    33582.110    33597.110    33628.110    33637.110    33653.110
   920:    33662.110    33666.110    33671.110    33684.110    33693.110
   925:    33695.110    33702.110    33714.110    33714.210    33719.120
   930:    33764.310    33864.500    33952.120    33995.120    34288.100
   935:    34295.120    34331.100    34339.120    34435.100    34442.100
   940:    34444.120    34495.200    34545.300    34645.510    34677.120
   945:    34832.120    34867.120    34883.120    34884.120    34888.120
   950:    34890.120    34896.120    34898.120    34920.110    34940.110
   955:    34947.110    34966.110    34970.120    35018.110    35026.110
   960:    35036.110    35047.110    35059.110    35068.110    35081.110
   965:    35089.110    35099.110    35103.120    35188.120    35204.110
   970:    35230.110    35246.110    35255.110    35269.110    35277.110
   975:    35282.120    35335.120    35343.110    35343.210    35346.120
   980:    35393.310    35493.500    35588.120    35664.120    36331.100
   985:    36345.120    36391.200    36441.300    36541.540    36617.120
   990:    36654.120    36717.120    36751.120    36926.110    36934.120
   995:    36981.110    36985.110    36998.110    37010.110    37019.110
  1000:    37023.120    37049.120    37094.110    37108.110    37128.110
  1005:    37141.110    37143.110    37146.110    37147.110    37165.110
  1010:    37178.110    37179.110    37187.110    37193.120    37204.120
  1015:    37210.120    37228.110    37241.110    37253.110    37264.110
  1020:    37283.110    37294.110    37297.110    37303.110    37314.110
  1025:    37330.110    37338.110    37373.110    37376.110    37384.110
  1030:    37389.110    37398.120    37433.120    37434.120    37442.110
  1035:    37454.110    37481.120    37806.110    37820.110    37832.110
  1040:    37842.110    37862.110    37866.120    38144.110    38152.120
  1045:    38185.120    38225.120    38247.120    38272.110    38279.120
  1050:    38332.120    38341.340    38441.500    38563.100    38571.100
  1055:    38575.120    38660.100    38670.120    38753.120    38771.100
  1060:    38780.100    38782.120    38931.120    38987.120    39002.120
  1065:    39007.120    39025.120    39074.100    39075.100    39084.120
  1070:    39134.200    39137.120    39184.300    39284.500    39381.120
  1075:    39448.120    39495.120    39513.120    39681.120    39708.100
  1080:    39714.100    39716.120    39778.120    39788.100    39797.100
  1085:    39802.100    39804.120    39931.100    39939.100    39942.120
  1090:    39991.200    40041.300    40141.500    40233.120    40292.120
  1095:    40465.120    40485.120    40527.120    40552.100    40571.120
  1100:    40572.120    40606.100    40610.100    40618.120    40678.100
  1105:    40684.100    40690.100    40693.120    40744.200    40794.300
  1110:    40894.510    41028.120    41080.120    41566.110    41566.210
  1115:    41571.120    41616.310    41716.510    41870.120
E:
     0:     1119.000      177.000      546.000
F:
     0:       70.000       25.057       39.087
G:
     0:        1.000        1.000        1.000        1.000        1.000
     5:        1.000        1.000        1.000        1.000        0.000
H:
     0:        1.000        1.000        2.000        2.000
L:
     0:     6971.000     6250.000     6964.000     6770.000     6365.000
     5:     6547.000     7370.000     6307.000     6836.000     6426.000
    10:     6206.000     6670.000     6280.000     6146.000     6844.000
    15:     6401.000     9086.000     7029.000     7172.000     6128.000
R:
     0:        1.000        1.000        1.000        1.000        1.000
     5:        1.000        1.000        1.000        1.000        0.000
S:
     0:        1.000        1.000
U:
     0:     6770.000        3.000        0.000
X:
     0:        0.000      498.001      505.002      627.003      633.004
     5:      633.005      687.005      737.000      737.000     1241.001
    10:     1291.002     1299.003     1352.003     1402.000     1402.000
    15:     1689.001     1690.002     1793.003     1905.004     1913.005
    20:     2028.006     2039.007     2088.007     2138.000     2138.000
    25:     2600.001     2647.002     2653.003     2744.004     2752.005
    30:     2805.005     2855.000     2855.000     3260.001     3323.002
    35:     3330.003     3421.004     3481.004     3531.000     3531.000
    40:     4011.001     4115.002     4175.002     4225.000     4225.000
    45:     4627.001     4763.002     4891.003     4952.003     5002.000
    50:     5002.000     5348.001     5375.002     5457.003     5457.004
    55:     5562.005     5622.005     5672.000     5672.000     6018.001
    60:     6025.002     6087.003     6161.004     6285.005     6326.006
    65:     6345.006     6395.000     6395.000     6395.100     6395.102
    70:     6395.104     6395.106     6395.108     6395.110     6395.112
    75:     6395.114     6395.116     6395.118     6395.120     6395.122
    80:     6395.124     6395.126     6395.128     6395.130     6395.132
    85:     6395.134     6395.136     6395.138     6395.140     6395.142
    90:     6395.144     6395.146     6802.001     6805.002     6850.003
    95:     6898.004     6906.005     6967.006     6976.007     7027.007
   100:     7077.000     7077.000     7518.001     7558.002     7627.003
   105:     7634.004     7687.004     7737.000     7737.000     8333.001
   110:     8394.001     8444.000     8444.000     8897.001     9001.002
   115:     9062.002     9112.000     9112.000     9656.001     9716.001
   120:     9766.000     9766.000    10137.002    10264.004    10370.006
   125:    10471.008    10656.010    10665.012    11322.014    11336.016
   130:    11345.018    11399.020    11531.022    13195.001    13296.002
   135:    13356.002    13406.000    13406.000    13829.001    13872.002
   140:    13976.003    13983.004    14036.004    14086.000    14086.000
   145:    14924.001    14984.001    15034.000    15034.000    15034.083
   150:    15034.084    15034.085    15034.086    15034.087    15034.088
   155:    15034.089    15034.089    15034.000    15034.000    15034.001
   160:    15034.002    15034.003    15034.004    15034.005    15034.006
   165:    15034.007    15034.007    15034.000    15034.000    15034.001
   170:    15034.002    15034.003    15034.004    15034.005    15034.006
   175:    15034.006    15034.000
Y:
     0:        0.000       63.001      161.002      176.003      247.004
     5:      260.005      269.006      274.007      281.008      294.009
    10:      304.010      310.011      314.012      389.013      401.014
    15:      478.015      480.016      482.017      539.018      548.019
    20:      548.019      551.020      552.021      598.000      598.000
    25:     1229.001     1256.002     1268.003     1275.004     1286.005
    30:     1292.006     1294.007     1351.008     1351.008     1401.000
    35:     1401.000     1794.002     1862.004     1953.006     1955.008
    40:     1964.010     2050.012     2060.014     2068.016     2078.018
    45:     2080.020     2089.022     2090.024     2094.026     2106.028
    50:     2150.030     2165.032     2167.034     2174.036     2178.038
    55:     2249.040     2250.042     2252.044     2258.046     2261.048
    60:     2268.050     2384.052     2393.054     2395.056     2397.058
    65:     2403.060     2409.062     2414.064     2423.066     2424.068
    70:     2434.070     2626.072     2825.074     2912.076     2920.078
    75:     2922.080     2924.082     2936.084     2945.086     2959.088
    80:     3509.089     3515.090     3622.091     3629.092     3637.093
    85:     3646.094     3655.095     3668.096     3677.097     3681.098
    90:     3708.099     3728.100     3730.101     3731.102     3742.103
    95:     3747.104     3815.105     3828.106     3830.107     3832.108
   100:     3839.109     3852.110     3855.111     3865.112     3921.113
   105:     3935.114     3947.115     3950.116     3953.117     3988.118
   110:     3996.119     3998.120     3998.120     4048.000     4048.000
   115:     4478.001     4604.002     4620.003     4626.004     4637.005
   120:     4696.006     4700.007     4717.008     4720.009     4730.010
   125:     4747.011     4747.011     4797.000     4797.000     5293.001
   130:     5303.002     5310.003     5321.004     5327.005     5329.006
   135:     5337.007     5375.008     5381.009     5390.010     5396.011
   140:     5398.012     5404.013     5413.014     5427.015     5481.016
   145:     5484.017     5493.018     5513.019     5513.019     5563.000
   150:     5563.000     6203.001     6203.001     6207.002     6253.000
   155:     6253.000     6397.001     6466.002     6474.003     6533.004
   160:     6542.005     6705.006     6770.007     6776.008     6784.009
   165:     6792.010     6847.011     6852.012     6856.013     6858.014
   170:     6861.015     6864.016     6866.017     6913.018     6913.018
   175:     6963.000     6963.000     7506.001     7529.002     7557.003
   180:     7575.004     7580.005     7590.006     7590.006     7640.000
   185:     7640.000     8257.001     8264.002     8275.003     8275.003
   190:     8325.000     8325.000     9006.002     9013.004     9027.006
   195:     9034.008     9044.010     9057.012     9072.014     9080.016
   200:     9097.018     9103.020     9111.022     9124.024     9126.026
   205:     9129.028     9137.030     9143.032     9153.034     9164.036
   210:     9228.038     9234.040     9237.042     9308.044     9316.046
   215:     9357.048     9360.050     9367.052     9370.054     9389.056
   220:     9404.058     9411.060     9425.062     9453.064     9457.066
   225:     9466.068     9873.070     9886.072     9929.074     9939.076
   230:     9949.078     9956.080     9970.082     9981.084     9990.086
   235:    10076.088    10094.090    10098.092    10107.094    10117.096
   240:    10120.098    12304.147    12349.148    12366.149    12394.150
   245:    12425.151    12438.152    12447.153    12453.154    12464.155
   250:    12481.156    12505.157    12521.158    12526.159    12535.160
   255:    12538.161    12545.162    12550.163    12564.164    12567.165
   260:    12581.166    12588.167    12597.168    12638.169    12650.170
   265:    12655.171    12665.172    12676.173    12687.174    12689.175
   270:    12730.176    12926.177    12926.177    12976.000    12976.000
   275:    13486.001    13496.002    13524.003    13536.004    13545.005
   280:    13556.006    13563.007    13572.008    13582.009    13595.010
   285:    13603.011    13603.011    13653.000    13653.000    13810.001
   290:    13863.002    13925.003    13946.004    14017.005    14026.006
   295:    14033.007    14043.008    14058.009    14069.010    14082.011
   300:    14100.012    14128.013    14136.014    14141.015    14148.016
   305:    14153.017    14159.018    14169.019    14181.020    14186.021
   310:    14197.022    14203.023    14204.024    14214.025    14220.026
   315:    14221.027    14237.028    14250.029    14263.030    14265.031
   320:    14271.032    14282.033    14282.033    14332.000    14332.000
   325:    14707.001    14812.002    14826.003    14835.004    14861.005
   330:    14871.006    14887.007    14899.008    14936.009    14945.010
   335:    14963.011    14963.011    15013.000    15013.000    15451.001
   340:    15462.002    15479.003    15489.004    15502.005    15516.006
   345:    15531.007    15541.008    15549.009    15554.010    15563.011
   350:    15578.012    15581.013    15591.014    15616.015    15629.016
   355:    15634.017    15636.018    15644.019    15653.020    15664.021
   360:    15681.022    15688.023    15690.024    15696.025    15701.026
   365:    15776.027    15777.027    15827.000    15827.000    15971.001
   370:    16006.002    16073.003    16092.004    16097.005    16109.006
   375:    16116.007    16150.008    16156.009    16165.010    16177.011
   380:    16187.012    16191.013    16194.014    16198.015    16201.016
   385:    16276.017    16287.018    16300.019    16302.020    16304.021
   390:    16313.022    16361.023    16370.024    16378.025    16387.026
   395:    16461.027    16467.028    16468.029    16474.030    16476.031
   400:    16492.032    16505.033    16508.034    16512.035    16518.036
   405:    16546.037    16546.037    16596.000    16596.000    16596.023
   410:    16596.024    16596.025    16596.026    16596.027    16596.028
   415:    16596.029    16596.030    16596.031    16596.032    16596.033
   420:    16596.034    16596.035    16596.036    16596.037    16596.038
   425:    16596.039    16596.040    16596.041    16596.042    16596.043
   430:    16596.044    16596.045    16596.046    16596.047    16596.048
   435:    16596.049    16596.050    16596.051    16596.052    16596.053
   440:    16596.054    16596.055    16596.056    16596.057    16596.057
   445:    16596.000    16596.000    16800.001    16813.002    17000.003
   450:    17009.004    17021.005    17037.006    17057.007    17073.008
   455:    17074.009    17081.010    17129.011    17139.012    17144.013
   460:    17147.014    17154.015    17164.016    17179.017    17210.018
   465:    17219.019    17235.020    17244.021    17248.022    17253.023
   470:    17266.024    17275.025    17277.026    17284.027    17296.028
   475:    17297.028    17347.000    17347.000    17622.001    17642.002
   480:    17649.003    17668.004    17720.005    17728.006    17738.007
   485:    17749.008    17761.009    17770.010    17783.011    17791.012
   490:    17801.013    17906.014    17932.015    17948.016    17957.017
   495:    17971.018    17979.019    18045.020    18045.020    18095.000
   500:    18095.000    18479.002    18534.004    18538.006    18551.008
   505:    18563.010    18572.012    18647.014    18661.016    18682.018
   510:    18694.020    18696.022    18699.024    18701.026    18718.028
   515:    18731.030    18732.032    18740.034    18781.036    18795.038
   520:    18806.040    18818.042    18836.044    18847.046    18851.048
   525:    18857.050    18867.052    18883.054    18891.056    18927.058
   530:    18929.060    18937.062    18942.064    18995.066    19007.068
   535:    19360.070    19373.072    19385.074    19395.076    19415.078
   540:    19697.080    19825.082    23119.001    23119.001    23169.000
   545:    23169.000
