File: C:\MED-PC\Data\2018-06-06_11h23m_Subject M329.txt


Start Date: 06/06/18
End Date: 06/06/18
Subject: M329
Experiment: DOBLE_PICO_ACO
Group: EXP
Box: 9
Start Time: 11:23:21
End Time: 12:36:43
MSN: IF_ACO_MULTIPLE_PICO
A:     242.000
B:      19.000
D:      19.000
I:       2.000
J:   18000.000
K:    5400.000
M:     140.000
N:      19.000
O:      20.000
P:     725.000
Q:       0.000
T:    1000.000
V:     600.000
W:      19.000
Z:       0.000
C:
     0:        0.120        0.120        0.120        0.120        0.120
     5:        0.120        0.120        0.120        0.120        0.120
    10:        0.120        0.120        0.120        0.120        0.120
    15:        0.120        0.510       20.110       26.120       38.120
    20:       44.120      128.110      135.120      221.110      228.120
    25:      266.120      280.110      286.120      292.120      309.120
    30:      311.120      318.120      325.120      332.120      346.110
    35:      350.110      354.120      361.120      384.120      394.120
    40:      399.110      402.110      405.110      409.120      414.120
    45:      421.120      427.120      460.120      464.120      478.110
    50:      485.120      522.120      542.120      570.120      583.110
    55:      583.210      588.120      633.310      733.500     1066.120
    60:     1068.120     1215.120     1219.120     1234.120     1241.120
    65:     1244.120     1252.120     1264.100     1270.120     1278.120
    70:     1286.120     1305.120     1314.120     1330.120     1333.120
    75:     1337.120     1350.100     1356.120     1365.120     1381.120
    80:     1392.120     1394.120     1398.120     1408.120     1410.200
    85:     1460.300     1560.500     2060.120     2063.120     2074.120
    90:     2086.120     2098.120     2116.100     2120.100     2131.120
    95:     2139.120     2143.120     2144.120     2148.120     2163.120
   100:     2170.120     2176.200     2226.300     2326.510     2691.110
   105:     2700.120     2907.120     2912.120     2920.120     2922.120
   110:     2935.110     2943.120     2964.120     2977.120     2986.120
   115:     2997.110     3001.110     3003.110     3007.120     3017.120
   120:     3036.120     3040.120     3044.120     3059.120     3070.120
   125:     3087.120     3094.120     3105.120     3117.120     3133.120
   130:     3140.120     3148.120     3154.120     3157.120     3166.110
   135:     3166.210     3170.120     3216.310     3316.510     3514.120
   140:     3724.110     3730.120     3807.120     3816.110     3821.120
   145:     3831.120     3839.120     3860.120     3864.120     3874.110
   150:     3878.110     3880.110     3884.120     3920.120     3935.110
   155:     3939.110     3941.110     3944.110     3944.210     3949.120
   160:     3994.310     4094.510     4483.120     4602.110     4609.120
   165:     4674.110     4681.120     4712.120     4714.120     4724.110
   170:     4724.210     4727.120     4774.310     4874.500     5180.120
   175:     5605.100     5608.100     5612.100     5617.120     5625.120
   180:     5626.120     5628.120     5632.120     5642.120     5651.120
   185:     5652.120     5664.120     5665.200     5715.300     5815.510
   190:     6042.120     6410.120     6419.110     6424.120     6433.120
   195:     6439.120     6451.110     6451.210     6455.120     6501.310
   200:     6601.500     6638.120     6701.120     7014.100     7022.120
   205:     7029.120     7084.100     7092.120     7102.120     7116.120
   210:     7128.120     7133.120     7137.120     7144.120     7146.120
   215:     7153.120     7158.120     7166.120     7180.120     7202.120
   220:     7204.120     7212.120     7226.100     7229.100     7234.100
   225:     7246.120     7260.120     7272.120     7273.120     7277.120
   230:     7286.200     7287.120     7336.300     7436.540     7649.120
   235:     7813.110     7871.110     7875.110     7878.120     7957.110
   240:     7960.110     7962.110     7964.110     7966.110     7970.120
   245:     7978.120     7993.120     8008.120     8019.110     8023.110
   250:     8025.110     8027.110     8029.110     8031.110     8032.110
   255:     8035.110     8039.110     8041.120     8048.120     8050.120
   260:     8061.120     8074.110     8078.110     8080.110     8082.110
   265:     8084.110     8087.120     8090.120     8097.120     8097.120
   270:     8106.120     8114.120     8124.110     8166.110     8169.110
   275:     8171.110     8176.110     8178.110     8182.120     8182.120
   280:     8187.120     8188.120     8205.120     8207.120     8210.120
   285:     8230.110     8233.110     8234.110     8237.110     8239.110
   290:     8241.110     8243.110     8245.110     8248.110     8255.120
   295:     8266.110     8269.110     8275.110     8278.110     8285.110
   300:     8287.110     8294.120     8316.120     8331.120     8341.110
   305:     8343.110     8345.110     8347.110     8348.110     8351.110
   310:     8355.110     8358.110     8360.110     8367.110     8370.110
   315:     8379.110     8382.120     8387.120     8407.120     8420.110
   320:     8422.110     8425.110     8438.120     8453.120     8458.120
   325:     8474.120     8491.120     8501.120     8505.120     8508.120
   330:     8519.120     8528.110     8532.110     8534.110     8536.110
   335:     8539.110     8541.120     8555.120     8607.120     8618.110
   340:     8622.110     8625.110     8629.110     8632.110     8636.110
   345:     8641.110     8644.110     8803.110     8876.110     8879.110
   350:     8883.110     8885.110     8889.120     8933.120     8938.120
   355:     8943.120     8953.110     8956.110     9033.110     9156.110
   360:     9159.110     9160.110     9163.110     9166.110     9169.110
   365:     9171.110     9174.110     9193.110     9195.110     9201.120
   370:     9213.120     9220.120     9229.110     9232.110     9234.110
   375:     9236.340     9236.110     9291.120     9336.500     9346.100
   380:     9426.100     9432.100     9436.120     9441.120     9445.120
   385:     9452.120     9456.120     9459.120     9467.120     9556.120
   390:     9564.120     9570.120     9576.120     9584.120     9601.100
   395:     9605.100     9611.100     9616.120     9624.120     9634.120
   400:     9640.120     9642.120     9643.120     9652.120     9658.120
   405:     9660.120     9665.120     9665.120     9671.120     9682.120
   410:     9689.120     9704.120     9718.100     9721.100     9729.120
   415:     9734.120     9739.120     9745.120     9757.120     9758.120
   420:     9764.120     9766.120     9772.120     9773.120     9796.120
   425:     9802.120     9819.120     9823.120     9839.120     9841.120
   430:     9859.120     9873.100     9881.100     9885.100     9893.100
   435:     9896.100     9899.100     9901.100     9909.100     9912.100
   440:     9913.100     9920.100     9937.120     9941.120     9941.200
   445:     9991.300    10091.500    10194.120    10490.100    10497.100
   450:    10504.120    10507.120    10519.120    10524.120    10525.120
   455:    10536.120    10547.120    10559.120    10569.100    10572.100
   460:    10575.100    10577.100    10580.100    10591.120    10597.120
   465:    10600.120    10605.120    10606.120    10617.120    10623.120
   470:    10623.120    10627.120    10629.120    10640.120    10652.120
   475:    10655.120    10662.120    10669.120    10680.100    10682.100
   480:    10686.100    10688.100    10693.100    10698.120    10704.120
   485:    10710.120    10723.120    10730.120    10734.120    10740.200
   490:    10790.300    10890.510    11156.120    11349.110    11357.110
   495:    11360.110    11363.120    11429.120    11443.110    11447.110
   500:    11450.110    11456.120    11467.120    11475.120    11480.110
   505:    11482.110    11484.110    11486.120    11503.120    11514.120
   510:    11523.110    11523.210    11527.120    11573.310    11673.510
   515:    11939.120    12243.110    12255.120    12255.120    12301.120
   520:    12310.110    12316.120    12334.120    12340.120    12349.110
   525:    12352.110    12353.110    12356.110    12358.110    12360.110
   530:    12362.110    12364.110    12369.120    12369.120    12374.120
   535:    12378.120    12383.120    12389.120    12393.110    12395.110
   540:    12398.110    12401.110    12403.110    12406.110    12409.110
   545:    12412.120    12414.120    12424.120    12433.120    12439.120
   550:    12452.110    12455.110    12457.110    12465.110    12469.110
   555:    12471.110    12474.110    12476.110    12476.210    12479.120
   560:    12526.310    12626.500    12762.120    12762.120    12783.120
   565:    12785.120    12803.120    12804.120    13250.120    13266.120
   570:    13280.120    13290.120    13290.120    13299.100    13306.100
   575:    13309.100    13319.120    13330.120    13337.120    13347.120
   580:    13355.120    13359.200    13360.120    13409.300    13509.510
   585:    13824.120    13847.110    13903.110    13904.110    13909.110
   590:    13914.120    13997.110    13999.110    14010.120    14210.120
   595:    14211.120    14219.110    14224.110    14226.110    14228.110
   600:    14232.110    14233.110    14236.110    14239.110    14243.110
   605:    14249.120    14256.120    14267.120    14270.120    14271.120
   610:    14276.110    14280.110    14283.110    14284.110    14286.110
   615:    14288.110    14290.110    14293.110    14296.110    14298.120
   620:    14304.120    14309.120    14314.120    14315.120    14320.120
   625:    14323.120    14336.110    14336.210    14338.110    14342.120
   630:    14386.310    14486.500    14513.120    14759.120    14760.120
   635:    15364.120    15372.120    15390.120    15399.120    15402.120
   640:    15407.120    15412.120    15453.120    15460.120    15465.120
   645:    15474.120    15488.120    15490.120    15492.120    15495.120
   650:    15501.100    15508.100    15511.100    15513.100    15528.120
   655:    15533.120    15539.120    15543.120    15546.120    15551.120
   660:    15561.200    15611.300    15711.500    15802.120    15891.120
   665:    15908.120    16122.120    16160.100    16167.120    16170.120
   670:    16171.120    16189.120    16189.120    16193.120    16194.120
   675:    16219.120    16227.100    16232.100    16237.100    16260.120
   680:    16267.120    16270.120    16274.120    16290.120    16297.120
   685:    16315.120    16351.120    16379.120    16394.120    16403.120
   690:    16424.120    16431.100    16435.100    16438.100    16441.100
   695:    16443.100    16449.100    16464.120    16472.120    16479.120
   700:    16491.200    16495.120    16541.300    16641.510    16797.120
   705:    16850.120    17138.110    17141.110    17145.110    17149.120
   710:    17158.120    17166.120    17178.120    17186.110    17190.110
   715:    17193.110    17196.110    17199.110    17201.120    17205.120
   720:    17208.120    17223.120    17225.120    17226.120    17233.110
   725:    17235.110    17237.110    17242.120    17245.120    17270.110
   730:    17272.110    17274.110    17276.110    17278.110    17280.110
   735:    17281.110    17283.110    17285.110    17289.110    17292.120
   740:    17299.120    17306.120    17315.120    17323.110    17326.110
   745:    17329.120    17340.120    17342.120    17362.120    17371.110
   750:    17373.110    17375.110    17376.110    17378.110    17379.110
   755:    17381.110    17383.110    17385.110    17388.110    17390.110
   760:    17393.110    17396.120    17403.120    17417.120    17422.120
   765:    17428.120    17438.110    17442.110    17443.110    17443.210
   770:    17445.110    17447.120    17493.310    17593.510    17866.120
   775:    17947.120    17950.120    18349.110    18349.210    18354.120
   780:    18399.310    18499.530    18663.120    18904.120    18918.100
   785:    18925.100    18934.120    18938.120    18941.120    18942.120
   790:    18945.120    18958.120    18961.120    18964.120    18967.120
   795:    18982.100    18987.100    18992.120    18999.120    19003.120
   800:    19029.120    19032.120    19036.120    19047.120    19052.120
   805:    19057.120    19065.120    19065.120    19067.120    19100.120
   810:    19107.120    19117.120    19130.100    19136.100    19139.100
   815:    19142.100    19145.100    19148.100    19155.120    19163.120
   820:    19166.120    19169.120    19177.120    19180.120    19196.120
   825:    19204.120    19205.120    19208.120    19221.120    19222.120
   830:    19236.120    19246.120    19266.120    19292.100    19298.120
   835:    19329.120    19352.120    19362.120    19367.120    19399.120
   840:    19491.120    19796.100    19803.100    19812.120    19821.120
   845:    19827.120    19833.120    19857.100    19866.100    19868.100
   850:    19872.100    19874.100    19879.100    19885.100    19888.100
   855:    19899.120    19905.120    19928.120    19932.120    19934.120
   860:    19968.120    19975.120    19990.120    19997.120    20003.100
   865:    20016.100    20020.100    20022.100    20025.100    20027.100
   870:    20030.100    20034.100    20046.120    20053.120    20065.120
   875:    20070.120    20091.120    20093.120    20095.120    20098.120
   880:    20113.120    20119.120    20127.120    20135.100    20142.100
   885:    20147.100    20149.100    20153.100    20154.100    20171.120
   890:    20179.120    20180.120    20183.120    20208.120    20217.120
   895:    20229.120    20232.120    20240.120    20247.120    20248.120
   900:    20254.120    20297.120    20299.330    20399.510    20408.110
   905:    20411.110    20416.110    20418.110    20662.120    20669.110
   910:    20670.110    20672.110    20674.110    20727.110    20731.110
   915:    20736.110    20738.110    20788.110    20791.110    20793.110
   920:    20795.110    20799.120    20824.110    20827.110    20829.110
   925:    20830.110    20834.110    20838.110    20841.120    20864.120
   930:    20874.110    20877.110    20884.110    20885.110    20888.110
   935:    20889.110    20892.110    20900.110    20934.110    20945.110
   940:    20949.110    20956.120    20971.120    20980.110    20983.110
   945:    20986.110    20989.110    20993.110    20996.110    20999.110
   950:    21007.110    21011.120    21026.120    21031.120    21042.110
   955:    21045.110    21049.110    21051.110    21054.110    21064.120
   960:    21079.110    21090.110    21093.110    21100.110    21100.210
   965:    21105.120    21150.310    21250.500    21417.120    21732.120
   970:    21742.100    21767.120    21819.120    21830.120    21835.120
   975:    21838.120    21851.100    21858.100    21864.120    21872.120
   980:    21889.120    21892.120    21899.120    21911.200    21913.120
   985:    21961.300    22061.510    22346.120    22363.120    22370.120
   990:    22404.120    22504.110    22517.110    22528.120    22576.120
   995:    22612.110    22617.110    22619.110    22625.110    22629.110
  1000:    22635.120    22635.120    22640.120    22643.120    22648.120
  1005:    22663.110    22668.110    22698.110    22701.110    22704.110
  1010:    22707.110    22708.110    22711.110    22713.120    22720.120
  1015:    22733.120    22736.120    22748.120    22755.110    22758.110
  1020:    22758.210    22762.120    22808.310    22908.500    22976.120
  1025:    23230.120    23441.120    23463.100    23469.100    23496.120
  1030:    23513.120    23523.200    23524.120    23573.300    23673.510
  1035:    23993.120    24339.120    24347.110    24350.110    24352.110
  1040:    24357.120    24364.120    24367.120    24373.120    24384.110
  1045:    24384.210    24388.120    24434.310    24534.500    24810.120
  1050:    24865.120    25018.120    25021.120    25038.100    25043.100
  1055:    25049.120    25050.120    25052.120    25055.120    25061.120
  1060:    25063.120    25068.120    25073.120    25077.120    25084.120
  1065:    25098.120    25109.120    25120.100    25123.100    25129.100
  1070:    25144.120    25153.120    25154.120    25164.120    25169.120
  1075:    25179.120    25180.200    25230.300    25330.500    25768.120
  1080:    25790.120    25935.120    25943.100    25948.100    25959.120
  1085:    25968.120    25977.120    25987.120    25994.120    26003.200
  1090:    26006.120    26053.300    26153.510    26387.120    26739.110
  1095:    26742.110    26745.110    26752.110    26756.120    26766.120
  1100:    26771.120    26775.120    26778.120    26782.120    26792.120
  1105:    26796.120    26800.120    26804.120    26805.120    26814.120
  1110:    26824.120    26825.120    26828.120    26840.120    26844.120
  1115:    26854.110    26854.210    26858.120    26904.310    27004.510
  1120:    27241.120    27594.110    27673.110    27676.110    27680.110
  1125:    27683.110    27685.110    27689.120    27699.120    27707.110
  1130:    27707.210    27711.120    27757.310    27857.500    28017.120
  1135:    28273.120    28278.120    28435.120    28450.120    28462.100
  1140:    28469.100    28493.120    28502.120    28506.120    28520.120
  1145:    28522.200    28560.120    28572.300    28672.500    28940.120
  1150:    29076.120    29185.100    29243.100    29248.100    29257.100
  1155:    29266.120    29269.120    29303.200    29307.120    29353.300
  1160:    29453.540    29642.120    29643.120    29650.120    29669.120
  1165:    29894.110    29904.120    29948.120    29949.120    29953.120
  1170:    29969.110    29974.110    29977.110    29979.110    29982.110
  1175:    29989.110    29992.110    29999.120    30011.120    30021.120
  1180:    30026.110    30031.110    30035.120    30040.120    30053.120
  1185:    30057.120    30066.120    30068.120    30069.120    30077.120
  1190:    30091.110    30095.110    30101.110    30102.110    30105.110
  1195:    30111.120    30116.120    30124.120    30127.120    30132.120
  1200:    30133.120    30140.120    30151.120    30163.120    30163.120
  1205:    30174.110    30178.110    30183.110    30185.110    30193.110
  1210:    30197.110    30203.120    30207.120    30220.120    30221.120
  1215:    30223.120    30227.120    30232.120    30242.110    30246.110
  1220:    30253.110    30256.110    30257.110    30259.110    30264.110
  1225:    30267.110    30274.110    30278.110    30283.110    30286.120
  1230:    30289.120    30294.120    30304.120    30310.120    30319.120
  1235:    30322.120    30334.120    30338.120    30345.110    30350.110
  1240:    30352.110    30356.110    30359.120    30378.120    30385.120
  1245:    30532.120    30808.110    30813.110    30816.110    30820.110
  1250:    30825.120    30842.120    31099.120    31108.110    31113.110
  1255:    31117.110    31119.120    31167.110    31173.110    31176.110
  1260:    31178.110    31181.110    31189.110    31195.120    31208.120
  1265:    31211.120    31215.120    31228.110    31230.110    31232.110
  1270:    31234.110    31235.110    31253.340    31258.120    31267.120
  1275:    31353.510    31476.120    31477.120    31481.120    31485.120
  1280:    31487.120    31491.120    31493.120    31501.120    31505.120
  1285:    31516.110    31533.120    31537.120    31540.120    31546.120
  1290:    31561.120    31565.120    31761.110    31915.110    31981.110
  1295:    31985.110    31989.110    31996.110    31999.120    32028.120
  1300:    32031.120    32043.120    32120.120    32130.110    32130.210
  1305:    32135.120    32180.310    32280.500    32341.120    32372.120
  1310:    32701.120    32709.100    32720.120    32721.120    32728.120
  1315:    32728.120    32742.120    32750.120    32760.120    32767.120
  1320:    32783.120    32787.120    32789.120    32796.120    32809.120
  1325:    32816.120    32827.100    32834.100    32836.100    32840.120
  1330:    32845.120    32854.120    32862.120    32869.120    32887.200
  1335:    32888.120    32937.300    33037.500    33297.120    33380.100
  1340:    33385.100    33389.100    33398.120    33401.120    33405.120
  1345:    33409.120    33410.120    33427.100    33434.100    33438.120
  1350:    33442.120    33448.120    33461.120    33468.120    33481.120
  1355:    33482.120    33494.100    33502.100    33508.120    33517.120
  1360:    33522.120    33522.120    33529.120    33533.120    33543.120
  1365:    33547.120    33548.120    33556.120    33564.120    33592.120
  1370:    33599.120    33608.120    33612.120    33612.120    33630.100
  1375:    33636.100    33639.100    33641.100    33655.120    33661.120
  1380:    33665.120    33667.120    33669.120    33676.120    33685.120
  1385:    33690.200    33692.120    33693.120    33740.300    33840.510
  1390:    34010.120    34133.120    34440.120    34451.110    34453.110
  1395:    34455.110    34458.110    34459.110    34461.110    34465.110
  1400:    34468.110    34474.120    34485.120    34493.110    34496.110
  1405:    34499.120    34512.120    34522.110    34524.110    34526.110
  1410:    34529.110    34532.110    34534.110    34537.110    34537.210
  1415:    34541.120    34587.310    34687.530    34952.120    34984.120
  1420:    35253.120    35267.100    35270.100    35279.120    35289.120
  1425:    35311.120    35317.120    35326.120    35333.120    35346.120
  1430:    35366.120    35370.120    35374.120    35381.120    35386.120
  1435:    35401.120    35406.120    35407.120    35415.120    35423.120
  1440:    35455.120    35458.120    35461.120    35469.120    35489.120
  1445:    35495.120    35499.120    35503.120    35508.120    35524.120
  1450:    35536.120    35546.120    35559.120    35567.120    35575.100
  1455:    35580.100    35582.100    35585.100    35588.100    35591.100
  1460:    35593.100    35596.100    35608.120    35617.120    35632.120
  1465:    35637.120    35639.120    35647.120    35652.120    35663.120
  1470:    35665.120    35675.120    35687.120    35693.120    35704.120
  1475:    35743.120    35796.120    36159.120    36162.120    36174.100
  1480:    36182.100    36185.100    36188.100    36189.100    36192.100
  1485:    36194.100    36196.100    36202.120    36207.120    36215.120
  1490:    36226.120    36234.120    36248.120    36256.120    36266.120
  1495:    36279.120    36336.100    36341.100    36343.100    36346.100
  1500:    36348.100    36365.120    36383.120    36386.120    36392.120
  1505:    36396.120    36397.120    36404.120    36412.120    36416.120
  1510:    36420.120    36426.120    36436.120    36448.100    36450.100
  1515:    36452.100    36454.100    36457.100    36461.100    36463.100
  1520:    36475.120    36482.120    36487.330    36488.120    36492.120
  1525:    36506.120    36506.120    36577.120    36587.510    36596.110
  1530:    37016.110    37022.110    37026.110    37035.120    37045.110
  1535:    37048.110    37051.110    37053.110    37055.110    37069.120
  1540:    37070.120    37084.110    37087.110    37089.110    37094.110
  1545:    37096.110    37099.110    37111.110    37114.110    37117.110
  1550:    37121.110    37128.110    37130.110    37132.110    37134.110
  1555:    37137.110    37140.110    37144.110    37153.120    37153.120
  1560:    37165.120    37171.110    37177.110    37179.110    37181.110
  1565:    37184.110    37186.110    37192.110    37194.110    37197.110
  1570:    37201.120    37210.120    37221.120    37230.110    37230.210
  1575:    37234.120    37280.310    37380.500    37477.120    37764.100
  1580:    37773.100    37777.100    37781.120    37788.120    37796.100
  1585:    37803.100    37804.100    37807.100    37817.120    37826.120
  1590:    37832.120    37847.120    37854.120    37860.120    37870.120
  1595:    37882.100    37885.100    37894.120    37896.120    37899.120
  1600:    37902.120    37902.120    37904.120    37912.120    37913.120
  1605:    37916.120    37929.120    37940.120    37947.100    37954.100
  1610:    37957.100    37959.100    37961.100    37963.100    37968.100
  1615:    37985.120    37996.120    37996.120    38003.120    38005.120
  1620:    38007.200    38057.300    38157.510    38467.120    38523.120
  1625:    38557.110    38630.110    38648.120    38667.110    38698.110
  1630:    38701.110    38704.110    38707.110    38717.120    38731.120
  1635:    38741.110    38744.110    38749.110    38750.110    38753.110
  1640:    38755.110    38760.110    38763.110    38768.120    38772.120
  1645:    38780.120    38785.120    38792.110    38792.210    38796.120
  1650:    38842.310    38942.500    39248.120    39433.120    39447.100
  1655:    39454.100    39458.120    39464.120    39466.120    39477.120
  1660:    39482.120    39483.120    39491.100    39539.120    39547.120
  1665:    39551.200    39553.120    39601.300    39701.540    39908.120
  1670:    40124.120    40127.120    40135.110    40157.110    40161.110
  1675:    40174.120    40176.120    40181.120    40188.110    40191.110
  1680:    40193.110    40195.110    40198.110    40200.110    40202.110
  1685:    40204.110    40211.110    40217.110    40222.120    40228.120
  1690:    40230.120    40232.120    40235.120    40236.120    40241.110
  1695:    40245.110    40246.110    40252.110    40254.110    40256.120
  1700:    40258.120    40260.120    40267.120    40275.120    40284.120
  1705:    40291.110    40296.110    40297.110    40299.110    40301.110
  1710:    40307.120    40320.120    40332.120    40336.120    40338.120
  1715:    40346.110    40350.110    40352.110    40354.110    40356.110
  1720:    40358.110    40360.110    40366.110    40367.120    40373.120
  1725:    40374.120    40385.120    40385.120    40391.120    40400.110
  1730:    40402.110    40405.110    40407.110    40408.110    40412.110
  1735:    40414.110    40416.110    40418.110    40420.110    40423.110
  1740:    40426.110    40432.120    40434.120    40437.120    40450.120
  1745:    40452.120    40456.120    40462.120    40471.120    40477.110
  1750:    40480.110    40482.110    40488.110    40490.110    40492.110
  1755:    40498.110    40508.110    40509.110    40511.110    40513.110
  1760:    40515.110    40517.110    40520.110    40521.110    40525.110
  1765:    40527.110    40529.110    40531.110    40538.110    40545.110
  1770:    40553.110    40561.120    40620.110    40628.110    40700.120
  1775:    40708.110    41501.340    41601.510    41803.110    41804.110
  1780:    41995.110    41998.110
E:
     0:     1782.000      234.000      569.000
F:
     0:       70.000       30.053       34.258
G:
     0:        1.000        1.000        1.000        1.000        1.000
     5:        1.000        1.000        1.000        1.000        0.000
H:
     0:        1.000        1.000        2.000        2.000
L:
     0:     6870.000     6264.000     8010.000     6953.000     6148.000
     5:     6590.000     7429.000    10850.000     7900.000     6702.000
    10:     6250.000     6555.000     6836.000     6753.000     6404.000
    15:     6173.000     6631.000     6371.000     6188.000
R:
     0:        1.000        1.000        1.000        1.000        1.000
     5:        1.000        1.000        1.000        1.000        0.000
S:
     0:        1.000        1.000
U:
     0:     6148.000        4.000        0.000
X:
     0:        0.000      530.001      616.002      677.002      727.000
     5:      727.000     1283.001     1287.002     1343.002     1393.000
    10:     1393.000     2123.001     2127.002     2130.003     2184.003
    15:     2234.000     2234.000     2646.001     2716.002     2859.003
    20:     2862.004     2866.005     2919.005     2969.000     2969.000
    25:     2969.186     2969.187     2969.188     2969.189     2969.190
    30:     2969.191     2969.192     2969.193     2969.194     2969.195
    35:     2969.196     2969.197     2969.198     2969.199     2969.200
    40:     2969.201     2969.202     2969.203     2969.204     2969.204
    45:     2969.000     2969.000     2969.001     2969.002     2969.003
    50:     2969.004     2969.005     2969.006     2969.007     2969.008
    55:     2969.009     2969.010     2969.011     2969.012     2969.012
    60:     2969.000     2969.000     3641.001     3649.002     3651.003
    65:     3701.003     3751.000     3751.000     4765.001     4772.002
    70:     4775.003     4777.004     4826.004     4876.000     4876.000
    75:     5324.001     5391.002     5396.003     5401.004     5595.005
    80:     5599.006     5602.007     5605.008     5607.009     5613.010
    85:     5656.010     5706.000     5706.000     6124.002     6131.004
    90:     6188.006     6193.008     6336.010     6342.012     6345.014
    95:     6348.016     6351.018     6354.020     6498.022     7002.024
   100:     7009.026     7063.028     7072.030     7074.032     7078.034
   105:     7080.036     7085.038     7091.040     7094.042     7209.044
   110:     7222.046     7226.048     7228.050     7231.052     7233.054
   115:     7236.056     7240.058     7341.060     7348.062     7353.064
   120:     7355.066     7359.068     7360.070     8948.001     9057.002
   125:     9064.003     9117.003     9167.000     9167.000     9721.001
   130:     9727.002     9782.002     9832.000     9832.000    10336.001
   135:    10341.002    10417.003    10421.004    10426.005    10477.005
   140:    10527.000    10527.000    11140.001    11145.002    11200.002
   145:    11250.000    11250.000    11855.001    11862.002    11915.002
   150:    11965.000    11965.000    12477.001    12535.002    12540.003
   155:    12549.004    12595.004    12645.000    12645.000    13074.001
   160:    13192.002    13199.003    13201.004    13252.004    13302.000
   165:    13302.000    13644.001    13650.002    13653.003    13691.004
   170:    13698.005    13758.006    13766.007    13895.008    13900.009
   175:    13903.010    13906.011    13955.011    14005.000    14005.000
   180:    14584.002    14587.004    14892.006    14897.008    14899.010
   185:    14902.012    14905.014    14908.016    14910.018    14913.020
   190:    15491.022    15499.024    15502.026    15505.028    15506.030
   195:    15509.032    15511.034    15513.036    15653.038    15658.040
   200:    15660.042    15663.044    15665.046    15765.048    15767.050
   205:    15769.052    15771.054    15774.056    15778.058    15780.060
   210:    17081.001    17090.002    17094.003    17113.004    17120.005
   215:    17121.006    17124.007    17199.008    17202.009    17264.010
   220:    17271.011    17274.012    17276.013    17278.014    17280.015
   225:    17285.016    17324.016    17374.000    17374.000    17879.001
   230:    17886.002    17922.003    17982.003    18032.000
Y:
     0:        0.000       20.001      128.002      221.003      280.004
     5:      345.005      349.006      399.007      402.008      405.009
    10:      478.010      583.011      583.011      633.000      633.000
    15:      997.001     1241.002     1303.003     1307.004     1309.005
    20:     1472.006     1472.006     1522.000     1522.000     1929.001
    25:     2021.002     2080.003     2083.004     2085.005     2140.006
    30:     2145.007     2147.008     2150.009     2150.009     2200.000
    35:     2200.000     2707.001     2779.002     2829.003     2829.003
    40:     2879.000     2879.000     3482.001     3514.002     3515.002
    45:     3565.000     3565.000     3942.002     4000.004     4003.006
    50:     4085.008     4088.010     4091.012     4092.014     4095.016
    55:     4148.018     4152.020     4154.022     4156.024     4158.026
    60:     4160.028     4161.030     4163.032     4167.034     4202.036
    65:     4206.038     4209.040     4210.042     4213.044     4252.046
    70:     4295.048     4297.050     4299.052     4305.054     4306.056
    75:     4359.058     4361.060     4363.062     4366.064     4368.066
    80:     4369.068     4371.070     4374.072     4376.074     4394.076
    85:     4397.078     4404.080     4407.082     4413.084     4416.086
    90:     4470.088     4471.090     4473.092     4475.094     4477.096
    95:     4479.098     4483.100     4486.102     4488.104     4495.106
   100:     4498.108     4508.110     4548.112     4551.114     4553.116
   105:     4656.118     4661.120     4662.122     4664.124     4667.126
   110:     4747.128     4751.130     4754.132     4757.134     4761.136
   115:     4765.138     4769.140     4773.142     4931.144     5004.146
   120:     5008.148     5011.150     5014.152     5082.154     5084.156
   125:     5162.158     5285.160     5287.162     5289.164     5291.166
   130:     5295.168     5297.170     5299.172     5302.174     5321.176
   135:     5324.178     5358.180     5360.182     5363.184     5365.185
   140:     7477.001     7486.002     7489.003     7571.004     7575.005
   145:     7578.006     7608.007     7611.008     7612.009     7652.010
   150:     7652.010     7702.000     7702.000     8272.001     8338.002
   155:     8378.003     8380.004     8382.005     8385.006     8386.007
   160:     8389.008     8390.009     8393.010     8422.011     8424.012
   165:     8426.013     8430.014     8432.015     8434.016     8437.017
   170:     8480.018     8483.019     8485.020     8493.021     8498.022
   175:     8500.023     8503.024     8504.025     8504.025     8554.000
   180:     8554.000     8892.001     8947.002     8949.003     8954.004
   185:     9042.005     9044.006     9264.007     9268.008     9271.009
   190:     9272.010     9277.011     9278.012     9281.013     9284.014
   195:     9288.015     9321.016     9325.017     9327.018     9329.019
   200:     9331.020     9333.021     9335.022     9338.023     9341.024
   205:     9381.025     9381.025     9383.026     9431.000     9431.000
   210:     9927.001     9930.002     9934.003     9975.004     9979.005
   215:     9982.006     9985.007     9988.008    10022.009    10024.010
   220:    10026.011    10059.012    10061.013    10063.014    10065.015
   225:    10067.016    10069.017    10070.018    10072.019    10074.020
   230:    10078.021    10112.022    10115.023    10160.024    10162.025
   235:    10164.026    10165.027    10167.028    10168.029    10170.030
   240:    10172.031    10174.032    10177.033    10179.034    10182.035
   245:    10227.036    10231.037    10232.038    10232.038    10234.039
   250:    10282.000    10282.000    11038.001    11038.001    11088.000
   255:    11088.000    11088.071    11088.072    11088.073    11088.074
   260:    11088.075    11088.076    11088.077    11088.078    11088.079
   265:    11088.080    11088.081    11088.082    11088.083    11088.084
   270:    11088.085    11088.086    11088.087    11088.088    11088.089
   275:    11088.090    11088.091    11088.092    11088.093    11088.094
   280:    11088.095    11088.096    11088.097    11088.098    11088.099
   285:    11088.100    11088.101    11088.102    11088.103    11088.104
   290:    11088.105    11088.106    11088.107    11088.108    11088.109
   295:    11088.110    11088.111    11088.112    11088.113    11088.114
   300:    11088.115    11088.116    11088.117    11088.118    11088.119
   305:    11088.120    11088.120    11088.000    11088.000    11530.001
   310:    11544.002    11639.003    11643.004    11645.005    11652.006
   315:    11656.007    11690.008    11695.009    11725.010    11727.011
   320:    11731.012    11733.013    11735.014    11738.015    11782.016
   325:    11785.017    11785.017    11835.000    11835.000    12508.001
   330:    12511.002    12513.003    12545.004    12545.004    12595.000
   335:    12595.000    13180.001    13183.002    13186.003    13193.004
   340:    13295.005    13295.005    13345.000    13345.000    13935.001
   345:    14014.002    14017.003    14021.004    14024.005    14025.006
   350:    14048.007    14048.007    14098.000    14098.000    14539.002
   355:    14613.004    14618.006    14621.008    14624.010    14627.012
   360:    14633.014    14636.016    14670.018    14675.020    14736.022
   365:    14740.024    14745.026    14747.028    14750.030    14819.032
   370:    14823.034    14827.036    14829.038    14838.040    14841.042
   375:    14886.044    14891.046    14898.048    14901.050    14902.052
   380:    14904.054    14909.056    14911.058    14918.060    14923.062
   385:    14927.064    14990.066    14994.068    14997.070    15000.072
   390:    15452.074    15458.076    15461.078    15464.080    15753.082
   395:    15757.084    15761.086    15812.088    15818.090    15820.092
   400:    15823.094    15826.096    15834.098    15873.100    15875.102
   405:    15877.104    15878.106    15879.108    16160.109    16406.110
   410:    16559.111    16625.112    16629.113    16633.114    16641.115
   415:    16774.116    16775.116    16825.000    16825.000    17435.001
   420:    17437.002    17439.003    17442.004    17444.005    17445.006
   425:    17449.007    17452.008    17477.009    17480.010    17506.011
   430:    17508.012    17510.013    17513.014    17516.015    17519.016
   435:    17522.017    17522.017    17572.000    17572.000    17572.061
   440:    17572.062    17572.063    17572.064    17572.065    17572.066
   445:    17572.067    17572.068    17572.069    17572.070    17572.071
   450:    17572.072    17572.073    17572.074    17572.075    17572.076
   455:    17572.077    17572.078    17572.079    17572.080    17572.081
   460:    17572.082    17572.083    17572.084    17572.085    17572.086
   465:    17572.087    17572.088    17572.089    17572.090    17572.091
   470:    17572.092    17572.093    17572.094    17572.095    17572.096
   475:    17572.096    17572.000    17572.000    17972.001    18045.002
   480:    18082.003    18113.004    18116.005    18118.006    18122.007
   485:    18156.008    18159.009    18164.010    18165.011    18168.012
   490:    18170.013    18174.014    18178.015    18207.016    18207.016
   495:    18257.000    18257.000    18690.002    18713.004    18717.006
   500:    18744.008    18746.010    18748.012    18750.014    18754.016
   505:    18756.018    18758.020    18760.022    18767.024    18773.026
   510:    18797.028    18800.030    18802.032    18808.034    18810.036
   515:    18847.038    18852.040    18853.042    18855.044    18857.046
   520:    18902.048    18905.050    18908.052    18909.054    18911.056
   525:    18914.058    18916.060    18922.062    18955.064    18958.066
   530:    18960.068    18962.070    18964.072    18967.074    18969.076
   535:    18972.078    18974.080    18976.082    18978.084    18982.086
   540:    19033.088    19036.090    19037.092    19043.094    19046.096
   545:    19048.098    19054.100    19063.102    19065.104    19067.106
   550:    19068.108    19071.110    19073.112    19075.114    19077.116
   555:    19081.118    19083.120    19085.122    19086.124    19093.126
   560:    19101.128    19109.130    19176.132    19184.134    19264.136
   565:    20359.137    20360.138    20551.139    20554.140
