File: C:\MED-PC\Data\2018-05-07_11h04m_Subject M329.txt


Start Date: 05/07/18
End Date: 05/07/18
Subject: M329
Experiment: DOBLE_PICO_ACO
Group: EXP
Box: 9
Start Time: 11:04:24
End Time: 12:17:47
MSN: IF_ACO_MULTIPLE_PICO
A:     682.000
B:      21.000
D:      20.000
I:       1.000
J:   18000.000
K:    5400.000
M:       0.000
N:      21.000
O:      20.000
P:     812.000
Q:       0.000
T:    1000.000
V:     600.000
W:      21.000
Z:       0.000
C:
     0:        0.120        0.120        0.120        0.120        0.120
     5:        0.120        0.120        0.120        0.120        0.120
    10:        0.120        0.120        0.120        0.120        0.120
    15:        0.120        0.120        0.120        0.120        0.120
    20:        0.120        0.120        0.120        0.120        0.120
    25:        0.120        0.120        0.120        0.120        0.120
    30:        0.120        0.120        0.510      119.120      129.110
    35:      137.120      195.120      202.120      214.110      218.110
    40:      222.120      291.120      300.110      310.110      318.120
    45:      328.120      340.120      361.110      369.110      374.110
    50:      377.110      464.120      475.110      478.110      480.110
    55:      482.110      485.110      487.110      493.110      498.120
    60:      515.110      520.110      522.110      531.110      535.110
    65:      539.120      545.120      560.120      563.120      565.120
    70:      567.120      583.110      583.210      587.120      633.310
    75:      733.510      904.120      944.120      948.120     1421.120
    80:     1433.110     1433.210     1437.120     1483.310     1583.500
    85:     1777.120     2030.100     2038.100     2049.120     2057.120
    90:     2063.120     2063.120     2079.100     2085.100     2088.100
    95:     2091.100     2094.120     2105.120     2110.120     2124.100
   100:     2127.100     2132.100     2135.100     2138.100     2142.120
   105:     2145.120     2162.100     2165.100     2170.100     2175.100
   110:     2181.120     2184.200     2188.120     2188.120     2234.300
   115:     2334.510     2643.120     2717.120     2720.120     2832.110
   120:     2892.110     2899.110     2906.120     2984.120     2987.120
   125:     2995.110     2995.210     2999.120     3045.310     3145.500
   130:     3378.120     3610.120     3622.100     3632.100     3636.120
   135:     3641.120     3658.100     3662.100     3665.100     3669.100
   140:     3697.100     3700.100     3703.100     3704.100     3706.100
   145:     3708.100     3710.100     3718.120     3719.120     3729.120
   150:     3744.120     3751.120     3755.120     3757.200     3759.120
   155:     3807.300     3907.500     4033.120     4064.120     4279.100
   160:     4305.100     4310.100     4312.100     4316.120     4319.120
   165:     4328.120     4342.120     4400.120     4407.100     4414.100
   170:     4419.120     4426.120     4451.100     4455.100     4459.100
   175:     4461.100     4464.120     4473.120     4476.120     4486.120
   180:     4493.120     4497.120     4502.120     4511.200     4518.120
   185:     4561.300     4661.510     4774.120     5232.120     5238.120
   190:     5246.110     5253.110     5256.110     5262.110     5309.110
   195:     5309.210     5314.120     5359.310     5459.510     5699.120
   200:     5733.120     6091.120     6105.110     6105.210     6109.120
   205:     6155.310     6255.500     6344.120     6362.120     6566.120
   210:     6575.100     6583.100     6586.100     6588.100     6590.100
   215:     6597.120     6617.120     6624.100     6630.100     6634.100
   220:     6640.100     6641.120     6644.120     6656.120     6670.100
   225:     6676.100     6678.100     6681.100     6684.100     6688.100
   230:     6690.100     6693.100     6698.120     6712.120     6716.120
   235:     6730.120     6742.100     6746.100     6748.100     6750.100
   240:     6751.100     6755.100     6758.120     6761.120     6772.120
   245:     6773.120     6784.120     6787.120     6790.120     6804.120
   250:     6806.120     6810.120     6819.120     6829.100     6835.100
   255:     6837.100     6840.100     6843.100     6847.100     6853.100
   260:     6855.100     6859.100     6864.100     6868.100     6872.100
   265:     6881.100     6885.100     6886.100     6889.100     6889.200
   270:     6891.100     6894.120     6939.300     7039.510     7136.120
   275:     7158.120     7181.120     7664.120     7684.110     7684.210
   280:     7689.120     7734.310     7834.500     7952.120     7996.120
   285:     8041.120     8223.100     8228.100     8233.100     8237.100
   290:     8246.100     8250.100     8256.120     8258.120     8273.100
   295:     8279.100     8281.100     8282.100     8286.100     8292.120
   300:     8296.120     8313.100     8316.100     8318.100     8320.100
   305:     8322.100     8323.100     8325.100     8327.100     8331.100
   310:     8333.100     8338.120     8351.120     8355.120     8361.120
   315:     8363.120     8370.120     8382.100     8387.100     8394.100
   320:     8398.100     8401.100     8404.100     8406.100     8413.100
   325:     8420.120     8442.200     8444.120     8492.300     8592.510
   330:     8861.120     8862.120     8944.120     8953.120     8959.120
   335:     8968.110     8975.120     9111.120     9119.110     9127.110
   340:     9136.120     9139.120     9144.120     9162.110     9167.110
   345:     9173.120     9198.120     9207.110     9207.210     9211.120
   350:     9257.310     9357.500     9443.120     9473.120     9478.120
   355:     9752.100     9757.100     9761.100     9764.100     9766.100
   360:     9769.100     9773.120     9785.120     9799.100     9803.100
   365:     9805.100     9807.100     9810.100     9812.100     9817.100
   370:     9820.100     9823.100     9827.100     9841.120     9847.120
   375:     9862.100     9865.100     9868.100     9871.100     9874.100
   380:     9878.120     9892.120     9907.100     9912.100     9916.100
   385:     9919.100     9920.100     9923.100     9924.100     9926.100
   390:     9931.120     9946.120     9947.120     9954.120     9955.120
   395:     9961.120     9967.200    10017.300    10117.500    10219.120
   400:    10243.120    10244.120    10249.120    10250.120    10537.120
   405:    10556.100    10608.100    10614.100    10620.120    10624.120
   410:    10632.120    10644.120    10648.120    10648.120    10687.100
   415:    10690.100    10692.100    10693.100    10698.120    10701.120
   420:    10723.120    10731.120    10740.120    10747.200    10749.120
   425:    10797.300    10897.510    11140.120    11141.120    11144.120
   430:    11247.120    11307.110    11313.120    11321.120    11322.120
   435:    11342.120    11416.110    11421.110    11424.110    11427.120
   440:    11429.120    11433.120    11438.120    11454.110    11461.110
   445:    11467.110    11469.110    11473.110    11476.110    11478.120
   450:    11490.110    11493.110    11496.110    11498.110    11500.110
   455:    11503.110    11506.110    11511.120    11518.120    11525.120
   460:    11531.120    11537.110    11537.210    11543.120    11587.310
   465:    11687.500    11789.120    11958.120    11964.120    12005.100
   470:    12006.100    12019.120    12064.100    12067.100    12070.100
   475:    12075.120    12083.120    12089.120    12093.120    12110.100
   480:    12114.100    12116.100    12118.100    12121.100    12127.120
   485:    12137.120    12147.120    12153.120    12163.100    12166.100
   490:    12169.100    12172.100    12176.100    12177.120    12191.120
   495:    12217.100    12221.100    12223.100    12226.100    12229.100
   500:    12232.100    12235.100    12237.100    12241.120    12248.120
   505:    12254.100    12259.100    12262.100    12264.100    12267.100
   510:    12270.100    12273.100    12282.120    12288.120    12289.200
   515:    12339.300    12439.540    12569.120    12631.120    12821.120
   520:    12826.120    12829.120    12830.120    12847.110    12898.110
   525:    12905.110    12911.120    12929.120    12939.110    12943.110
   530:    12947.110    12950.120    12970.120    12986.110    12992.110
   535:    12995.110    13000.120    13024.120    13034.110    13040.110
   540:    13047.120    13050.120    13054.120    13065.120    13082.120
   545:    13097.120    13108.110    13110.110    13118.110    13120.110
   550:    13122.110    13124.110    13126.110    13129.110    13132.110
   555:    13137.120    13144.120    13167.120    13185.120    13193.110
   560:    13195.110    13197.110    13202.110    13210.110    13213.110
   565:    13215.110    13217.110    13249.120    13253.120    13257.120
   570:    13271.110    13274.110    13279.110    13287.110    13289.110
   575:    13293.110    13304.120    13313.120    13322.120    13333.120
   580:    13335.120    13339.120    13413.110    13418.110    13422.110
   585:    13423.110    13427.110    13430.120    13457.120    13468.120
   590:    13478.120    13484.110    13489.110    13491.110    13495.110
   595:    13503.110    13507.110    13509.110    13512.110    13520.110
   600:    13527.110    13529.110    13533.110    13535.110    13538.120
   605:    13552.120    13559.120    13567.110    13570.110    13578.120
   610:    13636.110    13639.110    13648.110    13709.120    13718.110
   615:    13726.120    13730.120    13878.120    13891.120    13898.120
   620:    13910.120    13915.120    13919.120    13931.120    13947.110
   625:    13950.110    13963.110    13971.120    13976.120    14014.110
   630:    14021.110    14024.110    14029.110    14041.110    14044.110
   635:    14045.110    14049.110    14055.120    14056.120    14234.120
   640:    14239.340    14275.120    14339.510    14463.120    14468.120
   645:    14473.120    14474.120    14476.120    14487.120    14494.110
   650:    14499.110    14512.120    14855.120    14869.110    14879.110
   655:    14882.120    14900.110    14907.110    14911.110    14916.110
   660:    14923.110    14926.120    14931.120    14938.120    14957.110
   665:    14957.210    14961.120    15007.310    15107.530    15252.120
   670:    15287.120    15421.120    15436.100    15439.100    15442.100
   675:    15445.120    15448.120    15457.120    15460.120    15484.100
   680:    15487.100    15490.100    15493.100    15497.120    15498.120
   685:    15508.120    15512.120    15517.120    15520.120    15520.120
   690:    15530.100    15537.100    15539.100    15542.100    15548.120
   695:    15552.120    15574.120    15580.120    15592.100    15596.100
   700:    15598.100    15600.100    15603.100    15607.120    15626.120
   705:    15645.100    15649.100    15651.100    15652.100    15655.100
   710:    15659.120    15671.120    15676.120    15682.120    15694.120
   715:    15698.120    15705.120    15714.120    15719.120    15736.100
   720:    15741.100    15744.100    15748.100    15750.100    15754.100
   725:    15758.120    15768.120    15771.120    15774.120    15786.120
   730:    15786.120    15802.120    15804.120    15805.120    15813.120
   735:    15818.120    15826.120    15834.100    15838.100    15840.100
   740:    15842.100    15846.100    15847.120    15854.120    15864.120
   745:    15867.120    15893.100    15904.100    15908.100    15910.100
   750:    15912.100    15914.100    15916.100    15919.100    15922.100
   755:    15924.120    15929.120    15938.100    15941.100    15944.100
   760:    15947.100    15949.100    15951.100    15955.100    15961.120
   765:    15967.120    15974.120    15976.120    15990.120    16009.120
   770:    16029.100    16033.100    16089.100    16093.100    16095.100
   775:    16098.100    16110.100    16114.100    16117.100    16120.100
   780:    16123.100    16128.120    16133.120    16151.120    16162.100
   785:    16165.100    16167.100    16172.100    16176.100    16185.120
   790:    16231.120    16252.100    16275.100    16279.100    16284.120
   795:    16287.120    16291.120    16319.120    16328.100    16409.100
   800:    16486.100    16493.100    16497.100    16503.120    16524.120
   805:    16547.120    16548.120    16569.120    16576.100    16907.330
   810:    17007.510    17157.120    17171.110    17220.110    17227.120
   815:    17241.120    17246.110    17252.110    17255.110    17256.110
   820:    17259.110    17262.110    17264.110    17268.120    17275.120
   825:    17285.110    17289.110    17291.110    17293.110    17297.110
   830:    17301.120    17315.110    17318.110    17323.110    17325.110
   835:    17329.110    17333.120    17341.120    17347.120    17365.120
   840:    17382.120    17384.120    17390.110    17397.110    17399.110
   845:    17401.110    17402.110    17404.110    17407.110    17410.110
   850:    17420.110    17422.120    17430.120    17444.110    17446.110
   855:    17448.110    17450.110    17451.110    17454.110    17459.110
   860:    17463.110    17469.110    17471.110    17475.110    17482.120
   865:    17490.120    17497.120    17510.120    17523.120    17530.120
   870:    17545.110    17550.110    17551.110    17556.110    17558.110
   875:    17569.110    17571.110    17573.110    17578.110    17584.120
   880:    17599.110    17602.110    17613.110    17615.110    17617.110
   885:    17620.110    17620.210    17628.120    17670.310    17770.500
   890:    17931.120    17952.120    17954.120    18414.100    18418.100
   895:    18423.100    18426.100    18431.120    18435.120    18445.100
   900:    18448.100    18450.100    18453.100    18456.100    18461.120
   905:    18473.120    18474.200    18524.300    18624.500    18993.120
   910:    19013.120    19014.120    19200.120    19208.120    19215.120
   915:    19226.100    19230.100    19233.100    19236.120    19252.120
   920:    19257.120    19257.120    19271.120    19282.100    19286.100
   925:    19286.200    19292.120    19336.300    19436.540    19609.120
   930:    19898.110    19901.110    19906.120    19960.120    19963.120
   935:    19968.120    19978.110    19982.110    19985.110    20001.110
   940:    20005.110    20010.120    20021.120    20032.120    20040.120
   945:    20046.110    20052.110    20054.110    20057.110    20059.110
   950:    20061.110    20063.110    20065.110    20068.110    20071.120
   955:    20078.120    20083.120    20098.120    20103.120    20108.120
   960:    20119.110    20125.110    20135.110    20137.110    20140.110
   965:    20144.110    20148.110    20153.110    20156.120    20167.120
   970:    20179.120    20187.110    20192.110    20195.110    20201.110
   975:    20209.110    20212.110    20214.110    20217.110    20222.120
   980:    20227.120    20287.120    20316.110    20319.110    20322.110
   985:    20326.110    20330.110    20340.110    20343.110    20350.110
   990:    20356.120    20369.120    20374.120    20376.120    20394.120
   995:    20400.120    20400.120    20416.120    20419.120    20421.120
  1000:    20430.120    20432.120    20435.120    20443.120    20444.120
  1005:    20446.120    20453.120    20460.120    20472.120    20481.120
  1010:    20494.110    20497.110    20537.110    20543.110    20545.110
  1015:    20549.120    20743.110    20806.110    20816.110    20854.120
  1020:    20863.110    20867.110    20869.110    20871.110    20956.110
  1025:    20961.110    20967.120    20977.120    21115.120    21129.110
  1030:    21140.110    21141.110    21147.120    21166.120    21167.120
  1035:    21168.120    21169.120    21174.120    21183.110    21186.110
  1040:    21189.110    21193.110    21203.110    21205.110    21207.110
  1045:    21236.340    21245.120    21336.500    21419.100    21422.100
  1050:    21425.100    21427.100    21433.120    21438.120    21445.120
  1055:    21463.120    21474.120    21493.100    21498.100    21501.100
  1060:    21504.100    21507.100    21510.120    21524.120    21534.120
  1065:    21534.120    21548.120    21548.120    21556.120    21601.100
  1070:    21605.100    21608.100    21610.100    21611.100    21614.100
  1075:    21619.120    21623.120    21639.120    21647.120    21658.100
  1080:    21663.100    21665.100    21667.100    21670.100    21672.100
  1085:    21675.100    21678.120    21687.120    21690.120    21691.120
  1090:    21692.120    21697.120    21709.120    21717.120    21777.100
  1095:    21781.100    21784.100    21788.100    21788.100    21793.100
  1100:    21796.100    21801.100    21803.100    21806.100    21821.100
  1105:    21825.100    21828.100    21831.100    21837.120    21847.120
  1110:    21854.120    21867.120    21868.120    22067.120    22071.120
  1115:    22091.100    22102.100    22106.100    22112.100    22114.100
  1120:    22151.200    22158.120    22201.300    22301.510    22374.120
  1125:    22681.120    22688.120    22690.120    22714.110    22721.110
  1130:    22728.110    22736.120    22744.120    22805.120    22825.110
  1135:    22831.110    22833.110    22840.120    22845.120    22896.110
  1140:    22900.110    22907.110    22910.110    22912.110    22915.110
  1145:    22915.210    22921.120    22948.120    22965.310    23065.510
  1150:    23204.120    23401.120    23461.120    23489.110    23501.110
  1155:    23507.110    23513.120    23550.120    23550.120    23555.120
  1160:    23556.120    23557.120    23569.110    23575.110    23577.110
  1165:    23580.110    23581.110    23586.110    23588.120    23604.120
  1170:    23607.120    23617.110    23624.110    23626.110    23628.110
  1175:    23629.110    23631.110    23633.110    23635.110    23641.110
  1180:    23653.110    23655.110    23658.110    23673.120    23694.110
  1185:    23694.210    23699.120    23744.310    23844.500    24077.120
  1190:    24104.120    24152.120    24281.120    24289.120    24293.120
  1195:    24319.100    24324.100    24328.100    24331.100    24337.120
  1200:    24355.120    24367.120    24368.120    24376.100    24381.100
  1205:    24384.100    24388.100    24391.100    24394.100    24402.120
  1210:    24420.120    24422.120    24425.120    24426.120    24435.100
  1215:    24440.100    24443.100    24446.100    24448.200    24449.100
  1220:    24452.120    24498.300    24598.510    24692.120    24719.120
  1225:    24731.120    24752.120    24759.120    24777.120    24983.110
  1230:    24988.120    25006.120    25010.120    25010.120    25019.110
  1235:    25022.110    25026.110    25030.110    25037.120    25047.120
  1240:    25061.110    25065.110    25113.120    25120.110    25123.110
  1245:    25126.110    25134.110    25137.110    25140.110    25141.110
  1250:    25146.110    25152.110    25158.110    25161.110    25163.110
  1255:    25165.120    25179.120    25188.110    25194.110    25198.110
  1260:    25200.110    25202.110    25204.110    25207.110    25211.110
  1265:    25216.110    25219.110    25226.120    25250.110    25250.210
  1270:    25256.120    25300.310    25400.500    25632.120    25781.100
  1275:    25785.100    25793.100    25797.100    25800.100    25807.120
  1280:    25809.120    25811.120    25811.120    25851.120    25863.100
  1285:    25868.100    25870.100    25871.100    25874.100    25882.120
  1290:    25886.120    25889.120    25899.120    25906.120    25922.100
  1295:    25926.100    25928.100    25930.100    25933.100    25936.100
  1300:    25940.120    25945.120    25957.120    25959.120    25961.120
  1305:    25988.100    25992.100    25994.100    25998.100    25999.100
  1310:    26002.100    26010.120    26012.120    26019.120    26020.120
  1315:    26027.120    26028.120    26029.120    26037.120    26043.120
  1320:    26045.120    26046.120    26048.200    26050.120    26098.300
  1325:    26198.530    26312.120    26597.120    26605.120    26615.120
  1330:    26937.120    26937.120    26947.120    26959.100    26963.100
  1335:    26965.100    26969.100    26971.100    26974.100    26975.120
  1340:    26978.120    26988.120    26988.120    26998.120    27004.120
  1345:    27014.100    27018.100    27021.100    27024.100    27027.100
  1350:    27028.120    27030.120    27046.120    27065.120    27071.120
  1355:    27079.120    27088.120    27091.120    27113.100    27116.100
  1360:    27120.100    27124.100    27126.100    27131.100    27137.100
  1365:    27141.100    27144.100    27151.120    27153.120    27179.120
  1370:    27194.120    27196.120    27207.120    27207.120    27218.120
  1375:    27237.120    27256.100    27260.100    27262.100    27264.100
  1380:    27271.120    27282.120    27297.120    27321.100    27324.100
  1385:    27327.100    27330.100    27332.100    27335.100    27338.100
  1390:    27340.100    27342.100    27349.120    27362.120    27374.120
  1395:    27389.100    27401.100    27405.100    27407.100    27408.100
  1400:    27412.100    27414.100    27415.120    27420.120    27422.120
  1405:    27438.120    27439.120    27456.100    27510.100    27514.100
  1410:    27516.100    27518.100    27521.100    27525.100    27543.100
  1415:    27548.100    27556.100    27560.100    27562.100    27565.100
  1420:    27567.100    27573.120    27579.120    27587.120    27591.120
  1425:    27607.120    27613.120    27615.120    27623.120    27636.120
  1430:    27638.120    27638.120    27645.120    27657.100    27663.100
  1435:    27667.100    27670.100    27675.120    27678.120    27682.120
  1440:    27998.330    28098.510    28125.110    28142.120    28160.110
  1445:    28163.110    28168.120    28329.120    28335.120    28343.110
  1450:    28348.110    28354.110    28357.120    28362.120    28380.110
  1455:    28384.110    28396.110    28400.110    28404.110    28409.110
  1460:    28412.120    28428.120    28432.120    28433.120    28442.110
  1465:    28445.110    28447.110    28449.110    28452.110    28458.120
  1470:    28472.120    28496.110    28499.110    28500.110    28503.110
  1475:    28505.110    28508.110    28511.110    28513.110    28515.110
  1480:    28522.110    28524.110    28526.110    28533.110    28537.110
  1485:    28545.110    28546.120    28629.120    28639.110    28644.110
  1490:    28650.120    28672.120    28682.110    28685.110    28687.110
  1495:    28696.110    28699.110    28702.110    28706.120    28874.110
  1500:    28874.210    28879.120    28924.310    29024.510    29051.120
  1505:    29195.120    29230.120    29252.120    29259.120    29261.120
  1510:    29286.120    29288.120    29470.120    29483.110    29489.110
  1515:    29501.110    29506.110    29510.120    29570.120    29576.120
  1520:    29576.120    29584.110    29587.110    29594.110    29604.110
  1525:    29606.110    29608.110    29611.110    29613.110    29617.120
  1530:    29622.120    29625.120    29629.120    29634.120    29639.110
  1535:    29646.110    29650.110    29650.210    29654.120    29700.310
  1540:    29800.500    29930.120    29957.120    29983.120    30174.120
  1545:    30184.100    30187.100    30190.100    30193.100    30196.100
  1550:    30197.120    30203.120    30205.120    30218.100    30221.100
  1555:    30224.100    30227.100    30231.120    30235.120    30240.120
  1560:    30253.120    30268.120    30281.100    30285.100    30286.100
  1565:    30289.100    30292.100    30294.100    30297.100    30302.120
  1570:    30311.120    30320.120    30329.100    30333.100    30336.100
  1575:    30338.100    30342.120    30356.120    30362.120    30364.120
  1580:    30378.100    30382.100    30384.100    30387.100    30389.100
  1585:    30394.100    30399.120    30403.120    30427.120    30438.200
  1590:    30439.100    30443.120    30488.300    30588.500    30724.120
  1595:    30745.120    30756.120    30761.120    30784.120    30799.120
  1600:    31055.120    31075.100    31079.100    31090.120    31092.120
  1605:    31158.100    31166.100    31169.100    31175.100    31178.100
  1610:    31182.100    31186.100    31187.120    31199.120    31201.120
  1615:    31205.120    31215.100    31218.100    31218.200    31221.100
  1620:    31224.120    31268.300    31368.510    31495.120    31506.120
  1625:    31506.120    31625.120    31634.120    31888.120    31919.110
  1630:    31970.110    31975.110    31977.110    31983.120    31996.120
  1635:    32004.110    32004.210    32009.120    32054.310    32154.500
  1640:    32257.120    32313.120    32384.120    32543.100    32549.100
  1645:    32556.120    32560.120    32576.100    32580.100    32583.100
  1650:    32588.100    32590.100    32592.120    32626.100    32629.100
  1655:    32631.100    32635.100    32637.100    32639.120    32662.100
  1660:    32665.100    32666.100    32669.100    32671.100    32673.100
  1665:    32676.100    32681.120    32691.120    32700.100    32705.100
  1670:    32707.100    32708.100    32710.100    32713.100    32714.120
  1675:    32716.120    32718.120    32735.120    32745.100    32749.100
  1680:    32751.100    32753.100    32756.100    32760.100    32760.200
  1685:    32766.120    32810.300    32910.510    32995.120    33023.120
  1690:    33025.120    33328.110    33337.120    33359.110    33362.110
  1695:    33365.110    33369.110    33375.120    33403.120    33411.110
  1700:    33413.110    33415.110    33418.110    33421.110    33423.120
  1705:    33430.120    33433.120    33443.110    33450.110    33452.110
  1710:    33454.110    33455.110    33458.110    33459.110    33462.110
  1715:    33465.110    33471.110    33473.110    33481.110    33485.110
  1720:    33490.110    33498.110    33500.110    33502.110    33506.110
  1725:    33509.110    33511.110    33516.120    33527.110    33529.110
  1730:    33531.110    33533.110    33533.210    33538.120    33583.310
  1735:    33683.500    33690.120    33863.120    34372.120    34383.100
  1740:    34391.100    34394.100    34396.100    34398.100    34402.100
  1745:    34405.120    34407.120    34423.100    34426.100    34429.100
  1750:    34433.100    34439.120    34443.200    34445.120    34446.120
  1755:    34493.300    34593.500    34658.120    34894.120    34895.120
  1760:    34969.100    34970.100    34975.100    34980.100    34984.120
  1765:    35027.100    35030.100    35035.100    35096.120    35107.100
  1770:    35111.100    35114.100    35123.100    35125.100    35131.120
  1775:    35146.120    35157.100    35161.100    35163.100    35165.100
  1780:    35167.100    35174.120    35176.120    35184.120    35190.120
  1785:    35208.100    35212.100    35215.100    35217.200    35218.100
  1790:    35221.120    35267.300    35367.510    35480.120    35764.120
  1795:    35823.120    35852.120    35875.120    36122.120    36136.110
  1800:    36136.210    36141.120    36186.310    36286.510    36390.120
  1805:    36414.120    36415.120    36434.120    36602.110    36612.120
  1810:    36620.120    36633.120    36646.110    36656.110    36666.120
  1815:    36703.120    36710.110    36713.110    36715.110    36717.110
  1820:    36725.110    36732.110    36735.110    36739.110    36745.110
  1825:    36755.110    36757.110    36760.110    36761.110    36765.110
  1830:    36769.120    36781.120    36793.110    36803.110    36805.110
  1835:    36807.110    36809.110    36812.110    36815.110    36823.120
  1840:    36833.110    36874.110    36876.110    36879.110    36881.110
  1845:    36882.110    36884.110    36886.110    36888.110    36891.110
  1850:    36894.120    36909.120    36939.110    36939.210    36944.120
  1855:    36989.310    37089.510    37246.120    37320.120    37713.120
  1860:    37725.110    37725.210    37731.120    37775.310    37875.500
  1865:    38003.120    38243.120    38260.100    38261.100    38267.100
  1870:    38275.120    38292.100    38296.100    38299.100    38302.100
  1875:    38305.100    38308.100    38312.120    38320.120    38351.100
  1880:    38355.100    38359.100    38362.100    38369.120    38374.120
  1885:    38380.120    38381.120    38391.120    38396.120    38402.100
  1890:    38407.100    38412.100    38415.100    38417.100    38422.120
  1895:    38428.120    38438.120    38448.120    38458.100    38463.100
  1900:    38467.100    38470.100    38473.100    38477.120    38477.200
  1905:    38527.300    38627.540    38659.120    38736.120    38760.120
  1910:    38767.120    38778.110    38791.110    39024.120    39042.120
  1915:    39047.120    39061.120    39069.120    39078.110    39085.110
  1920:    39089.110    39092.120    39099.120    39114.120    39121.110
  1925:    39150.110    39153.110    39161.110    39165.110    39167.110
  1930:    39169.110    39170.110    39177.120    39192.120    39200.110
  1935:    39202.110    39204.110    39205.110    39208.110    39213.110
  1940:    39217.110    39223.120    39236.120    39251.110    39254.110
  1945:    39255.110    39262.110    39265.110    39267.110    39270.110
  1950:    39272.110    39274.110    39277.110    39279.110    39282.120
  1955:    39282.110    39292.120    39303.110    39307.110    39311.110
  1960:    39323.110    39325.110    39331.110    39360.110    39368.110
  1965:    39372.110    39376.110    39381.110    39384.110    39386.110
  1970:    39389.110    39393.110    39397.110    39408.110    39415.110
  1975:    39417.110    39419.110    39426.110    39429.110    39438.120
  1980:    39442.120    39444.120    39446.120    39453.120    39467.120
  1985:    39473.110    39478.110    39482.110    39484.110    39485.110
  1990:    39488.110    39491.110    39493.110    39507.110    39509.110
  1995:    39511.110    39516.110    39711.120    39715.120    39725.110
  2000:    39729.110    39731.110    39735.120    39846.120    39849.120
  2005:    39863.110    39868.110    39871.110    39875.110    39921.110
  2010:    39924.110    39928.110    39933.120    39938.120    39938.120
  2015:    40121.120    40131.110    40140.110    40145.110    40156.110
  2020:    40162.110    40168.110    40174.120    40186.120    40196.120
  2025:    40196.120    40202.110    40205.110    40208.110    40210.110
  2030:    40214.110    40225.110    40226.110    40232.110    40236.120
  2035:    40240.120    40254.120    40262.110    40266.110    40269.110
  2040:    40272.110    40312.110    40320.110    40324.110    40330.110
  2045:    40339.110    40344.110    40353.110    40356.110    40360.110
  2050:    40363.110    40366.110    40368.110    40371.120    40379.110
  2055:    40382.110    40387.110    40400.110    40407.110    40410.120
  2060:    40421.110    40423.110    40426.110    40427.340    40439.120
  2065:    40527.500    40765.100    40768.100    40771.100    40773.100
  2070:    40778.120    40783.120    40810.100    40814.100    40817.100
  2075:    40821.100    40821.120    40827.120    40834.120    40838.120
  2080:    40850.120    40867.100    40870.100    40872.100    40875.100
  2085:    40877.100    40881.100    40883.100    40903.120    40917.120
  2090:    40925.100    40928.100    40932.100    40936.100    40938.100
  2095:    40942.100    40946.100    40951.120    40966.120    40975.120
  2100:    40977.120    40980.120    40995.120    41056.100    41060.100
  2105:    41064.100    41066.100    41070.100    41074.120    41094.120
  2110:    41104.120    41127.100    41130.200    41135.120    41154.120
  2115:    41180.300    41280.500    41322.120    41478.120    41493.120
  2120:    41503.120    41640.120    41662.120    41735.120    41810.100
  2125:    41821.100    41825.100    41830.120    41833.120    41881.200
  2130:    41884.120    41931.300
E:
     0:     2132.000      614.000      626.000
F:
     0:       70.000       30.893       33.247
G:
     0:        1.000        1.000        1.000        1.000        1.000
     5:        1.000        1.000        1.000        1.000        0.000
H:
     0:        1.000        1.000        2.000        2.000
L:
     0:     6119.000     6224.000     6142.000     6447.000     6179.000
     5:     6204.000     6393.000     6111.000     7136.000     6729.000
    10:     8241.000     6140.000     6573.000     6482.000     6405.000
    15:     6160.000     7696.000     6339.000     6116.000     6128.000
    20:     6111.000
R:
     0:        1.000        1.000        1.000        1.000        1.000
     5:        1.000        1.000        1.000        1.000        0.000
S:
     0:        1.000        0.000
U:
     0:     6142.000        2.000        0.000
X:
     0:        0.000      447.001      455.002      496.003      502.004
     5:      505.005      508.006      541.007      544.008      549.009
    10:      552.010      555.011      578.012      582.013      587.014
    15:      592.015      601.015      651.000      651.000     1128.001
    20:     1138.002     1164.003     1168.004     1171.005     1175.006
    25:     1203.007     1206.008     1209.009     1210.010     1212.011
    30:     1214.012     1216.013     1263.013     1313.000     1313.000
    35:     1685.001     1711.002     1715.003     1718.004     1813.005
    40:     1819.006     1857.007     1861.008     1864.009     1866.010
    45:     1917.010     1967.000     1967.000     2286.001     2295.002
    50:     2297.003     2299.004     2302.005     2335.006     2342.007
    55:     2346.008     2352.009     2382.010     2388.011     2390.012
    60:     2393.013     2396.014     2400.015     2402.016     2405.017
    65:     2453.018     2458.019     2460.020     2462.021     2463.022
    70:     2466.023     2541.024     2547.025     2549.026     2552.027
    75:     2555.028     2559.029     2565.030     2567.031     2570.032
    80:     2576.033     2579.034     2583.035     2593.036     2596.037
    85:     2598.038     2601.039     2601.039     2603.040     2651.000
    90:     2651.000     3040.001     3045.002     3050.003     3054.004
    95:     3063.005     3067.006     3090.007     3096.008     3098.009
   100:     3099.010     3103.011     3130.012     3133.013     3135.014
   105:     3136.015     3139.016     3140.017     3142.018     3144.019
   110:     3147.020     3150.021     3198.022     3204.023     3210.024
   115:     3215.025     3218.026     3220.027     3223.028     3230.029
   120:     3258.029     3308.000     3308.000     3703.001     3707.002
   125:     3711.003     3715.004     3716.005     3720.006     3749.007
   130:     3753.008     3756.009     3758.010     3760.011     3763.012
   135:     3767.013     3771.014     3773.015     3778.016     3812.017
   140:     3816.018     3819.019     3822.020     3824.021     3858.022
   145:     3863.023     3866.024     3869.025     3871.026     3873.027
   150:     3875.028     3877.029     3918.029     3968.000     3968.000
   155:     4406.001     4458.002     4464.003     4537.004     4540.005
   160:     4542.006     4543.007     4597.007     4647.000     4647.000
   165:     4964.001     4965.002     5023.003     5026.004     5029.005
   170:     5069.006     5073.007     5075.008     5077.009     5080.010
   175:     5122.011     5125.012     5128.013     5131.014     5135.015
   180:     5176.016     5180.017     5182.018     5185.019     5188.020
   185:     5191.021     5194.022     5196.023     5213.024     5218.025
   190:     5221.026     5223.027     5226.028     5229.029     5232.030
   195:     5248.030     5298.000     5298.000     5626.002     5629.004
   200:     5632.006     5674.008     5677.010     5680.012     5683.014
   205:     5720.016     5727.018     5729.020     5732.022     5782.024
   210:     5786.026     5788.028     5790.030     5793.032     5835.034
   215:     5839.036     5841.038     5842.040     5845.042     5926.044
   220:     5931.046     5934.048     5938.050     5940.052     5944.054
   225:     6024.056     6028.058     6030.060     6032.062     6036.064
   230:     6083.066     6094.068     6098.070     6100.072     6102.074
   235:     6104.076     6106.078     6109.080     6112.082     6128.084
   240:     6131.086     6134.088     6137.090     6139.092     6141.094
   245:     6145.096     6219.098     6223.100     6279.102     6283.104
   250:     6285.106     6288.108     6300.110     6304.112     6307.114
   255:     6310.116     6313.118     6352.120     6355.122     6357.124
   260:     6362.126     6366.128     6442.130     6465.132     6469.134
   265:     6518.136     6599.138     6676.140     6683.142     6687.144
   270:     6766.146     8604.001     8608.002     8613.003     8616.004
   275:     8635.005     8638.006     8640.007     8643.008     8646.009
   280:     8664.009     8714.000     8714.000     9316.001     9320.002
   285:     9323.003     9372.004     9376.005     9376.005     9426.000
   290:     9426.000     9426.129     9426.130     9426.131     9426.132
   295:     9426.133     9426.134     9426.135     9426.136     9426.137
   300:     9426.138     9426.139     9426.140     9426.141     9426.142
   305:     9426.143     9426.144     9426.145     9426.146     9426.147
   310:     9426.148     9426.149     9426.150     9426.151     9426.152
   315:     9426.153     9426.154     9426.155     9426.156     9426.157
   320:     9426.158     9426.159     9426.160     9426.161     9426.162
   325:     9426.163     9426.164     9426.165     9426.166     9426.167
   330:     9426.168     9426.169     9426.169     9426.000     9426.000
   335:     9900.001     9906.002     9909.003     9913.004     9957.005
   340:     9962.006     9965.007     9969.008     9972.009     9975.010
   345:    10017.011    10022.012    10025.013    10027.014    10030.014
   350:    10030.015    10080.000    10080.000    10461.001    10464.002
   355:    10472.003    10476.004    10479.005    10543.006    10547.007
   360:    10549.008    10551.009    10553.010    10601.011    10605.012
   365:    10607.013    10610.014    10612.015    10615.016    10667.017
   370:    10671.018    10674.019    10677.020    10678.021    10681.022
   375:    10727.022    10777.000    10777.000    11538.002    11542.004
   380:    11544.006    11548.008    11550.010    11553.012    11592.014
   385:    11596.016    11599.018    11603.020    11605.022    11692.024
   390:    11695.026    11699.028    11702.030    11705.032    11710.034
   395:    11716.036    11720.038    11723.040    11834.042    11839.044
   400:    11840.046    11843.048    11900.050    11903.052    11906.054
   405:    11909.056    11911.058    11914.060    11917.062    11918.064
   410:    11921.066    11968.068    11980.070    11983.072    11985.074
   415:    11987.076    11991.078    11993.080    12035.082    12089.084
   420:    12093.086    12095.088    12097.090    12100.092    12104.094
   425:    12121.096    12126.098    12135.100    12139.102    12140.104
   430:    12143.106    12145.108    12236.110    12242.112    12246.114
   435:    12249.116    14763.001    14766.002    14769.003    14771.004
   440:    14774.005    14797.006    14800.007    14802.008    14805.009
   445:    14860.010    14864.011    14865.012    14868.013    14871.014
   450:    14873.015    14876.016    14908.017    14912.018    14914.019
   455:    14917.020    14957.021    14961.022    14963.023    14966.024
   460:    14968.025    14973.026    15017.026    15018.027    15067.000
   465:    15067.000    15554.001    15557.002    15637.003    15644.004
   470:    15647.005    15653.006    15657.007    15660.008    15664.009
   475:    15693.010    15696.011    15697.011    15700.012    15747.000
   480:    15747.000    16135.001    16141.002    16168.003    16172.004
   485:    16175.005    16180.006    16182.007    16218.008    16221.009
   490:    16223.010    16227.011    16229.012    16254.013    16257.014
   495:    16259.015    16261.016    16263.017    16265.018    16268.019
   500:    16292.020    16297.021    16299.022    16301.023    16302.024
   505:    16305.025    16337.026    16341.027    16343.028    16345.029
   510:    16348.030    16352.031    16353.031    16403.000    16403.000
   515:    17102.001    17110.002    17113.003    17116.004    17117.005
   520:    17121.006    17142.007    17145.008    17149.009    17153.010
   525:    17162.010    17212.000    17212.000    17588.001    17589.002
   530:    17594.003    17599.004    17646.005    17649.006    17654.007
   535:    17725.008    17730.009    17733.010    17742.011    17744.012
   540:    17775.013    17780.014    17782.015    17783.016    17786.017
   545:    17827.018    17831.019    17834.020    17835.020    17836.021
   550:    17885.000    17885.000    18269.001    18270.002    18276.003
   555:    18301.004    18306.005    18308.006    18311.007    18315.008
   560:    18317.009    18360.010    18364.011    18368.012    18372.013
   565:    18412.014    18416.015    18421.016    18424.017    18426.018
   570:    18468.019    18472.020    18476.021    18480.022    18482.023
   575:    18486.023    18536.000    18536.000    18536.229    18536.230
   580:    18536.231    18536.232    18536.233    18536.234    18536.235
   585:    18536.236    18536.237    18536.238    18536.239    18536.240
   590:    18536.241    18536.242    18536.243    18536.244    18536.245
   595:    18536.246    18536.247    18536.248    18536.249    18536.250
   600:    18536.251    18536.252    18536.253    18536.254    18536.255
   605:    18536.256    18536.256    18536.000    18536.000    18536.001
   610:    18536.002    18536.003    18536.003    18536.000
Y:
     0:        0.000      128.001      214.002      218.003      300.004
     5:      310.005      361.006      369.007      374.008      377.009
    10:      475.010      478.011      480.012      482.013      485.014
    15:      487.015      493.016      515.017      519.018      522.019
    20:      531.020      534.021      583.022      583.022      633.000
    25:      633.000     1332.001     1332.001     1382.000     1382.000
    30:     1879.001     1939.002     1946.003     2042.004     2042.004
    35:     2092.000     2092.000     2676.001     2683.002     2686.003
    40:     2692.004     2739.005     2740.005     2790.000     2790.000
    45:     3435.001     3435.001     3485.000     3485.000     4129.001
    50:     4129.001     4179.000     4179.000     4555.001     4706.002
    55:     4714.003     4748.004     4754.005     4794.006     4794.006
    60:     4844.000     4844.000     5254.001     5363.002     5368.003
    65:     5371.004     5401.005     5408.006     5414.007     5416.008
    70:     5420.009     5423.010     5437.011     5440.012     5442.013
    75:     5445.014     5447.015     5450.016     5453.017     5484.018
    80:     5484.018     5534.000     5534.000     5942.002     5993.004
    85:     5999.006     6034.008     6038.010     6042.012     6080.014
    90:     6087.016     6090.018     6129.020     6135.022     6203.024
    95:     6205.026     6213.028     6215.030     6217.032     6219.034
   100:     6221.036     6224.038     6227.040     6288.042     6290.044
   105:     6292.046     6297.048     6305.050     6308.052     6310.054
   110:     6312.056     6366.058     6369.060     6373.062     6382.064
   115:     6384.066     6388.068     6508.070     6513.072     6517.074
   120:     6518.076     6522.078     6579.080     6584.082     6586.084
   125:     6590.086     6598.088     6602.090     6604.092     6607.094
   130:     6615.096     6622.098     6624.100     6628.102     6629.104
   135:     6662.106     6665.108     6731.110     6734.112     6743.114
   140:     6813.116     7042.118     7045.120     7058.122     7109.124
   145:     7116.126     7119.128     7124.130     7136.132     7138.134
   150:     7140.136     7144.138     7589.139     7594.140     7964.141
   155:     7974.142     7995.143     8002.144     8006.145     8011.146
   160:     8018.147     8052.148     8052.148     8102.000     8102.000
   165:     8102.147     8102.148     8102.149     8102.150     8102.151
   170:     8102.152     8102.153     8102.154     8102.155     8102.156
   175:     8102.157     8102.158     8102.159     8102.160     8102.161
   180:     8102.162     8102.163     8102.164     8102.165     8102.166
   185:     8102.167     8102.168     8102.169     8102.170     8102.171
   190:     8102.172     8102.173     8102.174     8102.175     8102.176
   195:     8102.177     8102.178     8102.179     8102.180     8102.181
   200:     8102.182     8102.183     8102.184     8102.185     8102.186
   205:     8102.187     8102.188     8102.189     8102.190     8102.191
   210:     8102.192     8102.193     8102.194     8102.195     8102.196
   215:     8102.197     8102.198     8102.199     8102.200     8102.200
   220:     8102.000     8102.000     8563.002     8566.004     8643.006
   225:     8647.008     8650.010     8666.012     8670.014     8711.016
   230:     8717.018     8719.020     8722.022     8724.024     8726.026
   235:     8728.028     8730.030     8733.032     8784.034     8790.036
   240:     8800.038     8802.040     8805.042     8809.044     8813.046
   245:     8818.048     8852.050     8857.052     8860.054     8866.056
   250:     8874.058     8877.060     8879.062     8882.064     8981.066
   255:     8984.068     8987.070     8991.072     8995.074     9005.076
   260:     9008.078     9015.080     9159.082     9162.084     9202.086
   265:     9208.088     9210.090     9408.092     9471.094     9481.096
   270:     9528.098     9532.100     9534.102     9536.104     9621.106
   275:     9626.108     9794.110     9805.112     9806.114     9848.116
   280:     9851.118     9854.120     9858.122     9868.124     9870.126
   285:     9872.128    11379.001    11386.002    11393.003    11490.004
   290:    11496.005    11498.006    11561.007    11565.008    11572.009
   295:    11575.010    11577.011    11580.012    11580.012    11630.000
   300:    11630.000    12054.001    12065.002    12071.003    12134.004
   305:    12139.005    12141.006    12144.007    12146.008    12150.009
   310:    12181.010    12188.011    12191.012    12192.013    12194.014
   315:    12196.015    12198.016    12200.017    12206.018    12217.019
   320:    12220.020    12222.021    12259.022    12259.022    12309.000
   325:    12309.000    12693.001    12729.002    12732.003    12736.004
   330:    12740.005    12771.006    12776.007    12831.008    12833.009
   335:    12836.010    12844.011    12848.012    12850.013    12851.014
   340:    12856.015    12862.016    12869.017    12871.018    12873.019
   345:    12898.020    12904.021    12908.022    12910.023    12912.024
   350:    12914.025    12917.026    12922.027    12926.028    12929.029
   355:    12961.030    12961.030    13011.000    13011.000    13011.117
   360:    13011.118    13011.119    13011.120    13011.121    13011.122
   365:    13011.123    13011.124    13011.125    13011.126    13011.127
   370:    13011.128    13011.129    13011.130    13011.131    13011.132
   375:    13011.133    13011.134    13011.135    13011.136    13011.137
   380:    13011.138    13011.139    13011.140    13011.141    13011.142
   385:    13011.143    13011.144    13011.145    13011.146    13011.147
   390:    13011.148    13011.149    13011.150    13011.151    13011.152
   395:    13011.153    13011.154    13011.155    13011.156    13011.157
   400:    13011.157    13011.000    13011.000    13011.001    13011.002
   405:    13011.003    13011.004    13011.005    13011.006    13011.007
   410:    13011.008    13011.009    13011.010    13011.011    13011.012
   415:    13011.013    13011.014    13011.015    13011.015    13011.000
   420:    13011.000    13561.001    13612.002    13617.003    13619.004
   425:    13646.005    13647.005    13697.000    13697.000    14114.001
   430:    14145.002    14148.003    14152.004    14155.005    14197.006
   435:    14200.007    14201.008    14204.009    14207.010    14229.011
   440:    14236.012    14238.013    14240.014    14241.015    14244.016
   445:    14246.017    14248.018    14251.019    14257.020    14259.021
   450:    14267.022    14271.023    14276.024    14284.025    14286.026
   455:    14288.027    14292.028    14296.029    14297.030    14313.031
   460:    14316.032    14317.033    14319.034    14319.034    14369.000
   465:    14369.000    15138.001    15138.001    15188.000    15188.000
   470:    15503.001    15547.002    15557.003    15612.004    15614.005
   475:    15616.006    15618.007    15626.008    15633.009    15636.010
   480:    15640.011    15646.012    15656.013    15658.014    15661.015
   485:    15663.016    15666.017    15694.018    15704.019    15706.020
   490:    15709.021    15710.022    15713.023    15716.024    15734.025
   495:    15775.026    15777.027    15780.028    15782.029    15784.030
   500:    15785.031    15787.032    15789.033    15792.034    15840.035
   505:    15840.035    15890.000    15890.000    16526.001    16526.001
   510:    16576.000    16576.000    16727.002    16740.004    17027.006
   515:    17034.008    17038.010    17070.012    17098.014    17102.016
   520:    17110.018    17113.020    17115.022    17117.024    17119.026
   525:    17148.028    17151.030    17153.032    17154.034    17156.036
   530:    17162.038    17165.040    17199.042    17203.044    17204.046
   535:    17211.048    17213.050    17216.052    17219.054    17221.056
   540:    17223.058    17225.060    17227.062    17231.064    17252.066
   545:    17256.068    17260.070    17271.072    17274.074    17280.076
   550:    17309.078    17317.080    17320.082    17324.084    17330.086
   555:    17333.088    17334.090    17338.092    17341.094    17346.096
   560:    17357.098    17363.100    17366.102    17368.104    17375.106
   565:    17378.108    17422.110    17426.112    17430.114    17432.116
   570:    17434.118    17436.120    17439.122    17442.124    17456.126
   575:    17458.128    17459.130    17464.132    17674.134    17677.136
   580:    17679.138    17812.140    17817.142    17820.144    17824.146
   585:    17870.148    17873.150    17877.152    18079.154    18089.156
   590:    18094.158    18104.160    18111.162    18117.164    18150.166
   595:    18154.168    18156.170    18158.172    18163.174    18174.176
   600:    18175.178    18180.180    18211.182    18215.184    18217.186
   605:    18221.188    18261.190    18268.192    18273.194    18278.196
   610:    18288.198    18292.200    18301.202    18305.204    18309.206
   615:    18312.208    18315.210    18317.212    18327.214    18331.216
   620:    18336.218    18349.220    18355.222    18370.224    18372.226
   625:    18375.228
