File: C:\MED-PC\Data\2018-05-15_09h35m_Subject M327.txt


Start Date: 05/15/18
End Date: 05/15/18
Subject: M327
Experiment: DOBLE_PICO_ACO
Group: EXP
Box: 10
Start Time: 09:35:02
End Time: 10:48:27
MSN: IF_ACO_MULTIPLE_PICO
A:     302.000
B:      19.000
D:      21.000
I:       1.000
J:   18000.000
K:    5400.000
M:      38.000
N:      20.000
O:      21.000
P:     929.000
Q:       0.000
T:    1000.000
V:     600.000
W:      19.000
Z:       0.000
C:
     0:        0.120        0.120        0.120        0.120        0.120
     5:        0.120        0.120        0.120        0.120        0.120
    10:        0.120        0.120        0.120        0.120        0.120
    15:        0.120        0.120        0.120        0.120        0.120
    20:        0.120        0.120        0.120        0.120        0.120
    25:        0.120        0.120        0.120        0.120        0.120
    30:        0.120        0.120        0.120        0.120        0.120
    35:        0.120        0.120        0.120        0.120        0.510
    40:       24.120       77.110       82.110       97.120      133.110
    45:      141.110      196.110      202.120      210.120      212.120
    50:      226.120      234.110      240.110      243.110      248.110
    55:      252.110      257.110      258.110      260.110      299.120
    60:      307.110      315.110      319.110      320.110      326.110
    65:      329.110      336.110      338.110      344.110      355.110
    70:      365.110      376.110      381.110      387.120      408.110
    75:      410.110      412.110      414.110      419.110      429.110
    80:      430.110      432.110      435.110      437.110      441.110
    85:      451.120      465.110      468.110      469.110      472.110
    90:      476.110      479.110      482.110      489.110      493.110
    95:      495.110      503.110      506.110      508.110      512.110
   100:      520.110      535.110      536.110      538.110      541.110
   105:      541.210      545.120      591.310      691.500      813.120
   110:      847.120      855.100     1024.120     1027.120     1058.120
   115:     1060.120     1062.120     1077.120     1078.120     1108.120
   120:     1122.120     1132.100     1175.100     1177.100     1212.100
   125:     1229.100     1233.120     1241.100     1278.100     1285.100
   130:     1301.200     1309.120     1351.300     1451.500     1714.120
   135:     1750.100     1815.120     1825.100     1873.100     1875.100
   140:     1914.100     1953.100     1956.100     1963.100     1967.100
   145:     2006.100     2012.100     2017.100     2059.100     2065.100
   150:     2066.200     2074.120     2116.300     2216.510     2289.120
   155:     2313.120     2466.120     2474.120     2475.120     2484.120
   160:     2486.120     2488.120     2490.120     2495.120     2539.110
   165:     2543.110     2546.110     2555.110     2642.110     2646.110
   170:     2651.110     2659.120     2676.120     2684.120     2688.110
   175:     2692.110     2696.110     2702.110     2704.110     2709.110
   180:     2748.120     2755.110     2764.110     2765.110     2767.110
   185:     2770.110     2795.110     2796.110     2800.110     2802.110
   190:     2815.110     2817.110     2834.110     2835.110     2837.110
   195:     2837.210     2841.120     2887.310     2987.510     3045.120
   200:     3333.110     3340.120     3347.120     3349.120     3350.120
   205:     3377.110     3384.110     3388.110     3391.110     3394.110
   210:     3402.110     3405.110     3410.110     3412.110     3417.110
   215:     3421.110     3431.110     3436.110     3473.120     3482.110
   220:     3483.110     3485.110     3489.110     3498.110     3501.110
   225:     3505.110     3512.110     3517.110     3524.110     3526.110
   230:     3528.110     3534.110     3543.110     3549.110     3595.110
   235:     3676.110     3676.210     3681.120     3726.310     3826.510
   240:     3956.120     4310.110     4317.120     4354.110     4357.110
   245:     4360.110     4361.110     4364.110     4366.110     4410.110
   250:     4418.110     4426.110     4433.110     4444.110     4451.120
   255:     4468.110     4468.210     4470.110     4472.120     4518.310
   260:     4618.500     4730.120     4943.120     4955.100     5001.100
   265:     5042.100     5087.100     5125.100     5136.100     5139.100
   270:     5164.100     5208.100     5223.100     5224.200     5226.120
   275:     5274.300     5316.120     5374.500     5501.120     5639.100
   280:     5718.100     5746.120     5757.100     5760.100     5791.100
   285:     5828.100     5838.100     5840.100     5845.120     5852.100
   290:     5856.100     5871.100     5876.120     5887.100     5956.100
   295:     5965.100     6016.200     6023.120     6066.300     6166.510
   300:     6273.120     6429.110     6633.120     6635.120     6636.120
   305:     6645.120     6651.120     6653.120     6664.120     6668.120
   310:     6685.110     6699.110     6700.110     6708.110     6714.110
   315:     6719.110     6723.110     6724.110     6726.110     6740.120
   320:     6754.110     6757.110     6760.110     6766.110     6769.110
   325:     6772.110     6773.110     6776.110     6780.110     6788.110
   330:     6795.110     6795.210     6801.120     6845.310     6850.120
   335:     6945.530     7031.120     7267.120     7274.120     7385.100
   340:     7391.100     7394.100     7465.100     7467.100     7479.100
   345:     7515.100     7522.100     7532.100     7534.100     7537.100
   350:     7538.100     7571.100     7577.100     7615.100     7647.100
   355:     7661.100     7663.100     7670.120     7679.100     7682.100
   360:     7728.100     7766.100     7775.100     7780.100     7781.100
   365:     7827.100     7837.100     7839.100     7842.100     7844.100
   370:     7900.100     7910.120     8004.100     8013.100     8038.100
   375:     8040.100     8049.100     8051.100     8055.100     8065.100
   380:     8067.100     8199.120     8203.120     8205.120     8329.100
   385:     8331.100     8335.100     8337.100     8451.100     8495.100
   390:     8501.120     8505.120     8506.120     8517.120     8524.120
   395:     8532.120     8533.120     8537.120     8576.120     8589.100
   400:     8603.100     8609.100     8682.100     8699.100     8702.100
   405:     8704.100     8706.100     8745.330     8775.120     8845.510
   410:     8859.120     8868.120     8877.110     8929.110     8932.110
   415:     8936.120     8957.110     8961.110     8964.110     8967.110
   420:     8969.110     8970.110     8972.110     8988.120     8995.110
   425:     9004.110     9019.110     9020.110     9024.110     9025.110
   430:     9034.110     9040.110     9049.110     9051.110     9052.110
   435:     9057.110     9058.110     9060.110     9062.110     9070.110
   440:     9075.110     9077.110     9092.110     9093.110     9094.110
   445:     9099.110     9100.110     9101.110     9103.110     9106.110
   450:     9111.110     9155.110     9157.110     9165.110     9168.110
   455:     9171.110     9173.110     9176.110     9183.120     9200.110
   460:     9203.110     9210.110     9214.110     9217.110     9234.110
   465:     9236.110     9241.110     9244.110     9246.110     9259.110
   470:     9264.110     9266.110     9279.110     9289.110     9291.110
   475:     9302.110     9313.110     9314.110     9323.110     9326.110
   480:     9339.110     9360.110     9366.110     9390.110     9398.110
   485:     9399.110     9404.120     9405.120     9423.120     9430.110
   490:     9433.110     9436.110     9438.110     9444.110     9458.110
   495:     9652.110     9652.210     9654.110     9657.120     9702.310
   500:     9733.120     9802.510     9893.120    10176.120    10196.120
   505:    10206.110    10211.110    10219.110    10222.110    10226.110
   510:    10234.120    10244.120    10255.110    10259.110    10262.110
   515:    10275.110    10283.110    10288.110    10289.110    10293.110
   520:    10298.110    10302.110    10305.110    10316.110    10318.110
   525:    10321.110    10322.110    10348.120    10355.110    10357.110
   530:    10359.110    10362.110    10366.110    10368.110    10370.110
   535:    10373.110    10376.110    10382.110    10385.110    10396.110
   540:    10403.110    10405.110    10407.110    10408.110    10410.110
   545:    10414.110    10415.110    10417.110    10427.110    10427.210
   550:    10429.110    10433.120    10477.310    10519.120    10577.500
   555:    10741.120    10923.120    10940.100    10996.100    11080.100
   560:    11115.120    11132.100    11141.100    11192.200    11201.120
   565:    11242.300    11342.500    11465.120    11484.120    11489.120
   570:    11501.120    11521.120    11531.120    11535.120    11569.120
   575:    11570.120    11571.120    11580.120    11591.100    11753.120
   580:    11788.120    11789.120    11798.120    11804.100    11854.100
   585:    11973.100    11976.100    12017.100    12033.200    12041.120
   590:    12083.300    12183.500    12661.120    12663.120    12699.100
   595:    12705.100    12731.100    12732.100    12774.100    12775.100
   600:    12788.100    12791.200    12797.120    12841.300    12941.540
   605:    13062.120    13096.120    13221.110    13228.120    13281.110
   610:    13285.110    13288.110    13448.120    13467.110    13474.110
   615:    13481.110    13487.120    13495.110    13499.110    13501.110
   620:    13505.110    13511.110    13526.110    13531.110    13533.110
   625:    13536.110    13541.110    13543.110    13548.110    13549.110
   630:    13559.110    13566.110    13568.110    13577.110    13579.110
   635:    13583.110    13598.110    13600.110    13604.110    13606.110
   640:    13608.110    13616.110    13626.110    13634.110    13637.110
   645:    13642.110    13643.110    13644.110    13652.110    13658.110
   650:    13689.120    13697.110    13699.110    13709.110    13716.110
   655:    13721.120    13747.110    13753.120    13759.120    13761.120
   660:    13783.110    13785.110    13787.110    13791.110    13792.110
   665:    13800.110    13802.110    13809.110    13814.110    13815.110
   670:    13818.110    13925.120    13934.110    13941.110    13945.110
   675:    14022.110    14254.110    14272.120    14275.120    14371.110
   680:    14380.110    14384.110    14435.110    14440.110    14497.110
   685:    14507.120    14538.110    14542.110    14552.110    14556.110
   690:    14558.110    14594.120    14603.110    14612.110    14622.110
   695:    14631.110    14635.110    14642.110    14649.110    14659.110
   700:    14662.110    14676.110    14678.110    14684.110    14686.110
   705:    14688.110    14700.110    14707.110    14713.110    14715.110
   710:    14741.340    14772.120    14780.120    14841.510    14873.120
   715:    14885.110    14894.110    14898.110    14905.110    14907.110
   720:    14943.110    14945.110    14947.110    14951.110    14954.120
   725:    14970.120    14981.120    14983.120    15006.120    15009.120
   730:    15017.110    15023.110    15026.110    15037.110    15087.120
   735:    15098.110    15108.110    15112.110    15113.110    15123.110
   740:    15125.110    15132.110    15136.110    15140.110    15141.110
   745:    15144.110    15149.110    15156.110    15158.110    15162.110
   750:    15197.110    15199.110    15203.110    15304.110    15306.110
   755:    15313.110    15315.110    15318.110    15322.110    15328.110
   760:    15332.110    15339.110    15343.110    15347.110    15351.110
   765:    15353.110    15354.110    15361.110    15431.120    15440.110
   770:    15614.110    15614.210    15619.120    15664.310    15764.500
   775:    15888.120    16104.120    16118.120    16120.120    16120.120
   780:    16122.120    16135.120    16146.100    16150.100    16222.100
   785:    16234.120    16254.100    16321.100    16362.100    16366.100
   790:    16381.200    16391.120    16431.300    16531.500    16663.120
   795:    16686.120    16756.120    16763.120    16768.120    16773.120
   800:    16803.120    16885.120    16889.120    16899.120    16908.120
   805:    16915.100    17071.120    17096.100    17104.100    17141.100
   810:    17156.200    17167.120    17206.300    17245.120    17306.510
   815:    17543.120    17543.120    17545.120    17622.120    17628.120
   820:    17648.120    17658.120    17693.120    17699.120    17700.120
   825:    17708.110    17712.110    17768.110    17786.110    17790.110
   830:    17801.110    17807.110    17808.110    17883.120    17894.110
   835:    17903.110    17906.110    17911.110    17917.110    17921.110
   840:    17928.110    17937.110    17937.210    17942.120    17987.310
   845:    18017.120    18087.510    18231.120    18560.120    18575.110
   850:    18582.110    18588.110    18598.110    18609.110    18622.110
   855:    18630.110    18636.110    18638.110    18640.110    18649.110
   860:    18655.110    18661.110    18663.110    18671.110    18676.110
   865:    18686.110    18691.110    18694.110    18696.110    18697.110
   870:    18748.120    18754.110    18754.210    18760.120    18804.310
   875:    18904.500    19034.120    19041.120    19060.120    19387.100
   880:    19423.120    19476.100    19536.200    19546.120    19586.300
   885:    19686.500    19847.120    19912.120    20149.120    20187.120
   890:    20190.120    20192.120    20193.120    20197.120    20229.100
   895:    20243.100    20289.200    20300.120    20339.300    20439.510
   900:    20631.120    20635.120    20832.120    20944.120    20954.110
   905:    20961.110    20970.110    20983.110    20985.110    20991.110
   910:    20994.110    20998.110    21002.110    21010.110    21013.110
   915:    21017.110    21018.110    21024.110    21031.110    21037.110
   920:    21097.120    21101.120    21112.110    21112.210    21116.110
   925:    21119.120    21162.310    21262.510    21810.120    21819.120
   930:    21825.110    21831.110    21837.110    21838.110    21848.110
   935:    21855.110    21865.110    21868.110    21871.110    21875.110
   940:    21877.110    21883.110    21890.110    21893.110    21897.110
   945:    21905.110    21908.110    21918.110    21918.210    21923.120
   950:    21968.310    22068.510    22201.120    22233.120    22240.120
   955:    22431.120    22447.110    22458.110    22500.110    22506.110
   960:    22507.110    22510.110    22513.110    22518.120    22531.110
   965:    22539.110    22570.110    22574.110    22582.110    22584.110
   970:    22591.110    22595.110    22603.110    22607.110    22612.110
   975:    22624.110    22637.110    22640.110    22644.110    22646.110
   980:    22647.110    22648.110    22653.120    22674.110    22677.110
   985:    22679.110    22683.110    22687.110    22689.110    22692.110
   990:    22699.120    22721.110    22721.210    22723.110    22725.110
   995:    22728.120    22771.310    22871.510    22956.120    22984.120
  1000:    22991.120    23483.120    23499.120    23516.110    23522.110
  1005:    23534.110    23534.210    23538.120    23584.310    23684.500
  1010:    23829.120    24053.120    24124.120    24126.120    24127.120
  1015:    24254.100    24314.200    24323.120    24364.300    24423.120
  1020:    24464.500    24680.120    25039.100    25099.200    25118.120
  1025:    25149.300    25209.120    25249.510    25392.120    25703.110
  1030:    25709.120    25736.110    25750.110    25758.110    25760.110
  1035:    25772.110    25778.110    25779.110    25833.120    25847.110
  1040:    25849.110    25858.110    25860.110    25865.110    25868.110
  1045:    25874.110    25879.110    25883.110    25891.110    25894.110
  1050:    25897.110    25899.110    25902.110    25902.210    25906.120
  1055:    25952.310    26052.510    26188.120    26479.120    26590.120
  1060:    26602.110    26609.120    26609.120    26630.110    26632.110
  1065:    26641.110    26643.110    26646.110    26647.110    26654.110
  1070:    26661.110    26667.110    26671.110    26677.110    26683.110
  1075:    26688.110    26692.110    26697.110    26698.110    26700.110
  1080:    26711.110    26711.210    26715.120    26761.310    26861.500
  1085:    27376.100    27438.100    27498.200    27510.120    27548.300
  1090:    27593.120    27648.500    27802.120    28018.120    28173.120
  1095:    28201.100    28203.100    28261.200    28269.120    28311.300
  1100:    28341.120    28411.510    28782.110    28787.120    28808.120
  1105:    28810.120    28812.120    28822.110    28827.110    28833.110
  1110:    28837.110    28839.110    28843.110    28847.110    28848.110
  1115:    28856.110    28859.110    28862.110    28865.110    28867.110
  1120:    28868.110    28946.120    28954.110    28963.110    28965.110
  1125:    28966.110    28968.110    28970.110    28976.110    28988.110
  1130:    28992.110    28995.110    28996.110    28999.110    29005.110
  1135:    29021.110    29030.110    29038.110    29042.110    29044.110
  1140:    29047.110    29053.110    29071.110    29071.210    29072.110
  1145:    29073.110    29076.120    29121.310    29152.120    29221.500
  1150:    29347.120    29779.120    29802.120    30043.100    30103.200
  1155:    30117.120    30153.300    30196.120    30253.510    30768.120
  1160:    30770.120    30795.120    30975.120    30979.120    31006.120
  1165:    31018.110    31018.210    31023.120    31068.310    31105.120
  1170:    31168.500    31446.120    31459.100    31774.100    31834.200
  1175:    31844.120    31884.300    31932.120    31984.540    32129.120
  1180:    32415.120    32423.110    32428.110    32432.110    32475.110
  1185:    32481.120    32512.110    32517.110    32520.110    32524.110
  1190:    32526.110    32531.110    32538.110    32546.110    32550.110
  1195:    32555.110    32557.110    32559.110    32561.110    32567.110
  1200:    32577.110    32611.110    32618.110    32620.110    32622.110
  1205:    32629.110    32646.120    32694.120    32702.110    32706.110
  1210:    32708.110    32711.110    32717.110    32726.110    32729.110
  1215:    32740.110    32765.110    32780.110    32782.110    32787.110
  1220:    32788.110    32790.110    32792.110    32798.110    32810.110
  1225:    32827.110    32831.110    32834.110    32839.110    32840.110
  1230:    32843.110    32848.120    32869.110    32873.110    32874.110
  1235:    32877.110    32886.110    32894.110    32895.110    32898.110
  1240:    32908.110    32910.110    32914.110    32928.110    32935.110
  1245:    32939.110    32940.110    32941.110    32944.110    32959.120
  1250:    32986.120    33020.120    33038.110    33051.110    33062.110
  1255:    33065.110    33067.110    33092.110    33165.110    33172.110
  1260:    33186.120    33205.120    33556.110    33569.120    33748.120
  1265:    33763.120    33779.120    33784.340    33799.120    33800.120
  1270:    33802.120    33823.120    33884.500    33951.100    33959.120
  1275:    33968.120    33977.120    33980.120    34000.120    34006.100
  1280:    34011.100    34190.100    34194.100    34224.100    34248.100
  1285:    34354.100    34365.100    34370.120    34378.120    34455.100
  1290:    34458.100    34515.200    34524.120    34565.300    34611.120
  1295:    34665.510    34737.120    34757.120    34758.120    34763.120
  1300:    34770.120    34895.110    34903.110    34910.120    35123.120
  1305:    35133.110    35199.110    35258.110    35268.110    35274.110
  1310:    35328.120    35340.110    35340.210    35344.120    35390.310
  1315:    35490.530    35624.120    35649.120    35651.120    35653.120
  1320:    35682.120    35688.120    35881.120    36019.100    36050.120
  1325:    36059.100    36112.100    36113.100    36166.100    36167.100
  1330:    36170.100    36171.100    36176.100    36179.100    36192.100
  1335:    36260.100    36375.100    36386.120    36388.120    36390.120
  1340:    36444.100    36587.100    36594.100    36615.100    36620.100
  1345:    36626.120    36639.120    36647.100    36652.100    37030.100
  1350:    37186.120    37217.120    37236.100    37271.100    37272.100
  1355:    37274.100    37284.100    37289.100    37290.330    37390.510
  1360:    37398.110    37543.120    37574.110    37580.110    37584.110
  1365:    37586.110    37591.110    37594.110    37599.110    37619.110
  1370:    37624.110    37627.110    37630.110    37632.110    37641.120
  1375:    37648.110    37652.110    37657.110    37659.110    37660.110
  1380:    37667.110    37673.110    37675.110    37683.110    37687.110
  1385:    37694.110    37696.110    37700.120    37716.110    37719.110
  1390:    37723.110    37725.110    37741.120    37750.110    37762.110
  1395:    37765.110    37768.110    37769.110    37780.110    37789.110
  1400:    37800.110    37805.110    37816.110    37824.110    37836.110
  1405:    37840.110    37844.120    37869.110    37871.110    37880.110
  1410:    37883.110    37886.110    37887.110    37889.110    37894.110
  1415:    37896.110    37901.110    37902.110    37907.110    37913.110
  1420:    37932.110    37933.110    37975.110    37983.110    37994.110
  1425:    38003.110    38008.110    38028.110    38044.110    38044.210
  1430:    38048.110    38050.120    38094.310    38194.500    38715.120
  1435:    38749.100    38759.100    38809.200    38819.120    38859.300
  1440:    38928.120    38930.120    38959.510    39493.120    39501.110
  1445:    39508.110    39513.110    39524.110    39526.110    39530.110
  1450:    39536.110    39540.110    39550.110    39552.110    39569.110
  1455:    39574.110    39577.110    39580.110    39581.110    39584.110
  1460:    39601.110    39608.110    39616.110    39616.210    39617.110
  1465:    39621.120    39666.310    39766.530    39907.120    40364.100
  1470:    40447.100    40452.100    40478.100    40502.100    40515.120
  1475:    40525.100    40618.100    40702.100    40707.100    40721.120
  1480:    40728.120    41061.100    41159.100    41198.120    41255.120
  1485:    41261.100    41267.100    41273.100    41278.100    41451.100
  1490:    41455.100    41457.100    41465.120    41520.120    41521.120
  1495:    41522.120    41523.120    41525.120    41535.120    41542.100
  1500:    41566.330    41664.120    41666.500    41682.120    41691.120
  1505:    41701.120
E:
     0:     1506.000      260.000      829.000
F:
     0:       70.000       35.010       28.965
G:
     0:        1.000        1.000        1.000        1.000        1.000
     5:        1.000        1.000        1.000        1.000        0.000
H:
     0:        1.000        1.000        2.000        2.000
L:
     0:     6202.000     6249.000     6164.000     6517.000     6243.000
     5:     7009.000     6182.000     6273.000     6348.000     6421.000
    10:     6130.000     6401.000     6453.000     6472.000     6234.000
    15:     8927.000     6761.000     6414.000     6246.000
R:
     0:        1.000        1.000        1.000        1.000        1.000
     5:        1.000        1.000        1.000        1.000        0.000
S:
     0:        1.000        1.000
U:
     0:     6517.000        3.000        0.000
X:
     0:        0.000      163.001      440.002      483.003      485.004
     5:      520.005      537.006      550.007      586.008      593.009
    10:      610.009      660.000      660.000      958.001     1033.002
    15:     1081.003     1083.004     1122.005     1161.006     1164.007
    20:     1171.008     1175.009     1214.010     1220.011     1225.012
    25:     1267.013     1273.014     1274.014     1324.000     1324.000
    30:     1661.001     1707.002     1747.003     1793.004     1830.005
    35:     1842.006     1844.007     1870.008     1914.009     1928.010
    40:     1930.010     1980.000     1980.000     2244.001     2323.002
    45:     2362.003     2365.004     2396.005     2434.006     2443.007
    50:     2445.008     2458.009     2461.010     2476.011     2492.012
    55:     2561.013     2571.014     2621.014     2671.000     2671.000
    60:     3110.002     3116.004     3119.006     3190.008     3193.010
    65:     3205.012     3241.014     3247.016     3257.018     3259.020
    70:     3263.022     3264.024     3297.026     3303.028     3340.030
    75:     3372.032     3386.034     3389.036     3404.038     3407.040
    80:     3453.042     3491.044     3500.046     3505.048     3506.050
    85:     3552.052     3562.054     3564.056     3567.058     3569.060
    90:     3626.062     3729.064     3738.066     3763.068     3766.070
    95:     3774.072     3777.074     3780.076     3791.078     3792.080
   100:     4054.082     4057.084     4061.086     4062.088     4176.090
   105:     4220.092     4314.094     4328.096     4334.098     4407.100
   110:     4425.102     4427.104     4430.106     4432.108     6665.001
   115:     6721.002     6805.003     6857.004     6866.005     6917.005
   120:     6967.000     6967.000     7215.001     7429.002     7479.003
   125:     7597.004     7601.005     7642.006     7657.006     7707.000
   130:     7707.000     8223.001     8229.002     8255.003     8256.004
   135:     8298.005     8299.006     8312.007     8315.007     8365.000
   140:     8365.000     8747.001     8751.002     8823.003     8855.004
   145:     8922.005     8963.006     8967.007     8982.007     9032.000
   150:     9032.000     9416.001     9596.002     9604.003     9641.004
   155:     9656.004     9706.000     9706.000    10188.001    10278.002
   160:    10338.002    10388.000    10388.000    10930.001    10944.002
   165:    10991.002    11041.000    11041.000    11611.001    11671.001
   170:    11721.000    11721.000    12296.001    12356.001    12406.000
   175:    12406.000    12921.001    12983.002    13043.002    13093.000
   180:    13093.000    13646.001    13647.002    13706.002    13756.000
   185:    13756.000    14578.001    14638.001    14688.000    14688.000
   190:    14979.001    15294.002    15354.002    15404.000    15404.000
   195:    15404.147    15404.148    15404.149    15404.150    15404.151
   200:    15404.152    15404.153    15404.154    15404.155    15404.156
   205:    15404.157    15404.157    15404.000    15404.000    15933.002
   210:    15973.004    16025.006    16027.008    16080.010    16081.012
   215:    16083.014    16084.016    16090.018    16093.020    16105.022
   220:    16174.024    16289.026    16358.028    16501.030    16508.032
   225:    16528.034    16534.036    16561.038    16565.040    16943.042
   230:    17149.044    17184.046    17186.048    17188.050    17198.052
   235:    17202.054    18662.001    18673.002    18723.002    18773.000
   240:    18773.000    19370.002    19453.004    19459.006    19484.008
   245:    19509.010    19531.012    19625.014    19709.016    19713.018
   250:    20068.020    20166.022    20268.024    20274.026    20279.028
   255:    20284.030    20458.032    20461.034    20463.036    20549.038
Y:
     0:        0.000       77.001       81.002      133.003      141.004
     5:      196.005      234.006      240.007      243.008      248.009
    10:      252.010      257.011      258.012      259.013      307.014
    15:      315.015      319.016      320.017      326.018      329.019
    20:      336.020      338.021      344.022      355.023      365.024
    25:      376.025      381.026      408.027      410.028      412.029
    30:      414.030      419.031      429.032      430.033      432.034
    35:      435.035      437.036      441.037      465.038      467.039
    40:      469.040      472.041      476.042      479.043      482.044
    45:      489.045      493.046      495.047      503.048      506.049
    50:      508.050      512.051      520.052      535.053      536.054
    55:      538.055      541.056      541.056      591.000      591.000
    60:      914.001      917.002      920.003      929.004     1016.005
    65:     1020.006     1025.007     1062.008     1066.009     1070.010
    70:     1076.011     1078.012     1083.013     1129.014     1138.015
    75:     1139.016     1141.017     1144.018     1169.019     1170.020
    80:     1174.021     1176.022     1189.023     1191.024     1208.025
    85:     1209.026     1211.027     1211.027     1261.000     1261.000
    90:     1607.001     1651.002     1657.003     1662.004     1665.005
    95:     1668.006     1676.007     1679.008     1683.009     1686.010
   100:     1691.011     1694.012     1704.013     1709.014     1756.015
   105:     1757.016     1759.017     1763.018     1772.019     1775.020
   110:     1779.021     1786.022     1791.023     1798.024     1800.025
   115:     1802.026     1807.027     1816.028     1823.029     1869.030
   120:     1950.031     1950.031     2000.000     2000.000     2483.001
   125:     2527.002     2530.003     2533.004     2534.005     2537.006
   130:     2540.007     2584.008     2591.009     2599.010     2606.011
   135:     2617.012     2641.013     2641.013     2643.014     2691.000
   140:     2691.000     2953.001     3210.002     3224.003     3225.004
   145:     3233.005     3238.006     3243.007     3247.008     3249.009
   150:     3250.010     3279.011     3281.012     3285.013     3290.014
   155:     3293.015     3296.016     3297.017     3300.018     3305.019
   160:     3313.020     3320.021     3320.021     3370.000     3370.000
   165:     3370.109     3370.110     3370.111     3370.112     3370.113
   170:     3370.114     3370.115     3370.116     3370.117     3370.118
   175:     3370.119     3370.120     3370.121     3370.122     3370.123
   180:     3370.124     3370.125     3370.126     3370.127     3370.128
   185:     3370.129     3370.130     3370.131     3370.132     3370.133
   190:     3370.134     3370.135     3370.136     3370.137     3370.138
   195:     3370.139     3370.140     3370.141     3370.142     3370.143
   200:     3370.144     3370.145     3370.146     3370.147     3370.148
   205:     3370.149     3370.150     3370.151     3370.152     3370.153
   210:     3370.154     3370.155     3370.156     3370.157     3370.158
   215:     3370.159     3370.160     3370.161     3370.162     3370.163
   220:     3370.164     3370.165     3370.166     3370.167     3370.168
   225:     3370.169     3370.170     3370.171     3370.172     3370.173
   230:     3370.174     3370.175     3370.176     3370.177     3370.178
   235:     3370.179     3370.180     3370.181     3370.182     3370.183
   240:     3370.184     3370.185     3370.186     3370.186     3370.187
   245:     3370.000     3370.000     3370.001     3370.002     3370.003
   250:     3370.004     3370.005     3370.006     3370.007     3370.008
   255:     3370.009     3370.010     3370.011     3370.012     3370.013
   260:     3370.014     3370.015     3370.016     3370.017     3370.018
   265:     3370.019     3370.020     3370.021     3370.022     3370.023
   270:     3370.024     3370.025     3370.026     3370.027     3370.028
   275:     3370.029     3370.030     3370.031     3370.032     3370.033
   280:     3370.034     3370.035     3370.036     3370.037     3370.038
   285:     3370.039     3370.040     3370.041     3370.041     3370.042
   290:     3370.000     3370.000     3650.002     3710.004     3714.006
   295:     3716.008     3896.010     3902.012     3909.014     3924.016
   300:     3927.018     3930.020     3934.022     3939.024     3954.026
   305:     3959.028     3961.030     3965.032     3970.034     3972.036
   310:     3977.038     3977.040     3987.042     3995.044     3996.046
   315:     4005.048     4008.050     4012.052     4027.054     4029.056
   320:     4033.058     4035.060     4037.062     4044.064     4054.066
   325:     4063.068     4066.070     4070.072     4071.074     4073.076
   330:     4081.078     4086.080     4126.082     4128.084     4138.086
   335:     4145.088     4175.090     4211.092     4214.094     4215.096
   340:     4219.098     4221.100     4229.102     4231.104     4238.106
   345:     4242.108     4244.110     4247.112     4362.114     4369.116
   350:     4373.118     4450.120     4683.122     4799.124     4809.126
   355:     4813.128     4863.130     4869.132     4926.134     4966.136
   360:     4971.138     4980.140     4985.142     4987.144     5032.146
   365:     5041.148     5051.150     5059.152     5063.154     5071.156
   370:     5078.158     5088.160     5090.162     5104.164     5107.166
   375:     5112.168     5115.170     5117.172     5129.174     5136.176
   380:     5142.178     5143.180     5313.181     5322.182     5327.183
   385:     5333.184     5335.185     5372.186     5374.187     5376.188
   390:     5379.189     5446.190     5452.191     5455.192     5466.193
   395:     5527.194     5536.195     5541.196     5542.197     5552.198
   400:     5554.199     5560.200     5564.201     5568.202     5569.203
   405:     5572.204     5577.205     5585.206     5587.207     5591.208
   410:     5625.209     5627.210     5632.211     5732.212     5734.213
   415:     5742.214     5743.215     5747.216     5750.217     5757.218
   420:     5761.219     5767.220     5772.221     5776.222     5780.223
   425:     5781.224     5783.225     5790.226     5868.227     6043.228
   430:     6043.228     6093.000     6093.000     6494.001     6498.002
   435:     6555.003     6572.004     6577.005     6588.006     6593.007
   440:     6595.008     6680.009     6689.010     6692.011     6697.012
   445:     6704.013     6708.014     6714.015     6724.016     6724.016
   450:     6774.000     6774.000     7261.001     7268.002     7274.003
   455:     7284.004     7295.005     7308.006     7316.007     7322.008
   460:     7324.009     7326.010     7335.011     7341.012     7347.013
   465:     7349.014     7357.015     7362.016     7372.017     7377.018
   470:     7380.019     7382.020     7383.021     7440.022     7440.022
   475:     7490.000     7490.000     8004.001     8011.002     8020.003
   480:     8033.004     8035.005     8041.006     8044.007     8048.008
   485:     8052.009     8060.010     8063.011     8067.012     8068.013
   490:     8074.014     8081.015     8087.016     8162.017     8162.017
   495:     8166.018     8212.000     8212.000     8774.001     8780.002
   500:     8786.003     8787.004     8797.005     8804.006     8814.007
   505:     8817.008     8821.009     8824.010     8826.011     8833.012
   510:     8839.013     8842.014     8846.015     8854.016     8857.017
   515:     8868.018     8868.018     8918.000     8918.000     9296.001
   520:     9307.002     9349.003     9355.004     9356.005     9359.006
   525:     9362.007     9380.008     9388.009     9419.010     9423.011
   530:     9431.012     9433.013     9440.014     9444.015     9452.016
   535:     9456.017     9461.018     9473.019     9486.020     9489.021
   540:     9493.022     9495.023     9496.024     9497.025     9523.026
   545:     9526.027     9528.028     9532.029     9536.030     9538.031
   550:     9541.032     9570.033     9571.033     9572.034     9574.035
   555:     9621.000     9621.000    10265.001    10271.002    10283.003
   560:    10283.003    10333.000    10333.000    10786.001    10819.002
   565:    10833.003    10842.004    10843.005    10856.006    10861.007
   570:    10863.008    10930.009    10933.010    10942.011    10944.012
   575:    10948.013    10951.014    10957.015    10962.016    10966.017
   580:    10974.018    10978.019    10980.020    10982.021    10985.022
   585:    10985.022    11035.000    11035.000    11585.001    11612.002
   590:    11615.003    11623.004    11626.005    11628.006    11630.007
   595:    11636.008    11644.009    11650.010    11654.011    11660.012
   600:    11665.013    11671.014    11675.015    11679.016    11680.017
   605:    11683.018    11693.019    11693.019    11743.000    11743.000
   610:    12113.001    12153.002    12158.003    12164.004    12168.005
   615:    12170.006    12174.007    12178.008    12180.009    12187.010
   620:    12190.011    12193.012    12197.013    12198.014    12199.015
   625:    12285.016    12294.017    12297.018    12297.019    12299.020
   630:    12301.021    12307.022    12319.023    12323.024    12327.025
   635:    12328.026    12330.027    12337.028    12353.029    12361.030
   640:    12369.031    12373.032    12376.033    12378.034    12384.035
   645:    12402.036    12402.036    12403.037    12405.038    12452.000
   650:    12452.000    13216.001    13216.001    13266.000    13266.000
   655:    13705.002    13710.004    13714.006    13756.008    13793.010
   660:    13799.012    13801.014    13806.016    13808.018    13812.020
   665:    13819.022    13827.024    13831.026    13837.028    13838.030
   670:    13841.032    13843.034    13849.036    13859.038    13893.040
   675:    13900.042    13901.044    13903.046    13911.048    13983.050
   680:    13988.052    13989.054    13993.056    13998.058    14008.060
   685:    14011.062    14022.064    14046.066    14061.068    14064.070
   690:    14069.072    14070.074    14071.076    14074.078    14080.080
   695:    14092.082    14109.084    14112.086    14116.088    14120.090
   700:    14122.092    14125.094    14151.096    14154.098    14156.100
   705:    14159.102    14168.104    14175.106    14177.108    14180.110
   710:    14189.112    14192.114    14196.116    14210.118    14216.120
   715:    14220.122    14222.124    14223.126    14226.128    14319.130
   720:    14332.132    14344.134    14346.136    14349.138    14374.140
   725:    14446.142    14454.144    14838.146    16177.001    16184.002
   730:    16415.003    16481.004    16540.005    16549.006    16556.007
   735:    16622.008    16622.008    16672.000    16672.000    16672.055
   740:    16672.056    16672.057    16672.058    16672.059    16672.060
   745:    16672.061    16672.062    16672.063    16672.064    16672.065
   750:    16672.066    16672.067    16672.068    16672.069    16672.070
   755:    16672.071    16672.072    16672.073    16672.074    16672.075
   760:    16672.076    16672.077    16672.078    16672.079    16672.080
   765:    16672.081    16672.082    16672.083    16672.084    16672.085
   770:    16672.086    16672.087    16672.088    16672.089    16672.090
   775:    16672.091    16672.092    16672.093    16672.094    16672.095
   780:    16672.096    16672.097    16672.098    16672.099    16672.100
   785:    16672.101    16672.102    16672.103    16672.104    16672.105
   790:    16672.106    16672.107    16672.108    16672.109    16672.110
   795:    16672.111    16672.112    16672.113    16672.114    16672.115
   800:    16672.116    16672.117    16672.118    16672.118    16672.119
   805:    16672.000    16672.000    17214.001    17220.002    17225.003
   810:    17237.004    17239.005    17242.006    17249.007    17253.008
   815:    17263.009    17265.010    17281.011    17286.012    17290.013
   820:    17292.014    17294.015    17297.016    17314.017    17320.018
   825:    17329.019    17329.019    17329.020    17379.000
