File: C:\MED-PC\Data\2018-05-29_12h33m_Subject M333.txt


Start Date: 05/29/18
End Date: 05/29/18
Subject: M333
Experiment: DOBLE_PICO_ACO
Group: EXP
Box: 10
Start Time: 12:33:41
End Time: 13:47:06
MSN: IF_ACO_MULTIPLE_PICO
A:     227.000
B:      19.000
D:      20.000
I:       2.000
J:   18000.000
K:    5400.000
M:       0.000
N:      19.000
O:      21.000
P:     443.000
Q:       0.000
T:    1000.000
V:     600.000
W:      19.000
Z:       0.000
C:
     0:        0.120        0.120        0.120        0.120        0.120
     5:        0.120        0.120        0.120        0.120        0.120
    10:        0.120        0.120        0.120        0.120        0.120
    15:        0.120        0.120        0.120        0.120        0.120
    20:        0.120        0.120        0.120        0.120        0.120
    25:        0.120        0.120        0.120        0.120        0.120
    30:        0.120        0.120        0.120        0.120        0.510
    35:        9.120       48.110       52.120       92.110       95.120
    40:      107.120      138.110      141.120      154.120      193.110
    45:      196.120      210.120      211.120      225.120      254.110
    50:      259.110      268.110      271.120      279.120      281.120
    55:      328.110      333.110      339.120      349.120      353.120
    60:      363.120      388.120      395.120      412.110      419.120
    65:      445.120      446.120      447.120      456.120      470.110
    70:      473.110      487.110      497.120      527.120      536.110
    75:      544.110      544.210      547.120      594.310      692.120
    80:      694.510      695.120      703.120      705.120      740.120
    85:      747.120      998.120     1112.110     1115.120     1146.120
    90:     1209.110     1213.120     1257.110     1257.210     1262.120
    95:     1307.310     1407.500     1433.120     1435.120     1440.120
   100:     1444.120     1444.120     1448.120     1642.100     1644.100
   105:     1802.120     1809.100     1814.120     1919.100     1922.120
   110:     1961.100     1964.120     1986.120     1992.100     2013.100
   115:     2018.120     2021.200     2071.300     2166.120     2169.120
   120:     2171.510     2206.120     2267.120     2299.120     2497.110
   125:     2501.120     2523.120     2524.120     2543.110     2546.120
   130:     2567.120     2571.120     2585.120     2613.110     2617.120
   135:     2648.110     2653.110     2692.110     2696.110     2701.120
   140:     2742.120     2756.110     2760.110     2763.110     2766.110
   145:     2768.110     2771.120     2810.120     2817.110     2817.210
   150:     2820.120     2867.310     2967.500     2975.120     3246.120
   155:     3271.120     3457.120     3462.100     3470.120     3511.120
   160:     3514.120     3630.100     3637.120     3659.120     3690.200
   165:     3697.120     3740.300     3840.540     3863.110     3866.120
   170:     4055.110     4189.120     4241.120     4243.120     4251.120
   175:     4255.120     4266.120     4301.120     4373.110     4376.120
   180:     4432.120     4474.110     4482.110     4486.120     4527.110
   185:     4532.110     4536.110     4577.110     4583.110     4586.110
   190:     4591.120     4623.110     4626.110     4628.110     4645.110
   195:     4648.110     4655.110     4661.120     4690.110     4698.110
   200:     4700.110     4702.110     4705.110     4711.110     4712.110
   205:     4718.110     4721.110     4725.110     4740.110     4744.110
   210:     4757.120     4789.120     4796.120     4808.120     4809.120
   215:     4815.120     4831.120     4857.120     4886.110     4889.120
   220:     4894.120     4907.120     4909.120     4914.120     5017.110
   225:     5021.120     5111.120     5142.120     5171.110     5175.120
   230:     5202.120     5227.110     5230.120     5270.120     5280.120
   235:     5294.120     5296.120     5340.110     5345.120     5386.110
   240:     5390.120     5395.110     5401.110     5447.110     5453.110
   245:     5457.120     5473.120     5477.120     5507.120     5523.120
   250:     5524.120     5541.120     5558.110     5569.110     5573.110
   255:     5575.110     5640.340     5713.120     5714.120     5740.530
   260:     5807.120     5818.120     5823.120     5852.120     5869.120
   265:     5943.120     5981.120     6005.120     6007.120     6015.100
   270:     6030.120     6072.120     6082.120     6152.100     6227.120
   275:     6233.100     6238.100     6315.100     6321.120     6353.100
   280:     6357.120     6425.100     6426.100     6430.120     6484.100
   285:     6493.100     6497.100     6499.100     6505.100     6510.100
   290:     6512.120     6574.100     6585.120     6589.120     6605.120
   295:     6606.120     6613.120     6642.120     6649.120     6652.120
   300:     6658.120     6673.120     6921.120     6937.100     7057.100
   305:     7095.100     7098.100     7101.120     7140.120     7207.120
   310:     7207.120     7230.120     7374.120     7531.120     7540.330
   315:     7598.120     7640.510     7644.120     7657.120     7757.110
   320:     7803.110     7819.120     7839.120     7841.120     7843.120
   325:     7943.110     7948.120     7961.120     7983.110     7989.120
   330:     8023.110     8027.120     8086.110     8092.110     8099.110
   335:     8103.120     8127.120     8145.110     8149.110     8153.120
   340:     8184.110     8186.110     8196.110     8197.110     8209.110
   345:     8212.110     8217.110     8219.110     8222.110     8226.120
   350:     8256.110     8261.110     8263.110     8272.110     8272.210
   355:     8276.120     8322.310     8422.500     8994.100     8998.120
   360:     9035.120     9038.120     9054.200     9055.120     9104.300
   365:     9204.510     9601.110     9604.120     9647.110     9650.120
   370:     9659.120     9694.110     9700.110     9702.120     9729.120
   375:     9742.110     9748.110     9753.110     9758.120     9783.120
   380:     9797.110     9804.110     9810.120     9834.110     9834.210
   385:     9837.120     9884.310     9984.500    10421.100    10425.120
   390:    10466.120    10473.120    10516.100    10524.120    10588.120
   395:    10599.120    10659.100    10664.120    10709.100    10717.100
   400:    10719.200    10725.120    10769.300    10773.120    10869.510
   405:    11238.110    11242.120    11251.120    11286.110    11289.120
   410:    11360.110    11363.120    11391.120    11405.110    11411.110
   415:    11414.120    11445.120    11459.110    11464.110    11466.110
   420:    11470.120    11493.110    11493.210    11497.120    11543.310
   425:    11643.500    12097.120    12126.120    12127.120    12158.120
   430:    12196.120    12248.100    12260.100    12264.100    12268.120
   435:    12306.100    12308.200    12313.120    12358.300    12458.500
   440:    12464.120    12473.120    12492.120    12542.120    12561.120
   445:    12562.120    12927.120    12969.120    12992.120    13025.120
   450:    13027.120    13050.120    13081.120    13089.100    13093.120
   455:    13119.120    13128.100    13131.120    13149.200    13199.300
   460:    13299.510    13307.120    13308.120    13646.110    13649.120
   465:    13690.120    13703.120    13729.120    13775.110    13779.120
   470:    13812.110    13817.110    13820.120    13877.110    13883.110
   475:    13887.120    13930.110    13930.210    13933.120    13980.310
   480:    14080.510    14551.110    14554.120    14564.120    14583.110
   485:    14585.120    14625.110    14630.110    14634.120    14660.110
   490:    14665.110    14669.120    14700.110    14703.110    14720.110
   495:    14720.210    14728.120    14770.310    14865.120    14870.500
   500:    14871.120    14876.120    14877.120    14897.120    14899.120
   505:    14910.120    14937.120    14945.120    15591.120    15611.120
   510:    15652.120    15673.120    15675.120    15699.120    15762.100
   515:    15772.120    15822.200    15828.120    15872.300    15875.120
   520:    15972.500    15984.120    15986.120    15989.120    15991.120
   525:    15997.120    16025.120    16209.120    16273.120    16285.120
   530:    16298.120    16426.120    16467.120    16509.120    16523.120
   535:    16525.120    16532.120    16554.120    16565.120    16589.120
   540:    16593.120    16596.120    16598.120    16640.120    16668.120
   545:    16671.120    16714.120    16727.100    16764.100    16775.100
   550:    16779.100    16782.100    16787.200    16792.120    16837.300
   555:    16937.510    17151.120    17197.120    17410.110    17420.110
   560:    17427.120    17447.120    17452.120    17497.110    17503.110
   565:    17504.110    17508.110    17511.110    17520.110    17523.110
   570:    17572.110    17572.210    17575.120    17622.310    17629.120
   575:    17722.500    17747.120    17759.120    17808.120    17830.120
   580:    18190.120    18285.120    18338.120    18359.120    18360.120
   585:    18362.120    18467.120    18507.120    18508.120    18531.100
   590:    18536.120    18566.120    18584.120    18591.200    18641.300
   595:    18741.510    18745.120    18761.120    18901.120    18990.120
   600:    19312.110    19315.120    19394.120    19429.120    19432.120
   605:    19439.120    19458.120    19477.110    19477.210    19481.120
   610:    19527.310    19531.120    19627.500    19802.120    19816.120
   615:    19860.120    20177.120    20201.120    20212.120    20235.120
   620:    20262.120    20273.120    20293.100    20323.100    20330.100
   625:    20334.100    20336.100    20340.120    20353.200    20357.120
   630:    20403.300    20503.510    20506.120    20509.120    20514.120
   635:    20919.110    20925.120    20936.120    21040.120    21102.120
   640:    21149.110    21149.210    21152.120    21199.310    21299.510
   645:    21299.120    21307.120    21312.120    21313.120    21326.120
   650:    21331.120    21353.120    21392.120    21792.120    21852.120
   655:    21869.120    21910.120    21944.120    21946.120    21967.110
   660:    21967.210    21970.120    22017.310    22114.120    22117.500
   665:    22444.120    22517.120    22562.100    22566.120    22595.120
   670:    22599.120    22608.120    22616.120    22653.120    22685.100
   675:    22688.120    22716.100    22733.100    22742.100    22745.200
   680:    22747.120    22795.300    22895.500    22907.120    23051.120
   685:    23111.120    23659.120    23713.120    23735.120    23778.100
   690:    23796.120    23816.100    23831.100    23838.200    23843.120
   695:    23888.300    23988.510    24196.120    24252.110    24255.120
   700:    24280.120    24346.120    24379.110    24382.120    24452.110
   705:    24455.120    24496.120    24502.120    24512.110    24515.110
   710:    24518.120    24559.120    24562.120    24574.110    24579.110
   715:    24582.120    24616.110    24616.210    24620.120    24666.310
   720:    24766.510    24852.120    24856.120    24866.120    24868.120
   725:    24876.120    24881.120    24882.120    24888.120    24892.120
   730:    24908.120    24913.120    24915.120    24919.120    24922.120
   735:    24923.120    24925.120    24927.120    24928.120    24931.120
   740:    24932.120    24941.120    24946.120    24948.120    24950.120
   745:    24952.120    24965.120    24979.120    24989.120    24990.120
   750:    24994.120    24997.120    24997.120    25000.120    25006.120
   755:    25011.120    25013.120    25021.120    25056.120    25062.110
   760:    25066.120    25334.110    25337.120    25355.120    25376.110
   765:    25380.120    25404.120    25414.120    25423.110    25423.210
   770:    25427.120    25473.310    25573.530    25816.120    25837.100
   775:    25839.100    25843.120    25865.100    26047.120    26089.120
   780:    26093.100    26099.120    26154.100    26165.100    26169.120
   785:    26230.120    26241.100    26276.100    26311.100    26316.100
   790:    26318.100    26325.100    26335.100    26344.100    26352.100
   795:    26355.100    26358.100    26375.100    26390.120    26426.100
   800:    26441.100    26448.100    26455.100    26463.120    26518.120
   805:    26575.120    26598.120    26611.120    26612.120    27134.100
   810:    27139.120    27162.120    27219.120    27277.120    27310.120
   815:    27310.120    27311.120    27373.330    27384.120    27422.120
   820:    27426.120    27427.120    27473.510    27599.120    27602.120
   825:    27603.120    27636.120    27640.120    27661.110    27665.120
   830:    27758.110    27761.120    27783.120    27785.120    27815.110
   835:    27818.120    27837.120    27854.120    27907.110    27912.110
   840:    27915.120    27930.120    27955.110    27964.110    27968.120
   845:    28007.110    28010.110    28015.110    28021.120    28053.120
   850:    28059.110    28062.110    28064.110    28077.110    28083.110
   855:    28086.120    28115.110    28115.210    28118.120    28165.310
   860:    28265.540    28270.120    28272.120    28284.120    28285.120
   865:    28325.120    28529.110    28533.120    28543.120    28584.120
   870:    28602.120    28618.120    28655.110    28659.120    28680.120
   875:    28695.110    28699.110    28703.120    28733.120    28743.110
   880:    28747.120    28768.120    28784.110    28788.110    28792.110
   885:    28796.110    28800.110    28802.110    28839.110    28842.110
   890:    28845.110    28849.110    28853.120    28870.110    28875.110
   895:    28878.110    28891.110    28898.110    28903.110    28907.110
   900:    28910.110    28914.110    28922.120    28945.110    28952.110
   905:    28955.110    28958.110    28962.110    28965.110    28978.110
   910:    28981.110    28985.110    28991.120    29017.110    29020.110
   915:    29023.110    29029.110    29032.110    29036.110    29039.110
   920:    29042.110    29048.110    29050.110    29075.110    29078.110
   925:    29082.110    29090.110    29093.110    29097.110    29114.110
   930:    29129.110    29133.110    29137.110    29156.110    29175.120
   935:    29238.110    29247.110    29264.110    29269.110    29270.110
   940:    29274.110    29276.110    29277.110    29281.110    29293.110
   945:    29339.120    29362.120    29407.120    29477.120    29489.120
   950:    29518.120    29554.120    29559.120    29950.120    30027.120
   955:    30065.340    30076.120    30084.120    30110.120    30134.120
   960:    30165.500    30275.120    30326.120    30333.120    30336.120
   965:    30395.100    30401.120    30436.120    30441.100    30471.100
   970:    30477.120    30505.100    30535.100    30549.100    30559.100
   975:    30563.100    30570.120    30624.100    30636.100    30645.100
   980:    30650.100    30653.100    30670.100    30680.100    30681.100
   985:    30684.100    30685.100    30695.100    30697.100    30726.100
   990:    30736.100    30741.120    30762.100    30769.120    30777.120
   995:    30778.120    30786.200    30836.300    30936.500    30963.120
  1000:    31048.120    31049.120    31087.120    31090.120    31162.120
  1005:    31163.120    31188.120    31236.120    31380.120    31418.120
  1010:    31422.120    31426.120    31471.100    31477.120    31548.100
  1015:    31557.100    31563.100    31574.120    31608.200    31613.120
  1020:    31658.300    31758.510    31997.120    32118.110    32121.120
  1025:    32154.110    32157.120    32192.120    32207.110    32212.110
  1030:    32216.120    32243.110    32247.110    32248.110    32252.120
  1035:    32274.110    32277.110    32296.110    32332.110    32339.110
  1040:    32343.120    32356.110    32361.110    32367.110    32373.110
  1045:    32378.110    32394.110    32394.210    32400.120    32444.310
  1050:    32516.120    32528.120    32529.120    32537.120    32544.500
  1055:    32552.120    32599.120    32638.120    32967.100    32975.120
  1060:    33018.100    33021.100    33025.120    33156.100    33163.100
  1065:    33170.120    33199.100    33216.200    33222.120    33266.300
  1070:    33366.500    33416.120    33417.120    33449.120    33474.120
  1075:    33475.120    33498.120    33926.120    33945.120    33980.120
  1080:    33991.100    33996.120    34051.200    34056.120    34101.300
  1085:    34165.120    34167.120    34169.120    34173.120    34190.120
  1090:    34193.120    34195.120    34195.120    34197.120    34201.510
  1095:    34205.120    34211.120    34214.120    34219.120    34220.120
  1100:    34230.120    34235.120    34237.120    34238.120    34242.120
  1105:    34247.120    34249.120    34249.120    34264.120    34273.120
  1110:    34274.120    34280.120    34300.120    34304.120    34311.120
  1115:    34327.120    34389.120    34443.120    34509.120    34546.120
  1120:    34561.120    34618.120    34625.110    34628.120    34658.110
  1125:    34664.110    34669.120    34697.120    34714.110    34718.110
  1130:    34722.120    34749.110    34754.110    34759.120    34789.120
  1135:    34795.110    34800.110    34803.110    34806.120    34825.110
  1140:    34825.210    34829.120    34875.310    34975.510    35302.110
  1145:    35305.120    35371.110    35377.110    35380.120    35423.110
  1150:    35427.120    35457.110    35462.110    35466.120    35498.110
  1155:    35502.110    35506.120    35532.120    35543.120    35549.110
  1160:    35554.110    35557.110    35568.110    35571.110    35577.110
  1165:    35580.110    35584.120    35602.120    35614.110    35614.210
  1170:    35617.120    35664.310    35764.500    36151.100    36155.120
  1175:    36196.120    36239.120    36288.100    36296.100    36302.100
  1180:    36307.120    36374.100    36381.100    36383.100    36392.100
  1185:    36405.100    36410.120    36434.200    36438.120    36484.300
  1190:    36584.500    36640.120    36654.120    36664.120    36708.120
  1195:    37351.120    37381.120    37410.100    37414.120    37470.200
  1200:    37482.120    37520.300    37537.120    37539.120    37566.120
  1205:    37570.120    37572.120    37610.120    37620.510    37660.120
  1210:    37679.120    37735.120    37783.120    37815.110    37817.120
  1215:    37890.120    37926.110    37931.120    37969.120    37977.110
  1220:    37981.120    37991.110    37997.110    38001.120    38037.120
  1225:    38055.110    38058.110    38063.110    38076.120    38113.110
  1230:    38117.110    38120.110    38123.110    38133.110    38148.110
  1235:    38153.110    38293.110    38293.210    38296.120    38343.310
  1240:    38347.120    38415.120    38434.120    38442.120    38443.500
  1245:    38448.120    38468.120    38474.120    38475.120    38477.120
  1250:    38479.120    38480.120    38487.120    38488.120    38495.120
  1255:    38501.120    38502.120    38504.120    38506.120    38509.120
  1260:    38520.120    38524.120    38526.120    38532.120    38537.120
  1265:    38548.120    38550.120    38552.120    38553.120    38553.120
  1270:    38558.120    38566.120    38580.120    38588.120    38597.120
  1275:    38602.120    38623.120    38632.120    38666.120    38699.120
  1280:    38722.120    38819.100    38828.120    38880.120    38923.120
  1285:    38924.120    38928.120    38940.120    38942.120    38969.100
  1290:    38974.120    39046.100    39060.100    39063.100    39070.120
  1295:    39105.100    39106.200    39112.120    39156.300    39256.530
  1300:    39267.120    39271.120    39282.120    39283.120    39285.120
  1305:    39310.120    39312.120    39314.120    39326.120    39373.120
  1310:    39410.120    39416.120    39501.120    39528.120    39534.120
  1315:    39541.120    39542.120    39544.120    39553.120    39554.120
  1320:    39554.120    39569.120    39580.120    39590.120    39605.120
  1325:    39606.120    39622.120    39623.120    39625.120    39638.120
  1330:    39643.120    39669.120    39676.120    39689.100    39693.120
  1335:    39737.120    39782.120    39808.120    39824.100    39829.120
  1340:    39856.120    39887.100    39891.100    39896.120    39961.100
  1345:    39981.100    39987.100    39990.100    39995.100    40001.100
  1350:    40018.100    40025.100    40029.100    40032.100    40035.100
  1355:    40042.120    40110.100    40119.120    40187.120    40188.120
  1360:    40194.120    40234.100    40335.120    40340.120    40344.120
  1365:    40353.120    40419.120    40456.120    40476.120    40486.120
  1370:    40561.120    40582.120    40594.120    40614.120    40646.100
  1375:    40654.120    40700.120    40706.120    40708.120    40731.100
  1380:    40737.120    40743.120    40769.120    40803.100    40816.100
  1385:    40821.120    40850.100    40880.100    40891.100    40892.100
  1390:    40907.120    40950.120    40984.120    41017.100    41020.120
  1395:    41027.120    41049.120    41056.330    41060.120    41086.120
  1400:    41088.120    41088.120    41089.120    41102.120    41118.120
  1405:    41129.120    41136.120    41156.510    41159.120    41162.120
  1410:    41191.120    41196.110    41202.110    41204.120    41216.120
  1415:    41222.120    41224.120    41234.120    41245.110    41251.110
  1420:    41258.110    41329.110    41333.110    41338.120    41362.110
  1425:    41365.110    41368.110    41390.110    41394.110    41399.120
  1430:    41406.110    41412.110    41487.110    41495.110    41499.110
  1435:    41503.110    41520.110    41525.110    41528.110    41532.110
  1440:    41535.110    41545.110    41549.110    41553.110    41556.110
  1445:    41558.110    41562.110    41569.110    41577.110    41591.120
  1450:    41613.110    41617.110    41622.120    41654.120    41680.110
  1455:    41684.120    41696.120    41696.120    41703.120    41707.120
  1460:    41724.120    41735.120    41746.110    41751.120    41786.110
  1465:    41786.210    41790.120    41836.310    41936.510
E:
     0:     1469.000      217.000      397.000
F:
     0:       70.000       36.897       26.910
G:
     0:        1.000        1.000        1.000        1.000        1.000
     5:        1.000        1.000        1.000        1.000        0.000
H:
     0:        1.000        1.000        2.000        2.000
L:
     0:     6232.000     7335.000     6425.000     7447.000     6745.000
     5:     7008.000     9622.000     8245.000     8781.000     7360.000
    10:     6374.000     9533.000     6313.000     6815.000     6822.000
    15:     6950.000     6796.000     8967.000     6737.000
R:
     0:        1.000        1.000        1.000        1.000        1.000
     5:        1.000        1.000        1.000        1.000        0.000
S:
     0:        0.000        1.000
U:
     0:     6232.000        0.000        0.000
X:
     0:        0.000      234.001      236.002      401.003      511.004
     5:      553.005      585.006      605.007      613.007      663.000
    10:      663.000     1157.001     1326.002     1386.002     1436.000
    15:     1436.000     1436.088     1436.090     1436.092     1436.094
    20:     1436.096     1436.098     1436.100     1436.102     1436.104
    25:     1436.106     1436.108     1436.110     1436.112     1436.114
    30:     1436.116     1436.118     1436.120     1436.122     1436.124
    35:     2008.001     2068.001     2118.000     2118.000     2555.001
    40:     2649.002     2792.003     2843.004     2851.005     2852.005
    45:     2902.000     2902.000     3506.001     3518.002     3522.003
    50:     3564.004     3566.004     3616.000     3616.000     4246.001
    55:     4285.002     4306.002     4356.000     4356.000     5248.001
    60:     5308.001     5358.000     5358.000     6112.001     6150.002
    65:     6160.003     6165.004     6167.005     6172.005     6222.000
    70:     6222.000     7030.001     7090.001     7140.000     7140.000
    75:     7805.001     7835.002     7842.003     7846.004     7848.005
    80:     7866.005     7916.000     7916.000     8361.001     8483.002
    85:     8514.003     8531.004     8541.005     8543.005     8593.000
    90:     8593.000     9476.001     9514.002     9529.003     9536.003
    95:     9586.000     9586.000     9849.002     9851.004     9877.006
   100:    10105.008    10166.010    10177.012    10253.014    10288.016
   105:    10324.018    10328.020    10330.022    10337.024    10347.026
   110:    10356.028    10364.030    10367.032    10370.034    10387.036
   115:    10438.038    10454.040    10460.042    10467.044    11146.046
   120:    14407.129    14453.130    14483.131    14517.132    14548.133
   125:    14561.134    14571.135    14576.136    14636.137    14649.138
   130:    14657.139    14662.140    14665.141    14682.142    14692.143
   135:    14693.144    14696.145    14697.146    14707.147    14710.148
   140:    14738.149    14748.150    14774.151    14799.151    14849.000
   145:    14849.000    15383.001    15460.002    15469.003    15475.004
   150:    15520.004    15570.000    15570.000    15992.001    16043.002
   155:    16046.003    16182.004    16188.005    16225.006    16242.006
   160:    16292.000    16292.000    16916.001    16977.001    17027.000
   165:    17027.000    17414.001    17551.002    17558.003    17565.004
   170:    17636.005    17644.006    17646.007    17654.008    17668.009
   175:    17696.009    17746.000    17746.000    18572.001    18632.001
   180:    18682.000    18682.000    19058.001    19207.002    19285.003
   185:    19299.004    19302.005    19343.006    19345.006    19395.000
   190:    19395.000    19827.002    19962.004    20025.006    20029.008
   195:    20099.010    20119.012    20125.014    20128.016    20133.018
   200:    20139.020    20156.022    20163.024    20167.026    20170.028
   205:    20173.030    20248.032    20372.034    20784.036    20869.038
   210:    20941.040    20954.042    20988.044    21018.046    21029.048
   215:    21030.050    21155.052
Y:
     0:        0.000       47.001       92.002      138.003      193.004
     5:      254.005      259.006      268.007      328.008      333.009
    10:      412.010      470.011      473.012      487.013      536.014
    15:      543.015      544.015      594.000      594.000     1011.001
    20:     1109.002     1157.003     1157.003     1207.000     1207.000
    25:     1533.001     1579.002     1649.003     1684.004     1689.005
    30:     1727.006     1732.007     1792.008     1796.009     1799.010
    35:     1802.011     1804.012     1853.013     1853.013     1903.000
    40:     1903.000     1925.002     2117.004     2435.006     2536.008
    45:     2544.010     2589.012     2594.014     2598.016     2640.018
    50:     2645.020     2648.022     2685.024     2688.026     2690.028
    55:     2707.030     2710.032     2717.034     2752.036     2760.038
    60:     2762.040     2764.042     2767.044     2773.046     2774.048
    65:     2780.050     2783.052     2787.054     2802.056     2806.058
    70:     2948.060     3079.062     3233.064     3289.066     3402.068
    75:     3448.070     3457.072     3463.074     3509.076     3515.078
    80:     3620.080     3631.082     3635.084     3637.086     5819.125
    85:     5865.126     6005.127     6046.128     6085.129     6149.130
    90:     6154.131     6162.132     6207.133     6211.134     6246.135
    95:     6248.136     6258.137     6259.138     6271.139     6274.140
   100:     6279.141     6281.142     6284.143     6318.144     6323.145
   105:     6326.146     6334.147     6334.147     6384.000     6384.000
   110:     6780.001     6826.002     6873.003     6879.004     6921.005
   115:     6927.006     6932.007     6976.008     6983.009     7013.010
   120:     7013.010     7063.000     7063.000     7432.001     7480.002
   125:     7554.003     7599.004     7605.005     7653.006     7657.007
   130:     7660.008     7687.009     7687.009     7737.000     7737.000
   135:     8083.001     8213.002     8250.003     8254.004     8314.005
   140:     8320.006     8368.007     8368.007     8418.000     8418.000
   145:     8888.001     8920.002     8962.003     8967.004     8998.005
   150:     9002.006     9037.007     9040.008     9057.009     9057.009
   155:     9107.000     9107.000     9580.001     9590.002     9666.003
   160:     9672.004     9673.005     9678.006     9680.007     9689.008
   165:     9693.009     9742.010     9742.010     9792.000     9792.000
   170:    10363.001    10528.002    10528.002    10578.000    10578.000
   175:    10993.001    11223.002    11224.002    11274.000    11274.000
   180:    11941.001    11942.001    11992.000    11992.000    12255.001
   185:    12383.002    12456.003    12516.004    12519.005    12578.006
   190:    12582.007    12620.008    12620.008    12670.000    12670.000
   195:    12965.001    13237.002    13279.003    13326.004    13326.004
   200:    13376.000    13376.000    13376.047    13376.048    13376.049
   205:    13376.050    13376.051    13376.052    13376.053    13376.054
   210:    13376.055    13376.056    13376.057    13376.058    13376.059
   215:    13376.060    13376.061    13376.062    13376.062    13376.000
   220:    13376.000    13376.002    13376.004    13376.006    13376.008
   225:    13376.010    13376.012    13376.014    13376.016    13376.018
   230:    13376.020    13376.022    13376.024    13376.026    13376.028
   235:    13376.030    13376.032    13376.034    13376.036    13376.038
   240:    13376.040    13376.042    13376.044    13376.046    13376.048
   245:    13376.050    13376.052    13376.054    13376.056    13376.058
   250:    13376.060    13376.062    13376.064    13376.066    13376.068
   255:    13376.070    13376.072    13376.074    13376.076    13376.078
   260:    13376.080    13376.082    13376.084    13376.086    13376.088
   265:    13376.090    13376.092    13376.094    13376.096    13376.098
   270:    13376.100    13376.102    13376.104    13376.106    13376.108
   275:    13376.110    13376.112    13376.114    13376.116    13376.118
   280:    13376.120    13376.122    13376.124    13376.126    13376.128
   285:    13735.001    13772.002    13824.003    13829.004    13861.005
   290:    13865.006    13866.007    13892.008    13895.009    13914.010
   295:    13950.011    13956.012    13974.013    13978.014    13984.015
   300:    13991.016    13996.017    14012.018    14012.018    14062.000
   305:    14062.000    14485.001    14518.002    14524.003    14574.004
   310:    14578.005    14609.006    14614.007    14655.008    14660.009
   315:    14663.010    14685.011    14685.011    14735.000    14735.000
   320:    15061.001    15130.002    15136.003    15182.004    15217.005
   325:    15222.006    15257.007    15262.008    15309.009    15313.010
   330:    15316.011    15328.012    15331.013    15336.014    15339.015
   335:    15374.016    15374.016    15424.000    15424.000    15618.001
   340:    15729.002    15780.003    15795.004    15800.005    15858.006
   345:    15862.007    15866.008    15917.009    15920.010    15923.011
   350:    15926.012    15936.013    15951.014    15956.015    16096.016
   355:    16096.016    16146.000    16146.000    16146.053    16146.054
   360:    16146.055    16146.056    16146.057    16146.058    16146.059
   365:    16146.060    16146.061    16146.062    16146.063    16146.064
   370:    16146.065    16146.066    16146.067    16146.068    16146.069
   375:    16146.070    16146.071    16146.072    16146.073    16146.074
   380:    16146.075    16146.076    16146.077    16146.078    16146.079
   385:    16146.080    16146.081    16146.082    16146.083    16146.084
   390:    16146.085    16146.086    16146.087    16146.088    16146.088
   395:    16146.000    16146.000
