File: C:\MED-PC\Data\2018-05-01_09h39m_Subject M326.txt


Start Date: 05/01/18
End Date: 05/01/18
Subject: M326
Experiment: DOBLE_PICO_ACO
Group: EXP
Box: 9
Start Time: 09:39:41
End Time: 10:53:12
MSN: IF_ACO_MULTIPLE_PICO
A:     503.000
B:      22.000
D:      22.000
I:       2.000
J:   18000.000
K:    5400.000
M:       0.000
N:      22.000
O:      23.000
P:     273.000
Q:       0.000
T:    1000.000
V:     600.000
W:      22.000
Z:       0.000
C:
     0:        0.120        0.120        0.120        0.120        0.120
     5:        0.120        0.120        0.120        0.120        0.120
    10:        0.510       25.120       54.120       93.110       99.120
    15:      203.110      209.120      215.120      269.120      349.110
    20:      354.120      363.110      371.110      395.110      403.110
    25:      407.110      422.120      460.110      534.120      564.110
    30:      564.210      568.120      614.310      714.500      724.120
    35:      739.120      762.120      766.120      895.120      947.100
    40:      953.100      958.120      996.100     1003.120     1021.100
    45:     1023.100     1029.100     1032.100     1039.120     1059.100
    50:     1064.100     1069.100     1072.120     1077.120     1098.100
    55:     1111.100     1117.100     1125.100     1128.100     1133.120
    60:     1226.120     1245.100     1256.100     1258.100     1270.100
    65:     1276.120     1297.100     1309.100     1316.200     1321.120
    70:     1366.300     1466.500     1533.120     1930.120     1948.100
    75:     1958.100     1965.120     1986.100     1999.100     2007.100
    80:     2021.100     2027.100     2030.100     2035.120     2047.120
    85:     2067.200     2074.120     2117.300     2217.510     2327.120
    90:     2481.110     2486.120     2524.120     2617.110     2625.110
    95:     2638.110     2643.120     2674.120     2682.110     2697.110
   100:     2703.110     2708.110     2713.120     2722.120     2725.120
   105:     2741.110     2748.120     2768.110     2776.110     2782.110
   110:     2787.110     2794.110     2798.120     2820.120     2887.120
   115:     2895.110     2895.210     2899.120     2945.310     3045.510
   120:     3192.120     3763.110     3763.210     3770.120     3813.310
   125:     3913.530     3997.120     4188.100     4195.120     4219.100
   130:     4226.100     4232.100     4243.100     4252.100     4257.100
   135:     4263.120     4290.100     4300.100     4308.100     4314.120
   140:     4325.120     4348.100     4369.100     4386.100     4388.100
   145:     4395.100     4409.100     4420.100     4424.100     4427.100
   150:     4434.100     4437.100     4441.120     4459.100     4482.100
   155:     4496.100     4501.100     4512.100     4518.120     4551.100
   160:     4563.100     4578.100     4580.100     4595.100     4600.100
   165:     4604.120     4633.120     4642.120     4718.100     4752.100
   170:     4764.100     4768.100     4772.120     4780.120     4783.120
   175:     4786.120     4948.100     4965.120     5006.100     5015.100
   180:     5022.120     5046.120     5056.120     5101.120     5108.100
   185:     5124.100     5134.120     5154.120     5375.100     5390.100
   190:     5406.120     5409.120     5546.100     5553.100     5565.100
   195:     5574.100     5579.100     5587.100     5589.100     5594.120
   200:     5713.330     5743.120     5813.540     5862.120     6171.120
   205:     6203.110     6432.120     6461.120     6494.120     6517.110
   210:     6533.110     6539.120     6561.110     6572.110     6577.110
   215:     6587.110     6595.110     6599.120     6609.120     6628.110
   220:     6635.120     6648.110     6655.120     6687.110     6697.110
   225:     6709.110     6723.110     6734.110     6786.110     6795.120
   230:     6839.110     6850.110     6869.110     6877.110     6883.120
   235:     6890.120     6892.120     6894.120     6903.120     6924.120
   240:     6941.110     6950.120     6956.120     6959.120     6964.120
   245:     6965.120     6968.120     6974.120     6992.120     7011.110
   250:     7286.120     7304.120     7346.120     7368.110     7374.110
   255:     7380.120     7389.120     7395.120     7405.120     7434.120
   260:     7435.120     7436.120     7437.120     7438.120     7441.120
   265:     7449.120     7479.120     7499.110     7551.110     7558.120
   270:     7594.120     7610.120     7613.340     7669.120     7713.500
   275:     7721.120     7731.120     8169.120     8188.100     8194.100
   280:     8203.100     8211.100     8224.120     8237.100     8247.100
   285:     8248.100     8255.100     8260.100     8268.100     8276.100
   290:     8279.100     8284.120     8315.200     8320.120     8365.300
   295:     8465.510     8664.120     8874.120     9018.120     9049.110
   300:     9057.110     9066.120     9091.110     9091.210     9095.120
   305:     9141.310     9241.500     9385.120     9672.100     9680.100
   310:     9688.100     9694.120     9745.100     9753.100     9756.100
   315:     9760.120     9790.100     9799.100     9805.120     9843.100
   320:     9850.200     9858.120     9900.300    10000.510    10140.120
   325:    10527.110    10531.120    10544.110    10554.110    10560.110
   330:    10579.110    10587.120    10621.110    10621.210    10625.120
   335:    10671.310    10771.500    10872.120    11170.120    11197.100
   340:    11214.100    11221.120    11250.100    11257.100    11262.120
   345:    11278.100    11298.100    11305.100    11307.100    11322.100
   350:    11328.100    11333.120    11351.100    11373.100    11374.100
   355:    11382.100    11382.200    11386.120    11432.300    11532.510
   360:    11683.120    11694.120    11769.120    11770.120    11794.120
   365:    11835.120    11836.120    11902.110    11908.120    11983.120
   370:    12040.110    12048.120    12070.110    12077.110    12091.110
   375:    12096.110    12113.120    12144.110    12144.210    12148.120
   380:    12194.310    12294.500    12412.120    12446.120    12525.120
   385:    12837.100    12846.100    12859.120    12874.100    12885.100
   390:    12892.100    12897.200    12901.120    12936.120    12947.300
   395:    13047.500    13195.120    13310.120    13348.120    13402.100
   400:    13410.100    13424.100    13492.100    13503.100    13510.120
   405:    13538.100    13549.100    13558.100    13567.100    13578.100
   410:    13581.100    13584.100    13587.120    13601.100    13618.100
   415:    13626.100    13638.100    13652.120    13661.200    13665.120
   420:    13711.300    13811.510    13935.120    14170.120    14445.120
   425:    14467.120    14484.110    14484.210    14487.120    14534.310
   430:    14634.510    14784.120    14823.120    14880.110    14885.120
   435:    14942.110    15005.110    15206.110    15213.110    15224.110
   440:    15236.110    15248.110    15248.210    15257.120    15298.310
   445:    15398.500    15498.120    15906.100    16009.100    16015.120
   450:    16035.100    16045.100    16054.100    16058.120    16069.200
   455:    16119.300    16219.500    16287.120    16321.120    16391.120
   460:    16426.100    16490.100    16491.100    16496.120    16554.100
   465:    16565.120    16592.100    16603.100    16610.100    16618.120
   470:    16650.100    16660.100    16662.100    16674.120    16685.120
   475:    16710.100    16732.100    16733.100    16740.100    16742.100
   480:    16748.100    16764.100    16766.100    16770.120    16824.200
   485:    16830.120    16874.300    16974.510    17068.120    17647.110
   490:    17647.210    17651.120    17697.310    17797.510    17826.120
   495:    17880.120    18376.120    18412.120    18449.120    18510.110
   500:    18510.210    18514.120    18560.310    18660.540    18751.120
   505:    18786.120    18793.120    19027.120    19080.110    19086.120
   510:    19130.110    19145.120    19165.110    19177.110    19205.110
   515:    19212.110    19217.120    19245.110    19253.120    19280.110
   520:    19302.110    19323.110    19332.120    19358.110    19372.120
   525:    19403.110    19454.110    19462.120    19529.110    19544.110
   530:    19555.110    19570.110    19580.110    19602.110    19607.120
   535:    19654.120    19728.110    19737.120    19918.110    19981.110
   540:    19988.120    20024.120    20041.120    20045.120    20070.110
   545:    20084.110    20109.110    20116.120    20134.120    20150.120
   550:    20156.120    20191.110    20198.120    20213.120    20250.120
   555:    20252.120    20254.120    20256.120    20257.120    20259.120
   560:    20261.120    20337.120    20339.120    20399.120    20404.120
   565:    20409.120    20460.340    20467.120    20506.120    20509.120
   570:    20510.120    20511.120    20513.120    20514.120    20518.120
   575:    20519.120    20560.500    20588.120    20690.100    20699.120
   580:    20768.100    20776.120    20792.120    20804.100    20818.120
   585:    20871.120    20902.100    20914.100    20925.100    20929.120
   590:    20963.100    20970.100    20972.100    20976.120    20981.120
   595:    21060.100    21069.100    21070.100    21071.100    21075.120
   600:    21089.120    21093.120    21139.100    21144.120    21199.200
   605:    21203.120    21249.300    21349.510    21468.120    21579.110
   610:    21585.120    21632.110    21638.120    21648.120    21649.120
   615:    21673.110    21690.110    21696.110    21710.110    21719.110
   620:    21725.120    21733.120    21745.110    21759.120    21782.110
   625:    21797.120    21811.120    21842.120    21875.110    21882.110
   630:    21889.110    21899.120    21915.120    21933.120    21947.110
   635:    21960.110    21967.120    21992.110    21992.210    21995.120
   640:    22042.310    22142.500    22301.120    22362.120    22567.120
   645:    22608.120    22640.100    22647.100    22649.100    22657.100
   650:    22661.120    22692.100    22702.100    22731.100    22739.100
   655:    22744.100    22752.200    22754.120    22802.300    22902.510
   660:    22956.120    22958.120    23534.120    23571.110    23571.210
   665:    23575.120    23621.310    23721.500    23789.120    23923.120
   670:    24163.100    24173.100    24181.100    24184.120    24210.100
   675:    24226.100    24230.100    24243.100    24245.100    24249.100
   680:    24254.120    24265.100    24280.100    24285.100    24296.100
   685:    24298.100    24300.100    24309.100    24314.120    24325.200
   690:    24369.120    24375.300    24475.510    24581.120    24741.120
   695:    24817.120    24856.120    24876.110    24884.120    24896.110
   700:    24910.110    24917.110    24929.110    24940.110    24949.110
   705:    24955.120    24973.110    24986.110    25003.110    25009.120
   710:    25038.110    25050.110    25056.110    25073.110    25077.110
   715:    25093.110    25102.110    25102.210    25107.120    25152.310
   720:    25252.500    25351.120    25729.100    25737.100    25742.120
   725:    25773.100    25784.100    25788.100    25794.120    25814.100
   730:    25837.100    25845.120    25873.100    25874.200    25877.120
   735:    25924.300    26024.510    26252.120    26254.120    26293.120
   740:    26389.120    26419.120    26459.110    26463.120    26479.110
   745:    26521.120    26545.110    26567.110    26575.110    26582.110
   750:    26587.110    26598.110    26607.120    26628.110    26635.120
   755:    26653.110    26653.210    26657.120    26703.310    26803.500
   760:    26906.120    27151.100    27166.120    27238.100    27246.100
   765:    27253.120    27272.120    27280.100    27296.100    27302.100
   770:    27305.100    27316.120    27344.100    27354.100    27356.100
   775:    27357.100    27360.100    27365.120    27381.120    27400.100
   780:    27404.200    27408.120    27454.300    27554.500    27668.120
   785:    27712.120    27721.120    27812.120    27880.100    27887.100
   790:    27891.100    27900.120    27955.100    27963.100    27967.100
   795:    27972.100    27981.120    28023.100    28026.100    28030.120
   800:    28090.100    28092.100    28102.100    28110.120    28144.100
   805:    28153.100    28162.200    28164.100    28169.120    28212.300
   810:    28312.510    28453.120    28488.120    28565.120    28577.120
   815:    28586.120    28626.120    28753.120    28769.120    28799.110
   820:    28804.120    28818.120    28830.120    28850.120    28871.110
   825:    28885.110    28892.110    28898.110    28906.120    28922.120
   830:    28939.120    28945.120    28947.120    28953.110    28953.210
   835:    28958.120    29003.310    29103.500    29227.120    29228.120
   840:    29269.100    29292.100    29299.100    29304.120    29385.100
   845:    29391.100    29395.100    29400.120    29435.100    29441.100
   850:    29446.100    29450.100    29455.100    29463.100    29474.100
   855:    29476.100    29481.120    29506.100    29518.100    29525.100
   860:    29531.100    29538.100    29553.100    29565.100    29567.100
   865:    29572.100    29592.100    29594.100    29602.100    29607.120
   870:    29647.100    29652.100    29657.120    29684.120    29701.100
   875:    29707.200    29715.120    29757.300    29857.510    29961.120
   880:    30126.120    30365.120    30396.110    30403.110    30408.120
   885:    30421.110    30446.110    30452.110    30457.120    30483.110
   890:    30483.210    30487.120    30533.310    30633.500    30732.120
   895:    30904.120    31010.120    31038.100    31047.100    31053.120
   900:    31075.100    31088.100    31090.100    31095.120    31128.120
   905:    31139.100    31161.100    31182.100    31185.100    31204.100
   910:    31207.100    31212.120    31240.100    31242.200    31247.120
   915:    31292.300    31392.510    31632.120    31725.120    31765.120
   920:    31794.110    31799.120    31843.110    31848.120    31859.120
   925:    31890.120    31901.110    31908.110    31913.110    31920.110
   930:    31932.110    31949.110    31957.120    31984.110    31998.110
   935:    32012.110    32012.210    32016.120    32062.310    32162.500
   940:    32280.120    32341.100    32370.120    32381.120    32384.120
   945:    32416.100    32424.100    32429.120    32445.120    32472.120
   950:    32507.120    32564.100    32572.100    32575.100    32580.120
   955:    32594.100    32613.100    32621.100    32628.120    32682.100
   960:    32688.100    32699.100    32712.100    32716.120    32748.100
   965:    32750.100    32753.100    32760.120    32772.200    32778.120
   970:    32822.300    32922.510    33076.120    33318.120    33407.120
   975:    33430.110    33435.120    33463.110    33471.110    33480.110
   980:    33484.120    33489.120    33502.120    33522.110    33530.110
   985:    33541.110    33546.110    33546.210    33551.120    33596.310
   990:    33696.530    33820.120    34282.120    34293.100    34303.100
   995:    34307.120    34333.100    34343.100    34353.100    34359.120
  1000:    34382.100    34393.100    34399.120    34408.100    34432.100
  1005:    34441.100    34444.100    34450.120    34460.120    34478.100
  1010:    34490.100    34515.100    34524.100    34530.100    34547.100
  1015:    34552.120    34642.100    34670.100    34671.100    34677.100
  1020:    34680.120    34732.120    34790.120    34800.120    34811.120
  1025:    34829.100    34843.100    34845.100    34847.100    34849.100
  1030:    34854.120    34889.100    34900.100    34903.100    34906.100
  1035:    34908.100    34910.100    34917.120    34971.100    34978.100
  1040:    34989.100    34991.100    34994.100    35000.100    35005.100
  1045:    35010.120    35017.120    35066.100    35077.100    35080.100
  1050:    35082.100    35084.100    35090.120    35115.100    35139.100
  1055:    35141.100    35143.100    35148.100    35158.100    35171.100
  1060:    35176.100    35182.120    35496.330    35596.510    35623.120
  1065:    35802.120    35841.110    35845.120    35861.110    35879.110
  1070:    35934.110    35952.110    35960.110    35965.120    35977.120
  1075:    35991.110    36002.120    36025.110    36041.110    36053.110
  1080:    36062.110    36135.110    36143.110    36155.120    36246.110
  1085:    36273.110    36284.120    36340.120    36357.110    36357.210
  1090:    36360.120    36407.310    36507.500    36561.120    36562.120
  1095:    36563.120    36656.120    36702.120    36734.100    36740.120
  1100:    36767.100    36774.100    36780.120    36803.100    36813.100
  1105:    36820.100    36821.100    36830.120    36838.120    36859.100
  1110:    36868.100    36873.100    36878.120    36929.100    36932.100
  1115:    36936.120    36970.100    36980.100    36986.100    37005.100
  1120:    37013.100    37022.100    37038.100    37042.120    37050.120
  1125:    37066.100    37086.100    37089.100    37092.100    37100.100
  1130:    37102.100    37108.120    37126.200    37129.120    37176.300
  1135:    37276.500    37658.120    37682.100    37708.120    37718.100
  1140:    37726.100    37731.100    37737.120    37760.100    37774.100
  1145:    37780.100    37784.120    37804.100    37814.100    37817.100
  1150:    37828.100    37839.100    37850.100    37852.100    37864.120
  1155:    37874.120    37877.200    37927.300    38027.510    38166.120
  1160:    38566.120    38603.110    38617.110    38626.110    38634.110
  1165:    38639.120    38669.110    38679.110    38693.110    38705.110
  1170:    38705.110    38715.110    38715.210    38719.120    38765.310
  1175:    38865.510    39016.120    39017.120    39099.110    39104.120
  1180:    39143.120    39190.120    39224.110    39229.120    39265.110
  1185:    39272.120    39299.110    39323.120    39349.120    39382.110
  1190:    39390.110    39407.110    39421.110    39437.120    39451.110
  1195:    39462.120    39482.110    39482.210    39486.120    39528.120
  1200:    39532.310    39632.500    39924.120    40049.100    40058.120
  1205:    40096.100    40104.100    40110.120    40124.100    40134.100
  1210:    40141.120    40169.100    40179.100    40182.100    40187.120
  1215:    40216.100    40219.100    40226.100    40230.120    40239.200
  1220:    40289.300    40389.500    40474.120    40844.100    40854.120
  1225:    40904.100    40915.120    40930.120    40959.100    40968.100
  1230:    40973.100    40974.100    40979.100    40989.100    40995.100
  1235:    41000.120    41019.200    41025.120    41069.300    41169.510
  1240:    41288.120    41418.120    41496.110    41499.120    41538.120
  1245:    41579.110    41585.120    41620.120    41660.110    41746.110
  1250:    41751.120    41775.110    41786.120    41800.110    41800.210
  1255:    41804.120    41850.310    41950.510
E:
     0:     1258.000      467.000      288.000
F:
     0:       70.000       34.155       28.812
G:
     0:        1.000        1.000        1.000        1.000        1.000
     5:        1.000        1.000        1.000        1.000        0.000
H:
     0:        1.000        1.000        2.000        2.000
L:
     0:     6123.000     6110.000     6122.000     6186.000     6215.000
     5:     6131.000     6239.000     6805.000     6149.000     6490.000
    10:     6198.000     6142.000     6318.000     6104.000     6188.000
    15:     6139.000     6199.000     6200.000     6290.000     6110.000
    20:     6169.000     6398.000
R:
     0:        1.000        1.000        1.000        1.000        1.000
     5:        1.000        1.000        1.000        1.000        0.000
S:
     0:        1.000        1.000
U:
     0:     6490.000        9.000        0.000
X:
     0:        0.000      232.001      239.002      281.003      306.004
     5:      308.005      314.006      318.007      344.008      349.009
    10:      355.010      383.011      397.012      403.013      411.014
    15:      414.015      530.016      542.017      543.018      555.019
    20:      583.020      595.021      602.021      652.000      652.000
    25:     1133.001     1143.002     1171.003     1184.004     1192.005
    30:     1206.006     1212.007     1215.008     1253.008     1303.000
    35:     1303.000     1577.002     1608.004     1616.006     1622.008
    40:     1633.010     1641.012     1646.014     1679.016     1689.018
    45:     1698.020     1737.022     1759.024     1775.026     1777.028
    50:     1785.030     1798.032     1809.034     1813.036     1817.038
    55:     1824.040     1827.042     1848.044     1872.046     1885.048
    60:     1890.050     1901.052     1940.054     1952.056     1967.058
    65:     1969.060     1984.062     1989.064     2108.066     2141.068
    70:     2153.070     2157.072     2338.074     2395.076     2405.078
    75:     2497.080     2513.082     2764.084     2779.086     2935.088
    80:     2943.090     2954.092     2963.094     2968.096     2976.098
    85:     2978.100     5578.153     5584.154     5593.155     5600.156
    90:     5626.157     5636.158     5637.159     5645.160     5649.161
    95:     5657.162     5666.163     5668.164     5705.164     5755.000
   100:     5755.000     6185.001     6193.002     6201.003     6258.004
   105:     6266.005     6269.006     6303.007     6312.008     6356.009
   110:     6363.009     6413.000     6413.000     6838.001     6856.002
   115:     6891.003     6899.004     6919.005     6940.006     6947.007
   120:     6948.008     6964.009     6970.010     6993.011     7015.012
   125:     7016.013     7023.014     7024.014     7074.000     7074.000
   130:     7617.001     7626.002     7653.003     7664.004     7671.005
   135:     7677.005     7727.000     7727.000     8081.001     8089.002
   140:     8103.003     8172.004     8183.005     8218.006     8229.007
   145:     8238.008     8246.009     8258.010     8260.011     8263.012
   150:     8280.013     8298.014     8306.015     8317.016     8340.016
   155:     8390.000     8390.000     8897.001     9000.002     9026.003
   160:     9036.004     9045.005     9060.005     9110.000     9110.000
   165:     9317.001     9381.002     9381.003     9444.004     9483.005
   170:     9493.006     9501.007     9541.008     9551.009     9553.010
   175:     9601.011     9623.012     9624.013     9631.014     9633.015
   180:     9639.016     9654.017     9657.018     9714.018     9764.000
   185:     9764.000     9764.053     9764.054     9764.055     9764.056
   190:     9764.057     9764.058     9764.059     9764.060     9764.061
   195:     9764.062     9764.063     9764.064     9764.065     9764.066
   200:     9764.066     9764.000     9764.000    10261.001    10269.002
   205:    10271.003    10279.004    10313.005    10323.006    10352.007
   210:    10361.008    10366.009    10373.009    10423.000    10423.000
   215:    10864.001    10874.002    10882.003    10911.004    10927.005
   220:    10931.006    10944.007    10947.008    10950.009    10967.010
   225:    10981.011    10986.012    10997.013    10999.014    11002.015
   230:    11011.016    11027.016    11077.000    11077.000    11554.001
   235:    11562.002    11598.003    11608.004    11613.005    11638.006
   240:    11661.007    11697.008    11698.008    11748.000    11748.000
   245:    12095.001    12182.002    12190.003    12225.004    12240.005
   250:    12247.006    12249.007    12288.008    12298.009    12300.010
   255:    12302.011    12304.012    12344.013    12348.013    12398.000
   260:    12398.000    12724.001    12730.002    12735.003    12799.004
   265:    12807.005    12811.006    12816.007    12867.008    12870.009
   270:    12934.010    12936.011    12946.012    12988.013    12997.014
   275:    13006.014    13008.015    13056.000    13056.000    13221.001
   280:    13244.002    13251.003    13337.004    13343.005    13347.006
   285:    13387.007    13393.008    13398.009    13402.010    13407.011
   290:    13415.012    13426.013    13428.014    13458.015    13470.016
   295:    13477.017    13483.018    13490.019    13505.020    13517.021
   300:    13519.022    13524.023    13544.024    13546.025    13554.026
   305:    13599.027    13604.028    13653.029    13659.029    13709.000
   310:    13709.000    14114.001    14123.002    14150.003    14164.004
   315:    14166.005    14215.006    14237.007    14258.008    14261.009
   320:    14280.010    14283.011    14316.012    14318.012    14368.000
   325:    14368.000    14546.001    14622.002    14629.003    14769.004
   330:    14777.005    14781.006    14800.007    14818.008    14827.009
   335:    14888.010    14894.011    14904.012    14917.013    14953.014
   340:    14956.015    14959.016    14978.016    15028.000    15028.000
   345:    15625.002    15635.004    15665.006    15675.008    15684.010
   350:    15714.012    15725.014    15740.016    15763.018    15773.020
   355:    15775.022    15810.024    15821.026    15846.028    15855.030
   360:    15862.032    15879.034    15974.036    16001.038    16002.040
   365:    16009.042    16161.044    16174.046    16177.048    16179.050
   370:    16181.052    16221.054    16231.056    16235.058    16238.060
   375:    16240.062    16242.064    16303.066    16310.068    16320.070
   380:    16323.072    16325.074    16331.076    16336.078    16397.080
   385:    16408.082    16411.084    16413.086    16416.088    16447.090
   390:    16470.092    16472.094    16475.096    16479.098    16489.100
   395:    16502.102    16507.104    18065.001    18098.002    18105.003
   400:    18134.004    18144.005    18151.006    18153.007    18190.008
   405:    18200.009    18204.010    18261.011    18264.012    18302.013
   410:    18312.014    18318.015    18336.016    18345.017    18353.018
   415:    18369.019    18397.020    18417.021    18421.022    18424.023
   420:    18432.024    18434.025    18457.025    18507.000    18507.000
   425:    18913.001    18949.002    18957.003    18962.004    18990.005
   430:    19005.006    19011.007    19034.008    19045.009    19047.010
   435:    19059.011    19070.012    19081.013    19083.014    19108.014
   440:    19158.000    19158.000    19574.001    19621.002    19629.003
   445:    19649.004    19659.005    19694.006    19704.007    19707.008
   450:    19741.009    19744.010    19751.011    19764.011    19814.000
   455:    19814.000    20268.001    20328.002    20383.003    20392.004
   460:    20397.005    20399.006    20403.007    20413.008    20419.009
   465:    20443.009    20493.000
Y:
     0:        0.000       93.001      203.002      348.003      363.004
     5:      371.005      395.006      403.007      407.008      460.009
    10:      564.010      564.010      614.000      614.000      877.001
    15:     1013.002     1021.003     1034.004     1078.005     1093.006
    20:     1099.007     1104.008     1138.009     1164.010     1172.011
    25:     1179.012     1184.013     1190.014     1291.015     1292.015
    30:     1342.000     1342.000     2059.001     2059.001     2109.000
    35:     2109.000     2109.102     2109.104     2109.106     2109.108
    40:     2109.110     2109.112     2109.114     2109.116     2109.118
    45:     2109.120     2109.122     2109.124     2109.126     2109.128
    50:     2109.130     2109.132     2109.134     2109.136     2109.138
    55:     2109.140     2109.142     2109.144     2109.146     2109.148
    60:     2109.150     2109.152     2692.001     2701.002     2735.003
    65:     2735.003     2785.000     2785.000     3311.001     3328.002
    70:     3338.003     3344.004     3363.005     3405.006     3405.006
    75:     3455.000     3455.000     3824.001     3962.002     3992.003
    80:     3999.004     4013.005     4019.006     4066.007     4066.007
    85:     4116.000     4116.000     4789.001     4789.001     4839.000
    90:     4839.000     5084.001     5146.002     5210.003     5410.004
    95:     5417.005     5428.006     5440.007     5453.008     5453.008
   100:     5503.000     5503.000     6176.001     6176.001     6226.000
   105:     6226.000     6938.001     6938.001     6988.000     6988.000
   110:     7408.002     7457.004     7492.006     7505.008     7533.010
   115:     7539.012     7572.014     7607.016     7629.018     7650.020
   120:     7685.022     7730.024     7781.026     7856.028     7871.030
   125:     7882.032     7897.034     7908.036     7929.038     8056.040
   130:     8245.042     8308.044     8397.046     8411.048     8436.050
   135:     8519.052     9906.001     9959.002    10001.003    10018.004
   140:    10024.005    10038.006    10047.007    10072.008    10109.009
   145:    10202.010    10209.011    10217.012    10274.013    10288.014
   150:    10319.015    10319.015    10369.000    10369.000    11038.001
   155:    11038.001    11088.000    11088.000    11488.001    11508.002
   160:    11522.003    11529.004    11541.005    11552.006    11561.007
   165:    11585.008    11598.009    11615.010    11650.011    11662.012
   170:    11669.013    11685.014    11689.015    11705.016    11714.017
   175:    11714.017    11764.000    11764.000    12198.001    12219.002
   180:    12284.003    12306.004    12315.005    12321.006    12327.007
   185:    12338.008    12368.009    12393.010    12393.010    12443.000
   190:    12443.000    12929.001    13001.002    13015.003    13022.004
   195:    13028.005    13084.006    13084.006    13134.000    13134.000
   200:    13672.001    13679.002    13697.003    13722.004    13728.005
   205:    13759.006    13759.006    13809.000    13809.000    14210.001
   210:    14259.002    14317.003    14324.004    14329.005    14336.006
   215:    14348.007    14365.008    14400.009    14414.010    14428.011
   220:    14428.011    14478.000    14478.000    14985.001    15019.002
   225:    15026.003    15036.004    15077.005    15085.006    15096.007
   230:    15102.008    15102.008    15152.000    15152.000    15152.105
   235:    15152.106    15152.107    15152.108    15152.109    15152.110
   240:    15152.111    15152.112    15152.113    15152.114    15152.115
   245:    15152.116    15152.117    15152.118    15152.119    15152.120
   250:    15152.120    15152.000    15152.000    15728.001    15742.002
   255:    15751.003    15759.004    15794.005    15804.006    15817.007
   260:    15829.008    15830.009    15840.010    15840.010    15890.000
   265:    15890.000    16123.001    16249.002    16290.003    16324.004
   270:    16407.005    16415.006    16431.007    16446.008    16476.009
   275:    16507.010    16507.010    16557.000    16557.000    16883.001
   280:    16967.002    17048.003    17133.004    17163.005    17188.006
   285:    17188.006    17238.000    17238.000
