File: C:\MED-PC\Data\2018-05-16_11h05m_Subject M330.txt


Start Date: 05/16/18
End Date: 05/16/18
Subject: M330
Experiment: DOBLE_PICO_ACO
Group: EXP
Box: 10
Start Time: 11:05:20
End Time: 12:18:41
MSN: IF_ACO_MULTIPLE_PICO
A:     255.000
B:      18.000
D:      20.000
I:       2.000
J:   18000.000
K:    5400.000
M:      58.000
N:      18.000
O:      20.000
P:     816.000
Q:       0.000
T:    1000.000
V:     600.000
W:      18.000
Z:       0.000
C:
     0:        0.120        0.120        0.120        0.120        0.120
     5:        0.120        0.120        0.120        0.120        0.120
    10:        0.120        0.120        0.120        0.120        0.120
    15:        0.120        0.120        0.120        0.120        0.120
    20:        0.120        0.120        0.120        0.120        0.120
    25:        0.120        0.120        0.120        0.120        0.120
    30:        0.120        0.120        0.120        0.120        0.120
    35:        0.120        0.120        0.120        0.120        0.120
    40:        0.120        0.510        6.110       16.120       48.110
    45:       57.110       78.110       84.120      101.120      116.110
    50:      124.110      128.110      134.110      142.110      147.110
    55:      153.110      158.120      179.110      186.110      187.110
    60:      192.110      205.110      211.110      218.110      222.110
    65:      246.110      248.110      250.110      259.110      261.110
    70:      264.110      269.110      274.110      277.120      290.110
    75:      294.110      313.110      350.120      366.110      373.110
    80:      384.110      390.110      393.110      400.110      404.110
    85:      409.120      428.110      434.110      450.110      454.110
    90:      468.110      470.110      479.110      484.110      490.110
    95:      501.120      503.120      529.110      532.110      536.110
   100:      542.110      542.210      545.120      592.310      644.120
   105:      692.540      725.120      727.120      745.120      746.120
   110:      748.120      757.120      759.120      761.120      763.120
   115:      775.120     1093.110     1109.120     1114.120     1115.120
   120:     1119.120     1134.120     1137.120     1139.120     1154.120
   125:     1155.120     1160.120     1160.120     1163.120     1167.120
   130:     1169.120     1177.110     1179.110     1184.110     1189.110
   135:     1192.110     1196.110     1205.110     1228.110     1233.110
   140:     1236.110     1246.110     1259.120     1282.110     1294.110
   145:     1306.110     1352.110     1360.110     1367.110     1374.110
   150:     1380.110     1384.110     1387.110     1393.110     1401.110
   155:     1403.110     1408.110     1411.110     1430.110     1432.110
   160:     1437.110     1459.110     1464.110     1468.110     1480.110
   165:     1495.110     1503.110     1512.120     1551.110     1557.110
   170:     1567.110     1572.110     1612.110     1617.110     1630.120
   175:     1632.120     1643.120     1675.120     1683.120     1720.120
   180:     1726.120     1758.110     1765.110     1773.110     1778.110
   185:     1826.110     1869.120     1877.120     1880.120     1885.120
   190:     1931.120     1995.120     2001.120     2002.120     2008.120
   195:     2052.120     2056.120     2094.120     2108.120     2188.110
   200:     2195.110     2200.110     2207.110     2209.110     2213.110
   205:     2215.110     2235.110     2239.110     2244.110     2248.110
   210:     2253.110     2261.110     2272.120     2290.110     2291.110
   215:     2296.110     2301.110     2308.110     2314.110     2322.110
   220:     2328.110     2330.110     2346.110     2351.110     2352.110
   225:     2362.110     2384.110     2385.110     2390.110     2396.110
   230:     2400.110     2403.120     2417.120     2427.120     2437.120
   235:     2492.340     2592.510     2629.110     2800.110     2803.110
   240:     2810.110     2815.120     2827.120     2831.120     2845.120
   245:     2847.120     2852.120     2854.120     2862.120     2869.120
   250:     2870.120     2871.120     2873.120     2874.120     2945.120
   255:     2988.120     2993.120     3042.120     3101.110     3107.110
   260:     3108.110     3114.110     3119.110     3124.110     3128.110
   265:     3132.110     3132.210     3135.120     3182.310     3234.120
   270:     3236.120     3282.500     3295.120     3297.120     3312.120
   275:     3314.120     3316.120     3317.120     3323.120     3325.120
   280:     3357.120     3741.100     3748.120     3756.120     3762.120
   285:     3763.120     3765.120     3771.120     3772.120     3781.100
   290:     3789.120     3791.120     3792.120     3847.120     3892.120
   295:     3950.100     3955.100     3960.100     3962.100     3966.120
   300:     3999.100     4004.100     4009.100     4010.200     4014.120
   305:     4060.300     4065.120     4135.120     4160.500     4171.120
   310:     4179.120     4181.120     4199.120     4208.120     4210.120
   315:     4212.120     4215.120     4232.120     4251.120     4252.120
   320:     4265.120     4282.120     4307.120     4322.120     4342.120
   325:     4347.120     4354.120     4362.120     4370.120     4374.120
   330:     4390.120     4402.120     4406.120     4407.120     4410.120
   335:     4425.120     4429.120     4459.120     4470.120     4471.120
   340:     4473.120     4505.120     4507.120     4515.120     4516.120
   345:     4541.120     4547.120     4569.120     4627.120     4676.120
   350:     4680.120     4708.120     4712.120     4714.120     4762.120
   355:     4785.100     4789.100     4790.100     4794.120     4838.100
   360:     4845.200     4845.100     4849.120     4895.300     4995.510
   365:     5001.120     5025.120     5034.120     5036.120     5038.120
   370:     5040.120     5041.120     5047.120     5049.120     5050.120
   375:     5051.120     5054.120     5068.120     5081.120     5091.120
   380:     5092.120     5093.120     5099.120     5114.120     5124.120
   385:     5126.120     5128.120     5132.120     5134.120     5149.120
   390:     5177.120     5181.120     5185.120     5187.120     5191.120
   395:     5198.120     5199.120     5201.120     5230.120     5241.120
   400:     5295.120     5312.120     5354.120     5362.120     5411.120
   405:     5444.120     5449.120     5473.120     5507.120     5513.120
   410:     5521.120     5536.120     5571.110     5576.110     5578.110
   415:     5582.110     5591.110     5595.110     5601.110     5603.110
   420:     5614.110     5627.110     5632.110     5634.110     5638.110
   425:     5640.110     5645.110     5663.110     5669.110     5672.110
   430:     5678.110     5680.110     5687.110     5692.110     5699.110
   435:     5701.110     5712.110     5713.110     5715.110     5718.110
   440:     5723.110     5724.110     5733.110     5735.110     5735.210
   445:     5740.120     5785.310     5832.120     5885.120     5885.500
   450:     5886.120     5888.120     5888.120     5892.120     5894.120
   455:     5927.120     5954.120     5961.120     5965.120     5968.120
   460:     5970.120     5995.120     6003.120     6004.120     6009.120
   465:     6052.120     6062.120     6070.120     6072.120     6074.120
   470:     6074.120     6100.120     6115.120     6157.120     6200.120
   475:     6208.120     6236.120     6249.120     6271.120     6289.120
   480:     6303.120     6346.120     6357.120     6371.120     6407.120
   485:     6427.120     6459.120     6470.120     6500.120     6506.120
   490:     6515.120     6517.120     6539.100     6553.120     6586.100
   495:     6591.100     6598.100     6599.200     6603.120     6649.300
   500:     6705.120     6726.120     6732.120     6749.510     6757.120
   505:     6757.120     6758.120     6764.120     6770.120     6774.120
   510:     6775.120     6779.120     6781.120     6782.120     6783.120
   515:     6784.120     6792.120     6795.120     6797.120     6799.120
   520:     6801.120     6803.120     6804.120     6806.120     6814.120
   525:     6831.120     7329.120     7353.120     7355.120     7357.120
   530:     7374.120     7392.120     7445.120     7462.120     7493.120
   535:     7524.120     7562.110     7562.210     7566.120     7612.310
   540:     7662.120     7701.120     7701.120     7702.120     7704.120
   545:     7705.120     7711.120     7712.500     7713.120     7723.120
   550:     7724.120     7726.120     7727.120     7729.120     7742.120
   555:     7744.120     7746.120     7747.120     7748.120     7761.120
   560:     7763.120     7767.120     7769.120     7771.120     7784.120
   565:     7787.120     7789.120     7789.120     7791.120     7793.120
   570:     7794.120     7795.120     7797.120     7963.120     7976.120
   575:     8042.120     8070.120     8078.120     8094.120     8119.120
   580:     8120.120     8141.120     8159.120     8171.120     8216.120
   585:     8225.120     8281.120     8302.120     8318.120     8341.120
   590:     8370.100     8382.120     8420.100     8430.200     8434.120
   595:     8480.300     8482.120     8553.120     8580.500     8601.120
   600:     8602.120     8604.120     8606.120     8608.120     8610.120
   605:     8614.120     8616.120     8643.120     8687.120     8693.120
   610:     8721.120     8744.120     8749.120     9217.120     9250.100
   615:     9255.100     9264.120     9300.100     9310.200     9314.120
   620:     9360.300     9400.120     9460.510     9520.120     9540.120
   625:     9556.120     9567.120     9583.120     9622.120     9655.120
   630:     9674.120     9682.120     9724.120     9781.120     9842.120
   635:     9893.120     9926.120     9958.120     9989.110     9995.110
   640:    10006.110    10012.120    10036.110    10041.110    10047.110
   645:    10053.110    10057.110    10063.110    10065.110    10073.110
   650:    10087.120    10114.110    10118.110    10123.110    10127.110
   655:    10131.110    10133.110    10136.110    10141.110    10151.110
   660:    10162.110    10167.110    10174.110    10176.110    10177.110
   665:    10179.110    10185.110    10191.110    10195.110    10198.110
   670:    10201.110    10201.210    10206.120    10251.310    10351.510
   675:    10370.120    10506.120    10508.120    10532.120    10552.120
   680:    10563.120    10571.120    10573.120    10657.120    10701.120
   685:    10769.120    10778.120    10834.120    10874.120    10901.120
   690:    10909.120    10962.120    10978.110    10986.110    10993.110
   695:    10999.110    11007.110    11027.110    11033.110    11037.110
   700:    11041.110    11046.120    11082.110    11082.210    11083.110
   705:    11086.120    11132.310    11220.120    11221.120    11232.500
   710:    11257.120    11259.120    11273.120    11283.120    11289.120
   715:    11292.120    11315.120    11323.120    11531.120    11540.120
   720:    11542.120    11543.120    11555.120    11556.120    11565.120
   725:    11572.120    11573.120    11577.120    11579.120    11581.120
   730:    11587.120    11589.120    11596.120    11597.120    11614.120
   735:    11655.120    11670.120    11718.120    11728.120    11753.120
   740:    11799.120    11842.120    11860.120    11865.120    11876.120
   745:    11876.120    11923.120    11975.120    11997.100    12004.100
   750:    12006.120    12025.120    12040.100    12055.100    12057.200
   755:    12063.120    12107.300    12164.120    12166.120    12190.120
   760:    12192.120    12200.120    12205.120    12207.120    12207.500
   765:    12211.120    12212.120    12214.120    12220.120    12226.120
   770:    12232.120    12234.120    12235.120    12241.120    12249.120
   775:    12789.120    12836.100    12855.100    12872.120    12896.200
   780:    12946.300    13012.120    13013.120    13044.120    13046.500
   785:    13081.120    13082.120    13109.120    13135.120    13147.120
   790:    13198.120    13212.120    13238.120    13243.120    13250.120
   795:    13258.120    13304.120    13369.120    13410.120    13417.120
   800:    13449.120    13481.120    13505.120    13519.120    13572.120
   805:    13649.120    13682.120    13725.120    13762.100    13774.120
   810:    13808.120    13822.200    13828.120    13872.300    13946.120
   815:    13946.120    13948.120    13972.510    14025.120    14025.120
   820:    14026.120    14028.120    14030.120    14327.120    14329.120
   825:    14360.120    14362.120    14396.120    14407.120    14413.120
   830:    14414.120    14415.120    14417.120    14418.120    14424.120
   835:    14426.120    14441.120    14450.120    14451.120    14454.120
   840:    14469.120    14479.120    14486.120    14490.120    14491.120
   845:    14496.120    14535.110    14546.110    14592.110    14594.110
   850:    14600.110    14609.110    14613.110    14615.110    14618.110
   855:    14636.110    14640.110    14644.110    14698.110    14702.110
   860:    14706.110    14711.110    14715.110    14718.110    14725.110
   865:    14738.110    14757.110    14764.110    14764.210    14767.120
   870:    14814.310    14914.510    14918.120    14919.120    14937.120
   875:    14938.120    14940.120    14942.120    14946.120    14954.120
   880:    14956.120    14958.120    14960.120    14962.120    14964.120
   885:    14965.120    14969.120    14975.120    14977.120    14983.120
   890:    14985.120    14987.120    14989.120    14991.120    15017.120
   895:    15019.120    15020.120    15027.120    15038.120    15042.120
   900:    15044.120    15055.120    15065.120    15087.120    15126.120
   905:    15128.120    15138.120    15143.120    15162.120    15193.120
   910:    15194.120    15235.120    15235.120    15243.120    15244.120
   915:    15245.120    15249.120    15257.120    15278.120    15299.120
   920:    15324.120    15353.120    15384.120    15411.120    15429.110
   925:    15440.110    15446.110    15451.120    15478.110    15483.110
   930:    15490.110    15493.110    15497.110    15506.110    15510.110
   935:    15514.110    15518.110    15521.110    15537.110    15541.110
   940:    15547.110    15550.110    15555.110    15572.110    15574.110
   945:    15576.110    15583.110    15589.110    15591.110    15595.110
   950:    15598.110    15603.120    15612.110    15614.110    15616.110
   955:    15626.110    15630.110    15631.110    15633.110    15634.110
   960:    15636.110    15643.110    15643.210    15647.120    15693.310
   965:    15793.510    15825.120    15843.120    15845.120    15849.120
   970:    15919.120    16247.120    16270.120    16290.120    16307.120
   975:    16321.120    16362.120    16398.120    16416.120    16445.110
   980:    16456.110    16464.110    16473.110    16474.110    16479.120
   985:    16518.110    16527.110    16527.210    16533.120    16577.310
   990:    16636.120    16655.120    16677.510    16710.120    16720.120
   995:    16721.120    16747.120    16800.120    16818.120    16820.120
  1000:    16822.120    16860.120    16910.120    17077.120    17085.120
  1005:    17102.120    17105.120    17106.120    17110.120    17112.120
  1010:    17113.120    17146.120    17220.120    17266.120    17307.110
  1015:    17309.110    17315.110    17321.110    17325.120    17359.110
  1020:    17365.110    17369.110    17371.110    17379.110    17383.110
  1025:    17385.110    17388.110    17392.110    17397.110    17414.110
  1030:    17414.210    17418.120    17464.310    17564.500    17565.120
  1035:    17604.120    17605.120    17611.120    17615.120    17617.120
  1040:    17618.120    17621.120    17623.120    18416.100    18420.120
  1045:    18457.100    18474.100    18476.200    18478.100    18482.120
  1050:    18526.300    18589.120    18626.530    18678.120    18679.120
  1055:    18963.120    18965.120    18966.120    18968.120    18980.120
  1060:    18981.120    18982.120    18986.120    19000.120    19027.120
  1065:    19058.120    19066.120    19102.120    19115.120    19171.120
  1070:    19188.120    19217.120    19229.120    19243.120    19279.100
  1075:    19294.120    19343.100    19345.100    19351.100    19357.100
  1080:    19365.100    19370.120    19414.100    19425.100    19431.120
  1085:    19462.120    19483.100    19498.100    19505.100    19512.100
  1090:    19523.120    19533.120    19570.120    19595.100    19619.100
  1095:    19631.120    19758.100    19760.100    19763.100    19911.100
  1100:    19918.120    19945.100    19948.100    19950.100    19954.100
  1105:    19961.100    19965.100    19988.100    19991.100    20002.100
  1110:    20011.100    20013.100    20021.100    20025.120    20070.100
  1115:    20075.100    20079.100    20084.100    20086.120    20130.100
  1120:    20132.100    20136.100    20136.100    20144.100    20147.120
  1125:    20150.120    20168.100    20173.100    20175.100    20192.100
  1130:    20200.100    20204.100    20210.100    20216.120    20256.100
  1135:    20258.100    20269.120    20332.100    20336.100    20355.100
  1140:    20362.100    20385.100    20426.330    20439.120    20526.500
  1145:    20683.120    20688.120    20700.120    20711.120    20714.120
  1150:    20726.120    20730.120    20776.120    20910.100    20914.100
  1155:    20918.100    20925.100    20931.120    20957.100    20959.100
  1160:    20972.100    20977.100    21041.100    21051.100    21054.100
  1165:    21056.100    21061.100    21064.100    21084.100    21091.120
  1170:    21144.200    21144.100    21148.120    21194.300    21230.120
  1175:    21294.510    21299.120    21308.120    21310.120    21311.120
  1180:    21312.120    21313.120    21315.120    21319.120    21322.120
  1185:    21329.120    21334.120    21336.120    21337.120    21338.120
  1190:    21342.120    21344.120    21346.120    21348.120    21352.120
  1195:    21354.120    21356.120    21358.120    21366.120    21417.120
  1200:    21440.120    21451.120    21453.120    21476.120    21479.120
  1205:    21491.120    21493.120    21519.120    21524.120    21570.120
  1210:    21604.120    21641.120    21644.120    21646.120    21648.120
  1215:    21679.120    21700.120    21745.120    21766.120    21804.110
  1220:    21807.110    21814.110    21818.110    21830.110    21852.110
  1225:    21857.110    21863.110    21866.110    21907.110    21910.110
  1230:    21911.110    21917.110    21919.110    21921.110    21927.110
  1235:    21940.110    21947.110    21950.110    21953.110    21963.110
  1240:    21978.110    21981.110    21997.110    21999.110    22001.110
  1245:    22008.110    22012.110    22015.110    22016.110    22018.110
  1250:    22022.110    22022.210    22029.120    22072.310    22172.500
  1255:    22182.120    22200.120    22202.120    22206.120    22207.120
  1260:    22213.120    22219.120    22221.120    22222.120    22228.120
  1265:    22240.120    22251.120    22253.120    22262.120    22278.120
  1270:    22285.120    22287.120    22289.120    22291.120    22302.120
  1275:    22306.120    22321.120    22332.120    22333.120    22334.120
  1280:    22338.120    22354.120    22362.120    22374.120    22375.120
  1285:    22381.120    22396.120    22400.120    22408.120    22411.120
  1290:    22413.120    22415.120    22416.120    22417.120    22445.120
  1295:    22446.120    22453.120    22460.120    22464.120    22520.120
  1300:    22560.120    22575.120    22581.120    22624.120    22654.120
  1305:    22663.120    22745.120    22763.120    22770.120    22772.120
  1310:    22777.120    22804.120    22826.100    22842.120    22867.100
  1315:    22872.100    22875.100    22882.120    22886.200    22936.300
  1320:    22939.120    23032.120    23036.510    23055.120    23059.120
  1325:    23061.120    23062.120    23068.120    23070.120    23072.120
  1330:    23085.120    23086.120    23088.120    23090.120    23091.120
  1335:    23093.120    23095.120    23097.120    23099.120    23107.120
  1340:    23109.120    23110.120    23112.120    23116.120    23118.120
  1345:    23120.120    23123.120    23127.120    23137.120    23153.120
  1350:    23157.120    23164.120    23169.120    23183.120    23188.120
  1355:    23203.120    23207.120    23215.120    23225.120    23247.120
  1360:    23297.120    23306.120    23314.120    23316.120    23327.120
  1365:    23333.120    23351.120    23352.120    23354.120    23372.120
  1370:    23374.120    23375.120    23382.120    23384.120    23387.120
  1375:    23399.120    23400.120    23402.120    23432.120    23441.120
  1380:    23504.120    23543.110    23549.110    23564.110    23568.110
  1385:    23571.110    23577.110    23579.110    23585.120    23605.110
  1390:    23610.110    23620.110    23631.110    23635.110    23643.110
  1395:    23653.110    23659.110    23674.110    23684.110    23688.110
  1400:    23692.110    23693.110    23694.110    23695.110    23696.110
  1405:    23698.110    23701.110    23707.110    23719.110    23721.110
  1410:    23735.110    23739.110    23751.110    23754.110    23761.110
  1415:    23770.110    23770.210    23776.120    23820.310    23920.500
  1420:    23948.120    23976.120    23977.120    23985.120    24214.120
  1425:    24263.120    24271.120    24281.120    24288.120    24694.100
  1430:    24706.100    24713.100    24728.120    24754.200    24758.120
  1435:    24804.300    24873.120    24890.120    24892.120    24895.120
  1440:    24897.120    24902.120    24904.120    24904.510    24904.120
  1445:    24905.120    24909.120    24926.120    24955.120    24955.120
  1450:    24957.120    24969.120    24975.120    24976.120    24978.120
  1455:    24983.120    24984.120    24985.120    25679.110    25679.210
  1460:    25683.120    25729.310    25829.530    25877.120    25879.120
  1465:    25905.120    25907.120    25909.120    25917.120    25923.120
  1470:    25925.120    25942.120    25968.120    25984.120    25993.120
  1475:    25994.120    25995.120    25997.120    26061.120    26068.120
  1480:    26074.120    26084.120    26090.120    26106.120    26107.120
  1485:    26110.120    26127.120    26137.120    26140.120    26142.120
  1490:    26179.120    26216.120    26242.120    26249.120    26285.120
  1495:    26316.120    26348.120    26374.120    26405.120    26449.100
  1500:    26460.120    26490.100    26499.100    26505.100    26510.100
  1505:    26517.100    26526.120    26565.100    26568.100    26583.100
  1510:    26588.100    26594.100    26599.100    26607.100    26613.100
  1515:    26616.120    26657.120    26675.100    26692.100    26698.100
  1520:    26701.100    26703.100    26712.100    26716.100    26719.100
  1525:    26736.100    26753.120    26820.120    26835.100    26838.100
  1530:    26847.120    27114.100    27226.100    27236.120    27248.120
  1535:    27249.120    27252.120    27253.120    27258.120    27279.120
  1540:    27295.120    27307.120    27312.120    27315.120    27326.120
  1545:    27344.120    27401.120    27413.120    27440.120    27491.120
  1550:    27571.120    27572.120    27574.120    27576.120    27629.330
  1555:    27729.510    27833.110    27839.120    27846.120    27870.120
  1560:    27881.120    27910.120    27916.120    27934.120    27945.110
  1565:    27947.110    28016.110    28022.110    28030.120    28047.110
  1570:    28053.110    28063.110    28094.110    28097.110    28102.110
  1575:    28106.110    28112.110    28115.110    28135.110    28137.110
  1580:    28143.110    28155.110    28165.110    28169.110    28183.110
  1585:    28188.110    28192.110    28198.110    28208.110    28215.110
  1590:    28216.110    28217.110    28219.110    28220.110    28221.110
  1595:    28226.110    28235.110    28250.110    28253.110    28256.110
  1600:    28262.110    28279.110    28299.110    28301.110    28305.110
  1605:    28319.110    28324.110    28334.110    28348.110    28362.110
  1610:    28372.110    28380.110    28384.110    28400.120    28416.110
  1615:    28423.110    28427.110    28429.110    28564.110    28564.210
  1620:    28569.120    28614.310    28665.120    28666.120    28685.120
  1625:    28690.120    28714.500    28766.120    28777.120    28789.120
  1630:    28794.120    28813.120    28826.120    28832.120    28840.120
  1635:    28846.120    28850.120    28903.120    28933.120    28947.120
  1640:    28981.120    29023.120    29031.120    29035.120    29042.120
  1645:    29072.120    29078.120    29085.120    29134.120    29203.120
  1650:    29214.120    29294.120    29313.120    29333.100    29339.100
  1655:    29343.100    29351.100    29354.120    29382.100    29385.100
  1660:    29393.200    29397.120    29443.300    29543.120    29543.500
  1665:    29544.120    29566.120    29651.120    29654.120    29656.120
  1670:    29659.120    29678.120    29694.120    29771.120    29824.120
  1675:    29839.120    29840.120    29884.120    29940.120    29986.120
  1680:    30038.120    30063.100    30143.100    30150.120    30177.100
  1685:    30179.100    30183.100    30187.100    30191.100    30199.100
  1690:    30203.200    30204.100    30206.120    30253.300    30277.120
  1695:    30304.120    30306.120    30312.120    30323.120    30324.120
  1700:    30328.120    30330.120    30337.120    30339.120    30349.120
  1705:    30350.120    30353.510    30363.120    30388.120    30396.120
  1710:    30407.120    30415.120    30417.120    30428.120    30433.120
  1715:    30911.110    30916.120    30933.110    30937.110    30945.110
  1720:    30948.110    30955.110    30959.110    30978.110    30986.110
  1725:    30997.110    31000.110    31002.110    31003.110    31009.110
  1730:    31013.110    31017.110    31021.110    31033.110    31035.110
  1735:    31040.110    31049.110    31055.110    31058.110    31073.110
  1740:    31083.110    31083.210    31087.120    31133.310    31219.120
  1745:    31226.120    31228.120    31230.120    31231.120    31233.120
  1750:    31233.510    31238.120    31240.120    31242.120    31251.120
  1755:    31252.120    31254.120    31280.120    31677.110    31692.120
  1760:    31728.110    31735.110    31840.110    31842.110    31856.110
  1765:    31888.110    31893.110    31899.110    31906.110    31914.120
  1770:    31931.110    31936.110    31941.110    31947.110    31956.110
  1775:    31959.110    31981.110    31981.210    31985.120    32031.310
  1780:    32058.120    32086.120    32092.120    32096.120    32097.120
  1785:    32103.120    32105.120    32106.120    32108.120    32110.120
  1790:    32111.120    32131.500    32287.120    32294.120    32314.120
  1795:    32328.120    32329.120    32332.120    32411.120    32434.120
  1800:    32444.120    32446.120    32448.120    32492.120    32530.120
  1805:    32582.120    32618.120    32655.120    32661.120    32664.120
  1810:    32705.100    32717.120    32748.100    32754.100    32759.100
  1815:    32764.100    32765.200    32771.120    32815.300    32847.120
  1820:    32915.510    32947.120    32959.120    32979.120    33018.120
  1825:    33033.120    33039.120    33070.120    33078.120    33109.120
  1830:    33124.120    33127.120    33128.120    33171.120    33211.120
  1835:    33245.120    33250.120    33263.120    33279.120    33283.120
  1840:    33294.120    33301.120    33316.120    33350.120    33359.120
  1845:    33398.120    33420.110    33445.110    33508.110    33510.110
  1850:    33521.110    33534.110    33543.110    33545.110    33560.110
  1855:    33577.110    33581.110    33583.110    33588.110    33596.110
  1860:    33603.110    33606.110    33613.110    33619.110    33621.110
  1865:    33640.110    33643.110    33648.110    33648.210    33654.120
  1870:    33698.310    33798.540    33854.120    33883.120    33891.120
  1875:    33892.120    33894.120    33896.120    34538.110    34542.110
  1880:    34547.110    34555.110    34558.110    34574.110    34579.110
  1885:    34584.110    34585.110    34591.110    34596.110    34616.110
  1890:    34623.110    34628.110    34632.110    34657.110    34664.110
  1895:    34676.110    34687.110    34692.110    34697.110    34700.110
  1900:    34700.110    34701.110    34703.110    34704.110    34705.110
  1905:    34712.110    34715.110    34725.110    34736.110    34745.110
  1910:    34758.110    34761.110    34767.110    34769.110    34770.110
  1915:    34774.110    34778.110    34783.110    34787.110    34804.120
  1920:    34819.110    34824.110    34830.110    34834.110    34857.110
  1925:    34861.110    34865.110    34872.120    34901.110    34902.110
  1930:    34915.110    34921.110    34924.110    34925.110    34928.110
  1935:    35137.110    35149.110    35154.120    35165.120    35167.120
  1940:    35171.120    35191.120    35202.120    35228.120    35237.120
  1945:    35240.120    35240.120    35307.110    35313.110    35341.120
  1950:    35352.120    35428.120    35447.110    35551.110    35598.340
  1955:    35698.500    35851.100    35907.120    35935.120    35936.120
  1960:    35944.120    35948.120    35962.120    35970.120    35982.120
  1965:    36011.120    36025.120    36063.120    36071.120    36080.120
  1970:    36084.120    36113.120    36119.120    36124.120    36125.120
  1975:    36129.120    36135.120    36140.120    36142.120    36164.120
  1980:    36171.120    36220.120    36311.120    36316.120    36353.120
  1985:    36381.120    36405.100    36413.120    36465.200    36468.120
  1990:    36515.300    36573.120    36586.120    36615.500    36653.120
  1995:    36655.120    36664.120    36690.120    36708.120    36713.120
  2000:    36717.120    36726.120    36735.120    36756.120    36758.120
  2005:    36763.120    36774.120    36787.120    36805.120    36840.120
  2010:    36886.120    36905.120    36959.120    36983.120    36989.120
  2015:    36992.120    37076.120    37082.120    37084.120    37087.120
  2020:    37103.100    37105.100    37106.100    37115.100    37118.100
  2025:    37130.120    37152.120    37156.120    37170.100    37175.100
  2030:    37179.100    37183.120    37219.100    37226.100    37230.100
  2035:    37230.200    37235.120    37280.300    37380.510    37404.120
  2040:    37412.120    37414.120    37417.120    37419.120    37420.120
  2045:    37421.120    37631.120    37640.120    37646.120    37649.120
  2050:    37659.120    37660.120    37661.120    37662.120    37678.120
  2055:    37680.120    37682.120    37683.120    37685.120    37698.120
  2060:    37717.120    37719.120    37721.120    37725.120    37725.120
  2065:    37726.120    37728.120    37730.120    37742.120    37784.120
  2070:    37797.120    37830.120    37839.120    37881.120    37923.120
  2075:    37963.120    37967.120    37976.110    37983.110    38025.110
  2080:    38030.110    38035.110    38038.110    38044.110    38054.110
  2085:    38064.110    38077.110    38090.110    38092.110    38096.110
  2090:    38107.110    38108.110    38109.110    38109.210    38111.110
  2095:    38115.120    38159.310    38259.510    38275.120    38310.120
  2100:    38316.120    38318.120    38319.120    38339.120    38339.120
  2105:    38346.120    38461.120    38469.120    38476.120    38507.120
  2110:    38514.120    38548.120    38552.120    38591.120    38599.120
  2115:    38601.120    38624.120    38625.120    38629.120    38630.120
  2120:    38655.120    38706.120    38746.120    38772.120    38780.120
  2125:    38786.120    38807.110    38815.110    38821.110    38830.110
  2130:    38875.110    38877.110    38880.110    38881.110    38885.110
  2135:    38889.110    38901.110    38912.110    38915.110    38917.110
  2140:    38920.110    38926.110    38934.110    38939.110    38949.110
  2145:    38954.110    38972.110    38973.110    38976.110    38978.110
  2150:    38981.110    38986.110    38993.110    38993.210    38998.120
  2155:    39043.310    39045.120    39143.500    39156.120    39258.120
  2160:    39269.120    39278.120    39317.120    39323.120    39342.120
  2165:    39365.120    39370.120    39372.120    39420.120    39429.120
  2170:    39476.120    39507.120    39520.120    39526.120    39547.120
  2175:    39575.120    39695.120    39697.120    39733.100    39737.120
  2180:    39766.100    39771.100    39782.100    39792.100    39793.200
  2185:    39797.120    39843.300    39921.120    39922.120    39940.120
  2190:    39942.120    39943.510    39946.120    39955.120    39955.120
  2195:    39957.120    39957.120    39962.120    39983.120    39987.120
  2200:    39990.120    39999.120    40005.120    40013.120    40019.120
  2205:    40022.120    40029.120    40030.120    40035.120    40037.120
  2210:    40048.120    40051.120    40053.120    40056.120    40097.120
  2215:    40121.120    40136.120    40183.120    40237.120    40291.120
  2220:    40297.120    40314.120    40316.120    40360.120    40401.120
  2225:    40416.120    40436.110    40503.110    40515.120    40532.120
  2230:    40550.110    40557.110    40562.110    40571.110    40593.110
  2235:    40595.110    40597.110    40602.110    40604.110    40605.110
  2240:    40606.110    40607.110    40615.110    40617.110    40631.110
  2245:    40633.110    40636.110    40639.110    40644.110    40650.110
  2250:    40652.110    40654.110    40655.110    40660.110    40661.110
  2255:    40662.110    40663.110    40664.110    40666.110    40667.110
  2260:    40671.110    40677.110    40677.210    40684.120    40727.310
  2265:    40785.120    40787.120    40791.120    40792.120    40793.120
  2270:    40801.120    40802.120    40808.120    40810.120    40810.120
  2275:    40811.120    40827.540    40884.120    40894.120    40899.120
  2280:    40911.120    40958.120    40989.120    41028.120    41046.120
  2285:    41069.120    41100.120    41136.120    41142.120    41145.120
  2290:    41149.120    41217.120    41288.120    41321.120    41322.120
  2295:    41322.120    41328.120    41329.120    41332.120    41392.110
  2300:    41401.110    41413.110    41419.120    41434.110    41446.110
  2305:    41454.110    41468.110    41477.110    41486.110    41488.110
  2310:    41494.110    41501.110    41526.110    41527.110    41531.110
  2315:    41534.110    41545.110    41549.110    41552.110    41557.110
  2320:    41560.110    41587.110    41598.110    41602.110    41611.110
  2325:    41788.110    41790.110    41933.110    41948.120    41991.110
E:
     0:     2330.000      229.000      709.000
F:
     0:       70.000       28.577       35.567
G:
     0:        1.000        1.000        1.000        1.000        1.000
     5:        1.000        1.000        1.000        1.000        0.000
H:
     0:        1.000        1.000        2.000        2.000
L:
     0:     7382.000     6943.000     7240.000     7280.000     7404.000
     5:     8351.000     6991.000     7860.000     9227.000     6273.000
    10:     7238.000     8437.000     6890.000     6694.000     6440.000
    15:     7769.000     6252.000     6608.000
R:
     0:        1.000        1.000        1.000        1.000        1.000
     5:        1.000        1.000        1.000        1.000        0.000
S:
     0:        1.000        0.000
U:
     0:     7280.000        3.000        0.000
X:
     0:        0.000      458.001      498.002      668.003      672.004
     5:      677.005      680.006      716.007      721.008      726.009
    10:      728.009      778.000      778.000     1402.001     1406.002
    15:     1408.003     1455.004     1462.004     1462.005     1512.000
    20:     1512.000     2165.001     2212.002     2217.003     2225.004
    25:     2226.004     2276.000     2276.000     2933.001     2984.002
    30:     2994.002     3044.000     3044.000     3714.001     3719.002
    35:     3764.003     3774.003     3824.000     3824.000     4589.001
    40:     4596.002     4631.003     4647.004     4649.004     4699.000
    45:     4699.000     5328.001     5346.002     5388.002     5438.000
    50:     5438.000     6153.001     6214.001     6264.000     6264.000
    55:     7116.001     7157.002     7174.003     7176.003     7178.004
    60:     7226.000     7226.000     7878.002     7942.004     7945.006
    65:     7950.008     7956.010     7964.012     8013.014     8024.016
    70:     8082.018     8097.020     8104.022     8111.024     8194.026
    75:     8218.028     8357.030     8359.032     8362.034     8510.036
    80:     8544.038     8547.040     8549.042     8553.044     8560.046
    85:     8564.048     8587.050     8590.052     8602.054     8610.056
    90:     8612.058     8621.060     8669.062     8674.064     8678.066
    95:     8684.068     8729.070     8731.072     8735.074     8736.076
   100:     8743.078     8767.080     8773.082     8774.084     8791.086
   105:     8800.088     8803.090     8809.092     8855.094     8858.096
   110:     8931.098     8935.100     8954.102     8961.104     8984.106
   115:     9509.107     9513.108     9517.109     9525.110     9556.111
   120:     9558.112     9571.113     9576.114     9640.115     9650.116
   125:     9653.117     9655.118     9660.119     9663.120     9683.121
   130:     9743.121     9743.122     9793.000     9793.000    10446.001
   135:    10487.002    10492.003    10495.004    10506.004    10556.000
   140:    10556.000    11329.001    11341.002    11348.003    11389.003
   145:    11439.000    11439.000    12059.002    12099.004    12108.006
   150:    12114.008    12119.010    12126.012    12174.014    12178.016
   155:    12192.018    12197.020    12203.022    12208.024    12217.026
   160:    12222.028    12284.030    12301.032    12307.034    12310.036
   165:    12312.038    12321.040    12325.042    12328.044    12345.046
   170:    12445.048    12447.050    12724.052    12835.054    14943.001
   175:    14948.002    14952.003    14960.004    14991.005    14994.006
   180:    15003.006    15053.000    15053.000    15572.001    15652.002
   185:    15686.003    15688.004    15692.005    15696.006    15700.007
   190:    15708.008    15712.008    15713.009    15762.000    15762.000
   195:    16335.001    16378.002    16384.003    16389.004    16394.005
   200:    16396.005    16446.000    16446.000    16446.123    16446.124
   205:    16446.124    16446.000    16446.000    16446.001    16446.002
   210:    16446.003    16446.004    16446.005    16446.006    16446.007
   215:    16446.008    16446.009    16446.010    16446.011    16446.011
   220:    16446.000    16446.000    17036.001    17069.002    17074.003
   225:    17085.004    17095.005    17096.005    17146.000
Y:
     0:        0.000        6.001       48.002       57.003       78.004
     5:      116.005      124.006      128.007      134.008      142.009
    10:      147.010      153.011      179.012      186.013      187.014
    15:      192.015      205.016      211.017      218.018      222.019
    20:      246.020      248.021      250.022      259.023      261.024
    25:      264.025      269.026      274.027      290.028      294.029
    30:      313.030      366.031      373.032      384.033      390.034
    35:      393.035      400.036      404.037      428.038      433.039
    40:      450.040      454.041      468.042      470.043      479.044
    45:      484.045      490.046      529.047      532.048      535.049
    50:      542.050      542.050      592.000      592.000      992.002
    55:     1076.004     1079.006     1084.008     1088.010     1091.012
    60:     1096.014     1105.016     1128.018     1132.020     1136.022
    65:     1146.024     1182.026     1194.028     1206.030     1252.032
    70:     1260.034     1267.036     1274.038     1280.040     1284.042
    75:     1286.044     1293.046     1301.048     1303.050     1307.052
    80:     1311.054     1330.056     1332.058     1337.060     1359.062
    85:     1364.064     1367.066     1380.068     1395.070     1403.072
    90:     1451.074     1456.076     1467.078     1472.080     1512.082
    95:     1517.084     1658.086     1664.088     1673.090     1677.092
   100:     1725.094     2088.096     2094.098     2100.100     2106.102
   105:     2109.104     2113.106     2115.108     2134.110     2138.112
   110:     2143.114     2148.116     2153.118     2161.120     2189.122
   115:     2191.124     2196.126     2201.128     2207.130     2214.132
   120:     2221.134     2228.136     2229.138     2245.140     2250.142
   125:     2252.144     2261.146     2284.148     2284.150     2290.152
   130:     2296.154     2299.156     2529.157     2700.158     2703.159
   135:     2709.160     3001.161     3006.162     3008.163     3014.164
   140:     3019.165     3024.166     3028.167     3032.168     3032.168
   145:     3082.000     3082.000     3658.001     3663.002     3665.003
   150:     3669.004     3678.005     3681.006     3688.007     3690.008
   155:     3701.009     3714.010     3719.011     3721.012     3725.013
   160:     3727.014     3732.015     3750.016     3756.017     3759.018
   165:     3765.019     3767.020     3774.021     3779.022     3785.023
   170:     3788.024     3799.025     3800.026     3802.027     3805.028
   175:     3810.029     3811.030     3819.031     3822.032     3822.032
   180:     3872.000     3872.000     4684.001     4684.001     4734.000
   185:     4734.000     5262.001     5268.002     5279.003     5309.004
   190:     5314.005     5320.006     5326.007     5330.008     5336.009
   195:     5339.010     5346.011     5387.012     5391.013     5396.014
   200:     5400.015     5404.016     5406.017     5409.018     5414.019
   205:     5425.020     5435.021     5440.022     5447.023     5449.024
   210:     5450.025     5452.026     5458.027     5464.028     5468.029
   215:     5471.030     5474.031     5474.031     5524.000     5524.000
   220:     6150.001     6159.002     6165.003     6171.004     6179.005
   225:     6200.006     6205.007     6209.008     6214.009     6254.010
   230:     6254.010     6255.011     6304.000     6304.000     6866.001
   235:     6877.002     6923.003     6925.004     6932.005     6940.006
   240:     6945.007     6947.008     6949.009     6967.010     6972.011
   245:     6975.012     7029.013     7034.014     7037.015     7043.016
   250:     7047.017     7050.018     7056.019     7069.020     7089.021
   255:     7095.022     7095.022     7145.000     7145.000     7660.001
   260:     7671.002     7677.003     7709.004     7714.005     7721.006
   265:     7724.007     7728.008     7737.009     7741.010     7744.011
   270:     7749.012     7751.013     7768.014     7772.015     7778.016
   275:     7781.017     7786.018     7803.019     7805.020     7807.021
   280:     7814.022     7820.023     7822.024     7826.025     7829.026
   285:     7843.027     7845.028     7847.029     7857.030     7861.031
   290:     7862.032     7864.033     7865.034     7867.035     7874.036
   295:     7874.036     7924.000     7924.000     8576.001     8587.002
   300:     8594.003     8603.004     8604.005     8648.006     8658.007
   305:     8658.007     8708.000     8708.000     9337.001     9339.002
   310:     9345.003     9351.004     9389.005     9395.006     9399.007
   315:     9401.008     9409.009     9413.010     9415.011     9418.012
   320:     9422.013     9427.014     9444.015     9444.015     9494.000
   325:     9494.000    10003.001    10007.002    10014.003    10017.004
   330:    10030.005    10052.006    10057.007    10063.008    10066.009
   335:    10107.010    10110.011    10111.012    10117.013    10119.014
   340:    10121.015    10127.016    10140.017    10147.018    10150.019
   345:    10153.020    10162.021    10178.022    10180.023    10196.024
   350:    10198.025    10201.026    10208.027    10212.028    10215.029
   355:    10216.030    10218.031    10222.032    10222.032    10272.000
   360:    10272.000    10779.001    10784.002    10799.003    10804.004
   365:    10806.005    10812.006    10814.007    10840.008    10845.009
   370:    10855.010    10866.011    10871.012    10878.013    10888.014
   375:    10894.015    10909.016    10919.017    10924.018    10927.019
   380:    10928.020    10929.021    10930.022    10931.023    10933.024
   385:    10936.025    10942.026    10954.027    10956.028    10971.029
   390:    10974.030    10986.031    10989.032    10996.033    11006.034
   395:    11006.034    11056.000    11056.000    11831.001    11831.001
   400:    11881.000    11881.000    11881.055    11881.056    11881.057
   405:    11881.058    11881.059    11881.060    11881.061    11881.062
   410:    11881.063    11881.064    11881.065    11881.066    11881.067
   415:    11881.068    11881.069    11881.070    11881.071    11881.072
   420:    11881.073    11881.074    11881.075    11881.076    11881.077
   425:    11881.078    11881.079    11881.080    11881.081    11881.082
   430:    11881.083    11881.084    11881.085    11881.086    11881.087
   435:    11881.088    11881.089    11881.090    11881.091    11881.092
   440:    11881.093    11881.094    11881.095    11881.096    11881.097
   445:    11881.098    11881.099    11881.100    11881.101    11881.102
   450:    11881.103    11881.104    11881.105    11881.106    11881.107
   455:    11881.108    11881.108    11881.000    11881.000    12439.001
   460:    12460.002    12465.003    12472.004    12476.005    12483.006
   465:    12487.007    12506.008    12514.009    12525.010    12528.011
   470:    12529.012    12531.013    12537.014    12541.015    12545.016
   475:    12549.017    12561.018    12563.019    12568.020    12576.021
   480:    12582.022    12586.023    12600.024    12610.025    12611.025
   485:    12661.000    12661.000    13105.001    13155.002    13163.003
   490:    13267.004    13269.005    13284.006    13315.007    13321.008
   495:    13326.009    13334.010    13358.011    13364.012    13368.013
   500:    13375.014    13383.015    13386.016    13409.017    13409.017
   505:    13459.000    13459.000    13963.001    13988.002    14051.003
   510:    14053.004    14064.005    14077.006    14086.007    14088.008
   515:    14103.009    14120.010    14124.011    14126.012    14131.013
   520:    14139.014    14146.015    14149.016    14156.017    14162.018
   525:    14164.019    14183.020    14186.021    14191.022    14191.022
   530:    14241.000    14241.000    14981.002    14984.004    14989.006
   535:    14997.008    15000.010    15016.012    15022.014    15026.016
   540:    15028.018    15034.020    15038.022    15058.024    15065.026
   545:    15070.028    15074.030    15100.032    15106.034    15119.036
   550:    15129.038    15134.040    15140.042    15142.044    15143.046
   555:    15144.048    15145.050    15146.052    15147.054    15154.056
   560:    15158.058    15167.060    15178.062    15187.064    15200.066
   565:    15204.068    15209.070    15212.072    15213.074    15217.076
   570:    15221.078    15225.080    15230.082    15261.084    15266.086
   575:    15272.088    15276.090    15300.092    15303.094    15308.096
   580:    15343.098    15345.100    15358.102    15364.104    15366.106
   585:    15368.108    15370.110    15579.112    15591.114    15749.116
   590:    15755.118    15889.120    15994.122    18418.001    18425.002
   595:    18468.003    18472.004    18477.005    18481.006    18487.007
   600:    18496.008    18507.009    18519.010    18532.011    18534.012
   605:    18538.013    18549.014    18551.015    18551.016    18552.016
   610:    18553.017    18602.000    18602.000    19149.001    19157.002
   615:    19163.003    19173.004    19217.005    19219.006    19222.007
   620:    19223.008    19228.009    19231.010    19243.011    19255.012
   625:    19258.013    19259.014    19263.015    19268.016    19276.017
   630:    19281.018    19291.019    19296.020    19314.021    19316.022
   635:    19319.023    19321.024    19324.025    19328.026    19335.027
   640:    19335.027    19385.000    19385.000    19877.001    19944.002
   645:    19991.003    19998.004    20003.005    20012.006    20034.007
   650:    20036.008    20038.009    20043.010    20045.011    20046.012
   655:    20047.013    20048.014    20056.015    20058.016    20072.017
   660:    20074.018    20077.019    20080.020    20085.021    20091.022
   665:    20093.023    20095.024    20096.025    20101.026    20102.027
   670:    20103.028    20104.029    20105.030    20107.031    20108.032
   675:    20112.033    20118.034    20118.034    20168.000    20168.000
   680:    20732.002    20741.004    20753.006    20775.008    20786.010
   685:    20794.012    20808.014    20817.016    20826.018    20828.020
   690:    20835.022    20841.024    20866.026    20868.028    20872.030
   695:    20875.032    20886.034    20889.036    20892.038    20897.040
   700:    20900.042    20928.044    20938.046    20943.048    20952.050
   705:    21128.052    21131.054    21273.056    21331.058
