File: C:\MED-PC\Data\2018-05-07_12h29m_Subject M333.txt


Start Date: 05/07/18
End Date: 05/07/18
Subject: M333
Experiment: DOBLE_PICO_ACO
Group: EXP
Box: 10
Start Time: 12:29:11
End Time: 13:42:38
MSN: IF_ACO_MULTIPLE_PICO
A:     583.000
B:      21.000
D:      21.000
I:       1.000
J:   18000.000
K:    5400.000
M:       5.000
N:      22.000
O:      21.000
P:     533.000
Q:       0.000
T:    1000.000
V:     600.000
W:      21.000
Z:       0.000
C:
     0:        0.120        0.120        0.120        0.120        0.120
     5:        0.120        0.120        0.120        0.120        0.120
    10:        0.120        0.120        0.120        0.120        0.120
    15:        0.120        0.120        0.120        0.120        0.120
    20:        0.120        0.120        0.120        0.120        0.120
    25:        0.120        0.120        0.120        0.120        0.120
    30:        0.120        0.120        0.120        0.120        0.120
    35:        0.120        0.120        0.120        0.120        0.120
    40:        0.120        0.120        0.120        0.120        0.120
    45:        0.120        0.120        0.120        0.120        0.120
    50:        0.120        0.120        0.120        0.120        0.120
    55:        0.120        0.120        0.120        0.540        6.120
    60:       22.120       26.120       52.120       55.120       65.120
    65:       66.120       86.120       88.120      101.120      115.120
    70:      143.110      144.120      159.120      167.120      169.120
    75:      188.120      212.120      214.120      220.110      223.120
    80:      235.120      242.120      277.120      282.120      283.120
    85:      283.120      300.120      309.120      312.120      326.120
    90:      328.120      343.120      345.120      353.110      403.110
    95:      410.110      414.120      479.110      484.110      486.110
   100:      491.110      496.120      507.120      528.120      533.110
   105:      537.120      551.120      552.120      583.110      585.110
   110:      601.110      605.110      610.120      618.120      628.120
   115:      643.110      645.110      650.110      674.110      679.110
   120:      683.120      707.120      721.110      724.120      789.110
   125:      793.120      815.120      847.110      850.110      861.110
   130:      865.110      870.110      907.110      914.120      957.110
   135:      961.120      974.120      982.120      987.120      990.120
   140:      992.120     1013.120     1022.120     1024.120     1027.120
   145:     1041.110     1043.120     1071.120     1093.110     1095.110
   150:     1101.110     1103.110     1106.110     1109.110     1113.110
   155:     1122.110     1125.110     1126.110     1138.110     1142.110
   160:     1145.110     1196.110     1203.110     1205.120     1336.110
   165:     1341.120     1350.120     1452.120     1456.120     1531.110
   170:     1535.120     1541.120     1543.120     1547.120     1552.120
   175:     1735.110     1742.110     1747.110     1750.110     1760.120
   180:     1766.120     1767.120     1769.120     1772.120     1800.340
   185:     1815.120     1819.120     1829.120     1856.120     1863.120
   190:     1900.510     1959.120     1962.120     1973.120     1977.120
   195:     1983.120     1984.120     1988.120     2048.120     2053.120
   200:     2215.120     2231.110     2237.110     2241.120     2250.120
   205:     2254.120     2268.120     2279.120     2296.120     2301.120
   210:     2330.120     2334.120     2339.120     2346.120     2351.120
   215:     2353.120     2357.120     2360.120     2365.120     2367.120
   220:     2387.110     2389.120     2498.110     2498.210     2501.120
   225:     2548.310     2648.500     2816.120     2858.120     2861.120
   230:     2866.120     2980.120     2985.120     2994.100     3007.120
   235:     3016.120     3025.120     3034.120     3045.120     3116.100
   240:     3121.100     3127.100     3129.100     3141.100     3145.100
   245:     3150.100     3152.120     3161.120     3167.120     3171.120
   250:     3178.120     3196.100     3204.100     3215.100     3220.100
   255:     3226.100     3229.100     3234.100     3241.120     3249.120
   260:     3252.120     3256.200     3306.300     3406.510     3585.120
   265:     3597.120     3599.120     3619.120     3677.120     3686.120
   270:     3756.110     3797.110     3801.110     3804.120     3809.120
   275:     3820.120     3822.120     3827.110     3831.120     3835.120
   280:     3867.110     3870.120     3876.120     3907.120     3911.120
   285:     3913.120     3921.120     3939.120     3940.120     3957.120
   290:     3968.120     3975.110     3981.110     4045.110     4045.210
   295:     4048.120     4095.310     4195.500     4260.120     4262.120
   300:     4264.120     4264.120     4268.120     4304.100     4310.120
   305:     4312.120     4313.120     4315.120     4316.120     4318.120
   310:     4319.120     4319.120     4337.120     4341.120     4343.120
   315:     4383.120     4385.120     4390.120     4397.120     4401.120
   320:     4418.120     4422.120     4426.120     4443.120     4492.100
   325:     4500.100     4504.120     4522.120     4555.120     4609.120
   330:     4623.120     4624.120     4636.120     4671.120     4680.120
   335:     4680.120     4708.120     4721.120     4762.120     4775.100
   340:     4781.120     4801.120     4815.120     4817.120     4835.200
   345:     4885.300     4985.530     4994.120     5004.120     5015.120
   350:     5030.120     5075.120     5077.120     5104.120     5125.120
   355:     5141.120     5143.120     5152.120     5166.100     5171.120
   360:     5199.120     5222.120     5223.120     5228.120     5249.120
   365:     5280.120     5297.100     5303.100     5307.100     5315.120
   370:     5321.120     5363.100     5370.100     5375.100     5379.100
   375:     5384.120     5395.120     5403.120     5425.120     5479.120
   380:     5501.100     5506.100     5520.100     5522.100     5524.100
   385:     5525.100     5532.100     5539.100     5543.100     5555.100
   390:     5558.100     5566.100     5568.100     5581.100     5584.100
   395:     5586.100     5596.100     5607.100     5609.100     5623.100
   400:     5625.100     5639.100     5640.100     5650.100     5654.100
   405:     5655.100     5659.100     5661.100     5666.100     5669.100
   410:     5683.100     5688.100     5699.100     5702.100     5705.100
   415:     5711.100     5715.100     5719.100     5725.100     5728.100
   420:     5729.100     5734.100     5736.100     5741.120     5803.100
   425:     5805.100     5812.120     5831.120     5882.120     5887.120
   430:     5915.100     5918.100     5925.120     5946.120     5959.120
   435:     5963.120     5970.120     5970.120     5986.120     6025.120
   440:     6035.120     6037.120     6039.120     6045.120     6051.120
   445:     6051.120     6053.120     6059.120     6066.120     6197.120
   450:     6218.120     6255.120     6294.120     6371.100     6376.100
   455:     6380.120     6458.120     6501.120     6505.120     6509.120
   460:     6518.120     6525.100     6533.100     6538.120     6559.120
   465:     6561.120     6562.120     6576.120     6578.120     6614.120
   470:     6633.120     6635.120     6640.120     6660.100     6667.100
   475:     6672.100     6675.120     6679.120     6704.120     6710.120
   480:     6712.120     6717.120     6730.100     6742.100     6748.100
   485:     6754.100     6756.100     6759.100     6766.100     6772.100
   490:     6776.100     6780.100     6782.100     6785.330     6786.120
   495:     6885.510     6905.120     6913.120     6914.120     6974.110
   500:     7023.110     7031.110     7037.120     7039.120     7041.120
   505:     7068.110     7069.120     7074.120     7076.120     7085.120
   510:     7128.110     7134.110     7138.120     7159.120     7173.120
   515:     7174.120     7189.120     7216.110     7252.110     7256.110
   520:     7259.110     7264.110     7267.110     7272.120     7284.120
   525:     7286.120     7297.120     7305.110     7307.110     7313.110
   530:     7318.120     7350.120     7359.120     7364.120     7370.110
   535:     7374.120     7403.120     7404.120     7423.120     7442.110
   540:     7444.110     7451.110     7494.110     7499.110     7506.120
   545:     7533.120     7578.110     7578.210     7580.120     7628.310
   550:     7633.120     7728.500     7821.120     7951.120     8105.120
   555:     8112.100     8196.120     8198.120     8207.120     8257.100
   560:     8262.100     8266.100     8313.120     8317.120     8354.120
   565:     8357.120     8395.120     8409.100     8419.100     8469.200
   570:     8481.120     8519.300     8524.120     8574.120     8619.510
   575:     8663.120     8665.120     8695.120     8710.120     8719.120
   580:     8724.120     8737.120     8739.120     8739.120     8761.120
   585:     8813.120     8818.120     8839.120     8958.120     8964.120
   590:     8971.120     8973.120     8974.120     8975.120     8996.120
   595:     8998.120     9031.120     9047.110     9048.120     9053.120
   600:     9078.120     9086.120     9096.120     9119.120     9139.120
   605:     9154.120     9164.120     9165.120     9169.120     9171.120
   610:     9179.120     9180.120     9202.110     9204.120     9207.120
   615:     9221.120     9229.120     9231.120     9246.120     9272.120
   620:     9281.120     9282.120     9298.120     9320.110     9320.210
   625:     9322.120     9370.310     9377.120     9470.510     9790.110
   630:     9793.120     9796.120     9801.120     9805.120     9808.120
   635:     9809.120     9833.110     9836.120     9896.110     9900.110
   640:     9904.120     9906.120     9908.120     9919.120     9920.120
   645:     9921.120     9963.110     9969.120     9987.120    10001.120
   650:    10010.120    10012.120    10022.110    10026.110    10028.110
   655:    10094.110    10094.210    10097.120    10144.310    10244.500
   660:    10595.100    10599.120    10611.120    10620.120    10630.120
   665:    10649.100    10656.100    10661.120    10685.120    10697.120
   670:    10719.120    10743.120    10752.100    10758.100    10767.100
   675:    10770.100    10773.100    10776.100    10779.100    10786.120
   680:    10803.120    10806.120    10817.120    10832.120    10838.100
   685:    10842.100    10848.100    10856.100    10862.100    10865.100
   690:    10880.100    10885.100    10888.100    10891.120    10898.200
   695:    10948.300    11048.500    11195.120    11199.120    11201.120
   700:    11213.120    11241.120    11246.120    11261.120    11282.120
   705:    11290.120    11292.120    11327.100    11329.100    11333.120
   710:    11379.120    11381.120    11422.120    11428.100    11434.120
   715:    11501.120    11527.120    11569.100    11575.120    11597.120
   720:    11622.120    11624.120    11634.100    11640.100    11647.120
   725:    11674.120    11683.100    11694.200    11699.120    11744.300
   730:    11844.510    12000.110    12004.120    12004.120    12017.120
   735:    12018.120    12043.120    12058.120    12059.120    12068.120
   740:    12079.110    12088.120    12091.120    12104.120    12115.120
   745:    12118.120    12135.120    12139.120    12171.120    12171.120
   750:    12205.110    12252.110    12260.110    12264.120    12271.120
   755:    12273.120    12278.120    12289.120    12296.110    12300.120
   760:    12309.120    12311.120    12322.120    12324.120    12327.120
   765:    12364.110    12451.110    12457.110    12461.110    12462.110
   770:    12472.110    12472.210    12475.120    12522.310    12528.120
   775:    12622.510    12915.110    12919.120    12934.120    12952.120
   780:    12989.120    12999.120    13042.110    13077.110    13082.110
   785:    13086.110    13097.110    13104.120    13124.120    13137.110
   790:    13139.110    13143.110    13146.110    13171.110    13174.110
   795:    13176.110    13183.110    13189.110    13193.110    13198.120
   800:    13233.110    13240.110    13244.110    13244.210    13248.120
   805:    13294.310    13394.500    13435.120    13446.120    13461.120
   810:    13462.120    13478.120    13492.120    13504.120    13515.100
   815:    13580.120    13581.120    13584.120    13584.120    13610.120
   820:    13621.120    13654.100    13665.120    13673.120    13675.120
   825:    13677.120    13684.120    13702.120    13723.120    13761.120
   830:    13804.120    13807.120    13822.120    13831.120    13847.100
   835:    13848.100    13851.100    13857.120    13869.120    13909.100
   840:    13969.100    13978.100    13983.100    13985.100    13988.100
   845:    13990.100    13995.100    13997.100    14002.120    14025.120
   850:    14029.200    14031.120    14079.300    14177.120    14179.510
   855:    14199.120    14222.120    14228.120    14244.120    14259.120
   860:    14274.120    14296.120    14313.120    14321.120    14328.120
   865:    14330.120    14331.120    14336.120    14365.120    14369.120
   870:    14371.120    14375.120    14601.120    14615.110    14649.120
   875:    14652.120    14660.120    14662.120    14671.120    14683.120
   880:    14718.120    14728.110    14733.110    14762.110    14763.110
   885:    14770.110    14774.110    14777.110    14786.110    14795.110
   890:    14799.110    14799.210    14803.120    14849.310    14949.500
   895:    15147.100    15158.120    15207.100    15215.100    15225.120
   900:    15247.120    15257.120    15259.120    15264.120    15278.120
   905:    15306.120    15314.100    15320.100    15329.100    15334.100
   910:    15336.100    15338.100    15342.100    15347.120    15393.100
   915:    15399.100    15403.100    15405.100    15407.100    15417.100
   920:    15421.100    15424.100    15429.100    15432.100    15435.100
   925:    15437.100    15439.100    15443.100    15446.100    15457.100
   930:    15463.100    15465.100    15467.100    15468.100    15472.120
   935:    15507.100    15515.100    15525.100    15531.100    15534.100
   940:    15541.100    15545.100    15550.120    15567.200    15617.300
   945:    15627.120    15717.500    15767.120    15772.120    15858.100
   950:    15863.120    15876.120    15904.100    16266.100    16275.100
   955:    16283.120    16293.120    16312.120    16325.120    16326.200
   960:    16328.120    16376.300    16452.120    16454.120    16456.120
   965:    16461.120    16463.120    16476.500    16514.120    16600.120
   970:    16617.120    16619.120    16636.120    16735.120    16761.120
   975:    16771.120    16775.120    16777.120    16784.120    16792.120
   980:    16811.120    16811.120    16851.100    16858.100    16864.120
   985:    16874.120    16883.120    16901.120    16909.100    16951.100
   990:    16959.120    16973.120    16996.100    16999.100    17002.100
   995:    17009.100    17015.120    17047.120    17061.120    17065.120
  1000:    17067.120    17067.120    17068.120    17093.100    17099.100
  1005:    17109.100    17112.100    17116.100    17123.100    17128.100
  1010:    17130.100    17137.100    17143.100    17153.200    17157.120
  1015:    17203.300    17226.120    17228.120    17230.120    17232.120
  1020:    17249.120    17252.120    17265.120    17266.120    17280.120
  1025:    17303.120    17303.510    17348.110    17350.120    17367.120
  1030:    17410.120    17416.120    17435.120    17471.120    17501.120
  1035:    17502.120    17505.120    17527.120    17555.120    17597.120
  1040:    17637.120    17650.110    17653.120    17667.120    17669.120
  1045:    17680.120    17682.120    17687.120    17705.120    17711.110
  1050:    17718.110    17739.110    17743.120    17783.110    17789.110
  1055:    17792.110    17803.110    17805.110    17813.110    17821.120
  1060:    17823.120    17851.110    17858.110    17864.120    17878.120
  1065:    17890.120    17894.120    17900.110    17902.110    17906.110
  1070:    17909.110    17923.110    17923.210    17928.120    17973.310
  1075:    18073.510    18515.110    18523.110    18529.120    18538.120
  1080:    18539.120    18561.110    18565.120    18598.120    18605.110
  1085:    18644.110    18650.110    18656.120    18677.120    18679.120
  1090:    18681.120    18686.120    18692.110    18694.110    18742.110
  1095:    18742.210    18745.120    18792.310    18892.510    18908.120
  1100:    18930.120    19037.120    19045.110    19049.120    19072.120
  1105:    19081.120    19095.120    19102.120    19106.120    19113.120
  1110:    19151.120    19216.110    19223.120    19243.120    19244.120
  1115:    19246.120    19262.120    19297.120    19308.110    19332.110
  1120:    19335.120    19351.120    19368.120    19384.110    19387.120
  1125:    19406.120    19409.120    19445.110    19447.110    19449.120
  1130:    19479.110    19481.110    19498.110    19500.110    19508.110
  1135:    19523.110    19529.110    19532.110    19534.110    19539.110
  1140:    19547.120    19569.110    19569.210    19572.120    19619.310
  1145:    19719.500    20140.100    20141.100    20236.100    20242.120
  1150:    20260.120    20288.120    20288.120    20298.120    20301.120
  1155:    20311.120    20319.100    20328.100    20333.100    20334.100
  1160:    20338.120    20362.120    20364.120    20369.120    20374.100
  1165:    20379.100    20379.200    20383.120    20429.300    20529.510
  1170:    20540.120    20572.120    20602.120    20603.120    20686.120
  1175:    20720.120    20722.120    20734.120    20771.120    20776.110
  1180:    20778.120    20813.120    20822.120    20849.120    20851.120
  1185:    20867.120    20905.110    20907.120    20950.110    20953.120
  1190:    20970.120    20971.120    20975.120    20988.120    21004.120
  1195:    21012.110    21020.110    21022.110    21031.110    21036.110
  1200:    21048.110    21057.120    21076.120    21092.110    21094.110
  1205:    21103.110    21108.110    21114.110    21119.110    21123.120
  1210:    21152.110    21154.110    21159.110    21171.110    21178.110
  1215:    21180.110    21180.210    21184.120    21230.310    21330.500
  1220:    21341.120    21720.120    21721.120    21726.100    21798.100
  1225:    21805.100    21809.120    21857.100    21861.100    21866.100
  1230:    21874.100    21880.120    21920.100    21934.200    21935.100
  1235:    21940.120    21984.300    21991.120    22068.120    22070.120
  1240:    22070.120    22084.500    22347.120    22354.120    22460.120
  1245:    22484.120    22485.120    22528.120    22532.120    22630.120
  1250:    22672.100    22677.120    22732.200    22734.120    22782.300
  1255:    22882.510    23134.120    23181.120    23219.120    23227.120
  1260:    23265.120    23298.120    23316.120    23326.120    23338.120
  1265:    23374.120    23379.110    23383.120    23404.120    23410.110
  1270:    23422.110    23427.110    23429.110    23440.110    23444.110
  1275:    23450.120    23471.110    23475.120    23494.110    23497.110
  1280:    23502.110    23506.110    23513.110    23524.110    23532.110
  1285:    23538.110    23538.210    23542.120    23588.310    23589.120
  1290:    23671.120    23688.510    23757.120    23760.120    23817.120
  1295:    23819.120    23820.120    23822.120    23840.120    23856.120
  1300:    23860.120    23983.120    23992.120    23997.120    23998.120
  1305:    24000.120    24001.120    24029.120    24040.120    24042.120
  1310:    24050.120    24077.120    24079.120    24082.120    24083.120
  1315:    24093.120    24130.120    24150.120    24151.120    24183.120
  1320:    24186.120    24196.120    24198.120    24199.120    24203.120
  1325:    24207.120    24213.120    24218.120    24223.120    24226.120
  1330:    24232.120    24251.120    24262.110    24265.120    24308.110
  1335:    24314.110    24316.110    24356.110    24356.210    24360.120
  1340:    24406.310    24415.120    24506.500    24587.100    24599.100
  1345:    24604.120    24632.120    24689.120    24691.120    24707.120
  1350:    24748.100    24753.120    24778.100    24839.100    24844.100
  1355:    24849.120    24880.100    24884.100    24890.100    24898.100
  1360:    24901.100    24905.100    24915.100    24922.100    24929.100
  1365:    24935.100    24942.120    24961.120    25022.100    25029.100
  1370:    25047.100    25056.100    25059.100    25064.100    25068.100
  1375:    25075.100    25083.100    25088.120    25107.200    25107.120
  1380:    25109.120    25157.300    25257.540    25260.120    25303.120
  1385:    25313.120    25316.120    25323.120    25345.120    25348.120
  1390:    25356.120    25369.120    25379.120    25381.120    25401.120
  1395:    25421.120    25428.120    25460.120    25462.120    25475.120
  1400:    25476.120    25487.120    25497.110    25499.120    25521.120
  1405:    25525.120    25539.120    25549.120    25568.120    25574.120
  1410:    25582.120    25599.110    25603.110    25606.110    25610.110
  1415:    25612.110    25656.110    25662.110    25668.110    25672.120
  1420:    25683.120    25685.120    25687.120    25690.120    25699.120
  1425:    25704.110    25706.110    25713.110    25715.110    25730.110
  1430:    25732.110    25739.110    25746.120    25778.120    25789.110
  1435:    25791.110    25803.110    25811.110    25815.110    25820.120
  1440:    25853.120    25857.120    25862.120    25868.110    25873.120
  1445:    25889.120    25902.120    25914.110    25930.110    25934.110
  1450:    25939.110    25950.110    25954.110    25958.110    25959.110
  1455:    25965.120    25990.110    25993.110    25997.120    26028.110
  1460:    26030.110    26042.110    26044.110    26056.110    26062.120
  1465:    26091.120    26115.110    26120.120    26154.120    26157.120
  1470:    26171.120    26172.120    26183.120    26194.120    26196.120
  1475:    26203.120    26215.120    26233.120    26272.110    26275.120
  1480:    26283.120    26321.120    26351.120    26365.120    26366.120
  1485:    26388.120    26392.120    26396.110    26398.120    26411.120
  1490:    26413.120    26415.120    26418.120    26420.120    26445.120
  1495:    26451.120    26482.120    26548.110    26571.120    26578.120
  1500:    26593.120    26595.120    26597.120    26612.120    26626.120
  1505:    26652.110    26655.120    26681.120    26692.120    26694.120
  1510:    26713.120    26740.120    26743.120    26780.120    26799.120
  1515:    26801.120    26820.110    26823.120    26838.120    26858.110
  1520:    26861.120    26914.110    26920.110    26931.110    26937.110
  1525:    26941.110    26951.110    26955.110    26965.110    26969.120
  1530:    26981.120    26985.120    26997.120    26998.120    27004.110
  1535:    27008.120    27057.110    27057.340    27060.120    27062.120
  1540:    27117.120    27149.120    27157.500    27169.120    27188.120
  1545:    27205.120    27245.100    27255.100    27262.100    27267.120
  1550:    27288.120    27299.120    27314.100    27321.100    27329.100
  1555:    27335.100    27338.100    27340.100    27344.100    27348.100
  1560:    27353.100    27364.100    27369.100    27375.100    27386.100
  1565:    27393.100    27399.100    27408.100    27415.100    27421.100
  1570:    27426.120    27463.120    27476.120    27495.100    27502.100
  1575:    27511.100    27514.100    27520.100    27526.100    27532.100
  1580:    27538.100    27547.100    27550.100    27553.100    27561.100
  1585:    27565.100    27566.100    27578.100    27585.100    27591.100
  1590:    27595.100    27599.100    27606.100    27610.120    27640.120
  1595:    27642.120    27653.100    27657.120    27666.120    27700.120
  1600:    27733.100    27736.100    27742.120    27783.120    27793.200
  1605:    27842.120    27843.300    27869.120    27871.120    27873.120
  1610:    27943.500    28068.120    28334.100    28342.100    28346.120
  1615:    28378.120    28382.120    28390.100    28398.100    28404.100
  1620:    28414.100    28421.100    28427.120    28450.120    28467.100
  1625:    28473.100    28476.100    28484.100    28486.100    28490.100
  1630:    28495.100    28504.120    28522.120    28544.200    28548.120
  1635:    28594.300    28599.120    28694.510    28697.120    28741.110
  1640:    28743.120    28779.120    28781.120    28784.120    28821.120
  1645:    28868.120    28875.120    28892.120    28894.120    29009.110
  1650:    29015.120    29040.120    29076.120    29080.110    29086.110
  1655:    29091.110    29093.110    29102.110    29107.110    29109.110
  1660:    29114.120    29132.120    29134.120    29140.110    29153.110
  1665:    29163.110    29167.120    29182.120    29188.120    29192.120
  1670:    29197.110    29199.110    29202.120    29229.120    29238.110
  1675:    29240.110    29250.110    29259.110    29261.110    29266.120
  1680:    29275.120    29317.120    29323.110    29325.110    29335.110
  1685:    29338.120    29383.110    29383.210    29386.120    29433.310
  1690:    29477.120    29509.120    29533.510    29543.120    29556.120
  1695:    29559.120    29957.110    29961.120    29987.120    29997.120
  1700:    30012.110    30016.120    30034.120    30060.120    30100.120
  1705:    30102.120    30105.120    30122.120    30150.110    30198.110
  1710:    30205.110    30211.120    30229.120    30230.120    30233.120
  1715:    30240.120    30247.110    30250.120    30270.120    30275.110
  1720:    30279.110    30291.110    30291.210    30296.120    30341.310
  1725:    30408.120    30413.120    30418.120    30419.120    30421.120
  1730:    30423.120    30427.120    30441.530    30526.120    30538.100
  1735:    30541.100    30547.120    30556.120    30558.120    30563.120
  1740:    30570.120    30574.120    30923.120    30931.120    30934.120
  1745:    31098.120    31100.120    31103.120    31129.100    31140.100
  1750:    31146.100    31148.100    31153.100    31157.120    31185.100
  1755:    31193.100    31198.100    31203.120    31235.100    31240.100
  1760:    31254.100    31257.100    31266.120    31290.120    31292.120
  1765:    31304.100    31314.100    31321.100    31324.100    31331.100
  1770:    31334.100    31338.100    31347.100    31350.100    31356.100
  1775:    31362.100    31368.100    31380.100    31384.100    31389.100
  1780:    31390.100    31399.100    31410.100    31420.120    31449.100
  1785:    31464.100    31470.100    31482.100    31486.100    31489.100
  1790:    31494.100    31497.100    31501.100    31531.100    31541.100
  1795:    31546.100    31550.120    31571.120    31571.120    31575.120
  1800:    31580.120    31595.120    31603.100    31607.120    31637.120
  1805:    31668.120    31671.120    31680.100    31755.100    31760.100
  1810:    31761.100    31770.100    31776.120    31794.120    31796.120
  1815:    31800.120    31820.100    31829.120    31841.120    31847.120
  1820:    31855.120    31855.120    31872.120    31883.100    31890.120
  1825:    31905.120    31907.120    31920.120    31942.120    31948.120
  1830:    31952.120    31953.120    31978.100    31981.100    31985.120
  1835:    32018.120    32023.120    32044.120    32046.120    32059.100
  1840:    32065.100    32071.100    32074.100    32081.120    32191.120
  1845:    32192.120    32197.120    32199.120    32241.330    32249.120
  1850:    32257.120    32259.120    32262.120    32291.120    32319.120
  1855:    32323.120    32327.120    32336.120    32338.120    32341.510
  1860:    32360.120    32398.110    32402.110    32405.120    32412.120
  1865:    32460.110    32464.120    32492.120    32500.110    32560.110
  1870:    32567.110    32581.110    32585.120    32603.120    32605.120
  1875:    32606.120    32612.110    32616.120    32643.110    32654.110
  1880:    32658.110    32660.110    32674.110    32680.110    32683.110
  1885:    32698.110    32704.120    32730.110    32732.110    32744.110
  1890:    32751.110    32753.110    32758.120    32792.110    32794.110
  1895:    32809.110    32815.110    32819.120    32856.120    32859.120
  1900:    32859.120    32865.110    32867.110    32877.110    32881.110
  1905:    32894.110    32904.110    32913.120    32934.120    32947.120
  1910:    32949.120    32965.120    32971.110    32974.120    33009.120
  1915:    33021.110    33024.110    33038.110    33041.120    33066.120
  1920:    33083.120    33085.120    33094.120    33099.120    33115.110
  1925:    33115.210    33118.120    33165.310    33178.120    33263.120
  1930:    33265.500    33267.120    33527.100    33541.120    33554.120
  1935:    33568.120    33571.120    33586.120    33587.120    33590.120
  1940:    33616.100    33628.100    33646.120    33680.120    33682.120
  1945:    33690.120    33718.120    33732.120    33738.100    33743.100
  1950:    33747.120    33760.120    33781.120    33799.120    33801.120
  1955:    33807.100    33857.100    33861.100    33867.200    33872.120
  1960:    33917.300    33921.120    34017.510    34624.120    34626.120
  1965:    34627.120    34631.120    34635.110    34642.110    34650.110
  1970:    34715.110    34722.110    34727.110    34742.110    34747.110
  1975:    34750.110    34754.120    34787.120    34798.110    34798.210
  1980:    34802.120    34848.310    34948.510    35154.120    35178.110
  1985:    35224.120    35243.120    35267.120    35274.120    35288.120
  1990:    35297.120    35300.120    35302.120    35328.110    35337.110
  1995:    35340.120    35371.120    35380.110    35386.110    35388.110
  2000:    35390.120    35421.110    35433.110    35439.110    35444.110
  2005:    35447.110    35451.120    35488.110    35494.120    35509.120
  2010:    35512.120    35513.120    35522.110    35558.110    35564.110
  2015:    35572.110    35584.110    35589.110    35591.110    35597.110
  2020:    35601.110    35606.110    35612.110    35618.110    35627.110
  2025:    35629.110    35641.110    35649.110    35653.110    35676.120
  2030:    35685.110    35691.110    35693.110    35784.110    35784.210
  2035:    35788.120    35834.310    35934.500    35998.120    36010.120
  2040:    36012.120    36022.100    36027.120    36069.120    36071.120
  2045:    36073.120    36077.120    36103.120    36108.100    36161.120
  2050:    36175.120    36178.120    36180.120    36216.120    36237.120
  2055:    36249.100    36359.100    36366.100    36370.120    36407.120
  2060:    36410.120    36419.100    36427.100    36434.120    36459.100
  2065:    36465.100    36474.100    36480.100    36489.120    36511.120
  2070:    36515.120    36521.100    36528.100    36534.200    36540.120
  2075:    36584.300    36597.120    36603.120    36662.120    36665.120
  2080:    36684.500    36903.120    36916.100    36923.120    36947.120
  2085:    36952.100    36957.100    36961.120    36991.120    36997.100
  2090:    37044.100    37050.100    37059.120    37089.120    37091.120
  2095:    37103.100    37114.100    37117.100    37125.100    37127.100
  2100:    37131.120    37148.120    37150.120    37169.120    37178.100
  2105:    37187.100    37192.100    37200.100    37204.100    37207.100
  2110:    37210.100    37225.100    37234.100    37239.100    37244.120
  2115:    37270.120    37279.100    37285.200    37290.120    37335.300
  2120:    37435.500    37454.120    37485.120    37492.100    37499.120
  2125:    37522.120    37568.120    37600.100    37637.100    37737.120
  2130:    37749.120    37766.120    37769.120    37776.100    37832.100
  2135:    37926.100    37931.120    37966.100    37972.100    37977.100
  2140:    37983.120    38024.100    38028.100    38037.200    38044.120
  2145:    38087.300    38174.120    38187.510    38207.120    38221.120
  2150:    38222.120    38223.120    38237.120    38244.120    38669.110
  2155:    38731.110    38736.120    38751.120    38753.120    38755.120
  2160:    38757.120    38838.110    38845.110    38853.110    38857.120
  2165:    38888.110    38890.110    38940.110    38940.210    38943.120
  2170:    38990.310    39090.500    39690.100    39708.100    39714.100
  2175:    39716.100    39720.120    39730.100    39736.100    39741.100
  2180:    39750.200    39756.120    39800.300    39900.510    39955.120
  2185:    40054.120    40078.120    40101.120    40107.120    40116.120
  2190:    40133.120    40138.110    40179.120    40240.110    40244.120
  2195:    40256.120    40265.120    40274.120    40300.110    40302.110
  2200:    40310.110    40317.110    40324.120    40352.120    40357.110
  2205:    40369.110    40374.110    40376.110    40380.120    40391.120
  2210:    40412.110    40414.110    40423.110    40428.110    40432.110
  2215:    40437.120    40453.120    40462.120    40470.110    40472.110
  2220:    40488.110    40501.110    40511.110    40517.120    40541.120
  2225:    40546.110    40548.110    40559.110    40565.110    40567.110
  2230:    40571.120    40593.120    40595.120    40603.110    40606.110
  2235:    40616.110    40625.110    40629.110    40631.120    40666.120
  2240:    40681.110    40681.210    40684.120    40731.310    40735.120
  2245:    40740.120    40746.120    40831.500    40833.120    40882.120
  2250:    40886.120    40887.120    40907.120    40972.100    40991.120
  2255:    41013.120    41017.120    41024.120    41026.120    41027.120
  2260:    41034.100    41044.120    41064.120    41076.100    41080.100
  2265:    41092.100    41098.100    41106.100    41110.120    41127.120
  2270:    41129.120    41147.100    41156.100    41168.100    41171.100
  2275:    41175.100    41177.100    41180.100    41191.100    41199.100
  2280:    41208.120    41232.120    41241.100    41253.100    41265.100
  2285:    41283.100    41289.100    41293.100    41296.100    41302.100
  2290:    41306.100    41309.100    41314.120    41333.120    41345.120
  2295:    41348.120    41366.100    41376.100    41396.100    41402.120
  2300:    41436.200    41438.120    41486.300    41497.120    41512.120
  2305:    41515.120    41517.120    41586.500    41623.120    41720.120
  2310:    41720.120    41724.120    41732.120    41747.120    41754.120
  2315:    41760.100    41764.120    41790.120    41799.120    41804.120
  2320:    41810.120    41811.120    41813.120    41830.120    41848.120
  2325:    41850.120    41852.120    41854.120    41855.120    41875.120
  2330:    41880.100    41931.100    41937.120    41971.120    41973.120
  2335:    41977.120    41985.100    41994.100
E:
     0:     2338.000      516.000      492.000
F:
     0:       70.000       31.558       32.080
G:
     0:        1.000        1.000        1.000        1.000        1.000
     5:        1.000        1.000        1.000        1.000        0.000
H:
     0:        1.000        1.000        2.000        2.000
L:
     0:     6182.000     6502.000     7511.000     6633.000     6565.000
     5:     6453.000     6273.000     6193.000     6873.000     6704.000
    10:     6140.000     6585.000     6103.000     6460.000     6109.000
    15:     6116.000     6103.000     6107.000     6119.000     6702.000
    20:     6154.000
R:
     0:        1.000        1.000        1.000        1.000        1.000
     5:        1.000        1.000        1.000        1.000        0.000
S:
     0:        1.000        1.000
U:
     0:     7511.000        2.000        0.000
X:
     0:        0.000      345.001      467.002      473.003      478.004
     5:      481.005      493.006      497.007      501.008      548.009
    10:      555.010      566.011      572.012      577.013      580.014
    15:      586.015      608.015      658.000      658.000      767.001
    20:      955.002      962.003     1238.004     1298.004     1348.000
    25:     1348.000     1529.002     1660.004     1665.006     1670.008
    30:     1725.010     1732.012     1737.014     1741.016     1863.018
    35:     1868.020     1882.022     1884.024     1886.026     1887.028
    40:     1894.030     1901.032     1905.034     1917.036     1920.038
    45:     1929.040     1930.042     1943.044     1946.046     1948.048
    50:     1958.050     1969.052     1972.054     1985.056     1987.058
    55:     2001.060     2003.062     2012.064     2016.066     2018.068
    60:     2021.070     2023.072     2028.074     2031.076     2045.078
    65:     2051.080     2062.082     2065.084     2068.086     2073.088
    70:     2077.090     2081.092     2087.094     2090.096     2091.098
    75:     2096.100     2098.102     2165.104     2168.106     2277.108
    80:     2281.110     2733.112     2738.114     2887.116     2895.118
    85:     3022.120     3029.122     3034.124     3092.126     3104.128
    90:     3110.130     3116.132     3118.134     3121.136     3128.138
    95:     3134.140     3138.142     3142.144     3144.146     4474.001
   100:     4619.002     4624.003     4628.004     4771.005     4782.006
   105:     4832.006     4882.000     4882.000     5232.001     5286.002
   110:     5293.003     5390.004     5395.005     5404.006     5407.007
   115:     5410.008     5413.009     5417.010     5475.011     5479.012
   120:     5485.013     5493.014     5499.015     5502.016     5517.017
   125:     5523.018     5526.019     5535.019     5585.000     5585.000
   130:     5863.001     5866.002     5964.003     6105.004     6171.005
   135:     6177.006     6220.007     6231.007     6281.000     6281.000
   140:     6402.001     6541.002     6734.003     6735.004     6738.005
   145:     6796.006     6856.007     6865.008     6870.009     6872.010
   150:     6875.011     6877.012     6882.013     6884.014     6916.014
   155:     6966.000     6966.000     7163.001     7223.002     7231.003
   160:     7331.004     7336.005     7345.006     7350.007     7353.008
   165:     7354.009     7358.010     7409.011     7415.012     7419.013
   170:     7421.014     7423.015     7434.016     7437.017     7440.018
   175:     7445.019     7448.020     7451.021     7453.022     7455.023
   180:     7459.024     7462.025     7473.026     7479.027     7482.028
   185:     7483.029     7485.030     7523.031     7531.032     7541.033
   190:     7547.034     7550.035     7557.036     7561.037     7583.037
   195:     7633.000     7633.000     7774.001     7820.002     8182.003
   200:     8191.004     8242.004     8292.000     8292.000     8666.001
   205:     8673.002     8725.003     8767.004     8811.005     8815.006
   210:     8817.007     8825.008     8909.009     8914.010     8925.011
   215:     8928.012     8932.013     8938.014     8943.015     8946.016
   220:     8953.017     8959.018     8969.018     9019.000     9019.000
   225:     9440.001     9441.002     9536.003     9619.004     9628.005
   230:     9633.006     9634.007     9674.008     9679.009     9679.009
   235:     9729.000     9729.000    10124.001    10197.002    10203.003
   240:    10256.004    10260.005    10265.006    10272.007    10319.008
   245:    10333.008    10333.009    10383.000    10383.000    10971.001
   250:    11031.001    11081.000    11081.000    11161.001    11173.002
   255:    11322.003    11352.004    11413.005    11418.006    11454.007
   260:    11458.008    11464.009    11472.010    11475.011    11479.012
   265:    11489.013    11496.014    11503.015    11509.016    11596.017
   270:    11603.018    11621.019    11630.020    11633.021    11638.022
   275:    11642.023    11649.024    11657.025    11681.025    11731.000
   280:    11731.000    11731.109    11731.110    11731.111    11731.112
   285:    11731.113    11731.114    11731.115    11731.116    11731.117
   290:    11731.118    11731.119    11731.120    11731.121    11731.122
   295:    11731.123    11731.124    11731.125    11731.126    11731.127
   300:    11731.128    11731.129    11731.130    11731.131    11731.132
   305:    11731.133    11731.134    11731.135    11731.136    11731.137
   310:    11731.138    11731.139    11731.140    11731.141    11731.142
   315:    11731.143    11731.144    11731.145    11731.146    11731.147
   320:    11731.148    11731.149    11731.150    11731.151    11731.152
   325:    11731.152    11731.000    11731.000    11731.001    11731.002
   330:    11731.003    11731.004    11731.005    11731.006    11731.007
   335:    11731.008    11731.009    11731.010    11731.011    11731.012
   340:    11731.013    11731.014    11731.014    11731.000    11731.000
   345:    11827.002    11831.004    12418.006    12430.008    12435.010
   350:    12437.012    12443.014    12474.016    12482.018    12487.020
   355:    12524.022    12529.024    12543.026    12546.028    12593.030
   360:    12603.032    12610.034    12613.036    12620.038    12623.040
   365:    12627.042    12636.044    12640.046    12645.048    12651.050
   370:    12657.052    12669.054    12673.056    12678.058    12679.060
   375:    12688.062    12699.064    12738.066    12753.068    12759.070
   380:    12771.072    12775.074    12779.076    12783.078    12786.080
   385:    12790.082    12820.084    12830.086    12835.088    12893.090
   390:    12970.092    13045.094    13049.096    13050.098    13059.100
   395:    13109.102    13172.104    13267.106    13270.108    13348.110
   400:    13354.112    13360.114    13363.116    14816.001    14906.002
   405:    14917.003    15028.004    15032.005    15096.006    15146.007
   410:    15150.008    15156.008    15206.000    15206.000    15293.001
   415:    15379.002    15521.003    15630.004    15638.005    15690.006
   420:    15699.007    15731.008    15737.009    15746.010    15751.011
   425:    15793.012    15800.013    15806.013    15856.000    15856.000
   430:    16087.001    16123.002    16128.003    16168.004    16215.005
   435:    16221.006    16274.007    16286.008    16288.009    16296.010
   440:    16298.011    16349.012    16358.013    16363.014    16371.015
   445:    16375.016    16378.017    16381.018    16396.019    16405.020
   450:    16410.021    16450.022    16456.022    16506.000    16506.000
   455:    16562.001    16670.002    16708.003    16846.004    16902.005
   460:    16996.006    17037.007    17042.008    17047.009    17094.010
   465:    17099.011    17107.011    17157.000    17157.000    17757.001
   470:    17775.002    17780.003    17782.004    17797.005    17802.006
   475:    17807.007    17817.007    17867.000    17867.000    18008.001
   480:    18070.002    18112.003    18116.004    18128.005    18134.006
   485:    18142.007    18183.008    18192.009    18204.010    18207.011
   490:    18210.012    18213.013    18216.014    18227.015    18235.016
   495:    18277.017    18288.018    18300.019    18319.020    18324.021
   500:    18329.022    18332.023    18338.024    18342.025    18345.026
   505:    18402.027    18412.028    18432.029    18472.029    18522.000
   510:    18522.000    18696.001    18816.002    18866.003    18920.004
   515:    18930.005
Y:
     0:        0.000      142.002      220.004      353.006      403.008
     5:      410.010      479.012      484.014      486.016      491.018
    10:      533.020      583.022      585.024      601.026      605.028
    15:      643.030      645.032      650.034      674.036      679.038
    20:      721.040      789.042      847.044      850.046      861.048
    25:      865.050      870.052      906.054      957.056     1041.058
    30:     1093.060     1095.062     1101.064     1103.066     1106.068
    35:     1109.070     1113.072     1122.074     1125.076     1126.078
    40:     1137.080     1142.082     1145.084     1196.086     1203.088
    45:     1336.090     1530.092     1735.094     1742.096     1747.098
    50:     1750.100     2231.101     2236.102     2386.103     2498.104
    55:     2498.104     2548.000     2548.000     2897.001     2938.002
    60:     2942.003     2968.004     3009.005     3116.006     3122.007
    65:     3186.008     3186.008     3236.000     3236.000     3236.147
    70:     3236.148     3236.149     3236.150     3236.151     3236.152
    75:     3236.153     3236.154     3236.155     3236.156     3236.157
    80:     3236.158     3236.159     3236.160     3236.161     3236.162
    85:     3236.163     3236.164     3236.165     3236.166     3236.167
    90:     3236.168     3236.168     3236.000     3236.000     3663.001
    95:     3818.002     3936.003     3936.003     3986.000     3986.000
   100:     4306.001     4349.002     4412.003     4416.004     4479.005
   105:     4538.006     4542.007     4544.008     4610.009     4610.009
   110:     4660.000     4660.000     4815.001     4894.002     5020.003
   115:     5068.004     5076.005     5112.006     5179.007     5267.008
   120:     5273.009     5276.010     5277.011     5287.012     5287.012
   125:     5337.000     5337.000     5630.001     5757.002     5792.003
   130:     5797.004     5801.005     5812.006     5852.007     5853.008
   135:     5858.009     5860.010     5886.011     5889.012     5891.013
   140:     5898.014     5904.015     5908.016     5948.017     5955.018
   145:     5958.019     5958.019     6008.000     6008.000     6444.001
   150:     6556.002     6562.003     6590.004     6592.005     6598.006
   155:     6602.007     6606.008     6615.009     6623.010     6628.011
   160:     6628.011     6678.000     6678.000     6722.001     7024.002
   165:     7085.003     7092.004     7113.005     7158.006     7163.007
   170:     7166.008     7178.009     7180.010     7187.011     7225.012
   175:     7233.013     7274.014     7276.015     7280.016     7283.017
   180:     7298.018     7298.018     7348.000     7348.000     7789.001
   185:     7797.002     7835.003     7879.004     7918.005     7924.006
   190:     7966.007     7968.008     8016.009     8016.009     8066.000
   195:     8066.000     8219.001     8390.002     8482.003     8506.004
   200:     8558.005     8619.006     8621.007     8653.008     8655.009
   205:     8672.010     8674.011     8682.012     8697.013     8703.014
   210:     8706.015     8708.016     8713.017     8742.018     8742.018
   215:     8792.000     8792.000     9039.001     9168.002     9213.003
   220:     9275.004     9282.005     9284.006     9294.007     9299.008
   225:     9311.009     9355.010     9357.011     9366.012     9370.013
   230:     9377.014     9382.015     9415.016     9417.017     9422.018
   235:     9434.019     9440.020     9442.021     9443.021     9493.000
   240:     9493.000     9989.001    10020.002    10032.003    10037.004
   245:    10039.005    10050.006    10054.007    10081.008    10104.009
   250:    10107.010    10112.011    10116.012    10123.013    10134.014
   255:    10142.015    10148.016    10148.016    10198.000    10198.000
   260:    10772.001    10818.002    10824.003    10826.004    10866.005
   265:    10866.005    10916.000    10916.000    11156.002    11258.004
   270:    11262.006    11265.008    11268.010    11271.012    11315.014
   275:    11320.016    11327.018    11363.020    11365.022    11372.024
   280:    11374.026    11389.028    11391.030    11398.032    11448.034
   285:    11450.036    11461.038    11470.040    11473.042    11527.044
   290:    11573.046    11589.048    11592.050    11598.052    11609.054
   295:    11612.056    11617.058    11618.060    11649.062    11652.064
   300:    11686.066    11689.068    11700.070    11703.072    11714.074
   305:    11773.076    11931.078    12055.080    12207.082    12311.084
   310:    12479.086    12516.088    12572.090    12578.092    12589.094
   315:    12596.096    12600.098    12610.100    12614.102    12623.104
   320:    12663.106    12715.108    14399.001    14668.002    14738.003
   325:    14745.004    14749.005    14752.006    14761.007    14765.008
   330:    14768.009    14799.010    14812.011    14821.012    14856.013
   335:    14858.014    14897.015    14899.016    14909.017    14918.018
   340:    14920.019    14982.020    14983.021    14994.022    15042.023
   345:    15042.023    15092.000    15092.000    15515.001    15570.002
   350:    15708.003    15756.004    15763.005    15805.006    15834.007
   355:    15837.008    15850.009    15850.009    15900.000    15900.000
   360:    15900.117    15900.118    15900.119    15900.120    15900.121
   365:    15900.122    15900.123    15900.124    15900.125    15900.126
   370:    15900.127    15900.128    15900.129    15900.130    15900.131
   375:    15900.132    15900.133    15900.134    15900.135    15900.136
   380:    15900.137    15900.138    15900.139    15900.140    15900.141
   385:    15900.142    15900.143    15900.144    15900.145    15900.146
   390:    15900.147    15900.148    15900.149    15900.150    15900.151
   395:    15900.152    15900.152    15900.000    15900.000    16518.001
   400:    16525.002    16533.003    16598.004    16605.005    16609.006
   405:    16624.007    16630.008    16633.009    16680.010    16680.010
   410:    16730.000    16730.000    16960.001    17110.002    17119.003
   415:    17162.004    17168.005    17170.006    17203.007    17214.008
   420:    17221.009    17226.010    17229.011    17270.012    17304.013
   425:    17340.014    17346.015    17354.016    17366.017    17370.018
   430:    17373.019    17379.020    17383.021    17387.022    17394.023
   435:    17400.024    17409.025    17411.026    17423.027    17431.028
   440:    17435.029    17467.030    17473.031    17475.032    17566.033
   445:    17566.033    17616.000    17616.000    18098.001    18160.002
   450:    18267.003    18274.004    18281.005    18316.006    18318.007
   455:    18368.008    18368.008    18418.000    18418.000    18656.001
   460:    18758.002    18817.003    18819.004    18828.005    18835.006
   465:    18875.007    18886.008    18891.009    18894.010    18930.011
   470:    18932.012    18941.013    18945.014    18950.015    18987.016
   475:    18989.017    19005.018    19018.019    19028.020    19064.021
   480:    19066.022    19077.023    19082.024    19085.025    19121.026
   485:    19123.027    19134.028    19143.029    19146.030    19198.031
   490:    19198.031    19248.000
