File: C:\MED-PC\Data\2018-05-22_10h50m_Subject M330.txt


Start Date: 05/22/18
End Date: 05/22/18
Subject: M330
Experiment: DOBLE_PICO_ACO
Group: EXP
Box: 10
Start Time: 10:50:39
End Time: 12:04:01
MSN: IF_ACO_MULTIPLE_PICO
A:     485.000
B:      20.000
D:      20.000
I:       2.000
J:   18000.000
K:    5400.000
M:       0.000
N:      20.000
O:      21.000
P:     931.000
Q:       0.000
T:    1000.000
V:     600.000
W:      20.000
Z:       0.000
C:
     0:        0.120        0.120        0.120        0.120        0.120
     5:        0.120        0.120        0.120        0.120        0.120
    10:        0.120        0.120        0.120        0.120        0.120
    15:        0.120        0.120        0.120        0.120        0.120
    20:        0.120        0.120        0.120        0.120        0.120
    25:        0.120        0.120        0.120        0.120        0.120
    30:        0.120        0.120        0.120        0.120        0.120
    35:        0.120        0.120        0.120        0.120        0.120
    40:        0.120        0.120        0.120        0.120        0.120
    45:        0.120        0.120        0.120        0.120        0.120
    50:        0.120        0.120        0.120        0.120        0.510
    55:       94.110      101.120      123.120      132.110      190.110
    60:      194.110      203.110      228.110      256.110      265.120
    65:      302.110      307.110      311.110      318.110      329.110
    70:      340.110      342.110      352.110      386.110      391.110
    75:      397.110      407.110      424.120      449.110      460.110
    80:      462.110      469.110      482.110      488.110      492.110
    85:      497.110      520.110      524.110      528.110      533.110
    90:      536.110      540.110      540.210      546.120      590.310
    95:      680.120      682.120      690.500      701.120      704.120
   100:      706.120      708.120      715.120      718.120      718.120
   105:      729.120      730.120      731.120      735.120      737.120
   110:      751.120      755.120      759.120      761.120      762.120
   115:      764.120     1051.120     1059.120     1070.120     1122.120
   120:     1132.120     1163.120     1174.100     1185.100     1207.120
   125:     1239.100     1244.100     1246.100     1255.100     1258.100
   130:     1279.100     1285.100     1288.120     1299.200     1349.300
   135:     1449.500     1475.120     1476.120     1506.120     1508.120
   140:     1510.120     1510.120     1516.120     1629.120     1633.120
   145:     1642.120     1644.120     1647.120     1649.120     1656.120
   150:     1663.120     1665.120     1667.120     1703.120     1709.120
   155:     1715.120     1722.120     1725.120     1746.120     1753.120
   160:     1758.120     1781.120     1785.120     1822.120     1829.120
   165:     1878.120     1881.120     1938.100     1946.120     1964.120
   170:     1975.100     1982.100     1985.100     1988.100     1996.100
   175:     2004.100     2007.120     2054.100     2056.200     2060.120
   180:     2106.300     2206.510     2231.120     2232.120     2289.120
   185:     2295.120     2297.120     2299.120     2300.120     2316.120
   190:     2330.120     2333.120     2335.120     2337.120     2350.120
   195:     2356.120     2358.120     2372.120     2734.110     2741.110
   200:     2752.120     2776.120     2782.110     2789.110     2794.110
   205:     2799.110     2815.120     2824.120     2828.120     2830.120
   210:     2842.110     2842.210     2846.120     2892.310     2992.510
   215:     3081.120     3082.120     3083.120     3087.120     3480.120
   220:     3537.110     3564.120     3567.120     3609.110     3609.210
   225:     3614.120     3659.310     3759.500     3830.120     3832.120
   230:     3834.120     3838.120     3838.120     3840.120     3844.120
   235:     3849.120     3851.120     3852.120     3853.120     4058.120
   240:     4059.120     4061.120     4066.120     4068.120     4116.120
   245:     4130.100     4144.100     4177.120     4218.100     4221.100
   250:     4224.100     4227.120     4268.100     4272.100     4275.100
   255:     4283.100     4286.100     4297.100     4306.100     4310.120
   260:     4347.100     4353.100     4358.100     4364.100     4366.200
   265:     4371.120     4416.300     4516.540     4527.120     4545.120
   270:     4551.120     4552.120     4552.120     4616.120     4623.120
   275:     4624.120     4712.110     4720.120     4778.110     5247.110
   280:     5255.110     5259.110     5281.110     5286.110     5293.110
   285:     5324.110     5325.110     5329.120     5353.110     5355.110
   290:     5360.110     5363.110     5368.110     5376.110     5381.110
   295:     5384.110     5386.110     5399.110     5409.110     5428.110
   300:     5432.110     5436.110     5438.110     5439.110     5440.110
   305:     5441.110     5446.110     5461.110     5466.110     5470.110
   310:     5472.110     5473.110     5474.110     5479.110     5491.110
   315:     5504.110     5526.110     5531.110     5535.110     5537.110
   320:     5539.110     5540.110     5541.110     5542.110     5550.110
   325:     5562.110     5567.110     5572.110     5597.120     5634.110
   330:     5639.110     5644.110     5647.110     5655.110     5677.110
   335:     5680.110     5682.110     5686.110     5694.120     5745.110
   340:     5750.110     5758.110     5779.110     5792.110     5796.110
   345:     5799.110     5910.120     5925.120     5927.120     5929.120
   350:     5972.120     5980.120     5982.120     6025.120     6028.120
   355:     6032.120     6056.120     6058.120     6061.120     6111.120
   360:     6117.120     6157.120     6159.120     6161.120     6182.120
   365:     6238.120     6245.120     6257.120     6259.120     6261.120
   370:     6266.120     6268.120     6277.110     6285.110     6316.340
   375:     6335.120     6336.120     6362.120     6416.510     6562.110
   380:     6568.120     6612.110     6618.110     6622.110     6623.110
   385:     6626.110     6633.110     6641.110     6645.110     6670.120
   390:     6695.110     6699.110     6707.110     6714.110     6718.110
   395:     6724.110     6731.110     6739.110     6750.120     6765.110
   400:     6769.110     6771.110     6773.110     6776.110     6782.110
   405:     6794.110     6799.110     6803.110     6806.110     6837.110
   410:     6850.110     6856.110     6861.110     6880.110     6883.110
   415:     6888.110     6889.110     6893.110     6899.110     6903.110
   420:     6909.120     6952.110     6959.110     6962.110     6963.110
   425:     6965.110     6969.110     6973.110     6975.110     6977.110
   430:     6988.110     6992.110     6996.110     7005.110     7014.110
   435:     7016.110     7021.110     7027.120     7062.120     7078.110
   440:     7078.210     7082.120     7128.310     7228.500     7271.120
   445:     7272.120     7280.120     7289.120     7291.120     7295.120
   450:     7296.120     7297.120     7313.120     7315.120     7317.120
   455:     7328.120     7343.120     7345.120     7347.120     7357.120
   460:     7358.120     7358.120     7368.120     7376.120     7378.120
   465:     7380.120     7385.120     7389.120     7396.120     7403.120
   470:     7405.120     7407.120     7409.120     7411.120     7412.120
   475:     7417.120     7421.120     7423.120     7428.120     7430.120
   480:     7432.120     7434.120     7442.120     7448.120     7450.120
   485:     7460.120     7466.120     7467.120     7469.120     7476.120
   490:     7487.120     7493.120     7518.120     7523.120     7526.120
   495:     7528.120     7532.120     7533.120     7538.120     7576.120
   500:     7583.120     7585.120     7586.120     7592.120     7594.120
   505:     7597.120     7599.120     7630.120     7634.120     7637.120
   510:     7638.120     7658.120     7661.120     7663.120     7665.120
   515:     7667.120     7669.120     7673.120     7703.120     7708.120
   520:     7710.120     7712.120     7716.120     7717.120     7720.120
   525:     7720.120     7722.120     7722.120     7723.120     7758.120
   530:     7761.120     7787.120     7830.100     7835.100     7837.100
   535:     7841.120     7873.100     7878.100     7883.100     7890.100
   540:     7890.200     7897.120     7940.300     8040.500     8068.120
   545:     8070.120     8129.120     8263.120     8272.120     8277.120
   550:     8281.120     8285.120     8289.120     8293.120     8294.120
   555:     8325.120     8331.120     8332.120     8337.120     8338.120
   560:     8377.120     8379.120     8385.120     8387.120     8389.120
   565:     8444.120     8536.100     8539.120     8571.100     8573.100
   570:     8577.100     8579.100     8580.100     8584.100     8589.100
   575:     8593.100     8595.100     8604.100     8607.120     8644.200
   580:     8694.300     8794.510     8889.120     8894.120     8908.120
   585:     8911.120     8913.120     9316.110     9320.110     9333.120
   590:     9374.120     9382.110     9391.110     9394.110     9406.110
   595:     9409.110     9414.120     9439.120     9446.110     9446.210
   600:     9450.120     9496.310     9596.510     9638.120     9643.120
   605:     9647.120     9649.120     9655.120     9657.120     9673.120
   610:     9673.120     9838.120     9851.120     9858.120     9862.120
   615:     9864.120     9912.120     9949.120    10000.120    10037.110
   620:    10039.110    10045.110    10118.110    10124.110    10131.110
   625:    10153.110    10160.110    10164.110    10166.110    10167.110
   630:    10168.110    10170.110    10182.110    10188.110    10194.110
   635:    10210.110    10211.110    10215.110    10215.210    10219.120
   640:    10265.310    10365.500    10398.120    10400.120    10455.120
   645:    10457.120    10460.120    10466.120    10468.120    10472.120
   650:    10809.120    10836.120    10839.120    10843.120    10844.120
   655:    10846.120    10848.120    10852.120    10859.120    10861.120
   660:    10862.120    10866.120    10874.120    10876.120    10880.120
   665:    10882.120    10884.120    10886.120    10891.120    10893.120
   670:    10895.120    10901.120    10902.120    10949.120    10994.100
   675:    11000.100    11004.100    11010.100    11012.100    11016.100
   680:    11021.100    11024.120    11054.200    11056.120    11104.300
   685:    11107.120    11204.510    11266.120    11295.120    11297.120
   690:    11300.120    11300.120    11307.120    11334.120    11336.120
   695:    11341.120    11343.120    11345.120    11346.120    11347.120
   700:    11349.120    11353.120    11355.120    11855.120    11869.110
   705:    11869.210    11874.120    11919.310    12019.510    12041.120
   710:    12042.120    12043.120    12045.120    12052.120    12055.120
   715:    12086.120    12094.120    12099.120    12103.120    12104.120
   720:    12134.120    12163.120    12165.120    12189.120    12204.120
   725:    12246.120    12252.120    12257.120    12282.120    12287.120
   730:    12289.120    12291.120    12294.120    12297.120    12298.120
   735:    12300.120    12302.120    12306.120    12309.120    12311.120
   740:    12312.120    12333.120    12339.120    12343.120    12344.120
   745:    12348.120    12367.120    12433.120    12479.110    12512.120
   750:    12549.110    12558.110    12563.110    12566.110    12598.110
   755:    12601.110    12603.110    12607.110    12658.110    12658.210
   760:    12663.120    12708.310    12808.500    12909.120    12942.120
   765:    12955.120    12956.120    13148.120    13159.120    13161.120
   770:    13163.120    13164.120    13168.120    13170.120    13207.120
   775:    13215.120    13244.120    13252.120    13254.120    13281.120
   780:    13322.100    13332.120    13364.100    13368.100    13377.100
   785:    13380.100    13385.100    13388.120    13423.100    13424.200
   790:    13428.120    13474.300    13574.500    13593.120    13594.120
   795:    13618.120    13651.120    13654.120    13662.120    13663.120
   800:    13665.120    13667.120    13673.120    13677.120    13680.120
   805:    13684.120    13685.120    13686.120    13689.120    13690.120
   810:    13694.120    13711.120    13715.120    13719.120    13721.120
   815:    13732.120    13745.120    13749.120    13750.120    13754.120
   820:    13769.120    13781.120    13792.120    13799.120    13811.120
   825:    13813.120    13821.120    13831.120    13846.120    13848.120
   830:    13856.120    13860.120    13863.120    13871.120    13875.120
   835:    13904.120    13913.120    13915.120    13917.120    13920.120
   840:    13921.120    13924.120    13926.120    13928.120    13946.120
   845:    13948.120    13957.120    13958.120    13959.120    13961.120
   850:    13963.120    13987.120    13990.120    13990.120    13992.120
   855:    13994.120    14012.120    14015.120    14017.120    14018.120
   860:    14037.120    14040.120    14042.120    14042.120    14044.120
   865:    14048.120    14050.120    14071.120    14111.100    14112.100
   870:    14119.120    14153.100    14156.100    14157.100    14160.100
   875:    14162.100    14164.100    14170.100    14174.100    14180.100
   880:    14184.100    14186.100    14188.100    14197.100    14201.120
   885:    14213.200    14263.300    14268.120    14363.500    14430.120
   890:    14790.120    14849.100    14861.100    14866.100    14869.100
   895:    14872.100    14877.120    14917.100    14919.100    14920.100
   900:    14928.100    14931.100    14933.100    14938.100    14947.100
   905:    14954.100    14959.100    14964.120    14977.200    15027.300
   910:    15127.530    15166.120    15208.120    15220.120    15672.120
   915:    15724.120    15725.120    15839.120    15883.120    15908.100
   920:    15913.100    15917.100    15920.100    15927.100    15934.100
   925:    15937.100    15940.100    15944.100    15949.100    15952.120
   930:    15983.120    15995.120    16017.120    16050.100    16052.100
   935:    16066.120    16118.120    16132.120    16167.120    16232.100
   940:    16238.100    16248.100    16253.100    16259.100    16264.100
   945:    16266.100    16269.100    16275.100    16278.100    16281.100
   950:    16283.120    16319.100    16322.100    16325.100    16327.100
   955:    16335.100    16378.100    16389.100    16394.100    16401.100
   960:    16405.100    16414.100    16416.120    16442.120    16769.100
   965:    16773.120    16815.100    16819.100    16825.100    16827.100
   970:    16833.100    16842.100    16852.120    16886.100    16889.100
   975:    16891.100    16894.100    16897.100    16901.100    16906.100
   980:    16911.100    16916.100    16917.100    16921.100    16927.330
   985:    16942.120    17027.510    17194.110    17200.110    17208.120
   990:    17259.110    17270.120    17293.110    17300.110    17306.120
   995:    17324.120    17330.120    17340.120    17356.110    17364.110
  1000:    17446.110    17453.110    17457.110    17463.110    17469.110
  1005:    17477.110    17497.110    17501.110    17524.110    17528.110
  1010:    17532.110    17537.110    17539.110    17550.110    17572.110
  1015:    17575.110    17577.110    17581.110    17582.110    17586.110
  1020:    17591.110    17599.110    17607.110    17612.110    17621.110
  1025:    17625.110    17635.110    17639.110    17642.110    17646.110
  1030:    17646.210    17650.120    17696.310    17796.540    17811.120
  1035:    17816.120    18021.120    18025.120    18030.120    18031.120
  1040:    18058.110    18068.120    18070.120    18081.120    18084.120
  1045:    18086.120    18089.120    18094.120    18095.120    18101.120
  1050:    18103.120    18105.120    18147.120    18153.120    18189.120
  1055:    18191.120    18194.120    18196.120    18209.120    18229.120
  1060:    18230.120    18236.120    18238.120    18238.120    18255.110
  1065:    18273.110    18277.110    18280.110    18291.110    18298.120
  1070:    18318.110    18323.110    18327.110    18336.110    18341.110
  1075:    18353.110    18357.110    18361.110    18379.110    18383.110
  1080:    18388.110    18389.110    18390.110    18394.110    18396.110
  1085:    18399.110    18400.110    18408.110    18424.110    18427.110
  1090:    18432.110    18438.110    18441.110    18457.110    18459.110
  1095:    18465.110    18466.110    18467.110    18468.110    18469.110
  1100:    18470.110    18478.110    18480.110    18481.110    18500.110
  1105:    18502.110    18504.110    18506.110    18514.110    18520.110
  1110:    18522.110    18523.110    18524.110    18529.110    18534.110
  1115:    18541.110    18560.110    18564.110    18568.110    18570.110
  1120:    18577.110    18583.110    18584.110    18595.110    18614.110
  1125:    18616.110    18620.110    18622.110    18625.110    18640.110
  1130:    18644.110    18654.110    18671.110    18677.110    18678.110
  1135:    18684.110    18688.110    18692.110    18702.110    18710.110
  1140:    18724.110    18740.110    18756.120    18784.110    18792.110
  1145:    18800.110    18807.110    18811.110    18819.120    18880.110
  1150:    18885.110    18891.120    18931.110    18935.110    18984.110
  1155:    18989.110    19104.110    19112.120    19321.110    19327.110
  1160:    19336.120    19361.110    19364.110    19383.110    19394.110
  1165:    19398.110    19411.120    19488.120    19504.110    19513.110
  1170:    19514.110    19516.110    19549.120    19581.110    19590.110
  1175:    19596.340    19696.500    19832.100    19838.120    19840.120
  1180:    19841.120    19851.120    19853.120    19855.120    19856.120
  1185:    19861.120    19861.120    19866.120    19868.120    19871.120
  1190:    19872.120    19895.120    19899.120    19902.120    19903.120
  1195:    19916.120    19919.120    19921.120    19922.120    19924.120
  1200:    19929.120    19930.120    19935.120    19937.120    19939.120
  1205:    19940.120    19948.120    19951.120    19953.120    19955.120
  1210:    19957.120    19959.120    19962.120    20011.120    20015.120
  1215:    20018.120    20022.120    20101.120    20124.100    20139.120
  1220:    20195.100    20199.100    20205.100    20208.100    20216.100
  1225:    20220.100    20227.100    20233.120    20249.120    20263.100
  1230:    20273.120    20301.100    20306.100    20310.100    20317.100
  1235:    20320.100    20323.200    20324.100    20329.120    20373.300
  1240:    20473.510    20843.110    20851.110    20859.110    20875.120
  1245:    20888.110    20894.110    20901.110    20908.110    20911.110
  1250:    20930.110    20933.110    20946.110    20950.110    20957.110
  1255:    20966.110    20990.110    20995.110    20998.110    21000.110
  1260:    21005.110    21011.110    21023.110    21029.110    21035.110
  1265:    21038.110    21047.110    21061.110    21064.110    21068.110
  1270:    21075.110    21081.110    21103.110    21107.110    21109.110
  1275:    21116.110    21119.110    21126.110    21148.110    21148.210
  1280:    21153.120    21198.310    21298.510    21404.120    21427.120
  1285:    21429.120    21431.120    21437.120    21439.120    21557.120
  1290:    21563.120    21568.120    21575.120    21578.120    21580.120
  1295:    21583.120    21593.120    21602.120    21606.120    21614.120
  1300:    21648.120    21652.120    21654.120    21657.120    21659.120
  1305:    21660.120    21662.120    21665.120    21669.120    21671.120
  1310:    21676.120    21678.120    21680.120    21684.120    21686.120
  1315:    21688.120    21690.120    21723.120    21727.120    21729.120
  1320:    21731.120    21770.120    21772.120    21774.120    21777.120
  1325:    21778.120    21800.120    21808.120    21810.120    21811.120
  1330:    21814.120    21857.120    21859.120    21861.120    21864.120
  1335:    21865.120    21868.120    21951.110    21951.210    21955.120
  1340:    22001.310    22046.120    22101.500    22108.120    22109.120
  1345:    22115.120    22116.120    22118.120    22123.120    22125.120
  1350:    22126.120    22127.120    22132.120    22133.120    22134.120
  1355:    22136.120    22137.120    22139.120    22141.120    22142.120
  1360:    22143.120    22146.120    22148.120    22149.120    22152.120
  1365:    22154.120    22161.120    22165.120    22303.100    22312.120
  1370:    22348.100    22354.120    22384.100    22387.100    22392.100
  1375:    22396.100    22401.100    22406.100    22408.100    22413.120
  1380:    22444.100    22447.100    22448.100    22453.100    22460.100
  1385:    22464.100    22467.100    22469.100    22474.100    22477.100
  1390:    22484.100    22496.100    22505.120    22544.120    22554.100
  1395:    22559.100    22565.100    22571.100    22577.100    22581.100
  1400:    22583.100    22591.100    22597.100    22623.120    22718.100
  1405:    22778.200    22785.120    22828.300    22833.120    22908.120
  1410:    22910.120    22928.510    23136.120    23152.120    23157.120
  1415:    23160.120    23162.120    23163.120    23165.120    23166.120
  1420:    23172.120    23194.120    23196.120    23199.120    23201.120
  1425:    23203.120    23205.120    23207.120    23210.120    23212.120
  1430:    23213.120    23233.120    23239.120    23241.120    23243.120
  1435:    23259.120    23262.120    23266.120    23268.120    23365.120
  1440:    23368.120    23403.120    23437.110    23444.110    23450.110
  1445:    23451.110    23455.110    23457.110    23468.110    23474.110
  1450:    23480.120    23496.110    23505.110    23508.110    23514.110
  1455:    23530.110    23541.110    23546.110    23546.210    23550.120
  1460:    23596.310    23696.510    23699.120    23739.120    23750.120
  1465:    23751.120    23753.120    23789.120    23801.120    23803.120
  1470:    23805.120    23808.120    23809.120    23809.120    23817.120
  1475:    23819.120    23822.120    24022.120    24028.120    24037.120
  1480:    24044.120    24055.120    24057.120    24064.120    24068.120
  1485:    24070.120    24073.120    24080.120    24084.120    24100.120
  1490:    24109.120    24112.120    24118.120    24173.120    24180.120
  1495:    24182.120    24186.120    24224.120    24232.120    24275.120
  1500:    24281.120    24370.110    24370.210    24375.120    24420.310
  1505:    24426.120    24520.500    24541.120    24562.120    24564.120
  1510:    24566.120    24567.120    24568.120    24570.120    24572.120
  1515:    24574.120    24577.120    24579.120    24581.120    24583.120
  1520:    24584.120    24590.120    24749.120    24811.100    24816.100
  1525:    24819.100    24823.100    24830.120    24855.100    24865.100
  1530:    24869.100    24873.100    24885.100    24890.100    24892.100
  1535:    24898.120    24923.100    24930.100    24934.100    24938.100
  1540:    24943.100    24948.100    24954.100    24961.100    24974.120
  1545:    25038.120    25043.120    25069.100    25085.100    25093.100
  1550:    25105.100    25113.100    25114.100    25120.100    25122.100
  1555:    25129.200    25133.120    25179.300    25259.120    25260.120
  1560:    25279.500    25287.120    25299.120    25308.120    25319.120
  1565:    25320.120    25325.120    25336.120    25342.120    25345.120
  1570:    25346.120    25349.120    25352.120    25359.120    25374.120
  1575:    25377.120    25379.120    25380.120    25388.120    25392.120
  1580:    25398.120    25400.120    25402.120    25404.120    25407.120
  1585:    25418.120    25422.120    25423.120    25425.120    25427.120
  1590:    25431.120    25433.120    25450.120    25451.120    25454.120
  1595:    25459.120    25461.120    25463.120    25473.120    25475.120
  1600:    25482.120    25486.120    25488.120    25504.120    25514.120
  1605:    25515.120    25521.120    25526.120    25532.120    25535.120
  1610:    25536.120    25538.120    25543.120    25545.120    25548.120
  1615:    25550.120    25552.120    25559.120    25561.120    25563.120
  1620:    25565.120    25566.120    25568.120    25614.120    25616.120
  1625:    25618.120    25621.120    25622.120    25623.120    25624.120
  1630:    25643.120    25645.120    25647.120    25649.120    25650.120
  1635:    25653.120    25655.120    25658.120    25661.120    25663.120
  1640:    25665.120    25666.120    25705.120    25710.120    25712.120
  1645:    25714.120    25717.120    25727.120    25729.120    25731.120
  1650:    25733.120    25734.120    25752.120    25754.120    25758.120
  1655:    25760.120    25762.120    25787.120    25789.120    25791.120
  1660:    25806.120    25811.120    25818.120    25820.120    25822.120
  1665:    25824.120    25828.120    25830.120    25832.120    25834.120
  1670:    25836.120    25899.100    25929.120    25958.100    25959.200
  1675:    25963.120    26009.300    26109.500    26162.120    26163.120
  1680:    26536.100    26539.120    26565.100    26572.100    26574.100
  1685:    26581.100    26590.100    26593.120    26621.100    26629.100
  1690:    26633.100    26637.100    26638.100    26647.100    26663.120
  1695:    26670.100    26673.100    26675.100    26687.120    26730.200
  1700:    26780.300    26880.510    26884.120    27431.110    27440.110
  1705:    27446.110    27452.110    27465.110    27467.110    27489.110
  1710:    27492.110    27501.110    27501.210    27506.120    27551.310
  1715:    27651.510    27676.120    27680.120    27891.120    27939.110
  1720:    28007.110    28014.120    28057.110    28063.110    28075.120
  1725:    28110.110    28115.110    28117.110    28120.110    28123.110
  1730:    28130.110    28182.110    28184.110    28189.110    28193.110
  1735:    28222.110    28227.110    28239.110    28243.110    28250.110
  1740:    28270.120    28282.110    28288.110    28305.110    28309.110
  1745:    28313.110    28317.110    28331.110    28333.110    28338.110
  1750:    28343.110    28345.110    28349.110    28350.110    28351.110
  1755:    28351.210    28352.110    28356.120    28401.310    28501.530
  1760:    28603.120    28792.120    28808.120    28810.120    28812.120
  1765:    28814.120    28819.120    28821.120    28824.120    28826.120
  1770:    28828.120    28830.120    28832.120    28834.120    28835.120
  1775:    28837.120    28841.120    28845.120    28847.120    28851.120
  1780:    28853.120    28858.120    28860.120    28863.120    28864.120
  1785:    28866.120    28870.120    28872.120    28875.120    28875.120
  1790:    28923.120    28925.120    28927.120    28929.120    28931.120
  1795:    28932.120    28936.120    28937.120    28941.120    28943.120
  1800:    28946.120    28949.120    28971.120    28976.120    28978.120
  1805:    28980.120    29036.120    29044.120    29080.100    29085.100
  1810:    29093.100    29096.100    29104.100    29108.100    29114.100
  1815:    29117.120    29141.100    29147.100    29149.100    29153.100
  1820:    29164.100    29168.100    29173.100    29178.100    29182.100
  1825:    29189.100    29191.100    29199.120    29254.100    29257.100
  1830:    29259.100    29262.100    29272.100    29283.100    29287.100
  1835:    29292.100    29294.100    29299.100    29305.100    29310.100
  1840:    29311.100    29316.100    29325.100    29331.100    29339.100
  1845:    29350.100    29352.100    29354.100    29363.100    29374.100
  1850:    29385.100    29388.120    29423.120    29425.120    29522.100
  1855:    29531.120    29546.120    29551.120    29553.120    29592.120
  1860:    29598.120    29604.120    29605.120    29609.120    29611.120
  1865:    29613.120    29614.120    29646.120    29648.120    29651.120
  1870:    29654.120    29656.120    29705.120    29711.120    29722.120
  1875:    29724.120    29726.120    29728.120    29743.120    29744.120
  1880:    29747.120    29752.120    29754.120    29756.120    29757.120
  1885:    29759.120    29783.120    29785.120    29787.120    29787.120
  1890:    29789.120    29791.120    29796.120    29798.120    29801.120
  1895:    29807.120    29809.120    29814.120    29886.120    29930.100
  1900:    29937.100    29952.120    29988.100    29995.100    29996.100
  1905:    30001.100    30007.100    30016.100    30019.100    30020.100
  1910:    30024.100    30029.100    30036.100    30046.100    30052.120
  1915:    30093.120    30100.100    30105.100    30110.100    30115.100
  1920:    30121.100    30127.100    30128.100    30139.100    30141.100
  1925:    30157.100    30170.100    30174.120    30206.120    30235.100
  1930:    30237.100    30240.100    30250.100    30256.100    30262.100
  1935:    30266.100    30301.330    30317.120    30347.120    30401.500
  1940:    30518.120    30530.120    30535.120    30538.120    30540.120
  1945:    30542.120    30544.120    30546.120    30547.120    30578.120
  1950:    30582.120    30586.120    30594.120    30595.120    30597.120
  1955:    30600.120    30601.120    30603.120    31122.100    31142.120
  1960:    31172.100    31174.100    31180.100    31182.200    31186.120
  1965:    31232.300    31332.510    31445.120    31447.120    31457.120
  1970:    31459.120    31624.110    31629.110    31635.120    31709.110
  1975:    31719.110    31728.110    31794.110    31798.110    31811.110
  1980:    31815.110    31824.120    31829.120    31845.110    31852.110
  1985:    31855.110    31863.110    31867.110    31878.120    31883.120
  1990:    31893.110    31901.110    31961.110    31966.110    31970.110
  1995:    31979.110    31983.110    31992.110    31995.110    31997.110
  2000:    32014.110    32020.110    32022.110    32027.110    32032.110
  2005:    32032.210    32038.120    32082.310    32178.120    32182.510
  2010:    32201.120    32203.120    32205.120    32210.120    32212.120
  2015:    32213.120    32225.120    32226.120    32241.120    32248.120
  2020:    32249.120    32251.120    32253.120    32259.120    32274.120
  2025:    32277.120    32283.120    32289.120    32293.120    32302.120
  2030:    32312.120    32313.120    32336.120    32346.120    32371.120
  2035:    32372.120    32375.120    32378.120    32382.120    32390.120
  2040:    32394.120    32399.120    32401.120    32404.120    32412.120
  2045:    32442.120    32449.120    32464.120    32471.120    32518.120
  2050:    32524.120    32532.120    32557.120    32562.120    32564.120
  2055:    32569.120    32606.120    32633.120    32637.120    32673.110
  2060:    32678.120    32698.110    32708.110    32711.110    32713.110
  2065:    32740.110    32744.110    32746.110    32779.110    32783.110
  2070:    32786.110    32789.110    32793.110    32795.110    32795.110
  2075:    32796.110    32797.110    32798.110    32800.110    32804.110
  2080:    32809.110    32818.110    32822.110    32823.110    32828.110
  2085:    32829.110    32829.110    32830.110    32832.110    32833.110
  2090:    32845.110    32848.110    32854.110    32860.110    32862.110
  2095:    32863.110    32864.110    32866.110    32870.110    32876.110
  2100:    32880.110    32890.110    32890.210    32895.120    32940.310
  2105:    33010.120    33040.500    33072.120    33080.120    33195.120
  2110:    33205.120    33218.120    33224.120    33226.120    33262.120
  2115:    33268.120    33276.120    33317.120    33325.120    33334.120
  2120:    33339.120    33341.120    33343.120    33348.120    33350.120
  2125:    33352.120    33353.120    33358.120    33359.120    33363.120
  2130:    33396.120    33400.120    33403.120    33405.120    33409.120
  2135:    33411.120    33412.120    33417.120    33424.120    33426.120
  2140:    33429.120    33453.120    33457.120    33459.120    33460.120
  2145:    33462.120    33503.120    33512.120    33761.100    33775.120
  2150:    33814.100    33817.100    33820.100    33821.200    33822.100
  2155:    33826.120    33871.300    33957.120    33959.120    33960.120
  2160:    33971.510    34303.120    34304.120    34325.120    34802.110
  2165:    34802.210    34806.120    34852.310    34952.500    34995.120
  2170:    35201.100    35213.100    35218.100    35226.120    35275.120
  2175:    35316.100    35319.100    35325.100    35337.100    35343.100
  2180:    35366.120    35411.100    35551.100    35556.120    35592.100
  2185:    35598.100    35600.100    35604.100    35607.100    35611.200
  2190:    35617.120    35661.300    35665.120    35761.510    35807.120
  2195:    35913.120    35921.120    35926.120    35929.120    35932.120
  2200:    35941.120    35948.120    35957.120    35959.120    35961.120
  2205:    35964.120    35966.120    35974.120    35976.120    35980.120
  2210:    35984.120    35987.120    35989.120    36000.120    36009.120
  2215:    36010.120    36029.120    36038.120    36040.120    36043.120
  2220:    36044.120    36046.120    36049.120    36051.120    36053.120
  2225:    36054.120    36055.120    36083.120    36087.120    36089.120
  2230:    36105.120    36107.120    36109.120    36111.120    36113.120
  2235:    36139.120    36142.120    36143.120    36146.120    36168.120
  2240:    36170.120    36174.120    36180.120    36184.120    36186.120
  2245:    36233.110    36237.110    36242.110    36248.110    36253.110
  2250:    36257.110    36264.110    36272.120    36282.110    36283.110
  2255:    36287.110    36292.110    36304.110    36308.110    36310.110
  2260:    36320.110    36338.110    36343.110    36344.110    36345.110
  2265:    36347.110    36350.110    36366.110    36379.110    36385.120
  2270:    36399.110    36404.110    36411.110    36418.110    36424.110
  2275:    36433.110    36442.110    36447.110    36451.110    36454.110
  2280:    36456.110    36459.110    36460.110    36460.210    36466.120
  2285:    36510.310    36610.500    36706.120    36712.120    36907.120
  2290:    36911.120    36917.120    36922.120    36928.120    36929.120
  2295:    36932.120    36934.120    36936.120    36938.120    36949.120
  2300:    36956.120    36962.120    36969.120    36971.120    36988.120
  2305:    36992.120    36994.120    36995.120    37015.120    37020.120
  2310:    37022.120    37096.120    37146.100    37156.100    37160.100
  2315:    37165.120    37188.100    37192.100    37201.100    37209.100
  2320:    37216.200    37222.100    37230.120    37266.300    37361.120
  2325:    37362.120    37366.500    37383.120    37384.120    37386.120
  2330:    37438.120    37447.120    37450.120    37455.120    37469.120
  2335:    37474.120    37477.120    37487.120    37490.120    37509.120
  2340:    37516.120    37523.120    37527.120    37529.120    37533.120
  2345:    37541.120    37546.120    37557.120    37571.120    37572.120
  2350:    37574.120    37580.120    37581.120    37585.120    37632.120
  2355:    37635.120    37639.120    37641.120    37669.120    37684.120
  2360:    37690.120    37692.120    37696.120    37698.120    37698.120
  2365:    37702.120    37708.120    37778.120    37812.120    37825.120
  2370:    37853.120    37872.100    37913.100    37921.100    37931.100
  2375:    37933.100    37935.100    37942.100    37945.120    37950.120
  2380:    37973.200    38023.300    38123.540    38130.120    38153.120
  2385:    38156.120    38158.120    38162.120    38164.120    38464.110
  2390:    38477.120    38505.110    38510.110    38512.110    38526.120
  2395:    38559.110    38571.110    38622.110    38627.110    38631.110
  2400:    38638.110    38640.110    38644.110    38657.110    38660.110
  2405:    38678.110    38686.110    38692.110    38695.110    38712.110
  2410:    38717.110    38719.110    38738.110    38744.110    38745.110
  2415:    38746.110    38747.110    38748.110    38750.110    38762.110
  2420:    38767.110    38770.110    38777.110    38788.110    38796.110
  2425:    38798.110    38802.110    38804.110    38806.110    38814.110
  2430:    38816.110    38817.110    38818.110    38820.110    38827.110
  2435:    38843.110    38845.110    38846.110    38892.110    38900.110
  2440:    38905.110    38911.110    38931.110    38935.110    38952.110
  2445:    38957.110    38971.110    38972.110    38977.110    38979.110
  2450:    38983.110    38987.110    38998.110    39004.110    39016.120
  2455:    39039.110    39041.110    39045.110    39054.110    39063.110
  2460:    39071.110    39081.120    39132.110    39139.110    39146.110
  2465:    39169.120    39764.110    39827.110    39877.110    39882.110
  2470:    39890.110    39898.110    39902.110    39906.110    39913.110
  2475:    39923.340    39923.110    40023.510    40099.120    40130.120
  2480:    40140.110    40144.110    40155.120    40186.120    40214.110
  2485:    40218.110    40224.120    40281.120    40289.110    40295.110
  2490:    40297.110    40311.110    40373.110    40382.110    40385.110
  2495:    40387.110    40391.110    40395.110    40405.110    40407.110
  2500:    40423.110    40442.120    40472.110    40475.110    40488.110
  2505:    40492.110    40494.110    40498.110    40503.110    40534.110
  2510:    40537.110    40541.110    40547.110    40549.110    40556.110
  2515:    40573.110    40590.110    40595.110    40601.110    40649.110
  2520:    40655.110    40662.110    40665.110    40666.110    40672.110
  2525:    40674.110    40676.110    40678.110    40679.110    40692.110
  2530:    40698.110    40718.110    40720.110    40727.110    40727.210
  2535:    40732.120    40777.310    40877.500    41216.120    41278.120
  2540:    41332.100    41342.100    41366.100    41370.120    41412.100
  2545:    41420.100    41424.100    41437.100    41445.100    41470.120
  2550:    41480.200    41530.300    41620.120    41630.510    41673.120
  2555:    41681.120    41682.120    41690.120    41702.120    41834.120
  2560:    41963.120    41971.120
E:
     0:     2562.000      419.000      740.000
F:
     0:       70.000       33.925       29.545
G:
     0:        1.000        1.000        1.000        1.000        1.000
     5:        1.000        1.000        1.000        1.000        0.000
H:
     0:        1.000        1.000        2.000        2.000
L:
     0:     6195.000     6161.000     6173.000     6722.000     6135.000
     5:     6988.000     6256.000     6488.000     6245.000     6372.000
    10:     6869.000     6181.000     6908.000     6308.000     7917.000
    15:     7916.000     6686.000     6156.000     6169.000     6137.000
R:
     0:        1.000        1.000        1.000        1.000        1.000
     5:        1.000        1.000        1.000        1.000        0.000
S:
     0:        1.000        1.000
U:
     0:     6988.000        5.000        0.000
X:
     0:        0.000      484.001      494.002      549.003      554.004
     5:      556.005      565.006      567.007      588.008      594.009
    10:      609.009      659.000      659.000     1147.001     1184.002
    15:     1191.003     1194.004     1197.005     1205.006     1213.007
    20:     1263.008     1265.008     1315.000     1315.000     1685.001
    25:     1699.002     1774.003     1777.004     1779.005     1824.006
    30:     1828.007     1830.008     1839.009     1842.010     1853.011
    35:     1862.012     1903.013     1909.014     1914.015     1920.016
    40:     1922.016     1972.000     1972.000     2574.001     2578.002
    45:     2581.003     2617.004     2621.005     2626.006     2634.007
    50:     2634.007     2684.000     2684.000     3179.001     3214.002
    55:     3216.003     3220.004     3222.005     3223.006     3227.007
    60:     3232.008     3236.009     3238.010     3247.011     3287.011
    65:     3337.000     3337.000     3965.001     3972.002     3975.003
    70:     3981.004     3984.005     3987.006     3992.007     4025.007
    75:     4075.000     4075.000     4588.001     4630.002     4634.003
    80:     4643.004     4646.005     4651.006     4689.007     4690.007
    85:     4740.000     4740.000     5277.001     5277.002     5318.003
    90:     5321.004     5323.005     5325.006     5327.007     5329.008
    95:     5335.009     5339.010     5346.011     5349.012     5352.013
   100:     5353.014     5362.015     5378.015     5428.000     5428.000
   105:     5914.001     5926.002     5931.003     5933.004     5937.005
   110:     5982.006     5983.007     5985.008     5993.009     5996.010
   115:     5998.011     6002.012     6012.013     6019.014     6023.015
   120:     6042.015     6092.000     6092.000     6872.002     6877.004
   125:     6881.006     6884.008     6891.010     6898.012     6901.014
   130:     6904.016     6909.018     6913.020     7014.022     7016.024
   135:     7196.026     7202.028     7212.030     7217.032     7224.034
   140:     7228.036     7230.038     7233.040     7239.042     7242.044
   145:     7245.046     7283.048     7286.050     7289.052     7291.054
   150:     7299.056     7342.058     7353.060     7358.062     7365.064
   155:     7370.066     7378.068     7733.070     7779.072     7783.074
   160:     7789.076     7791.078     7797.080     7806.082     7850.084
   165:     7853.086     7855.088     7858.090     7861.092     7865.094
   170:     7870.096     7875.098     7880.100     7881.102     7886.104
   175:    10796.207    11088.208    11159.209    11163.210    11169.211
   180:    11173.212    11180.213    11184.214    11191.215    11227.216
   185:    11266.217    11270.218    11274.219    11281.220    11284.221
   190:    11287.221    11289.222    11337.000    11337.000    11539.001
   195:    11584.002    11620.003    11623.004    11628.005    11631.006
   200:    11636.007    11641.008    11644.009    11680.010    11682.011
   205:    11683.012    11688.013    11695.014    11699.015    11703.016
   210:    11705.017    11709.018    11712.019    11720.020    11731.021
   215:    11789.022    11794.023    11800.024    11806.025    11812.026
   220:    11816.027    11818.028    11826.029    11833.030    11953.031
   225:    12013.031    12063.000    12063.000    12353.001    12358.002
   230:    12361.003    12365.004    12397.005    12407.006    12411.007
   235:    12415.008    12427.009    12432.010    12434.011    12465.012
   240:    12472.013    12476.014    12480.015    12485.016    12490.017
   245:    12496.018    12503.019    12611.020    12627.021    12635.022
   250:    12647.023    12655.024    12656.025    12662.026    12664.027
   255:    12671.027    12721.000    12721.000    13341.001    13400.002
   260:    13401.002    13451.000    13451.000    13877.001    13906.002
   265:    13913.003    13916.004    13922.005    13931.006    13962.007
   270:    13970.008    13974.009    13978.010    13980.011    13988.012
   275:    14011.013    14015.014    14016.015    14071.015    14121.000
   280:    14121.000    14700.002    14705.004    14713.006    14716.008
   285:    14724.010    14728.012    14733.014    14761.016    14766.018
   290:    14769.020    14773.022    14784.024    14788.026    14793.028
   295:    14798.030    14802.032    14809.034    14811.036    14874.038
   300:    14877.040    14879.042    14882.044    14892.046    14903.048
   305:    14907.050    14911.052    14914.054    14918.056    14925.058
   310:    14930.060    14931.062    14936.064    14945.066    14951.068
   315:    14959.070    14970.072    14972.074    14974.076    14983.078
   320:    14994.080    15005.082    15142.084    15550.086    15557.088
   325:    15608.090    15615.092    15616.094    15620.096    15626.098
   330:    15636.100    15639.102    15640.104    15643.106    15649.108
   335:    15655.110    15665.112    15720.114    15725.116    15730.118
   340:    15735.120    15741.122    15747.124    15748.126    15759.128
   345:    15761.130    15777.132    15790.134    15855.136    15857.138
   350:    15860.140    15870.142    15876.144    15882.146    15886.148
   355:    16742.149    16792.150    16794.151    16800.152    16802.152
   360:    16852.000    16852.000    17573.001    17626.002    17629.003
   365:    17632.004    17633.004    17634.005    17683.000    17683.000
   370:    17932.001    17943.002    17948.003    18047.004    18049.005
   375:    18056.006    18067.007    18073.008    18142.009    18281.010
   380:    18323.011    18329.012    18331.013    18334.014    18338.015
   385:    18341.015    18391.000    18391.000    18926.001    18936.002
   390:    18940.003    18969.004    18972.005    18982.006    18990.007
   395:    18996.007    19003.008    19046.000    19046.000    19551.001
   400:    19592.002    19600.003    19611.004    19613.005    19615.006
   405:    19622.007    19652.007    19702.000    19702.000    20156.001
   410:    20167.002    20191.003    20237.004    20245.005    20249.006
   415:    20261.007    20269.008    20305.008    20355.000
Y:
     0:        0.000       94.001      132.002      190.003      194.004
     5:      202.005      228.006      256.007      302.008      307.009
    10:      311.010      317.011      329.012      340.013      342.014
    15:      352.015      386.016      391.017      397.018      407.019
    20:      449.020      460.021      462.022      469.023      482.024
    25:      488.025      492.026      497.027      520.028      524.029
    30:      528.030      533.031      536.032      540.033      540.033
    35:      590.000      590.000     1118.001     1125.002     1166.003
    40:     1173.004     1178.005     1183.006     1225.007     1226.007
    45:     1276.000     1276.000     1821.001     1893.002     1893.002
    50:     1943.000     1943.000     2139.002     2205.004     2674.006
    55:     2681.008     2685.010     2708.012     2713.014     2719.016
    60:     2750.018     2751.020     2779.022     2782.024     2787.026
    65:     2789.028     2794.030     2802.032     2807.034     2810.036
    70:     2813.038     2826.040     2835.042     2854.044     2859.046
    75:     2862.048     2864.050     2865.052     2867.054     2868.056
    80:     2872.058     2887.060     2892.062     2897.064     2898.066
    85:     2899.068     2901.070     2906.072     2918.074     2930.076
    90:     2952.078     2958.080     2961.082     2964.084     2965.086
    95:     2966.088     2967.090     2969.092     2977.094     2988.096
   100:     2993.098     2998.100     3060.102     3065.104     3071.106
   105:     3073.108     3082.110     3104.112     3106.114     3108.116
   110:     3112.118     3172.120     3176.122     3185.124     3206.126
   115:     3218.128     3223.130     3225.132     3703.134     3711.136
   120:     3989.137     4038.138     4045.139     4048.140     4050.141
   125:     4052.142     4060.143     4068.144     4071.145     4122.146
   130:     4126.147     4134.148     4140.149     4144.150     4150.151
   135:     4158.152     4165.153     4192.154     4196.155     4197.156
   140:     4200.157     4203.158     4208.159     4220.160     4226.161
   145:     4230.162     4232.163     4264.164     4276.165     4283.166
   150:     4288.167     4306.168     4309.169     4314.170     4316.171
   155:     4320.172     4325.173     4330.174     4379.175     4385.176
   160:     4388.177     4390.178     4391.179     4396.180     4399.181
   165:     4402.182     4403.183     4414.184     4419.185     4422.186
   170:     4431.187     4440.188     4442.189     4447.190     4505.191
   175:     4505.191     4555.000     4555.000     5076.001     5081.002
   180:     5142.003     5152.004     5154.005     5166.006     5170.007
   185:     5206.008     5207.008     5257.000     5257.000     5698.001
   190:     5699.002     5706.003     5778.004     5784.005     5791.006
   195:     5813.007     5820.008     5824.009     5826.010     5828.011
   200:     5829.012     5831.013     5842.014     5848.015     5855.016
   205:     5870.017     5871.018     5876.019     5876.019     5926.000
   210:     5926.000     6591.001     6591.001     6641.000     6641.000
   215:     7100.001     7170.002     7179.003     7184.004     7187.005
   220:     7219.006     7222.007     7224.008     7228.009     7279.010
   225:     7280.010     7330.000     7330.000     7330.105     7330.106
   230:     7330.107     7330.108     7330.109     7330.110     7330.111
   235:     7330.112     7330.113     7330.114     7330.115     7330.116
   240:     7330.117     7330.118     7330.119     7330.120     7330.121
   245:     7330.122     7330.123     7330.124     7330.125     7330.126
   250:     7330.127     7330.128     7330.129     7330.130     7330.131
   255:     7330.132     7330.133     7330.134     7330.135     7330.136
   260:     7330.137     7330.138     7330.139     7330.140     7330.141
   265:     7330.141     7330.000     7330.000     7330.002     7330.004
   270:     7330.006     7330.008     7330.010     7330.012     7330.014
   275:     7330.016     7330.018     7330.020     7330.022     7330.024
   280:     7330.026     7330.028     7330.030     7330.032     7330.034
   285:     7330.036     7330.038     7330.040     7330.042     7330.044
   290:     7330.046     7330.048     7330.050     7330.052     7330.054
   295:     7330.056     7330.058     7330.060     7330.062     7330.064
   300:     7330.066     7330.068     7330.070     7330.072     7330.074
   305:     7330.076     7330.078     7330.080     7330.082     7330.084
   310:     7330.086     7330.088     7330.090     7330.092     7330.094
   315:     7330.096     7330.098     7330.100     7330.102     7330.104
   320:     7330.106     7330.108     7330.110     7330.112     7330.114
   325:     7330.116     7330.118     7330.120     7330.122     7330.124
   330:     7330.126     7330.128     7330.130     7330.132     7330.134
   335:     7330.136     7330.138     7330.140     7330.142     7330.144
   340:     7330.146     7330.148     7330.150     7330.152     7330.154
   345:     7330.156     7330.158     7330.160     7330.162     7330.164
   350:     7330.166     7330.168     7330.170     7330.172     7330.174
   355:     7330.176     7330.178     7330.180     7330.182     7330.184
   360:     7330.186     7330.188     7330.190     7330.192     7330.194
   365:     7330.196     7330.198     7330.200     7330.202     7330.204
   370:     7330.206     7699.001     7708.002     7715.003     7745.004
   375:     7750.005     7757.006     7764.007     7767.008     7787.009
   380:     7789.010     7803.011     7806.012     7814.013     7822.014
   385:     7847.015     7852.016     7855.017     7856.018     7862.019
   390:     7868.020     7880.021     7886.022     7891.023     7895.024
   395:     7903.025     7917.026     7921.027     7925.028     7932.029
   400:     7938.030     7960.031     7964.032     7965.033     7973.034
   405:     7976.035     7983.036     8005.037     8005.037     8055.000
   410:     8055.000     8707.001     8707.001     8757.000     8757.000
   415:     9266.001     9273.002     9278.003     9280.004     9284.005
   420:     9286.006     9297.007     9303.008     9325.009     9333.010
   425:     9337.011     9343.012     9359.013     9370.014     9375.015
   430:     9375.015     9425.000     9425.000    10099.001    10099.001
   435:    10149.000    10149.000    10699.001    10709.002    10714.003
   440:    10720.004    10733.005    10735.006    10758.007    10760.008
   445:    10769.009    10769.009    10819.000    10819.000    11106.001
   450:    11175.002    11224.003    11231.004    11277.005    11282.006
   455:    11285.007    11288.008    11290.009    11298.010    11349.011
   460:    11351.012    11356.013    11361.014    11389.015    11395.016
   465:    11407.017    11410.018    11418.019    11449.020    11456.021
   470:    11473.022    11476.023    11480.024    11485.025    11499.026
   475:    11501.027    11506.028    11511.029    11513.030    11516.031
   480:    11517.032    11518.033    11518.033    11519.034    11568.000
   485:    11568.000    11859.001    11864.002    11945.003    11954.004
   490:    11963.005    12029.006    12033.007    12046.008    12050.009
   495:    12081.010    12087.011    12090.012    12099.013    12102.014
   500:    12128.015    12137.016    12196.017    12202.018    12205.019
   505:    12214.020    12218.021    12228.022    12230.023    12232.024
   510:    12249.025    12255.026    12257.027    12262.028    12267.029
   515:    12267.029    12317.000    12317.000    12808.001    12833.002
   520:    12843.003    12845.004    12848.005    12875.006    12879.007
   525:    12881.008    12914.009    12918.010    12921.011    12924.012
   530:    12928.013    12930.014    12930.015    12931.016    12932.017
   535:    12933.018    12935.019    12939.020    12944.021    12953.022
   540:    12957.023    12958.024    12963.025    12963.026    12964.027
   545:    12965.028    12967.029    12968.030    12980.031    12983.032
   550:    12988.033    12995.034    12997.035    12998.036    12999.037
   555:    13001.038    13005.039    13011.040    13015.041    13025.042
   560:    13025.042    13075.000    13075.000    13905.001    13905.001
   565:    13955.000    13955.000    14427.001    14431.002    14436.003
   570:    14442.004    14447.005    14451.006    14458.007    14476.008
   575:    14477.009    14481.010    14486.011    14497.012    14502.013
   580:    14503.014    14514.015    14532.016    14536.017    14538.018
   585:    14539.019    14541.020    14544.021    14560.022    14572.023
   590:    14593.024    14598.025    14605.026    14612.027    14618.028
   595:    14627.029    14636.030    14641.031    14645.032    14648.033
   600:    14649.034    14653.035    14654.036    14654.036    14704.000
   605:    14704.000    15045.002    15086.004    15091.006    15093.008
   610:    15139.010    15152.012    15203.014    15208.016    15211.018
   615:    15218.020    15221.022    15225.024    15238.026    15241.028
   620:    15259.030    15267.032    15272.034    15276.036    15293.038
   625:    15297.040    15300.042    15319.044    15325.046    15326.048
   630:    15327.050    15328.052    15329.054    15331.056    15342.058
   635:    15348.060    15351.062    15358.064    15369.066    15376.068
   640:    15379.070    15383.072    15384.074    15387.076    15395.078
   645:    15397.080    15398.082    15399.084    15400.086    15408.088
   650:    15424.090    15426.092    15427.094    15473.096    15481.098
   655:    15486.100    15492.102    15512.104    15516.106    15532.108
   660:    15538.110    15552.112    15553.114    15557.116    15560.118
   665:    15564.120    15568.122    15579.124    15585.126    15620.128
   670:    15622.130    15626.132    15634.134    15643.136    15652.138
   675:    15713.140    15720.142    15726.144    16344.146    16407.148
   680:    16458.150    16463.152    16471.154    16479.156    16483.158
   685:    16487.160    16494.162    16504.163    16721.164    16725.165
   690:    16795.166    16799.167    16870.168    16876.169    16878.170
   695:    16892.171    16954.172    16963.173    16966.174    16968.175
   700:    16972.176    16976.177    16985.178    16988.179    17004.180
   705:    17052.181    17056.182    17069.183    17073.184    17074.185
   710:    17078.186    17084.187    17115.188    17118.189    17122.190
   715:    17127.191    17130.192    17136.193    17153.194    17171.195
   720:    17176.196    17182.197    17230.198    17235.199    17243.200
   725:    17245.201    17247.202    17253.203    17255.204    17257.205
   730:    17259.206    17260.207    17273.208    17278.209    17299.210
   735:    17301.211    17307.212    17308.212    17358.000    17358.000
