File: C:\MED-PC\Data\2018-05-22_09h35m_Subject M327.txt


Start Date: 05/22/18
End Date: 05/22/18
Subject: M327
Experiment: DOBLE_PICO_ACO
Group: EXP
Box: 10
Start Time: 09:35:06
End Time: 10:48:29
MSN: IF_ACO_MULTIPLE_PICO
A:     169.000
B:      19.000
D:      19.000
I:       1.000
J:   18000.000
K:    5400.000
M:     200.000
N:      20.000
O:      19.000
P:    1308.000
Q:       0.000
T:    1000.000
V:     600.000
W:      19.000
Z:       0.000
C:
     0:        0.120        0.120        0.120        0.120        0.120
     5:        0.120        0.120        0.120        0.120        0.120
    10:        0.510       75.110      170.110      178.110      192.120
    15:      237.110      240.110      245.110      246.110      248.110
    20:      307.110      313.110      319.110      323.110      327.110
    25:      338.120      350.120      380.110      384.110      387.110
    30:      391.110      393.110      395.110      403.110      435.120
    35:      446.110      449.110      453.110      456.110      458.110
    40:      460.110      462.110      468.110      478.110      483.110
    45:      487.110      493.120      504.110      506.110      525.110
    50:      535.110      537.110      539.110      541.110      541.210
    55:      546.120      591.310      691.500     1037.120     1056.100
    60:     1081.100     1086.120     1101.100     1183.100     1187.120
    65:     1218.100     1220.100     1242.100     1288.100     1291.100
    70:     1299.120     1302.200     1352.300     1387.120     1452.540
    75:     1527.120     1682.110     1687.110     2010.120     2030.110
    80:     2035.110     2037.110     2045.110     2237.110     2240.110
    85:     2245.110     2247.110     2249.110     2256.110     2266.110
    90:     2273.110     2392.110     2402.110     2414.110     2419.110
    95:     2421.110     2425.110     2496.110     2498.110     2616.110
   100:     2618.110     2624.110     2635.120     2646.110     2662.110
   105:     2664.110     2670.110     2672.110     2674.110     2679.110
   110:     2681.110     2686.110     2690.110     2694.110     2696.110
   115:     2697.110     2702.110     2704.110     2707.110     2712.110
   120:     2713.110     2716.110     2721.110     2725.110     2727.110
   125:     2731.120     2750.110     2752.110     2755.110     2761.110
   130:     2764.110     2768.110     2776.110     2778.110     2780.110
   135:     2781.110     2782.110     2784.110     2787.110     2791.110
   140:     2793.110     2803.120     2812.120     2826.110     2828.110
   145:     2833.110     2840.110     2843.110     2845.110     2849.110
   150:     2851.110     2853.110     2857.110     2860.110     2867.110
   155:     2869.110     2873.110     2880.110     2882.110     2883.110
   160:     2888.110     2895.110     2899.110     2901.110     2903.110
   165:     2904.110     2908.110     2909.110     2977.120     3008.120
   170:     3019.110     3021.110     3024.110     3049.110     3057.110
   175:     3059.110     3063.110     3083.110     3085.110     3089.110
   180:     3091.110     3092.110     3101.110     3107.110     3115.110
   185:     3119.110     3122.110     3125.110     3127.110     3132.110
   190:     3144.120     3153.120     3155.120     3156.120     3252.340
   195:     3282.120     3352.510     3391.110     3604.110     3622.120
   200:     3626.120     3650.120     3658.110     3661.110     3696.110
   205:     3699.110     3701.110     3702.110     3705.120     3705.120
   210:     3739.120     3743.120     3749.120     3759.110     3761.110
   215:     3764.110     3826.110     3832.110     3834.110     3844.110
   220:     3851.110     3856.110     3858.110     3862.110     3863.110
   225:     3867.110     3870.110     3918.110     3924.110     3927.110
   230:     3931.110     3933.110     3935.110     4003.110     4003.210
   235:     4005.110     4008.120     4053.310     4097.120     4153.530
   240:     4333.120     4333.120     4774.120     4800.100     4844.100
   245:     4874.120     4891.100     4906.100     4919.120     4979.100
   250:     4982.100     5001.100     5004.100     5006.100     5007.100
   255:     5059.100     5068.100     5105.100     5110.120     5133.120
   260:     5142.100     5308.120     5344.100     5369.100     5453.100
   265:     5457.120     5818.120     5857.100     5871.100     5908.100
   270:     5953.330     5968.120     5970.120     5980.120     6053.500
   275:     6794.120     6826.100     6886.200     6895.120     6936.300
   280:     7036.500     7223.120     7517.100     7523.100     7597.100
   285:     7625.100     7630.120     7645.100     7657.200     7663.120
   290:     7707.300     7807.510     8383.110     8399.120     8432.110
   295:     8432.210     8439.120     8482.310     8582.510     8744.120
   300:     8745.120     8751.120     8769.120     9048.120     9077.120
   305:     9077.120     9079.120     9086.110     9092.110     9095.110
   310:     9099.110     9100.110     9107.110     9110.110     9117.110
   315:     9118.110     9119.110     9123.110     9124.110     9132.110
   320:     9136.110     9148.110     9151.110     9152.110     9154.110
   325:     9157.110     9159.110     9165.110     9171.110     9179.110
   330:     9184.110     9186.110     9187.110     9192.120     9209.110
   335:     9211.110     9213.110     9217.110     9222.110     9223.110
   340:     9225.110     9228.110     9233.110     9234.110     9237.110
   345:     9239.110     9241.110     9246.110     9257.110     9258.110
   350:     9270.110     9272.110     9278.110     9280.110     9282.110
   355:     9285.110     9286.110     9288.110     9290.110     9295.120
   360:     9298.120     9301.120     9311.110     9313.110     9315.110
   365:     9318.110     9327.110     9334.110     9336.110     9337.110
   370:     9339.110     9342.110     9346.110     9347.110     9351.110
   375:     9354.110     9357.110     9366.110     9373.110     9375.110
   380:     9376.110     9378.110     9380.110     9384.120     9412.120
   385:     9465.110     9465.210     9467.110     9470.120     9515.310
   390:     9615.500     9741.120    10110.120    10150.100    10203.100
   395:    10262.120    10263.200    10313.300    10386.120    10413.510
   400:    10732.110    10742.120    10796.120    10798.120    10798.120
   405:    10800.120    10802.120    10810.120    10823.110    10830.110
   410:    10878.110    10882.110    10886.120    10897.120    10931.110
   415:    10942.110    10947.110    10949.110    10954.110    10959.110
   420:    10963.110    11018.110    11020.110    11024.110    11033.110
   425:    11036.110    11039.110    11042.120    11059.110    11063.110
   430:    11066.110    11074.110    11081.110    11083.110    11085.110
   435:    11087.110    11092.110    11095.110    11098.110    11111.110
   440:    11112.110    11116.110    11117.110    11118.110    11122.110
   445:    11128.110    11131.110    11138.110    11143.120    11157.110
   450:    11158.110    11161.110    11169.110    11183.110    11189.110
   455:    11191.110    11193.110    11195.110    11202.110    11202.110
   460:    11203.110    11213.120    11227.120    11240.110    11242.110
   465:    11261.110    11261.210    11263.110    11266.120    11311.310
   470:    11411.500    11859.120    11869.120    11875.120    11887.120
   475:    11888.120    11895.100    11968.120    11980.100    12040.200
   480:    12047.120    12090.300    12190.510    12261.120    12308.120
   485:    12314.120    12335.120    12370.120    12371.120    12373.120
   490:    12393.110    12399.110    12463.120    12464.120    12467.120
   495:    12491.120    12493.120    12494.120    12497.120    12500.120
   500:    12502.120    12504.120    12505.120    12561.110    12651.110
   505:    12656.120    12670.120    12768.120    12786.110    12791.110
   510:    12794.110    12798.110    12806.110    12813.110    12816.110
   515:    12818.110    12819.110    12820.110    12822.110    12828.110
   520:    12834.110    12839.110    12849.110    12853.110    12854.110
   525:    12856.110    12857.110    12858.110    12862.110    12863.110
   530:    12901.120    12913.110    12915.110    12919.110    12922.110
   535:    12925.110    12927.110    12937.110    12940.110    12944.110
   540:    12946.110    12962.110    12963.110    13023.110    13025.110
   545:    13031.110    13034.110    13034.210    13038.120    13084.310
   550:    13184.500    13311.120    13854.100    13875.100    13914.200
   555:    13923.120    13964.300    14003.120    14064.510    14406.120
   560:    14409.120    14427.120    14439.110    14443.110    14458.120
   565:    14484.110    14488.110    14520.120    14531.110    14540.110
   570:    14543.110    14545.110    14547.110    14553.110    14557.110
   575:    14561.110    14563.110    14564.110    14565.110    14567.110
   580:    14571.110    14573.110    14583.110    14587.110    14589.110
   585:    14592.110    14599.110    14603.110    14605.110    14606.110
   590:    14607.110    14609.110    14614.110    14616.110    14619.110
   595:    14623.120    14632.110    14634.110    14636.110    14644.110
   600:    14645.110    14647.110    14648.110    14650.110    14651.110
   605:    14653.110    14659.110    14736.110    14737.110    14743.120
   610:    14772.110    14785.110    14793.110    14794.110    14796.110
   615:    14800.120    14819.110    14820.110    14822.110    14826.110
   620:    14832.110    14833.110    14836.110    14838.110    14839.110
   625:    14845.110    14848.110    14852.120    14872.110    14877.110
   630:    14888.110    14899.110    14900.110    14901.110    14905.110
   635:    14912.110    14912.210    14917.120    14962.310    15058.120
   640:    15059.120    15062.510    15603.120    15634.120    15642.120
   645:    15651.120    15665.120    15728.120    15739.110    15741.110
   650:    15748.110    15805.110    15808.110    15814.110    15818.110
   655:    15819.110    15822.110    15824.110    15828.110    15833.110
   660:    15837.110    15842.110    15865.110    15878.110    15884.110
   665:    15886.110    15888.110    15890.110    15894.110    15900.110
   670:    15902.110    15912.110    15912.210    15914.110    15918.120
   675:    15962.310    16062.500    16534.120    16569.120    16582.120
   680:    16584.120    16590.120    16592.120    16595.120    16604.120
   685:    16614.120    16638.100    16694.100    16698.200    16706.120
   690:    16748.300    16786.120    16788.120    16848.500    16983.120
   695:    17361.120    17425.120    17436.100    17496.200    17504.120
   700:    17546.300    17592.120    17646.510    17810.110    17882.120
   705:    17884.120    17887.120    17926.120    17931.120    17958.120
   710:    17962.120    17969.120    17971.120    18058.120    18059.120
   715:    18134.110    18141.120    18167.120    18169.120    18170.120
   720:    18267.120    18275.110    18276.110    18283.110    18286.110
   725:    18287.110    18292.110    18295.110    18297.110    18306.110
   730:    18307.110    18308.110    18314.110    18324.110    18328.110
   735:    18332.110    18333.110    18337.120    18350.110    18352.110
   740:    18362.110    18367.110    18368.110    18370.110    18375.110
   745:    18380.110    18386.110    18393.110    18397.110    18399.110
   750:    18403.110    18405.110    18406.110    18407.110    18411.110
   755:    18416.110    18436.110    18441.110    18448.110    18451.110
   760:    18452.110    18453.110    18455.110    18461.110    18463.110
   765:    18471.120    18479.110    18481.110    18482.110    18483.110
   770:    18494.110    18494.210    18496.110    18500.120    18544.310
   775:    18644.500    19183.120    19189.120    19189.120    19190.120
   780:    19201.120    19203.120    19221.100    19272.100    19281.200
   785:    19289.120    19331.300    19382.120    19431.510    19977.120
   790:    19996.120    20005.110    20007.110    20010.110    20016.110
   795:    20022.110    20023.110    20025.110    20031.110    20034.110
   800:    20047.110    20050.110    20051.110    20052.110    20062.110
   805:    20064.110    20067.110    20078.110    20085.120    20103.110
   810:    20106.110    20110.110    20111.110    20114.110    20190.120
   815:    20196.110    20199.110    20203.110    20208.110    20211.110
   820:    20213.110    20214.110    20216.110    20216.110    20220.110
   825:    20225.110    20231.110    20249.110    20256.110    20258.110
   830:    20259.110    20265.110    20267.110    20269.110    20274.110
   835:    20274.210    20279.120    20324.310    20424.500    20562.120
   840:    20580.120    20783.100    21003.100    21058.100    21063.200
   845:    21072.120    21113.300    21161.120    21213.510    21604.120
   850:    21672.120    21682.110    21685.110    21689.110    21693.110
   855:    21703.120    21722.110    21724.110    21731.110    21737.110
   860:    21739.110    21749.110    21752.110    21755.110    21769.110
   865:    21777.110    21778.110    21779.110    21783.110    21794.110
   870:    21811.110    21813.110    21817.110    21818.110    21820.110
   875:    21822.110    21828.110    21831.110    21834.110    21840.110
   880:    21844.120    21887.110    21900.110    21901.110    21902.110
   885:    21907.110    21918.110    21925.110    21927.110    21929.110
   890:    21930.110    21931.110    21936.110    21937.110    21940.110
   895:    21949.110    21950.110    21960.120    21972.110    21975.110
   900:    21976.110    21999.110    22000.110    22005.110    22006.110
   905:    22008.110    22012.110    22014.110    22018.110    22022.120
   910:    22036.120    22042.120    22047.120    22123.110    22123.210
   915:    22128.120    22173.310    22270.120    22273.500    22301.120
   920:    22303.120    22565.120    22576.120    22582.120    22583.120
   925:    22585.120    22591.100    22815.100    22875.200    22903.120
   930:    22925.300    22975.120    23025.540    23275.110    23451.110
   935:    23459.120    23478.120    23511.120    23519.110    23524.110
   940:    23526.110    23527.110    23578.120    23595.110    23604.110
   945:    23607.110    23609.110    23615.110    23621.110    23626.110
   950:    23627.110    23628.110    23631.110    23636.110    23637.110
   955:    23640.110    23641.110    23648.110    23651.110    23653.110
   960:    23658.110    23668.110    23670.110    23673.110    23675.110
   965:    23681.120    23707.110    23711.110    23717.110    23720.110
   970:    23722.110    23723.110    23725.110    23727.110    23731.110
   975:    23733.110    23739.110    23742.110    23753.110    23774.110
   980:    23777.110    23780.110    23784.110    23785.110    23786.110
   985:    23787.110    23791.120    23815.110    23818.110    23819.110
   990:    23821.110    23828.110    23832.110    23848.110    23850.110
   995:    23854.110    23855.110    23857.110    23861.110    23868.110
  1000:    23870.110    23877.110    23880.110    23882.110    23889.110
  1005:    23890.110    23904.110    23905.110    23916.110    23918.110
  1010:    23920.110    23926.110    23928.110    23932.120    23999.110
  1015:    24002.110    24017.110    24027.110    24029.110    24031.110
  1020:    24033.110    24038.110    24040.110    24045.110    24047.110
  1025:    24053.120    24073.120    24079.110    24081.110    24084.110
  1030:    24240.110    24242.110    24254.110    24256.110    24265.110
  1035:    24272.110    24276.110    24280.110    24291.120    24327.110
  1040:    24330.110    24343.110    24349.110    24378.110    24383.110
  1045:    24384.110    24388.120    24535.120    24545.120    24566.110
  1050:    24648.110    24655.110    24688.110    24690.110    24728.110
  1055:    24737.110    24739.110    24740.110    24747.120    24825.340
  1060:    24909.120    24925.510    24933.120    24933.120    24960.120
  1065:    24963.120    24974.110    24990.110    24994.110    25030.110
  1070:    25154.110    25237.110    25247.110    25252.110    25254.110
  1075:    25437.120    25447.110    25450.110    25458.110    25460.110
  1080:    25464.110    25467.120    25566.120    25598.110    25600.110
  1085:    25607.110    25623.120    25631.120    25632.120    25653.110
  1090:    25654.110    25663.110    25680.120    25716.110    25727.110
  1095:    25730.110    25731.110    25738.110    25842.120    25856.110
  1100:    25856.210    25858.110    25859.110    25862.120    25906.310
  1105:    26006.500    26423.100    26532.100    26623.120    26690.120
  1110:    26705.100    26765.200    26773.120    26815.300    26915.500
  1115:    27313.120    27324.120    27359.100    27391.100    27427.100
  1120:    27485.100    27543.100    27545.200    27553.120    27595.300
  1125:    27695.510    27847.120    27858.120    27882.120    27896.120
  1130:    27901.120    27903.120    27903.120    27905.120    27906.120
  1135:    27908.120    27950.110    27954.110    27980.110    27983.110
  1140:    27989.120    28005.120    28021.110    28029.110    28030.110
  1145:    28032.110    28043.110    28070.120    28101.110    28119.110
  1150:    28124.110    28358.110    28360.110    28375.110    28376.110
  1155:    28381.110    28382.110    28395.110    28403.110    28405.110
  1160:    28406.110    28408.110    28414.110    28418.120    28436.110
  1165:    28441.110    28445.110    28449.110    28451.110    28453.110
  1170:    28463.110    28471.110    28476.110    28478.110    28481.110
  1175:    28482.110    28484.110    28490.120    28502.110    28506.110
  1180:    28507.110    28515.110    28520.110    28521.110    28522.110
  1185:    28528.110    28535.110    28549.110    28549.210    28551.110
  1190:    28558.120    28599.310    28699.510    29238.120    29262.120
  1195:    29262.120    29276.110    29298.110    29306.110    29308.110
  1200:    29318.110    29319.110    29323.110    29332.110    29332.210
  1205:    29337.120    29382.310    29482.510    29867.120    29963.120
  1210:    29984.110    29986.110    29990.110    29994.110    29995.110
  1215:    30000.110    30009.110    30015.110    30016.110    30019.110
  1220:    30022.110    30030.110    30031.110    30034.110    30038.110
  1225:    30049.110    30052.110    30055.110    30056.110    30057.110
  1230:    30058.110    30062.110    30066.110    30069.110    30073.110
  1235:    30075.110    30078.110    30082.110    30086.110    30101.110
  1240:    30105.110    30106.110    30107.110    30108.110    30110.110
  1245:    30116.110    30116.210    30123.120    30166.310    30266.500
  1250:    30771.100    30804.120    30823.120    30842.100    30902.200
  1255:    30912.120    30952.300    30996.120    31052.500    31188.120
  1260:    31224.120    31225.120    31232.120    31244.120    31261.120
  1265:    31279.120    31280.120    31295.120    31306.100    31516.120
  1270:    31546.100    31552.100    31621.100    31654.100    31681.200
  1275:    31692.120    31731.300    31780.120    31831.510    32121.120
  1280:    32146.120    32159.120    32161.120    32163.120    32164.120
  1285:    32221.120    32232.120    32377.120    32388.110    32392.110
  1290:    32401.120    32416.120    32417.120    32419.120    32428.110
  1295:    32430.110    32436.110    32440.110    32441.110    32443.110
  1300:    32445.110    32455.110    32460.110    32462.110    32463.110
  1305:    32463.210    32469.120    32513.310    32613.510    32742.120
  1310:    32777.120    33071.110    33082.110    33091.120    33218.120
  1315:    33225.110    33228.110    33231.110    33271.110    33271.210
  1320:    33278.120    33321.310    33421.500    33537.120    33556.120
  1325:    33983.100    34010.100    34043.200    34051.120    34093.300
  1330:    34193.500    34599.120    34608.120    34610.120    34613.120
  1335:    34614.120    34615.120    34617.120    34621.120    34622.120
  1340:    34624.120    34633.120    34634.120    34649.100    34657.100
  1345:    34723.120    34733.100    34742.100    34793.200    34804.120
  1350:    34843.300    34943.500    35493.120    35508.100    35530.100
  1355:    35568.200    35578.120    35618.300    35718.530    36013.120
  1360:    36015.120    36031.100    36152.100    36179.100    36183.100
  1365:    36198.120    36208.100    36209.100    36249.100    36250.100
  1370:    36253.100    36254.100    36404.100    36406.100    36412.120
  1375:    36506.100    36508.100    36673.100    36679.100    36690.120
  1380:    36698.120    36707.120    36718.100    36723.100    37012.100
  1385:    37057.100    37064.120    37078.100    37083.100    37170.100
  1390:    37312.100    37360.100    37362.100    37371.120    37422.100
  1395:    37428.100    37456.100    37459.100    37466.100    37472.100
  1400:    37475.100    37485.100    37488.100    37518.330    37618.510
  1405:    37718.110    37734.120    37903.120    37913.120    37928.110
  1410:    38019.110    38029.120    38083.120    38086.120    38090.120
  1415:    38090.120    38296.110    38296.210    38300.120    38346.310
  1420:    38446.510    38469.120    38726.120    38727.120    38831.120
  1425:    38840.110    38851.110    38855.110    38857.110    38862.110
  1430:    38868.110    38873.110    38876.110    38878.110    38883.110
  1435:    38885.110    38898.110    38900.110    38903.110    38905.110
  1440:    38906.110    38913.110    38939.110    38944.110    38948.110
  1445:    38950.110    38953.120    38968.110    38982.110    38984.110
  1450:    38988.110    38990.110    39000.110    39003.110    39014.110
  1455:    39016.110    39018.110    39034.110    39037.110    39041.110
  1460:    39041.110    39043.110    39053.110    39062.110    39065.110
  1465:    39068.110    39078.110    39098.110    39102.110    39110.110
  1470:    39110.210    39111.110    39114.120    39160.310    39212.120
  1475:    39260.500    39635.120    39663.100    39681.100    39758.100
  1480:    39806.100    39857.100    39863.120    39866.200    39916.300
  1485:    39965.120    40016.540    40380.120    40404.120    40414.110
  1490:    40527.120    40540.110    40554.110    40558.110    40559.110
  1495:    40561.110    40566.110    40571.110    40582.110    40584.110
  1500:    40591.110    40594.110    40598.110    40611.110    40614.110
  1505:    40617.110    40618.110    40621.110    40625.110    40627.110
  1510:    40629.110    40637.110    40640.110    40643.110    40650.110
  1515:    40669.110    40671.110    40673.110    40674.110    40678.110
  1520:    40682.110    40684.110    40686.110    40690.120    40691.120
  1525:    40704.110    40707.110    40722.110    40723.110    40725.110
  1530:    40736.120    40763.110    40769.110    40775.110    40777.110
  1535:    40782.110    40783.110    40785.110    40787.110    40792.110
  1540:    40794.110    40796.110    40805.110    40807.110    40808.110
  1545:    40813.120    40816.120    40861.110    40867.110    40898.110
  1550:    40909.110    40910.110    40912.110    40913.110    40919.110
  1555:    40921.110    40926.120    40929.120    40931.120    40943.120
  1560:    41020.110    41021.110    41057.110    41066.110    41067.110
  1565:    41068.110    41075.110    41081.110    41084.110    41094.110
  1570:    41114.110    41117.110    41121.110    41130.110    41132.110
  1575:    41136.110    41188.110    41230.110    41237.110    41239.110
  1580:    41248.110    41251.110    41292.110    41297.110    41299.110
  1585:    41300.110    41302.110    41359.110    41366.110    41370.110
  1590:    41508.120    41549.110    41567.120    41607.120    41622.110
  1595:    41624.110    41629.110    41634.110    41667.110    41718.110
  1600:    41722.110    41726.120    41783.110    41816.340    41916.500
  1605:    41992.120
E:
     0:     1606.000      172.000     1047.000
F:
     0:       70.000       31.207       32.765
G:
     0:        1.000        1.000        1.000        1.000        1.000
     5:        1.000        1.000        1.000        1.000        0.000
H:
     0:        1.000        1.000        2.000        2.000
L:
     0:     6212.000     8428.000     6311.000     6576.000     6388.000
     5:     7407.000     6453.000     6583.000     6471.000     6484.000
    10:     6120.000     7694.000     6399.000     6459.000     6392.000
    15:     6316.000     6106.000     6346.000     6159.000
R:
     0:        1.000        1.000        1.000        1.000        1.000
     5:        1.000        1.000        1.000        1.000        0.000
S:
     0:        1.000        0.000
U:
     0:     6576.000        3.000        0.000
X:
     0:        0.000      364.001      390.002      409.003      491.004
     5:      527.005      528.006      551.007      597.008      600.009
    10:      611.009      661.000      661.000     1307.002     1351.004
    15:     1398.006     1413.008     1486.010     1489.012     1508.014
    20:     1511.016     1513.018     1514.020     1567.022     1575.024
    25:     1613.026     1649.028     1851.030     1876.032     1960.034
    30:     2364.036     2379.038     2415.040     3333.041     3393.041
    35:     3443.000     3443.000     3923.001     3929.002     4004.003
    40:     4031.004     4051.005     4064.005     4114.000     4114.000
    45:     4648.001     4701.002     4761.002     4811.000     4811.000
    50:     5295.001     5379.002     5439.002     5489.000     5489.000
    55:     6159.001     6179.002     6219.002     6269.000     6269.000
    60:     6844.001     6900.002     6904.002     6954.000     6954.000
    65:     7542.001     7602.001     7652.000     7652.000     8229.001
    70:     8279.002     8289.002     8339.000     8339.000     8697.001
    75:     8917.002     8973.003     8977.003     9027.000     9027.000
    80:     9345.001     9568.002     9629.002     9679.000     9679.000
    85:    10096.001    10205.002    10378.003    10438.003    10488.000
    90:    10488.000    10931.001    10963.002    11000.003    11057.004
    95:    11115.005    11117.005    11167.000    11167.000    11672.001
   100:    11742.002    11802.002    11852.000    11852.000    12106.001
   105:    12345.002    12352.003    12421.004    12454.005    12481.005
   110:    12531.000    12531.000    13092.001    13120.002    13152.002
   115:    13202.000    13202.000    13658.001    13665.002    13742.003
   120:    13751.004    13802.004    13852.000    13852.000    14416.001
   125:    14438.002    14476.002    14526.000    14526.000    14839.002
   130:    14960.004    14987.006    14990.008    15015.010    15017.012
   135:    15057.014    15058.016    15060.018    15062.020    15211.022
   140:    15214.024    15313.026    15316.028    15481.030    15487.032
   145:    15525.034    15530.036    15820.038    15864.040    15886.042
   150:    15890.044    15977.046    16119.048    16167.050    16170.052
   155:    16230.054    16236.056    16264.058    16266.060    16274.062
   160:    16280.064    16283.066    16293.068    16296.070    18470.001
   165:    18488.002    18565.003    18614.004    18664.005    18674.005
   170:    18724.000    18724.000
Y:
     0:        0.000       75.001      170.002      178.003      237.004
     5:      240.005      245.006      246.007      248.008      307.009
    10:      313.010      319.011      323.012      327.013      380.014
    15:      384.015      386.016      391.017      393.018      395.019
    20:      403.020      446.021      449.022      453.023      456.024
    25:      458.025      460.026      461.027      468.028      478.029
    30:      483.030      487.031      504.032      506.033      525.034
    35:      535.035      537.036      538.037      541.038      541.038
    40:      591.000      591.000      821.002      825.004     1168.006
    45:     1174.008     1176.010     1184.012     1376.014     1378.016
    50:     1384.018     1385.020     1387.022     1395.024     1405.026
    55:     1411.028     1531.030     1541.032     1553.034     1558.036
    60:     1559.038     1564.040     1634.042     1637.044     1754.046
    65:     1757.048     1762.050     1784.052     1800.054     1802.056
    70:     1808.058     1810.060     1813.062     1817.064     1819.066
    75:     1825.068     1829.070     1833.072     1835.074     1836.076
    80:     1840.078     1842.080     1846.082     1850.084     1852.086
    85:     1854.088     1859.090     1863.092     1866.094     1888.096
    90:     1890.098     1894.100     1900.102     1903.104     1906.106
    95:     1915.108     1917.110     1918.112     1919.114     1921.116
   100:     1923.118     1925.120     1929.122     1931.124     1964.126
   105:     1967.128     1971.130     1979.132     1981.134     1983.136
   110:     1987.138     1989.140     1991.142     1995.144     1998.146
   115:     2005.148     2007.150     2011.152     2019.154     2020.156
   120:     2022.158     2026.160     2034.162     2038.164     2039.166
   125:     2041.168     2042.170     2047.172     2047.174     2157.176
   130:     2159.178     2163.180     2187.182     2195.184     2197.186
   135:     2201.188     2222.190     2224.192     2227.194     2229.196
   140:     2230.198     2240.200     2246.202     2253.204     2258.206
   145:     2260.208     2263.210     2265.212     2270.214     2530.215
   150:     2742.216     2797.217     2799.218     2834.219     2837.220
   155:     2839.221     2840.222     2897.223     2899.224     2902.225
   160:     2965.226     2971.227     2972.228     2982.229     2990.230
   165:     2995.231     2997.232     3001.233     3002.234     3006.235
   170:     3009.236     3056.237     3062.238     3066.239     3070.240
   175:     3072.241     3073.242     3142.243     3142.243     3144.244
   180:     3192.000     3192.000     3767.001     3816.002     3817.002
   185:     3867.000     3867.000     4370.001     4376.002     4379.003
   190:     4383.004     4385.005     4391.006     4394.007     4401.008
   195:     4402.009     4403.010     4407.011     4409.012     4416.013
   200:     4420.014     4432.015     4435.016     4437.017     4438.018
   205:     4441.019     4443.020     4449.021     4455.022     4464.023
   210:     4468.024     4470.025     4471.026     4493.027     4495.028
   215:     4497.029     4501.030     4507.031     4507.032     4510.033
   220:     4512.034     4517.035     4519.036     4521.037     4523.038
   225:     4525.039     4530.040     4541.041     4542.042     4555.043
   230:     4556.044     4562.045     4564.046     4566.047     4569.048
   235:     4571.049     4572.050     4574.051     4596.052     4598.053
   240:     4599.054     4602.055     4611.056     4618.057     4620.058
   245:     4621.059     4623.060     4626.061     4630.062     4632.063
   250:     4635.064     4638.065     4642.066     4651.067     4657.068
   255:     4660.069     4661.070     4663.071     4664.072     4749.073
   260:     4749.073     4752.074     4799.000     4799.000     5118.001
   265:     5209.002     5215.003     5264.004     5268.005     5317.006
   270:     5327.007     5332.008     5334.009     5340.010     5345.011
   275:     5348.012     5404.013     5406.014     5410.015     5418.016
   280:     5422.017     5425.018     5445.019     5449.020     5452.021
   285:     5460.022     5467.023     5469.024     5471.025     5473.026
   290:     5478.027     5481.028     5484.029     5496.030     5497.031
   295:     5501.032     5503.033     5504.034     5507.035     5514.036
   300:     5516.037     5523.038     5543.039     5544.040     5547.041
   305:     5554.042     5569.043     5574.044     5577.045     5579.046
   310:     5580.047     5587.048     5588.049     5589.050     5626.051
   315:     5628.052     5647.053     5647.053     5649.054     5697.000
   320:     5697.000     5899.001     5906.002     6068.003     6158.004
   325:     6292.005     6297.006     6301.007     6304.008     6313.009
   330:     6319.010     6322.011     6324.012     6326.013     6327.014
   335:     6329.015     6335.016     6341.017     6346.018     6356.019
   340:     6360.020     6361.021     6362.022     6364.023     6365.024
   345:     6368.025     6370.026     6420.027     6422.028     6425.029
   350:     6428.030     6432.031     6434.032     6444.033     6447.034
   355:     6450.035     6452.036     6468.037     6470.038     6530.039
   360:     6531.040     6538.041     6540.042     6540.042     6590.000
   365:     6590.000     6964.001     6969.002     7009.003     7013.004
   370:     7056.005     7065.006     7068.007     7070.008     7072.009
   375:     7078.010     7082.011     7086.012     7088.013     7089.014
   380:     7090.015     7092.016     7097.017     7099.018     7108.019
   385:     7112.020     7115.021     7118.022     7124.023     7128.024
   390:     7130.025     7131.026     7132.027     7134.028     7140.029
   395:     7142.030     7144.031     7157.032     7160.033     7161.034
   400:     7169.035     7170.036     7172.037     7174.038     7175.039
   405:     7176.040     7178.041     7184.042     7261.043     7263.044
   410:     7297.045     7310.046     7318.047     7319.048     7321.049
   415:     7344.050     7345.051     7347.052     7351.053     7357.054
   420:     7358.055     7361.056     7363.057     7364.058     7370.059
   425:     7373.060     7397.061     7402.062     7413.063     7424.064
   430:     7425.065     7426.066     7430.067     7437.068     7437.068
   435:     7487.000     7487.000     8163.001     8165.002     8172.003
   440:     8229.004     8232.005     8238.006     8242.007     8243.008
   445:     8246.009     8248.010     8252.011     8258.012     8261.013
   450:     8266.014     8289.015     8302.016     8308.017     8310.018
   455:     8312.019     8314.020     8318.021     8324.022     8326.023
   460:     8337.024     8337.024     8338.025     8387.000     8387.000
   465:     8550.001     8874.002     9016.003     9017.004     9024.005
   470:     9027.006     9028.007     9032.008     9036.009     9038.010
   475:     9046.011     9047.012     9049.013     9054.014     9065.015
   480:     9068.016     9072.017     9074.018     9090.019     9092.020
   485:     9103.021     9107.022     9109.023     9110.024     9115.025
   490:     9121.026     9126.027     9133.028     9138.029     9139.030
   495:     9144.031     9145.032     9146.033     9148.034     9151.035
   500:     9157.036     9176.037     9181.038     9188.039     9191.040
   505:     9193.041     9194.042     9195.043     9202.044     9203.045
   510:     9219.046     9221.047     9222.048     9224.049     9234.050
   515:     9234.050     9236.051     9284.000     9284.000     9857.001
   520:     9859.002     9863.003     9869.004     9874.005     9876.006
   525:     9878.007     9883.008     9886.009     9899.010     9902.011
   530:     9903.012     9905.013     9915.014     9916.015     9920.016
   535:     9931.017     9955.018     9958.019     9963.020     9964.021
   540:     9966.022    10049.023    10052.024    10055.025    10060.026
   545:    10063.027    10065.028    10066.029    10068.030    10069.031
   550:    10072.032    10077.033    10083.034    10102.035    10109.036
   555:    10110.037    10112.038    10118.039    10120.040    10121.041
   560:    10127.042    10127.042    10177.000    10177.000    10646.001
   565:    10649.002    10653.003    10657.004    10686.005    10688.006
   570:    10695.007    10701.008    10702.009    10713.010    10716.011
   575:    10719.012    10733.013    10741.014    10742.015    10743.016
   580:    10746.017    10758.018    10775.019    10777.020    10781.021
   585:    10782.022    10784.023    10786.024    10791.025    10795.026
   590:    10798.027    10804.028    10851.029    10864.030    10864.031
   595:    10866.032    10871.033    10882.034    10889.035    10891.036
   600:    10893.037    10894.038    10895.039    10900.040    10901.041
   605:    10904.042    10913.043    10914.044    10936.045    10939.046
   610:    10940.047    10963.048    10964.049    10969.050    10970.051
   615:    10972.052    10976.053    10978.054    10982.055    11087.056
   620:    11087.056    11137.000    11137.000    11386.002    11563.004
   625:    11631.006    11635.008    11638.010    11639.012    11707.014
   630:    11716.016    11719.018    11721.020    11726.022    11732.024
   635:    11737.026    11739.028    11740.030    11743.032    11747.034
   640:    11749.036    11751.038    11753.040    11759.042    11762.044
   645:    11764.046    11769.048    11780.050    11782.052    11785.054
   650:    11786.056    11819.058    11822.060    11829.062    11832.064
   655:    11833.066    11834.068    11836.070    11839.072    11842.074
   660:    11844.076    11851.078    11853.080    11865.082    11886.084
   665:    11889.086    11892.088    11895.090    11897.092    11898.094
   670:    11899.096    11927.098    11929.100    11931.102    11932.104
   675:    11940.106    11943.108    11960.110    11961.112    11966.114
   680:    11967.116    11968.118    11973.120    11979.122    11982.124
   685:    11988.126    11992.128    11994.130    12000.132    12001.134
   690:    12015.136    12017.138    12028.140    12030.142    12031.144
   695:    12038.146    12039.148    12111.150    12113.152    12129.154
   700:    12139.156    12141.158    12142.160    12144.162    12149.164
   705:    12151.166    12156.168    12159.170    12191.172    12193.174
   710:    12196.176    12352.178    12354.180    12366.182    12368.184
   715:    12377.186    12383.188    12387.190    12391.192    12438.194
   720:    12442.196    12454.198    12460.200    12489.202    12494.204
   725:    12496.206    12677.208    12760.210    12767.212    12800.214
   730:    12802.216    12839.218    12849.220    12850.222    12852.224
   735:    13086.225    13102.226    13106.227    13141.228    13265.229
   740:    13349.230    13359.231    13363.232    13365.233    13559.234
   745:    13561.235    13570.236    13572.237    13576.238    13709.239
   750:    13712.240    13719.241    13764.242    13766.243    13775.244
   755:    13827.245    13838.246    13841.247    13843.248    13850.249
   760:    13967.250    13967.250    13969.251    13971.252    14017.000
   765:    14017.000    14271.001    14276.002    14301.003    14304.004
   770:    14343.005    14350.006    14351.007    14354.008    14364.009
   775:    14422.010    14441.011    14446.012    14680.013    14682.014
   780:    14696.015    14698.016    14702.017    14704.018    14717.019
   785:    14725.020    14727.021    14728.022    14730.023    14735.024
   790:    14757.025    14763.026    14767.027    14770.028    14772.029
   795:    14775.030    14784.031    14793.032    14798.033    14800.034
   800:    14802.035    14803.036    14805.037    14824.038    14827.039
   805:    14829.040    14837.041    14842.042    14842.043    14844.044
   810:    14849.045    14857.046    14871.047    14871.047    14873.048
   815:    14921.000    14921.000    15498.001    15520.002    15527.003
   820:    15529.004    15539.005    15541.006    15544.007    15553.008
   825:    15553.008    15603.000    15603.000    16105.001    16107.002
   830:    16111.003    16114.004    16116.005    16121.006    16130.007
   835:    16136.008    16137.009    16140.010    16143.011    16151.012
   840:    16152.013    16154.014    16159.015    16170.016    16173.017
   845:    16176.018    16176.019    16178.020    16179.021    16183.022
   850:    16186.023    16189.024    16194.025    16196.026    16198.027
   855:    16202.028    16207.029    16222.030    16226.031    16227.032
   860:    16228.033    16229.034    16230.035    16237.036    16237.036
   865:    16287.000    16287.000    16843.001    16847.002    16884.003
   870:    16885.004    16892.005    16895.006    16897.007    16899.008
   875:    16900.009    16911.010    16916.011    16917.012    16919.013
   880:    16919.013    16969.000    16969.000    17427.001    17437.002
   885:    17580.003    17584.004    17586.005    17626.006    17626.006
   890:    17676.000    17676.000    17676.071    17676.072    17676.073
   895:    17676.074    17676.074    17676.000    17676.000    17676.001
   900:    17676.002    17676.003    17676.004    17676.005    17676.006
   905:    17676.007    17676.008    17676.009    17676.010    17676.011
   910:    17676.012    17676.013    17676.014    17676.015    17676.016
   915:    17676.017    17676.018    17676.019    17676.020    17676.021
   920:    17676.022    17676.023    17676.024    17676.025    17676.026
   925:    17676.027    17676.028    17676.029    17676.030    17676.031
   930:    17676.032    17676.033    17676.034    17676.035    17676.036
   935:    17676.037    17676.038    17676.039    17676.040    17676.041
   940:    17676.042    17676.043    17676.044    17676.044    17676.045
   945:    17676.000    17676.000    18073.002    18199.004    18213.006
   950:    18217.008    18218.010    18220.012    18225.014    18230.016
   955:    18242.018    18243.020    18250.022    18253.024    18258.026
   960:    18270.028    18274.030    18276.032    18277.034    18280.036
   965:    18284.038    18286.040    18288.042    18296.044    18299.046
   970:    18303.048    18309.050    18328.052    18330.054    18332.056
   975:    18334.058    18337.060    18342.062    18344.064    18345.066
   980:    18363.068    18367.070    18381.072    18382.074    18384.076
   985:    18422.078    18428.080    18434.082    18437.084    18441.086
   990:    18443.088    18444.090    18447.092    18451.094    18453.096
   995:    18455.098    18464.100    18466.102    18468.104    18520.106
  1000:    18526.108    18557.110    18568.112    18569.114    18571.116
  1005:    18572.118    18579.120    18580.122    18679.124    18681.126
  1010:    18716.128    18725.130    18726.132    18728.134    18734.136
  1015:    18740.138    18743.140    18753.142    18773.144    18776.146
  1020:    18780.148    18790.150    18791.152    18795.154    18848.156
  1025:    18890.158    18897.160    18898.162    18907.164    18910.166
  1030:    18951.168    18956.170    18958.172    18959.174    18961.176
  1035:    19018.178    19026.180    19029.182    19208.184    19281.186
  1040:    19283.188    19289.190    19294.192    19326.194    19377.196
  1045:    19381.198    19442.200
