File: C:\MED-PC\Data\2018-05-03_10h19m_Subject M326.txt


Start Date: 05/03/18
End Date: 05/03/18
Subject: M326
Experiment: DOBLE_PICO_ACO
Group: EXP
Box: 9
Start Time: 10:19:42
End Time: 11:33:10
MSN: IF_ACO_MULTIPLE_PICO
A:     620.000
B:      19.000
D:      22.000
I:       1.000
J:   18000.000
K:    5400.000
M:       6.000
N:      20.000
O:      22.000
P:     328.000
Q:       0.000
T:    1000.000
V:     600.000
W:      19.000
Z:       0.000
C:
     0:        0.120        0.120        0.120        0.120        0.120
     5:        0.120        0.120        0.120        0.120        0.120
    10:        0.120        0.120        0.120        0.120        0.120
    15:        0.120        0.120        0.120        0.120        0.120
    20:        0.120        0.120        0.120        0.120        0.120
    25:        0.120        0.120        0.120        0.120        0.120
    30:        0.120        0.120        0.120        0.120        0.120
    35:        0.120        0.120        0.120        0.120        0.120
    40:        0.510        4.120        9.120       50.110       59.110
    45:       64.110      132.120      155.110      165.120      205.110
    50:      215.120      273.110      287.120      309.110      315.110
    55:      321.110      327.110      333.110      338.110      342.120
    60:      345.120      357.120      381.120      398.110      410.120
    65:      438.110      449.110      456.110      499.120      512.120
    70:      515.120      526.110      542.120      561.110      561.210
    75:      566.120      611.310      711.500      935.120     1169.120
    80:     1208.100     1215.100     1224.120     1228.120     1250.100
    85:     1260.100     1263.100     1267.120     1295.100     1305.100
    90:     1308.100     1311.100     1316.100     1320.200     1321.100
    95:     1328.120     1370.300     1470.510     1642.120     1791.120
   100:     1792.120     1851.120     1880.120     2016.120     2064.120
   105:     2120.110     2120.210     2124.120     2170.310     2270.510
   110:     2435.120     2555.120     2556.120     2612.120     2696.120
   115:     2732.120     2749.110     2761.110     2768.110     2775.110
   120:     2779.120     2794.120     2809.110     2819.110     2826.110
   125:     2833.110     2838.110     2850.110     2866.110     2871.120
   130:     2895.110     2895.210     2901.120     2945.310     3045.500
   135:     3206.120     3249.120     3275.120     3308.120     3324.120
   140:     3354.100     3455.100     3522.100     3534.120     3569.100
   145:     3594.100     3607.100     3613.120     3622.120     3635.100
   150:     3645.100     3653.100     3654.200     3660.120     3704.300
   155:     3804.500     3915.120     4030.120     4044.120     4093.120
   160:     4143.100     4154.120     4202.120     4253.100     4271.120
   165:     4284.100     4304.100     4310.100     4312.100     4317.100
   170:     4321.100     4324.100     4334.100     4336.100     4341.120
   175:     4348.120     4364.100     4376.100     4383.100     4385.100
   180:     4398.100     4406.120     4414.120     4424.200     4427.120
   185:     4474.300     4574.500     4655.120     4725.120     4938.120
   190:     4986.100     5004.100     5011.120     5022.120     5038.100
   195:     5054.100     5064.100     5073.100     5079.100     5082.100
   200:     5090.120     5100.120     5112.100     5123.100     5138.100
   205:     5150.100     5153.100     5171.100     5180.100     5183.200
   210:     5187.120     5233.300     5333.510     5473.120     5532.120
   215:     5596.120     5660.110     5666.120     5684.120     5697.110
   220:     5706.110     5839.110     5844.110     5853.110     5860.110
   225:     5869.110     5878.120     5900.110     5913.110     5920.110
   230:     5926.110     5936.110     5945.110     5952.110     5963.110
   235:     5963.210     5968.120     6013.310     6113.510     6208.120
   240:     6293.120     6323.120     6768.120     6802.110     6802.210
   245:     6806.120     6852.310     6952.510     7048.120     7093.120
   250:     7273.120     7310.120     7411.120     7419.120     7427.120
   255:     7441.110     7450.110     7462.110     7468.110     7478.110
   260:     7486.120     7504.110     7530.110     7541.110     7549.110
   265:     7552.120     7580.110     7580.210     7584.120     7630.310
   270:     7730.510     7945.120     8472.110     8472.210     8476.120
   275:     8522.310     8622.500     8749.120     8955.100     8979.120
   280:     9019.100     9030.100     9034.100     9040.100     9049.100
   285:     9056.100     9062.120     9073.120     9099.100     9109.100
   290:     9117.100     9120.100     9134.100     9141.100     9147.120
   295:     9156.120     9163.120     9174.100     9185.100     9195.100
   300:     9201.100     9205.100     9215.100     9219.100     9223.120
   305:     9234.200     9284.300     9384.500     9489.120     9556.120
   310:     9567.120     9570.120     9570.120     9649.120     9665.120
   315:     9681.120    10004.120    10022.100    10051.120    10061.120
   320:    10082.200    10089.120    10132.300    10232.510    10318.120
   325:    10402.120    10509.110    10517.120    10576.110    10583.120
   330:    10598.120    10612.110    10623.110    10630.110    10641.110
   335:    10649.110    10673.120    10711.110    10728.120    10740.120
   340:    10764.110    10784.110    10790.110    10799.120    10810.120
   345:    10811.120    10821.110    10840.110    10849.110    10858.110
   350:    10858.210    10862.120    10908.310    11008.510    11080.120
   355:    11161.120    11315.120    11362.120    11392.110    11397.120
   360:    11434.120    11455.120    11490.120    11512.110    11531.110
   365:    11538.110    11543.120    11587.110    11596.110    11603.110
   370:    11611.110    11624.110    11636.120    11658.120    11675.120
   375:    11694.110    11694.210    11698.120    11744.310    11844.500
   380:    11970.120    12014.120    12071.120    12189.120    12221.100
   385:    12243.100    12249.100    12253.100    12258.120    12266.120
   390:    12283.120    12296.100    12305.100    12313.100    12320.120
   395:    12326.120    12340.120    12363.100    12375.100    12380.100
   400:    12388.100    12395.100    12395.100    12397.100    12401.120
   405:    12407.120    12419.120    12435.100    12448.200    12455.120
   410:    12495.120    12498.300    12598.500    12753.120    12865.120
   415:    12895.120    12895.120    12915.120    12915.120    12917.120
   420:    13190.100    13197.100    13202.120    13227.120    13234.100
   425:    13243.100    13250.200    13256.120    13300.300    13400.500
   430:    13502.120    13571.120    13587.120    13624.120    13685.120
   435:    13721.100    13902.100    13927.120    13945.100    13961.100
   440:    13966.100    13968.100    13979.100    13982.100    13985.120
   445:    13999.120    14005.200    14055.300    14155.540    14250.120
   450:    14303.120    14556.120    14579.120    14613.120    14641.120
   455:    14666.120    14704.120    14718.110    14734.110    14748.110
   460:    14755.110    14761.110    14773.110    14782.110    14789.110
   465:    14796.120    14805.120    14811.120    14829.120    14843.120
   470:    14851.110    14864.110    14881.110    14889.110    14896.110
   475:    14906.120    14929.110    14950.120    14965.110    14983.120
   480:    15002.120    15022.110    15039.120    15074.110    15089.110
   485:    15156.110    15164.120    15202.120    15218.120    15249.120
   490:    15259.120    15294.110    15302.120    15342.110    15350.110
   495:    15428.110    15435.120    15466.120    15701.110    15706.120
   500:    15739.120    15766.110    15780.110    15786.110    15800.110
   505:    15816.120    15876.120    15887.120    15899.120    15915.110
   510:    15925.110    15936.110    15955.340    15956.110    16050.120
   515:    16055.510    16078.120    16164.110    16168.120    16245.120
   520:    16562.120    16578.120    16580.120    16587.120    16632.120
   525:    16642.120    16662.120    16682.110    16682.210    16686.120
   530:    16732.310    16832.530    16995.120    17068.120    17097.100
   535:    17128.120    17152.100    17161.100    17164.100    17171.100
   540:    17175.120    17209.100    17227.100    17236.100    17238.100
   545:    17242.120    17255.120    17267.120    17279.100    17304.100
   550:    17306.100    17314.120    17325.120    17356.100    17367.100
   555:    17370.100    17397.100    17409.120    17416.120    17424.100
   560:    17443.100    17468.100    17482.100    17483.100    17486.100
   565:    17493.100    17518.100    17538.100    17550.120    17575.120
   570:    17601.100    17629.100    17648.100    17650.100    17658.120
   575:    17676.120    17689.120    17732.100    17754.100    17758.100
   580:    17772.100    17778.100    17780.100    17784.120    17791.120
   585:    17847.120    17855.120    17864.120    17930.100    17943.100
   590:    17944.100    17949.100    17963.120    17976.120    17991.120
   595:    18051.100    18061.100    18063.100    18066.100    18073.120
   600:    18083.120    18101.120    18112.100    18121.100    18132.100
   605:    18138.100    18142.120    18148.120    18190.100    18233.100
   610:    18242.100    18249.100    18260.100    18263.100    18268.120
   615:    18277.120    18289.120    18332.100    18345.100    18347.100
   620:    18354.100    18365.100    18368.100    18371.100    18375.120
   625:    18387.120    18410.100    18433.100    18445.100    18446.100
   630:    18452.100    18454.100    18465.120    18490.120    18502.120
   635:    18514.120    18523.100    18539.100    18592.120    18626.100
   640:    18632.330    18636.120    18652.120    18660.120    18668.120
   645:    18732.500    18813.120    18827.100    18842.100    18849.100
   650:    18853.100    18859.100    18866.100    18876.100    18880.100
   655:    18886.120    18903.120    18908.120    18944.100    18988.100
   660:    18993.100    19005.100    19007.100    19016.120    19024.120
   665:    19055.100    19068.100    19079.100    19084.100    19087.100
   670:    19097.100    19107.120    19121.120    19136.100    19152.100
   675:    19175.100    19182.100    19187.120    19199.120    19396.100
   680:    19412.120    19433.120    19450.100    19456.200    19458.100
   685:    19461.120    19506.300    19606.510    19762.120    19889.120
   690:    20099.120    20106.120    20175.120    20209.110    20215.120
   695:    20236.110    20236.210    20240.120    20286.310    20386.510
   700:    20528.120    20554.120    20890.110    20896.120    20954.110
   705:    20960.110    20967.110    20972.120    20989.110    21006.110
   710:    21006.210    21011.120    21056.310    21156.530    21356.120
   715:    21452.120    21712.120    21734.100    21741.100    21749.100
   720:    21755.100    21764.100    21771.120    21776.120    21822.100
   725:    21836.100    21847.100    21849.100    21856.100    21980.120
   730:    22032.100    22053.100    22062.100    22070.100    22075.120
   735:    22081.120    22087.120    22096.100    22113.100    22126.100
   740:    22129.100    22134.120    22147.120    22173.100    22186.100
   745:    22196.100    22200.100    22212.100    22219.120    22246.120
   750:    22276.100    22290.100    22299.100    22302.100    22313.100
   755:    22314.100    22317.100    22321.120    22369.100    22385.100
   760:    22398.100    22401.100    22411.120    22420.120    22442.100
   765:    22457.100    22463.100    22465.100    22477.100    22487.100
   770:    22490.100    22502.120    22527.120    22535.120    22539.120
   775:    22546.120    22622.100    22634.100    22648.120    22652.120
   780:    22660.120    22681.120    22681.120    22683.120    22684.120
   785:    22687.120    22688.120    22703.120    22708.120    22746.120
   790:    22754.120    22769.100    22857.120    22885.120    22895.120
   795:    22924.120    22937.120    22949.100    22956.330    22962.120
   800:    22970.120    22977.120    22983.120    23056.500    23200.120
   805:    23221.100    23240.120    23242.120    23252.120    23259.120
   810:    23264.100    23270.100    23290.100    23292.100    23302.100
   815:    23313.120    23323.120    23330.120    23348.100    23357.100
   820:    23360.100    23370.100    23372.100    23383.100    23385.100
   825:    23392.120    23401.120    23417.100    23441.100    23448.100
   830:    23473.100    23479.100    23487.100    23489.100    23499.120
   835:    23544.100    23566.100    23577.100    23577.100    23581.100
   840:    23586.120    23596.120    23613.120    23619.120    23630.100
   845:    23636.100    23648.100    23653.100    23657.100    23674.100
   850:    23681.100    23686.100    23690.200    23692.120    23740.300
   855:    23840.510    24032.120    24117.120    24245.120    24284.110
   860:    24288.120    24304.110    24314.110    24325.110    24343.110
   865:    24351.110    24370.110    24375.120    24385.120    24399.110
   870:    24403.120    24417.110    24437.110    24445.120    24466.110
   875:    24466.210    24470.120    24516.310    24616.510    24768.120
   880:    24840.120    25029.110    25033.120    25070.110    25087.110
   885:    25093.110    25109.110    25113.120    25136.110    25157.110
   890:    25179.110    25188.110    25210.110    25216.120    25232.120
   895:    25261.110    25261.210    25266.120    25311.310    25411.500
   900:    25487.120    25487.120    25551.120    25649.120    25666.120
   905:    25696.100    25708.100    25714.120    25743.100    25749.120
   910:    25778.100    25793.100    25803.100    25813.100    25825.120
   915:    25840.120    25850.120    25857.100    25875.100    25884.100
   920:    25890.120    25902.120    25904.120    25905.120    25930.100
   925:    25936.100    25945.100    25958.100    25960.100    25965.120
   930:    25973.120    25995.100    26005.100    26009.100    26018.200
   935:    26020.100    26023.120    26068.300    26168.510    26296.120
   940:    26416.120    26418.120    26436.120    26756.120    26781.110
   945:    26798.110    26798.210    26802.120    26848.310    26948.510
   950:    27081.120    27216.120    27343.120    27385.110    27390.120
   955:    27410.110    27424.110    27432.110    27439.110    27442.120
   960:    27466.110    27477.120    27492.110    27500.110    27505.110
   965:    27507.110    27513.110    27525.110    27530.110    27543.110
   970:    27548.120    27568.110    27568.210    27572.120    27618.310
   975:    27718.500    27824.120    27875.120    27880.120    27900.120
   980:    27901.120    28121.120    28145.100    28162.100    28186.100
   985:    28194.120    28221.100    28228.100    28236.100    28239.100
   990:    28244.120    28274.120    28294.100    28315.100    28323.100
   995:    28328.100    28333.120    28340.120    28348.100    28354.200
  1000:    28361.120    28404.300    28504.500    28628.120    28665.120
  1005:    28693.120    28742.120    28880.120    28880.120    29001.100
  1010:    29021.100    29026.120    29052.100    29064.100    29070.100
  1015:    29083.100    29091.100    29104.100    29112.200    29118.120
  1020:    29162.300    29262.540    29414.120    29415.120    29479.120
  1025:    29708.120    29735.110    29742.120    29759.110    29773.110
  1030:    29785.110    29792.120    29811.110    29823.120    29834.120
  1035:    29859.110    29870.120    29882.120    29892.110    29907.110
  1040:    29923.110    29935.110    29940.110    29947.120    29967.110
  1045:    29979.110    30005.110    30017.120    30027.120    30041.110
  1050:    30061.110    30072.110    30085.110    30094.120    30119.110
  1055:    30126.110    30134.110    30146.120    30174.110    30187.110
  1060:    30222.110    30233.120    30311.120    30311.120    30312.120
  1065:    30313.120    30314.120    30314.120    30315.120    30316.120
  1070:    30317.120    30318.120    30319.120    30319.120    30320.120
  1075:    30321.120    30322.120    30323.120    30769.120    30815.120
  1080:    30828.120    30853.110    30859.120    30875.110    30886.110
  1085:    30906.110    30916.110    30922.110    30927.120    30933.120
  1090:    30939.120    30962.120    30970.110    30980.120    30990.120
  1095:    31021.110    31029.110    31052.110    31062.340    31133.120
  1100:    31151.120    31162.500    31186.100    31216.100    31222.100
  1105:    31230.100    31235.120    31253.100    31263.100    31270.100
  1110:    31276.100    31282.120    31285.120    31294.120    31299.120
  1115:    31343.100    31363.100    31373.120    31388.100    31414.100
  1120:    31422.100    31425.100    31435.120    31444.120    31478.100
  1125:    31484.100    31493.100    31494.100    31498.100    31501.100
  1130:    31505.100    31508.100    31512.120    31519.120    31538.120
  1135:    31553.100    31564.100    31599.100    31615.100    31629.100
  1140:    31634.100    31639.120    31652.120    31654.120    31659.120
  1145:    31684.100    31703.100    31707.100    31712.120    31763.200
  1150:    31773.120    31813.300    31913.510    32099.120    32134.120
  1155:    32167.120    32347.120    32385.110    32390.120    32415.120
  1160:    32425.110    32430.120    32448.120    32458.120    32469.110
  1165:    32481.110    32489.110    32495.110    32499.110    32502.110
  1170:    32508.120    32515.110    32523.110    32531.110    32538.120
  1175:    32572.110    32572.210    32576.120    32622.310    32722.500
  1180:    32873.120    33099.120    33271.100    33290.100    33296.100
  1185:    33308.100    33313.100    33319.100    33325.120    33331.200
  1190:    33331.120    33381.300    33481.510    33639.120    33881.120
  1195:    33908.110    33913.120    33928.120    33940.110    33955.110
  1200:    33961.110    33968.120    33989.110    34002.110    34007.110
  1205:    34014.110    34024.110    34030.120    34055.110    34066.110
  1210:    34071.110    34071.110    34077.110    34084.110    34104.120
  1215:    34118.120    34137.110    34137.210    34140.120    34187.310
  1220:    34287.510    34438.120    34521.120    34604.120    34621.120
  1225:    34629.120    34629.120    34713.120    34765.110    34770.120
  1230:    34842.120    34855.120    34872.110    34881.120    34889.120
  1235:    34909.110    34909.210    34913.120    34959.310    35059.500
  1240:    35201.120    35243.120    35278.120    35386.120    35400.100
  1245:    35423.100    35429.120    35447.120    35457.100    35475.100
  1250:    35484.100    35489.120    35501.120    35513.100    35528.100
  1255:    35539.100    35542.100    35547.120    35556.120    35572.100
  1260:    35602.100    35608.120    35622.120    35637.100    35662.200
  1265:    35668.120    35709.120    35712.300    35812.500    35900.120
  1270:    35949.120    36159.120    36160.120    36196.100    36214.120
  1275:    36222.100    36228.100    36239.100    36246.120    36257.120
  1280:    36273.100    36290.100    36300.100    36307.100    36327.100
  1285:    36366.100    36378.100    36381.100    36388.100    36410.100
  1290:    36426.200    36428.100    36432.120    36476.300    36576.510
  1295:    36704.120    36750.120    36811.120    36890.120    36936.110
  1300:    36940.120    36957.120    36968.110    36984.110    36993.110
  1305:    37006.110    37019.110    37027.110    37031.110    37036.120
  1310:    37047.120    37065.110    37070.120    37090.110    37101.120
  1315:    37113.110    37122.110    37132.110    37141.110    37150.110
  1320:    37155.120    37174.120    37184.110    37193.120    37218.110
  1325:    37218.210    37222.120    37268.310    37368.530    37439.120
  1330:    37677.100    37683.120    37706.100    37715.100    37721.100
  1335:    37731.100    37779.100    37789.100    37805.100    37815.100
  1340:    37818.100    37824.120    37849.100    37870.100    37884.100
  1345:    37891.100    37895.120    37903.120    37927.100    37947.100
  1350:    37958.100    37963.100    37980.100    37984.100    37993.120
  1355:    38004.120    38041.100    38069.100    38094.100    38102.100
  1360:    38130.100    38133.100    38141.100    38144.120    38155.120
  1365:    38183.120    38192.100    38215.100    38229.100    38233.100
  1370:    38290.120    38570.120    38587.100    38596.100    38601.120
  1375:    38624.100    38663.100    38692.120    38709.120    38726.100
  1380:    38741.100    38751.100    38756.120    38763.120    38773.100
  1385:    38787.100    38799.100    38803.100    38806.120    38820.120
  1390:    38830.100    38846.100    38859.100    38861.100    38866.120
  1395:    38878.120    38910.100    38916.100    38932.100    38938.100
  1400:    38945.120    38956.120    38963.120    38983.120    39009.120
  1405:    39009.120    39010.120    39077.120    39168.330    39268.500
  1410:    39311.120    39319.100    39329.100    39355.120    39367.120
  1415:    39381.120    39395.100    39407.100    39412.120    39445.100
  1420:    39457.100    39465.120    39472.120    39483.100    39495.100
  1425:    39497.100    39504.120    39515.120    39524.120    39534.100
  1430:    39548.100    39556.100    39559.100    39566.100    39572.100
  1435:    39595.100    39611.100    39617.100    39621.120    39636.120
  1440:    39646.120    39693.100    39706.100    39709.100    39714.120
  1445:    39746.120    39792.100    39809.100    39816.100    39823.120
  1450:    39847.120    39857.100    39869.200    39875.120    39919.300
  1455:    39935.120    40019.510    40075.120    40109.120    40385.120
  1460:    40419.110    40425.120    40442.110    40449.110    40464.110
  1465:    40469.120    40475.120    40556.120    40576.110    40589.120
  1470:    40599.110    40617.110    40622.110    40627.120    40667.110
  1475:    40667.210    40671.120    40717.310    40817.510    40883.120
  1480:    41085.110    41091.120    41220.120    41267.120    41288.110
  1485:    41292.120    41307.110    41326.110    41332.120    41337.120
  1490:    41350.120    41373.110    41397.120    41408.120    41423.110
  1495:    41454.110    41454.210    41459.120    41504.310    41604.500
  1500:    41678.120    41901.100    41916.120    41944.100    41960.100
  1505:    41965.120    41979.100    41987.100    41998.100
E:
     0:     1509.000      514.000      329.000
F:
     0:       70.000       30.402       32.900
G:
     0:        1.000        1.000        1.000        1.000        1.000
     5:        1.000        1.000        1.000        1.000        0.000
H:
     0:        1.000        1.000        2.000        2.000
L:
     0:     6192.000     6187.000     6301.000     6188.000     6227.000
     5:     7080.000     6141.000     6617.000     6154.000     7343.000
    10:     6437.000     6164.000     6462.000     6176.000     6117.000
    15:     6186.000     6137.000     6241.000     6104.000
R:
     0:        1.000        1.000        1.000        1.000        1.000
     5:        1.000        1.000        1.000        1.000        0.000
S:
     0:        1.000        1.000
U:
     0:     6187.000        1.000        0.000
X:
     0:        0.000      496.001      503.002      539.003      549.004
     5:      552.005      584.006      593.007      596.008      599.009
    10:      604.010      609.010      610.011      659.000      659.000
    15:      968.001     1069.002     1135.003     1183.004     1207.005
    20:     1221.006     1249.007     1258.008     1267.009     1267.009
    25:     1317.000     1317.000     1656.001     1766.002     1797.003
    30:     1817.004     1823.005     1825.006     1830.007     1834.008
    35:     1837.009     1846.010     1849.011     1877.012     1889.013
    40:     1896.014     1898.015     1910.016     1937.016     1987.000
    45:     1987.000     2399.001     2417.002     2451.003     2467.004
    50:     2476.005     2485.006     2492.007     2494.008     2525.009
    55:     2535.010     2551.011     2563.012     2566.013     2584.014
    60:     2592.015     2595.015     2645.000     2645.000     2978.001
    65:     3042.002     3053.003     3057.004     3063.005     3072.006
    70:     3079.007     3122.008     3131.009     3140.010     3143.011
    75:     3157.012     3164.013     3197.014     3208.015     3218.016
    80:     3224.017     3228.018     3238.019     3242.020     3257.020
    85:     3307.000     3307.000     3944.001     4005.001     4055.000
    90:     4055.000     4431.001     4453.002     4460.003     4463.004
    95:     4506.005     4515.006     4524.007     4574.008     4585.009
   100:     4591.010     4599.011     4605.012     4606.013     4608.014
   105:     4645.015     4659.015     4709.000     4709.000     5300.001
   110:     5308.002     5345.003     5353.004     5360.004     5410.000
   115:     5410.000     5731.001     5912.002     5955.003     5970.004
   120:     5976.005     5978.006     5989.007     5991.008     6015.008
   125:     6065.000     6065.000     6330.002     6385.004     6394.006
   130:     6396.008     6403.010     6441.012     6460.014     6469.016
   135:     6471.018     6512.020     6537.022     6539.024     6588.026
   140:     6600.028     6603.030     6630.032     6657.034     6676.036
   145:     6700.038     6714.040     6716.042     6718.044     6726.046
   150:     6750.048     6770.050     6834.052     6861.054     6880.056
   155:     6883.058     6964.060     6987.062     6990.064     7005.066
   160:     7011.068     7013.070     7163.072     7175.074     7177.076
   165:     7181.078     7284.080     7293.082     7296.084     7299.086
   170:     7345.088     7353.090     7365.092     7370.094     7423.096
   175:     7465.098     7475.100     7482.102     7493.104     7495.106
   180:     7565.108     7578.110     7580.112     7587.114     7598.116
   185:     7600.118     7604.120     7642.122     7665.124     7677.126
   190:     7679.128     7684.130     7686.132     7756.134     7771.136
   195:     7859.138     8060.139     8075.140     8082.141     8086.142
   200:     8091.143     8099.144     8109.145     8113.146     8176.147
   205:     8221.148     8226.149     8238.150     8240.151     8288.152
   210:     8301.153     8312.154     8316.155     8319.156     8329.157
   215:     8368.158     8384.159     8408.160     8415.161     8629.162
   220:     8683.163     8689.163     8691.164     8739.000     8739.000
   225:     9316.002     9323.004     9331.006     9337.008     9346.010
   230:     9404.012     9418.014     9429.016     9431.018     9438.020
   235:     9614.022     9635.024     9644.026     9652.028     9678.030
   240:     9695.032     9708.034     9711.036     9755.038     9768.040
   245:     9778.042     9782.044     9794.046     9858.048     9872.050
   250:     9881.052     9884.054     9895.056     9896.058     9899.060
   255:     9951.062     9967.064     9980.066     9983.068    10024.070
   260:    10039.072    10045.074    10047.076    10059.078    10069.080
   265:    10072.082    10204.084    10216.086    10351.088    10531.090
   270:    10803.091    10846.092    10852.093    10872.094    10874.095
   275:    10884.096    10930.097    10939.098    10942.099    10952.100
   280:    10954.101    10965.102    10967.103    10999.104    11023.105
   285:    11030.106    11055.107    11061.108    11069.109    11071.110
   290:    11126.111    11148.112    11159.113    11159.114    11163.115
   295:    11212.116    11218.117    11230.118    11235.119    11239.120
   300:    11256.121    11263.122    11268.123    11272.123    11322.000
   305:    11322.000    11606.001    11618.002    11653.003    11688.004
   310:    11703.005    11713.006    11723.007    11767.008    11785.009
   315:    11794.010    11840.011    11846.012    11855.013    11868.014
   320:    11870.015    11905.016    11915.017    11919.018    11928.018
   325:    11930.019    11978.000    11978.000    12404.001    12421.002
   330:    12445.003    12481.004    12488.005    12496.006    12498.007
   335:    12554.008    12574.009    12583.010    12588.011    12607.012
   340:    12614.012    12664.000    12664.000    13161.001    13180.002
   345:    13211.003    13223.004    13229.005    13243.006    13250.007
   350:    13263.008    13271.008    13321.000    13321.000    13321.069
   355:    13321.070    13321.071    13321.072    13321.073    13321.074
   360:    13321.075    13321.076    13321.077    13321.078    13321.079
   365:    13321.080    13321.081    13321.082    13321.083    13321.084
   370:    13321.085    13321.086    13321.087    13321.088    13321.089
   375:    13321.090    13321.091    13321.092    13321.093    13321.094
   380:    13321.095    13321.096    13321.097    13321.098    13321.099
   385:    13321.099    13321.000    13321.000    13869.001    13889.002
   390:    13895.003    13907.004    13912.005    13918.006    13929.006
   395:    13979.000    13979.000    14320.001    14342.002    14377.003
   400:    14395.004    14404.005    14433.006    14448.007    14459.008
   405:    14462.009    14492.010    14522.011    14557.012    14582.012
   410:    14632.000    14632.000    15015.001    15041.002    15047.003
   415:    15058.004    15092.005    15109.006    15119.007    15126.008
   420:    15146.009    15186.010    15197.011    15201.012    15207.013
   425:    15229.014    15246.014    15247.015    15296.000    15296.000
   430:    15605.002    15633.004    15642.006    15648.008    15659.010
   435:    15707.012    15717.014    15732.016    15742.018    15745.020
   440:    15777.022    15797.024    15811.026    15818.028    15854.030
   445:    15874.032    15886.034    15890.036    15908.038    15911.040
   450:    15968.042    15996.044    16021.046    16029.048    16057.050
   455:    16060.052    16068.054    16120.056    16142.058    16157.060
   460:    16160.062    16514.064    16523.066    16551.068    16590.070
   465:    16653.072    16668.074    16678.076    16701.078    16715.080
   470:    16726.082    16730.084    16757.086    16773.088    16786.090
   475:    16789.092    16838.094    16844.096    16860.098    16865.100
   480:    17247.101    17256.102    17322.103    17334.104    17373.105
   485:    17384.106    17411.107    17423.108    17424.109    17461.110
   490:    17475.111    17483.112    17486.113    17493.114    17500.115
   495:    17523.116    17539.117    17545.118    17621.119    17633.120
   500:    17637.121    17719.122    17736.123    17743.124    17784.125
   505:    17796.125    17846.000    17846.000    18142.001    18186.002
   510:    18201.003    18221.004    18229.005    18239.006
Y:
     0:        0.000       49.001       59.002       63.003      155.004
     5:      205.005      273.006      309.007      315.008      321.009
    10:      327.010      333.011      338.012      398.013      438.014
    15:      449.015      456.016      526.017      561.018      561.018
    20:      611.000      611.000     1260.001     1260.001     1310.000
    25:     1310.000     1788.001     1801.002     1808.003     1814.004
    30:     1849.005     1859.006     1865.007     1873.008     1878.009
    35:     1889.010     1905.011     1935.012     1935.012     1985.000
    40:     1985.000     2312.001     2349.002     2358.003     2490.004
    45:     2496.005     2505.006     2512.007     2521.008     2552.009
    50:     2565.010     2572.011     2578.012     2588.013     2596.014
    55:     2604.015     2615.016     2615.016     2665.000     2665.000
    60:     3353.001     3353.001     3403.000     3403.000     3892.001
    65:     3900.002     3912.003     3918.004     3928.005     3954.006
    70:     3980.007     3991.008     3999.009     4030.010     4030.010
    75:     4080.000     4080.000     4821.001     4821.001     4871.000
    80:     4871.000     5148.001     5214.002     5250.003     5261.004
    85:     5268.005     5280.006     5288.007     5349.008     5402.009
    90:     5423.010     5428.011     5459.012     5478.013     5487.014
    95:     5496.015     5497.015     5547.000     5547.000     5930.001
   100:     6050.002     6069.003     6076.004     6125.005     6134.006
   105:     6141.007     6150.008     6162.009     6232.010     6232.010
   110:     6282.000     6282.000     6845.002     6861.004     6874.006
   115:     6881.008     6887.010     6900.012     6908.014     6916.016
   120:     6977.018     6991.020     7007.022     7015.024     7022.026
   125:     7055.028     7092.030     7149.032     7200.034     7215.036
   130:     7282.038     7420.040     7469.042     7476.044     7554.046
   135:     7827.048     7892.050     7906.052     7912.054     7927.056
   140:     8041.058     8051.060     8062.062     8083.063     8290.064
   145:     8808.065     8808.065     8858.000     8858.000     9460.001
   150:     9487.002     9488.002     9538.000     9538.000    10042.001
   155:    10105.002    10112.003    10119.004    10141.005    10158.006
   160:    10158.006    10208.000    10208.000    10651.001    10671.002
   165:    10681.003    10692.004    10711.005    10718.006    10737.007
   170:    10766.008    10784.009    10805.010    10833.011    10834.011
   175:    10884.000    10884.000    11296.001    11338.002    11354.003
   180:    11360.004    11376.005    11404.006    11424.007    11446.008
   185:    11455.009    11477.010    11529.011    11529.011    11579.000
   190:    11579.000    12192.001    12208.002    12208.002    12258.000
   195:    12258.000    12695.001    12720.002    12734.003    12742.004
   200:    12748.005    12776.006    12802.007    12810.008    12815.009
   205:    12816.010    12823.011    12835.012    12840.013    12853.014
   210:    12878.015    12878.015    12928.000    12928.000    13401.002
   215:    13425.004    13439.006    13451.008    13477.010    13525.012
   220:    13557.014    13572.016    13589.018    13601.020    13605.022
   225:    13633.024    13645.026    13670.028    13707.030    13727.032
   230:    13738.034    13751.036    13785.038    13792.040    13800.042
   235:    13840.044    13853.046    13888.048    14519.050    14541.052
   240:    14552.054    14572.056    14581.058    14588.060    14636.062
   245:    14687.064    14695.066    14718.068    16050.001    16091.002
   250:    16135.003    16146.004    16154.005    16161.006    16165.007
   255:    16168.008    16180.009    16189.010    16197.011    16238.012
   260:    16238.012    16288.000    16288.000    16715.001    16747.002
   265:    16762.003    16768.004    16796.005    16809.006    16814.007
   270:    16820.008    16831.009    16862.010    16873.011    16878.012
   275:    16878.013    16884.014    16891.015    16944.016    16944.016
   280:    16994.000    16994.000    17472.001    17578.002    17615.003
   285:    17615.003    17665.000    17665.000    18024.001    18057.002
   290:    18072.003    18081.004    18094.005    18107.006    18115.007
   295:    18119.008    18153.009    18178.010    18201.011    18210.012
   300:    18220.013    18229.014    18238.015    18272.016    18306.017
   305:    18306.017    18356.000    18356.000    18756.001    18779.002
   310:    18786.003    18801.004    18913.005    18936.006    18954.007
   315:    18959.008    19004.009    19004.009    19054.000    19054.000
   320:    19321.001    19524.002    19543.003    19562.004    19609.005
   325:    19659.006    19690.007    19690.007    19740.000
