File: C:\MED-PC\Data\2018-05-25_11h38m_Subject M328.txt


Start Date: 05/25/18
End Date: 05/25/18
Subject: M328
Experiment: DOBLE_PICO_DEMORA
Group: EXP
Box: 8
Start Time: 11:38:55
End Time: 12:53:05
MSN: IF_ACO_MULTIPLE_PICO
A:     418.000
B:      20.000
D:      20.000
I:       2.000
J:   18000.000
K:    5400.000
M:       0.000
N:      20.000
O:      21.000
P:     304.000
Q:       0.000
T:    1000.000
V:     600.000
W:      20.000
Z:       0.000
C:
     0:        0.120        0.120        0.120        0.120        0.120
     5:        0.120        0.120        0.120        0.120        0.120
    10:        0.120        0.120        0.120        0.120        0.120
    15:        0.120        0.120        0.120        0.120        0.120
    20:        0.120        0.120        0.120        0.120        0.120
    25:        0.120        0.120        0.120        0.120        0.120
    30:        0.120        0.120        0.120        0.120        0.120
    35:        0.120        0.120        0.120        0.120        0.120
    40:        0.120        0.120        0.120        0.120        0.120
    45:        0.120        0.120        0.120        0.120        0.120
    50:        0.120        0.120        0.120        0.510       54.110
    55:       57.120       95.120      103.120      108.120      115.110
    60:      119.120      163.120      164.120      166.120      172.110
    65:      177.120      204.110      208.120      244.120      249.120
    70:      259.120      261.120      278.110      282.110      285.110
    75:      298.120      342.120      344.120      345.120      350.120
    80:      352.120      356.120      359.120      367.110      372.120
    85:      413.110      418.120      441.110      447.110      451.110
    90:      458.120      476.110      483.110      488.110      499.120
    95:      516.120      522.110      527.120      567.110      567.210
   100:      575.110      580.110      584.110      598.120      617.310
   105:      717.510      776.120      785.120      787.120      795.120
   110:      812.120      813.120      820.120      822.120      830.120
   115:      833.120      833.120      834.120      836.120      837.120
   120:      840.120      852.120      857.120      857.120      984.120
   125:      995.120     1016.120     1040.120     1044.120     1046.120
   130:     1058.120     1118.120     1118.120     1124.120     1126.120
   135:     1127.120     1130.120     1135.110     1140.120     1181.110
   140:     1187.110     1190.120     1226.110     1231.120     1278.110
   145:     1278.210     1279.110     1285.120     1328.310     1428.510
   150:     1587.120     1722.120     1772.120     1852.120     1858.110
   155:     1861.120     1881.120     1904.120     1912.120     1934.120
   160:     1952.110     1957.120     1983.120     2004.110     2004.210
   165:     2007.120     2054.310     2154.500     2401.120     2579.120
   170:     2676.120     2678.120     2685.120     2713.100     2715.100
   175:     2718.120     2773.200     2823.300     2844.120     2923.500
   180:     3124.120     3528.120     3543.120     3673.120     3709.120
   185:     3714.100     3719.120     3738.120     3772.100     3774.100
   190:     3774.200     3778.120     3824.300     3924.500     4124.120
   195:     4274.100     4289.120     4379.100     4382.120     4429.100
   200:     4433.100     4435.100     4437.100     4441.120     4487.100
   205:     4490.100     4492.100     4494.100     4495.120     4537.100
   210:     4542.100     4543.100     4547.200     4548.120     4597.300
   215:     4697.510     4885.120     4888.120     4890.120     5247.120
   220:     5285.120     5285.110     5308.120     5311.120     5319.110
   225:     5321.120     5347.110     5347.210     5355.120     5397.310
   230:     5497.510     5555.120     5702.120     5708.120     5723.120
   235:     5856.120     5958.110     5961.120     5988.110     5993.120
   240:     5993.120     6013.110     6022.110     6032.120     6039.120
   245:     6051.120     6069.120     6086.120     6091.110     6095.120
   250:     6107.120     6115.110     6117.110     6129.110     6129.210
   255:     6130.120     6179.310     6279.500     6702.120     6709.100
   260:     6714.100     6720.120     6853.100     6856.120     6887.100
   265:     6892.100     6894.100     6898.120     6913.200     6963.300
   270:     7063.510     7749.120     7804.120     7812.120     7837.120
   275:     7862.120     7903.120     7909.110     7909.210     7910.120
   280:     7959.310     7968.120     8059.510     8350.120     8362.120
   285:     8364.120     8375.120     8376.120     8542.120     8548.120
   290:     8552.120     8560.120     8568.110     8569.120     8607.120
   295:     8640.110     8641.110     8649.110     8653.120     8715.110
   300:     8715.210     8722.110     8730.120     8765.310     8865.500
   305:     8983.120     9066.120     9181.120     9491.120     9500.100
   310:     9505.100     9511.120     9560.200     9610.300     9710.500
   315:     9934.120    10010.100    10014.120    10103.100    10106.100
   320:    10114.120    10200.100    10205.100    10208.120    10267.100
   325:    10270.120    10327.100    10327.200    10330.100    10332.100
   330:    10336.120    10377.300    10477.500    10508.120    10569.120
   335:    10569.120    10613.120    10709.120    10710.120    10714.120
   340:    10715.120    10733.120    10807.100    10813.100    10825.100
   345:    10830.100    10835.120    10918.100    10923.100    10924.100
   350:    10927.120    10981.120    11017.120    11049.100    11056.100
   355:    11059.120    11090.100    11093.120    11109.200    11159.300
   360:    11259.500    11739.120    11748.100    11752.100    11756.120
   365:    11816.100    11819.100    11822.100    11823.120    11845.100
   370:    11848.100    11850.100    11854.120    11876.200    11926.300
   375:    12026.510    12044.120    12650.120    12667.120    12751.110
   380:    12751.210    12758.110    12762.120    12801.310    12901.540
   385:    13117.120    13126.120    13136.120    13164.120    13193.120
   390:    13277.110    13279.120    13281.120    13319.120    13325.120
   395:    13337.120    13392.110    13394.120    13419.120    13423.120
   400:    13429.110    13436.110    13444.120    13483.110    13486.120
   405:    13498.120    13529.110    13534.120    13551.120    13570.110
   410:    13576.110    13577.110    13584.120    13676.110    13682.120
   415:    13728.110    13730.110    13738.120    13767.110    13771.110
   420:    13779.120    13797.120    13798.120    13807.110    13811.110
   425:    13817.120    13846.120    13847.120    13850.120    13879.110
   430:    13884.120    13909.120    13936.110    13941.120    13976.120
   435:    13992.120    13993.120    13993.120    13994.120    14037.120
   440:    14043.120    14044.120    14051.110    14055.120    14128.120
   445:    14133.120    14135.120    14138.120    14140.120    14142.120
   450:    14151.110    14159.120    14184.120    14189.120    14201.120
   455:    14213.110    14219.120    14237.120    14251.120    14330.120
   460:    14356.120    14365.120    14366.120    14373.120    14383.120
   465:    14394.110    14403.110    14568.120    14612.120    14616.120
   470:    14655.120    14657.120    14665.110    14668.120    14697.120
   475:    14701.340    14702.120    14709.120    14766.120    14801.510
   480:    14803.110    14813.120    14850.120    14861.120    14905.110
   485:    14909.120    14935.110    14937.110    14942.120    14961.120
   490:    14969.110    14973.110    14975.110    14985.120    15007.120
   495:    15016.110    15019.110    15028.110    15033.120    15074.110
   500:    15077.110    15083.110    15087.110    15098.120    15122.110
   505:    15130.120    15173.120    15192.110    15193.110    15207.110
   510:    15213.120    15221.120    15226.120    15229.120    15230.120
   515:    15253.120    15331.120    15333.120    15335.120    15336.120
   520:    15337.120    15339.120    15347.110    15352.120    15375.120
   525:    15383.110    15384.110    15387.110    15397.120    15430.120
   530:    15449.110    15451.110    15458.110    15462.110    15463.110
   535:    15466.110    15478.120    15516.110    15523.120    15595.120
   540:    15596.120    15598.120    15602.120    15607.110    15612.120
   545:    15639.120    15641.120    15644.120    15647.120    15664.110
   550:    15664.210    15669.110    15680.110    15685.120    15714.310
   555:    15814.530    16309.100    16316.100    16319.120    16364.100
   560:    16367.100    16369.100    16372.120    16433.100    16436.100
   565:    16441.120    16475.120    16480.100    16484.100    16488.120
   570:    16518.100    16524.120    16551.100    16556.100    16561.120
   575:    16608.120    16627.100    16629.100    16630.100    16634.120
   580:    16688.120    16712.100    16718.100    16719.100    16724.120
   585:    16765.120    16771.120    16788.100    16791.100    16795.120
   590:    16845.120    16852.100    16858.100    16860.100    16861.100
   595:    16865.120    16891.120    16909.100    16914.120    16965.120
   600:    16970.120    16972.120    16993.100    17000.120    17010.120
   605:    17036.120    17037.120    17063.120    17079.120    17089.120
   610:    17112.120    17143.120    17169.100    17176.100    17182.120
   615:    17213.120    17253.120    17268.120    17303.120    17307.120
   620:    17308.120    17316.100    17321.100    17329.100    17337.100
   625:    17340.120    17414.100    17419.100    17421.100    17422.100
   630:    17427.100    17427.120    17457.100    17462.120    17489.120
   635:    17501.100    17507.120    17538.120    17556.120    17560.120
   640:    17562.120    17565.120    17574.100    17576.100    17579.120
   645:    17612.100    17614.330    17625.120    17649.120    17678.120
   650:    17682.120    17701.120    17714.500    17747.120    17758.120
   655:    17769.120    17791.100    17798.100    17804.100    17809.120
   660:    17847.100    17849.100    17850.100    17854.120    17884.100
   665:    17905.100    17906.100    17910.120    17963.100    17965.100
   670:    17967.100    17970.120    18011.100    18016.120    18049.120
   675:    18076.100    18078.100    18083.120    18100.120    18127.100
   680:    18139.100    18141.100    18145.120    18151.120    18180.120
   685:    18205.120    18205.120    18217.100    18218.100    18219.100
   690:    18224.120    18228.120    18306.120    18309.120    18320.100
   695:    18321.100    18323.100    18326.120    18380.200    18381.100
   700:    18383.100    18395.120    18430.300    18438.120    18530.510
   705:    18784.120    18854.120    18856.120    18857.120    18859.120
   710:    18860.120    18862.120    18863.120    18865.120    18871.110
   715:    18874.120    18894.120    18896.120    18906.110    18910.120
   720:    18933.120    18939.120    18945.120    18951.110    18955.110
   725:    18961.120    18973.120    18977.120    18984.110    18987.110
   730:    18995.120    19010.120    19013.120    19019.120    19025.110
   735:    19040.120    19061.120    19069.110    19081.120    19092.120
   740:    19106.120    19110.120    19119.120    19121.120    19127.110
   745:    19130.120    19152.110    19154.110    19160.110    19164.120
   750:    19189.110    19191.110    19204.120    19232.120    19248.120
   755:    19252.120    19259.110    19262.120    19289.110    19293.120
   760:    19305.120    19327.110    19332.120    19351.110    19354.110
   765:    19356.110    19364.120    19380.120    19391.110    19398.120
   770:    19418.110    19418.210    19420.110    19427.120    19468.310
   775:    19568.530    19789.120    19831.120    19842.100    19851.100
   780:    19858.100    19863.120    19925.100    19929.100    19930.100
   785:    19933.120    19970.100    19971.100    19973.100    19975.100
   790:    19978.120    20019.100    20020.100    20025.120    20051.100
   795:    20052.100    20055.100    20058.100    20059.120    20098.100
   800:    20100.100    20104.100    20104.100    20105.120    20152.100
   805:    20155.100    20156.100    20158.100    20162.120    20190.100
   810:    20194.100    20196.100    20198.100    20199.100    20205.100
   815:    20207.100    20210.100    20211.120    20253.120    20255.120
   820:    20258.120    20272.100    20274.100    20278.120    20353.120
   825:    20362.120    20395.120    20423.100    20425.100    20429.100
   830:    20429.120    20458.120    20464.120    20497.100    20499.100
   835:    20504.120    20538.120    20571.120    20580.100    20582.100
   840:    20584.100    20586.100    20587.120    20613.120    20618.120
   845:    20622.120    20624.120    20652.120    20700.120    20759.120
   850:    20909.120    20971.120    21011.120    21091.120    21186.120
   855:    21207.100    21211.100    21218.120    21301.100    21307.100
   860:    21309.100    21310.120    21334.100    21338.100    21340.100
   865:    21342.100    21343.120    21368.330    21468.500    21470.120
   870:    21491.100    21498.120    21515.100    21524.120    21567.100
   875:    21572.120    21615.100    21620.100    21625.100    21627.100
   880:    21630.100    21630.120    21660.100    21668.100    21673.100
   885:    21679.100    21680.100    21685.120    21706.120    21711.120
   890:    21742.120    21776.120    21787.100    21798.120    21872.100
   895:    21873.100    21878.120    21914.120    21918.120    21930.100
   900:    21933.100    21937.120    21968.120    21996.100    21998.100
   905:    22000.100    22006.100    22006.120    22025.120    22028.120
   910:    22030.120    22034.120    22057.120    22069.100    22070.100
   915:    22079.120    22105.120    22106.120    22115.120    22129.200
   920:    22135.100    22140.100    22143.120    22179.300    22279.510
   925:    22507.120    22711.120    22749.120    22783.120    22788.120
   930:    22793.120    22793.120    22799.120    22808.120    22839.120
   935:    22857.120    22862.110    22874.120    22906.120    22908.120
   940:    22911.120    22914.120    22923.120    22948.120    22953.120
   945:    22958.110    22961.110    22962.110    22964.110    22972.120
   950:    22998.120    23018.120    23027.110    23030.120    23054.110
   955:    23063.120    23084.110    23093.110    23094.110    23101.120
   960:    23137.110    23150.120    23182.120    23200.120    23206.110
   965:    23206.210    23211.120    23256.310    23264.120    23356.510
   970:    23752.120    23812.120    23827.120    23860.120    23861.120
   975:    23862.120    23867.120    23871.120    23877.110    23880.120
   980:    23920.120    23922.120    23922.120    23923.120    23928.120
   985:    23930.120    23933.120    23940.120    23969.120    23974.120
   990:    23981.110    23984.120    24010.120    24015.110    24022.110
   995:    24024.120    24056.120    24058.120    24066.110    24069.110
  1000:    24072.110    24074.110    24084.110    24086.110    24092.120
  1005:    24119.120    24122.120    24123.120    24124.120    24130.110
  1010:    24134.120    24167.120    24172.110    24176.110    24179.110
  1015:    24182.110    24230.120    24244.110    24244.210    24246.110
  1020:    24248.110    24255.120    24294.310    24394.500    24600.120
  1025:    24862.100    24871.120    24884.120    24889.100    24893.100
  1030:    24898.120    24959.100    24962.100    24964.100    24967.120
  1035:    25019.200    25020.100    25024.120    25069.300    25075.120
  1040:    25169.500    25408.120    25844.100    25850.120    25881.100
  1045:    25885.100    25889.120    25904.200    25954.300    25962.120
  1050:    26054.510    26606.120    26651.120    26657.120    26666.110
  1055:    26671.120    26692.120    26692.120    26694.120    26698.120
  1060:    26705.110    26708.120    26748.120    26800.120    26849.120
  1065:    26867.110    26869.110    26871.110    26877.120    26904.120
  1070:    26925.110    26925.210    26928.110    26935.120    26975.310
  1075:    27075.510    27180.120    27201.120    27208.120    27210.120
  1080:    27222.120    27223.120    27229.120    27229.120    27470.120
  1085:    27512.120    27536.110    27539.120    27585.120    27588.120
  1090:    27596.110    27598.120    27621.120    27624.120    27635.110
  1095:    27654.120    27672.120    27673.120    27675.120    27677.120
  1100:    27679.120    27687.120    27699.110    27701.110    27712.120
  1105:    27730.120    27733.120    27735.120    27740.120    27743.120
  1110:    27755.120    27782.110    27786.120    27816.120    27819.120
  1115:    27822.120    27831.110    27836.120    27855.110    27858.110
  1120:    27863.120    27886.120    27893.110    27895.110    27899.110
  1125:    27904.110    27908.120    27920.120    27922.120    27938.110
  1130:    27938.210    27943.110    27944.120    27988.310    28088.510
  1135:    28185.120    28186.120    28202.120    28443.120    28457.110
  1140:    28462.120    28477.120    28490.120    28531.120    28535.120
  1145:    28537.120    28544.110    28548.120    28576.120    28580.120
  1150:    28586.110    28589.110    28593.110    28596.120    28625.120
  1155:    28628.120    28637.120    28670.120    28675.110    28680.120
  1160:    28703.110    28705.110    28716.120    28738.110    28743.120
  1165:    28773.110    28775.110    28782.120    28893.120    28905.120
  1170:    28908.120    28910.120    28928.110    28935.120    28962.110
  1175:    28962.210    28964.110    28975.120    29012.310    29112.510
  1180:    29595.120    29709.120    29735.120    29742.120    29773.120
  1185:    29794.110    29798.120    29843.120    29851.110    29855.120
  1190:    29867.120    29890.120    29909.120    29914.120    29923.110
  1195:    29941.120    29954.120    29955.120    29955.120    29957.120
  1200:    29971.110    29974.120    30008.120    30017.110    30017.210
  1205:    30021.110    30024.110    30026.120    30067.310    30167.500
  1210:    30393.120    30397.120    30411.120    30413.120    30414.120
  1215:    30424.120    30424.120    30431.120    30518.100    30525.100
  1220:    30530.120    30552.100    30555.100    30560.120    30589.100
  1225:    30596.100    30624.100    30633.120    30651.100    30656.100
  1230:    30658.100    30663.120    30682.100    30684.100    30688.120
  1235:    30712.120    30717.100    30720.100    30721.100    30723.100
  1240:    30725.100    30730.100    30730.120    30767.100    30776.100
  1245:    30777.200    30778.100    30785.120    30827.300    30832.120
  1250:    30927.500    31279.120    31298.100    31306.120    31331.100
  1255:    31335.100    31340.120    31358.100    31364.100    31368.120
  1260:    31403.120    31409.100    31412.100    31415.100    31418.120
  1265:    31459.100    31462.100    31465.100    31467.120    31499.100
  1270:    31503.100    31506.100    31507.100    31510.100    31511.120
  1275:    31553.120    31559.200    31609.300    31709.540    32140.120
  1280:    32156.120    32173.120    32192.120    32231.120    32244.120
  1285:    32266.120    32268.120    32270.120    32275.120    32283.110
  1290:    32285.110    32290.120    32313.120    32315.120    32316.120
  1295:    32323.110    32327.120    32352.120    32358.110    32361.110
  1300:    32364.110    32371.120    32402.120    32412.110    32415.110
  1305:    32426.120    32442.120    32443.120    32452.110    32456.110
  1310:    32461.120    32476.120    32504.110    32506.120    32548.110
  1315:    32551.120    32568.120    32588.110    32591.120    32627.120
  1320:    32636.110    32639.120    32670.120    32684.110    32688.110
  1325:    32696.120    32734.120    32740.120    32754.120    32771.120
  1330:    32838.120    32842.120    32843.120    32850.110    32855.120
  1335:    32891.120    32910.110    32915.120    33111.120    33126.120
  1340:    33401.110    33405.120    33421.120    33450.120    33499.120
  1345:    33509.340    33520.120    33560.120    33609.510    33610.120
  1350:    33611.120    33613.120    33641.120    33730.120    33735.120
  1355:    33745.110    33748.120    33790.110    33799.110    33804.120
  1360:    33833.120    33836.120    33840.120    33842.120    33848.110
  1365:    33851.120    33874.120    33885.110    33896.120    33897.110
  1370:    33898.120    33911.120    33912.120    33915.120    33917.120
  1375:    33919.120    33921.120    33929.110    33931.120    33951.110
  1380:    33958.120    33977.120    33979.120    33979.120    33980.120
  1385:    33982.120    33986.120    33990.110    34000.110    34002.120
  1390:    34025.120    34073.120    34085.110    34089.120    34107.120
  1395:    34117.110    34119.120    34143.120    34153.110    34156.120
  1400:    34187.120    34191.120    34193.120    34193.120    34194.120
  1405:    34200.110    34203.120    34213.120    34222.110    34227.110
  1410:    34241.120    34263.120    34263.120    34272.110    34275.120
  1415:    34276.120    34328.120    34330.120    34331.120    34342.120
  1420:    34348.110    34353.120    34383.110    34428.120    34442.110
  1425:    34446.120    34451.120    34463.110    34465.110    34468.110
  1430:    34472.120    34498.110    34498.210    34503.120    34548.310
  1435:    34648.500    34919.100    34925.100    34928.120    34942.100
  1440:    34946.100    34949.100    34954.120    34972.100    34976.100
  1445:    34979.100    34982.100    34985.120    35032.100    35036.100
  1450:    35038.100    35041.120    35082.100    35085.100    35090.120
  1455:    35117.100    35120.120    35146.100    35150.100    35151.100
  1460:    35155.120    35175.100    35180.100    35184.100    35188.120
  1465:    35202.100    35213.100    35217.120    35253.100    35256.100
  1470:    35258.100    35261.100    35262.120    35262.200    35312.300
  1475:    35412.500    35806.100    35809.120    35824.100    35921.100
  1480:    35929.100    35932.120    35963.100    35966.100    35969.120
  1485:    36023.200    36073.300    36173.500    36474.100    36478.120
  1490:    36491.120    36502.100    36507.120    36533.120    36533.120
  1495:    36542.100    36544.100    36548.120    36587.100    36590.100
  1500:    36594.120    36647.100    36651.100    36652.100    36655.120
  1505:    36703.120    36708.100    36711.100    36716.100    36716.120
  1510:    36755.100    36759.120    36776.200    36783.100    36787.100
  1515:    36788.100    36791.100    36792.120    36826.300    36926.500
  1520:    37279.100    37291.100    37294.120    37314.100    37320.120
  1525:    37388.100    37390.100    37394.120    37433.100    37437.100
  1530:    37440.120    37485.100    37488.100    37492.120    37537.120
  1535:    37545.100    37545.200    37548.100    37549.100    37553.120
  1540:    37595.300    37695.510    37944.120    37947.120    38158.120
  1545:    38181.120    38183.120    38187.120    38196.120    38217.120
  1550:    38232.120    38254.120    38259.120    38263.120    38266.120
  1555:    38268.120    38270.120    38270.120    38273.120    38275.120
  1560:    38278.120    38288.120    38320.120    38323.120    38326.120
  1565:    38330.120    38337.110    38340.120    38370.110    38372.120
  1570:    38385.120    38393.110    38396.120    38419.110    38425.120
  1575:    38437.120    38466.110    38469.110    38476.120    38492.120
  1580:    38517.110    38518.110    38522.110    38524.110    38531.120
  1585:    38545.120    38560.110    38560.210    38563.120    38610.310
  1590:    38710.510    38967.120    39225.120    39261.120    39286.120
  1595:    39317.120    39319.120    39320.120    39324.120    39326.120
  1600:    39336.120    39337.120    39340.120    39349.110    39349.210
  1605:    39352.120    39399.310    39499.510    39690.120    39887.120
  1610:    39900.120    39908.120    39997.120    40009.120    40045.110
  1615:    40050.110    40054.120    40084.120    40086.120    40088.120
  1620:    40098.120    40130.110    40138.120    40155.120    40190.120
  1625:    40192.120    40197.110    40197.210    40200.120    40247.310
  1630:    40347.500    40518.120    40519.120    40521.120    40700.120
  1635:    40718.120    40852.100    40857.100    40860.120    40881.100
  1640:    40884.100    40887.100    40887.120    40942.100    40945.100
  1645:    40949.120    40992.100    40995.100    40999.120    41002.200
  1650:    41052.300    41152.500    41552.100    41556.120    41590.120
  1655:    41595.100    41601.120    41644.100    41646.100    41650.120
  1660:    41706.100    41712.120    41761.100    41764.100    41766.200
  1665:    41768.120    41816.300    41916.510
E:
     0:     1668.000      384.000      322.000
F:
     0:       70.000       29.533       33.767
G:
     0:        1.000        1.000        1.000        1.000        1.000
     5:        1.000        1.000        1.000        1.000        0.000
H:
     0:        1.000        1.000        2.000        2.000
L:
     0:     6290.000     8617.000     6323.000     6437.000     7044.000
     5:     6275.000     6417.000     6267.000     6759.000     6709.000
    10:     6348.000     7449.000     6195.000     6422.000     6236.000
    15:     6205.000     6133.000     6294.000     6652.000     6238.000
R:
     0:        1.000        1.000        1.000        1.000        1.000
     5:        1.000        1.000        1.000        1.000        0.000
S:
     0:        1.000        1.000
U:
     0:     6323.000        2.000        0.000
X:
     0:        0.000      558.001      561.002      619.002      669.000
     5:      669.000     1460.001     1518.002     1519.003     1520.003
    10:     1570.000     1570.000     1919.001     2024.002     2074.003
    15:     2078.004     2080.005     2082.006     2132.007     2135.008
    20:     2137.009     2139.010     2182.011     2187.012     2188.013
    25:     2192.013     2242.000     2242.000     2672.001     2677.002
    30:     2815.003     2850.004     2855.005     2857.006     2875.006
    35:     2925.000     2925.000     3559.001     3564.002     3619.002
    40:     3669.000     3669.000     3969.001     4061.002     4065.003
    45:     4159.004     4164.005     4226.006     4285.007     4286.007
    50:     4289.008     4290.009     4336.000     4336.000     4666.001
    55:     4671.002     4683.003     4689.004     4777.005     4781.006
    60:     4783.007     4907.008     4914.009     4948.010     4967.010
    65:     5017.000     5017.000     5505.001     5510.002     5573.003
    70:     5577.004     5580.005     5602.006     5606.007     5607.008
    75:     5633.008     5683.000     5683.000     6177.002     6185.004
    80:     6232.006     6235.008     6237.010     6302.012     6304.014
    85:     6348.016     6352.018     6386.020     6419.022     6425.024
    90:     6495.026     6497.028     6498.030     6581.032     6586.034
    95:     6588.036     6657.038     6659.040     6721.042     6726.044
   100:     6728.046     6730.048     6777.050     6862.052     7038.054
   105:     7044.056     7184.058     7190.060     7197.062     7205.064
   110:     7283.066     7287.068     7289.070     7290.072     7295.074
   115:     7326.076     7369.078     7442.080     7445.082     7480.084
   120:     7659.085     7666.086     7672.087     7716.088     7717.089
   125:     7719.090     7752.091     7773.092     7775.093     7832.094
   130:     7834.095     7835.096     7880.097     7945.098     7947.099
   135:     7996.100     8007.101     8009.102     8086.103     8087.104
   140:     8088.105     8188.106     8190.107     8191.108     8248.108
   145:     8250.109     8251.110     8298.000     8298.000     8571.002
   150:     8581.004     8588.006     8654.008     8658.010     8659.012
   155:     8699.014     8701.016     8702.018     8704.020     8749.022
   160:     8750.024     8780.026     8782.028     8785.030     8787.032
   165:     8828.034     8829.036     8833.038     8834.040     8882.042
   170:     8884.044     8886.046     8887.048     8919.050     8924.052
   175:     8925.054     8927.056     8928.058     8934.060     8936.062
   180:     8939.064     9002.066     9003.068     9152.070     9154.072
   185:     9158.074     9226.076     9228.078     9309.080     9311.082
   190:     9313.084     9316.086     9936.088     9941.090    10030.092
   195:    10036.094    10038.096    10063.098    10067.100    10069.102
   200:    10072.104    10220.105    10245.106    10296.107    10344.108
   205:    10349.109    10354.110    10356.111    10359.112    10389.113
   210:    10397.114    10402.115    10408.116    10409.117    10516.118
   215:    10601.119    10602.120    10660.121    10662.122    10726.123
   220:    10727.124    10729.125    10735.126    10798.127    10800.128
   225:    10858.128    10864.129    10870.130    10908.000    10908.000
   230:    11375.001    11402.002    11406.003    11472.004    11475.005
   235:    11477.006    11532.006    11534.007    11582.000    11582.000
   240:    12256.001    12293.002    12297.003    12316.003    12366.000
   245:    12366.000    12716.001    12724.002    12750.003    12753.004
   250:    12788.005    12795.006    12822.007    12850.008    12854.009
   255:    12856.010    12881.011    12883.012    12915.013    12918.014
   260:    12920.015    12921.016    12923.017    12928.018    12965.019
   265:    12974.020    12975.020    12976.021    13025.000    13025.000
   270:    13396.001    13429.002    13433.003    13456.004    13462.005
   275:    13507.006    13510.007    13513.008    13557.009    13560.010
   280:    13562.011    13597.012    13601.013    13603.014    13605.015
   285:    13608.016    13657.016    13707.000    13707.000    13977.001
   290:    13983.002    14000.003    14004.004    14007.005    14030.006
   295:    14034.007    14037.008    14040.009    14090.010    14094.011
   300:    14096.012    14140.013    14143.014    14175.015    14204.016
   305:    14208.017    14209.018    14233.019    14238.020    14242.021
   310:    14260.022    14271.023    14311.024    14314.025    14316.026
   315:    14319.027    14320.027    14370.000    14370.000    14763.001
   320:    14781.002    14878.003    14886.004    14920.005    14923.006
   325:    14980.006    15030.000    15030.000    15331.001    15359.002
   330:    15399.003    15401.004    15444.005    15447.006    15504.007
   335:    15508.008    15509.009    15565.010    15568.011    15573.012
   340:    15612.013    15633.013    15640.014    15644.015    15645.016
   345:    15648.017    15683.000    15683.000    16036.001    16047.002
   350:    16071.003    16144.004    16147.005    16190.006    16193.007
   355:    16242.008    16244.009    16301.010    16302.010    16304.011
   360:    16306.012    16352.000    16352.000    16856.001    16861.002
   365:    16886.003    16889.004    16891.005    16947.006    16949.007
   370:    16996.008    16999.009    17007.009    17057.000    17057.000
   375:    17456.001    17499.002    17548.003    17551.004    17610.005
   380:    17665.006    17668.007    17670.007    17720.000
Y:
     0:        0.000       54.001      115.002      172.003      204.004
     5:      278.005      282.006      285.007      366.008      413.009
    10:      441.010      447.011      451.012      476.013      483.014
    15:      488.015      521.016      567.017      567.017      575.018
    20:      580.019      584.020      617.000      617.000     1035.001
    25:     1080.002     1086.003     1126.004     1177.005     1177.005
    30:     1178.006     1227.000     1227.000     1657.001     1751.002
    35:     1803.003     1803.003     1853.000     1853.000     2441.001
    40:     2474.002     2502.003     2503.003     2553.000     2553.000
    45:     3013.001     3044.002     3068.003     3077.004     3147.005
    50:     3171.006     3173.007     3185.008     3185.008     3235.000
    55:     3235.000     4081.001     4081.001     4131.000     4131.000
    60:     4640.001     4711.002     4713.003     4720.004     4787.005
    65:     4787.005     4793.006     4837.000     4837.000     5562.001
    70:     5562.001     5569.002     5612.000     5612.000     5987.002
    75:     6102.004     6139.006     6146.008     6193.010     6239.012
    80:     6280.014     6286.016     6287.018     6386.020     6438.022
    85:     6440.024     6477.026     6481.028     6517.030     6521.032
    90:     6589.034     6646.036     6761.038     6861.040     6923.042
    95:     7104.044     7113.046     7375.048     7513.049     7615.050
   100:     7645.051     7647.052     7679.053     7683.054     7685.055
   105:     7726.056     7729.057     7738.058     7784.059     7787.060
   110:     7793.061     7797.062     7832.063     7902.064     7903.065
   115:     7917.066     8057.067     8093.068     8094.069     8097.070
   120:     8159.071     8161.072     8168.073     8172.074     8173.075
   125:     8176.076     8226.077     8317.078     8374.079     8374.079
   130:     8379.080     8390.081     8424.000     8424.000     8765.001
   135:     8799.002     8845.003     8848.004     8878.005     8880.006
   140:     8918.007     8963.008     9020.009     9045.010     9048.011
   145:     9053.012     9082.013     9085.014     9152.015     9182.016
   150:     9220.017     9244.018     9248.019     9249.020     9285.021
   155:     9312.022     9312.022     9314.023     9362.000     9362.000
   160:     9945.001    10040.002    10043.003    10045.004    10046.005
   165:    10110.006    10136.007    10166.008    10175.009    10177.010
   170:    10219.011    10289.012    10289.012    10339.000    10339.000
   175:    10859.001    10963.002    10997.003    11004.004    11048.005
   180:    11051.006    11055.007    11056.008    11066.009    11069.010
   185:    11113.011    11155.012    11158.013    11161.014    11164.015
   190:    11226.016    11227.016    11228.017    11230.018    11277.000
   195:    11277.000    11889.001    11927.002    12089.003    12091.004
   200:    12093.005    12148.006    12148.006    12151.007    12198.000
   205:    12198.000    12659.001    12718.002    12757.003    12821.004
   210:    12823.005    12904.006    12954.007    12977.008    12980.009
   215:    13015.010    13017.011    13021.012    13026.013    13060.014
   220:    13060.014    13066.015    13110.000    13110.000    13479.001
   225:    13566.002    13608.003    13611.004    13614.005    13697.006
   230:    13724.007    13727.008    13759.009    13794.010    13797.011
   235:    13949.012    13983.013    13983.013    13985.014    14033.000
   240:    14033.000    14715.001    14772.002    14844.003    14892.004
   245:    14938.005    14938.005    14942.006    14945.007    14988.000
   250:    14988.000    15561.002    15564.004    15601.006    15637.008
   255:    15640.010    15643.012    15691.014    15694.016    15730.018
   260:    15734.020    15782.022    15826.024    15867.026    15914.028
   265:    15963.030    15966.032    16129.034    16189.036    16680.038
   270:    17023.039    17069.040    17077.041    17127.042    17164.043
   275:    17176.044    17207.045    17230.046    17269.047    17279.048
   280:    17364.049    17396.050    17432.051    17478.052    17501.053
   285:    17506.054    17550.055    17627.056    17661.057    17720.058
   290:    17741.059    17743.060    17747.061    17777.062    17777.062
   295:    17827.000    17827.000    18468.001    18501.002    18524.003
   300:    18550.004    18597.005    18600.006    18648.007    18649.008
   305:    18653.009    18655.010    18691.011    18691.011    18741.000
   310:    18741.000    19379.001    19380.001    19430.000    19430.000
   315:    19976.001    19980.002    20060.003    20127.004    20127.004
   320:    20177.000    20177.000
