File: C:\MED-PC\Data\2018-05-23_12h06m_Subject M333.txt


Start Date: 05/23/18
End Date: 05/23/18
Subject: M333
Experiment: DOBLE_PICO_ACO
Group: EXP
Box: 10
Start Time: 12:06:57
End Time: 13:20:18
MSN: IF_ACO_MULTIPLE_PICO
A:     326.000
B:      21.000
D:      21.000
I:       2.000
J:   18000.000
K:    5400.000
M:       2.000
N:      21.000
O:      22.000
P:     457.000
Q:       0.000
T:    1000.000
V:     600.000
W:      21.000
Z:       0.000
C:
     0:        0.120        0.120        0.120        0.120        0.120
     5:        0.120        0.120        0.120        0.120        0.120
    10:        0.120        0.120        0.120        0.120        0.120
    15:        0.120        0.120        0.120        0.120        0.120
    20:        0.120        0.120        0.120        0.120        0.120
    25:        0.120        0.120        0.120        0.120        0.120
    30:        0.120        0.120        0.120        0.120        0.120
    35:        0.120        0.120        0.120        0.120        0.510
    40:        6.120       22.120       23.120       31.120      192.110
    45:      195.120      204.120      214.120      257.120      274.120
    50:      299.110      302.120      334.120      338.120      373.110
    55:      377.120      487.110      492.120      513.120      571.110
    60:      571.210      575.120      621.310      721.500      751.120
    65:      756.120     1055.120     1075.120     1155.120     1208.100
    70:     1222.120     1254.120     1255.120     1281.120     1286.100
    75:     1294.100     1302.100     1311.100     1328.120     1346.200
    80:     1396.300     1496.510     1561.120     1569.120     1571.120
    85:     1694.110     1698.120     1759.110     1764.120     1766.120
    90:     1774.120     1830.110     1836.110     1881.110     1884.110
    95:     1890.110     1893.120     1904.120     1917.120     1928.120
   100:     1942.110     1949.110     1992.110     1997.110     2001.120
   105:     2010.120     2064.110     2070.110     2076.120     2133.110
   110:     2133.210     2137.120     2183.310     2283.540     2320.120
   115:     2323.120     2329.120     2330.120     2608.110     2611.120
   120:     2647.120     2765.110     2774.110     2780.110     2830.110
   125:     2838.110     2843.120     2851.120     2853.120     2855.120
   130:     2879.120     2887.120     2892.110     2895.110     2898.110
   135:     2901.120     2921.120     2945.120     2956.110     2960.110
   140:     2963.110     3018.110     3024.110     3028.110     3038.120
   145:     3076.110     3089.110     3093.110     3097.110     3103.110
   150:     3110.120     3144.110     3151.110     3155.120     3191.120
   155:     3204.120     3224.110     3231.120     3237.120     3243.120
   160:     3243.120     3245.120     3252.120     3277.110     3283.110
   165:     3287.120     3295.120     3297.120     3317.120     3326.110
   170:     3329.120     3347.120     3369.120     3404.110     3408.110
   175:     3412.120     3441.120     3443.120     3477.110     3481.120
   180:     3487.120     3498.120     3531.120     3546.110     3550.110
   185:     3556.120     3659.110     3664.120     3678.120     3747.120
   190:     3793.120     3857.120     3859.120     3863.120     4083.340
   195:     4108.120     4130.120     4133.120     4181.120     4183.500
   200:     4309.120     4314.120     4341.120     4345.120     4382.100
   205:     4400.100     4405.120     4443.120     4445.120     4450.120
   210:     4496.100     4504.100     4510.100     4515.100     4522.100
   215:     4529.120     4571.100     4582.100     4587.100     4593.100
   220:     4599.100     4605.100     4615.100     4641.100     4649.100
   225:     4653.100     4658.100     4669.100     4685.100     4692.100
   230:     4694.100     4700.100     4727.100     4730.100     4736.120
   235:     4743.120     4745.120     4787.120     4787.200     4791.120
   240:     4837.300     4937.510     4957.120     4971.120     4978.120
   245:     4988.120     4999.120     5102.110     5107.120     5112.120
   250:     5121.120     5204.120     5212.120     5214.120     5216.120
   255:     5221.120     5225.120     5229.120     5233.120     5240.120
   260:     5470.110     5478.110     5482.120     5489.120     5493.120
   265:     5532.110     5538.110     5541.110     5545.120     5553.120
   270:     5575.120     5594.110     5594.210     5597.120     5644.310
   275:     5744.510     6188.110     6194.110     6197.110     6202.120
   280:     6213.120     6215.120     6216.120     6254.110     6255.110
   285:     6262.110     6269.120     6277.120     6293.120     6301.110
   290:     6305.120     6334.120     6354.110     6358.110     6366.110
   295:     6370.120     6393.120     6397.120     6411.110     6411.210
   300:     6414.120     6461.310     6561.500     6579.120     7097.100
   305:     7102.120     7125.120     7127.120     7150.120     7166.120
   310:     7190.120     7216.100     7230.100     7234.120     7255.120
   315:     7276.200     7284.120     7326.300     7426.500     7452.120
   320:     7453.120     7476.120     7934.100     7942.120     7977.120
   325:     7979.120     7982.120     8022.120     8030.120     8107.120
   330:     8141.100     8143.100     8160.100     8162.100     8170.100
   335:     8176.100     8192.100     8194.100     8196.100     8201.200
   340:     8202.100     8206.120     8251.300     8351.510     8465.110
   345:     8468.120     8495.120     8530.120     8575.120     8593.120
   350:     8600.120     8616.120     8662.120     8666.120     8993.120
   355:     9007.120     9030.110     9030.210     9033.120     9080.310
   360:     9180.500     9257.120     9274.120     9292.120     9293.120
   365:     9317.120     9475.120     9481.120     9545.120     9559.120
   370:     9571.120     9573.120     9576.120     9608.120     9610.120
   375:     9622.120     9645.120     9647.120     9674.120     9695.120
   380:     9720.100     9731.100     9736.120     9791.200     9796.120
   385:     9841.300     9941.500     9947.120     9980.120    10020.120
   390:    10030.120    10032.120    10034.120    10039.120    10164.120
   395:    10180.120    10187.120    10398.120    10432.120    10439.120
   400:    10443.120    10448.120    10500.100    10504.120    10533.120
   405:    10535.120    10560.200    10564.120    10610.300    10710.510
   410:    10806.120    10812.120    10813.120    10826.120    10828.120
   415:    11184.110    11189.120    11243.110    11246.110    11250.120
   420:    11292.110    11296.120    11344.110    11346.110    11346.210
   425:    11349.120    11396.310    11405.120    11496.530    11515.120
   430:    11646.100    11649.120    11682.120    11683.120    11742.120
   435:    11751.120    11768.120    11773.120    11778.100    11782.120
   440:    11975.120    11985.120    11999.120    12002.120    12012.120
   445:    12073.100    12078.100    12082.100    12089.120    12168.100
   450:    12171.100    12176.100    12190.100    12195.100    12198.100
   455:    12203.100    12215.100    12233.100    12237.100    12244.100
   460:    12248.100    12255.120    12276.120    12284.120    12310.120
   465:    12343.120    12417.120    12506.120    12515.120    12552.120
   470:    12560.120    12564.120    12570.120    12572.120    12573.120
   475:    12606.120    12608.120    12613.120    12617.120    12624.120
   480:    12627.120    12637.120    12647.120    12668.120    12705.120
   485:    12725.120    12733.120    12738.120    12748.120    12749.120
   490:    12754.120    12756.120    12758.120    12760.120    12766.120
   495:    12767.120    12772.120    12790.120    12792.120    12809.120
   500:    12811.120    12813.120    12819.120    12923.120    12986.120
   505:    13015.120    13020.120    13022.120    13069.120    13117.100
   510:    13143.100    13148.120    13167.120    13184.120    13227.100
   515:    13235.100    13239.100    13242.100    13243.100    13247.100
   520:    13252.100    13256.100    13275.100    13278.100    13282.100
   525:    13296.330    13364.120    13368.120    13380.120    13383.120
   530:    13396.510    13417.120    13418.120    13442.120    13446.120
   535:    13576.110    13580.120    13589.120    13590.120    13629.120
   540:    13640.120    13641.120    13696.110    13699.120    13726.120
   545:    13728.120    13740.110    13744.120    13773.120    13793.110
   550:    13796.110    13800.120    13825.120    13846.110    13849.120
   555:    13890.110    13980.110    13990.110    13995.110    14000.110
   560:    14008.120    14030.110    14030.210    14034.120    14080.310
   565:    14180.510    14436.120    14451.120    14481.120    14497.120
   570:    14525.110    14528.120    14577.110    14581.120    14636.110
   575:    14639.110    14645.110    14648.120    14690.110    14693.120
   580:    14710.120    14729.110    14742.110    14745.110    14749.110
   585:    14758.120    14783.110    14790.110    14800.110    14800.210
   590:    14804.120    14850.310    14856.120    14950.500    15447.100
   595:    15458.120    15472.120    15502.120    15543.100    15569.100
   600:    15574.100    15584.100    15590.120    15602.120    15603.200
   605:    15653.300    15753.500    15925.120    15926.120    15931.120
   610:    15950.120    15952.120    15955.120    15957.120    15959.120
   615:    15961.120    16353.120    16367.120    16368.120    16370.120
   620:    16402.100    16406.120    16462.200    16467.120    16512.300
   625:    16517.120    16612.510    16739.110    16776.120    16793.120
   630:    16818.120    16838.120    16846.120    16877.120    16924.120
   635:    16938.120    17021.120    17048.120    17105.120    17175.110
   640:    17178.120    17209.120    17252.120    17274.120    17277.120
   645:    17277.120    17303.110    17303.210    17305.120    17350.120
   650:    17353.310    17453.510    17932.110    17944.110    17949.120
   655:    17952.120    17965.120    17969.120    17970.120    17983.120
   660:    18000.110    18008.120    18030.120    18036.110    18048.110
   665:    18052.110    18056.110    18065.120    18090.110    18090.210
   670:    18093.120    18140.310    18240.500    18497.120    18506.120
   675:    18605.120    18734.120    18748.120    18774.120    18776.120
   680:    18790.120    18796.120    18818.120    18838.120    18840.120
   685:    18878.100    18887.100    18889.100    18893.100    18902.100
   690:    18908.120    18938.200    18943.120    18988.300    19088.500
   695:    19536.100    19539.120    19570.120    19572.120    19593.120
   700:    19595.120    19611.120    19649.120    19686.100    19699.100
   705:    19701.100    19708.120    19746.200    19752.120    19796.300
   710:    19896.510    19909.110    19912.110    19917.120    19925.120
   715:    19926.120    19972.120    19973.120    20252.110    20255.120
   720:    20265.120    20361.120    20362.120    20369.120    20385.120
   725:    20400.120    20402.120    20423.120    20431.110    20436.110
   730:    20441.110    20444.110    20446.120    20479.120    20480.120
   735:    20482.120    20488.110    20497.110    20501.110    20517.110
   740:    20517.210    20522.120    20567.310    20667.510    20976.120
   745:    20980.120    21004.120    21018.110    21022.120    21031.120
   750:    21038.120    21078.120    21083.120    21086.120    21088.120
   755:    21096.120    21100.110    21109.120    21153.110    21181.120
   760:    21231.120    21277.120    21298.110    21298.210    21301.120
   765:    21348.310    21448.500    21943.120    21960.120    21992.100
   770:    22003.100    22007.120    22034.100    22043.100    22052.100
   775:    22052.200    22057.120    22102.300    22202.500    22294.120
   780:    22302.120    22342.120    22375.120    22397.120    22419.120
   785:    22711.120    22728.120    22740.120    22741.120    22757.120
   790:    22759.120    22763.120    22778.120    22791.120    22826.100
   795:    22835.100    22839.120    22879.100    22884.100    22886.200
   800:    22890.100    22892.120    22936.300    22940.120    23036.500
   805:    23122.120    23136.120    23165.120    23168.120    23210.120
   810:    23226.120    23241.120    23344.120    23347.120    23356.120
   815:    23364.120    23381.120    23385.120    23416.120    23417.120
   820:    23429.120    23433.120    23441.120    23468.120    23511.120
   825:    23514.120    23515.120    23664.120    23747.100    23756.100
   830:    23760.120    23796.100    23807.200    23812.100    23820.120
   835:    23857.300    23933.120    23938.120    23950.120    23952.120
   840:    23957.540    23974.120    23977.120    23979.120    23988.120
   845:    23997.120    24001.120    24006.120    24010.120    24013.120
   850:    24014.120    24016.120    24017.120    24022.120    24024.120
   855:    24035.120    24042.120    24075.120    24163.120    24186.120
   860:    24478.110    24529.110    24541.110    24545.120    24550.120
   865:    24564.120    24587.110    24595.110    24597.110    24600.120
   870:    24623.120    24626.120    24631.110    24637.110    24641.110
   875:    24646.120    24669.120    24678.110    24684.110    24687.110
   880:    24697.110    24703.110    24709.110    24711.110    24721.120
   885:    24737.110    24740.110    24744.110    24747.110    24751.110
   890:    24753.110    24758.110    24762.110    24765.110    24770.110
   895:    24774.110    24778.110    24780.110    24782.110    24786.110
   900:    24795.110    24799.110    24806.110    24815.110    24832.120
   905:    24851.110    24853.110    24865.110    24870.110    24872.110
   910:    24879.110    24895.120    24923.110    24928.110    24934.120
   915:    24956.120    24971.120    24974.120    24983.110    24985.110
   920:    24990.120    25021.120    25062.110    25068.110    25072.120
   925:    25079.120    25093.120    25097.120    25100.120    25103.120
   930:    25118.120    25153.120    25157.120    25217.120    25256.110
   935:    25261.120    25757.340    25766.120    25775.120    25780.120
   940:    25787.120    25806.120    25816.120    25841.120    25855.120
   945:    25857.510    25862.120    25874.120    25874.120    25910.110
   950:    25914.120    25925.120    25958.110    25961.120    25973.120
   955:    26025.110    26028.120    26076.120    26098.120    26136.110
   960:    26140.120    26152.120    26154.120    26186.110    26190.120
   965:    26205.120    26209.120    26227.120    26229.120    26243.110
   970:    26247.120    26259.120    26267.120    26286.110    26292.110
   975:    26297.110    26301.110    26304.110    26307.110    26311.110
   980:    26313.110    26318.110    26319.110    26323.110    26326.110
   985:    26366.110    26372.110    26375.110    26380.110    26383.110
   990:    26387.110    26389.110    26393.110    26406.110    26411.110
   995:    26418.110    26422.110    26434.110    26436.110    26442.110
  1000:    26459.110    26461.110    26465.110    26468.110    26482.110
  1005:    26482.210    26488.120    26532.310    26632.510    26692.110
  1010:    26696.120    26766.110    26772.120    26791.120    26796.120
  1015:    26799.120    26801.120    26863.120    26906.120    26979.110
  1020:    26982.120    26998.120    27053.110    27056.120    27068.120
  1025:    27142.110    27145.120    27159.120    27180.110    27185.110
  1030:    27190.120    27215.120    27229.110    27234.110    27236.110
  1035:    27246.110    27250.110    27255.110    27275.110    27279.110
  1040:    27281.110    27288.110    27298.120    27320.110    27324.110
  1045:    27326.110    27338.110    27347.110    27351.110    27354.110
  1050:    27399.110    27399.210    27403.120    27449.310    27549.500
  1055:    28154.100    28160.120    28194.120    28211.120    28214.120
  1060:    28214.200    28217.120    28264.300    28274.120    28312.120
  1065:    28316.120    28364.510    28562.110    28566.120    28568.120
  1070:    28651.120    28684.120    28710.110    28712.120    28762.110
  1075:    28764.120    28788.120    28807.120    28833.110    28836.120
  1080:    28862.110    28865.110    28879.110    28883.110    28888.120
  1085:    28919.120    28922.120    28933.110    28942.110    28944.110
  1090:    28949.110    28952.110    28963.110    28965.110    28968.110
  1095:    28980.110    28983.110    28987.110    29001.120    29025.110
  1100:    29030.110    29032.110    29042.110    29045.110    29050.110
  1105:    29055.110    29059.110    29061.110    29071.110    29076.120
  1110:    29105.120    29120.110    29120.210    29123.120    29170.310
  1115:    29270.500    29392.120    29422.120    29450.120    29505.100
  1120:    29507.120    29530.120    29532.120    29533.120    29535.120
  1125:    29537.120    29554.120    29572.120    29574.120    29581.120
  1130:    29661.120    29697.120    29703.100    29708.120    29752.120
  1135:    29763.120    29804.120    29806.120    29821.100    29829.100
  1140:    29833.120    29859.120    29860.120    29880.100    29881.200
  1145:    29886.120    29931.300    30031.500    30115.120    30216.120
  1150:    30220.120    30225.120    30250.120    30281.120    30287.120
  1155:    30298.120    30304.100    30307.100    30310.120    30325.120
  1160:    30412.120    30423.120    30437.120    30438.120    30461.120
  1165:    30489.100    30494.120    30524.120    30538.120    30566.120
  1170:    30569.120    30574.120    30580.120    30627.100    30630.100
  1175:    30639.120    30686.100    30687.200    30693.120    30737.300
  1180:    30837.500    30939.120    30953.120    30957.120    31103.120
  1185:    31110.120    31113.120    31114.120    31117.120    31119.120
  1190:    31122.120    31125.120    31135.120    31139.120    31171.120
  1195:    31173.120    31214.100    31225.120    31272.100    31303.120
  1200:    31339.100    31356.100    31360.100    31366.100    31368.100
  1205:    31372.100    31375.100    31382.120    31398.100    31413.100
  1210:    31420.100    31424.100    31427.100    31434.100    31437.100
  1215:    31458.200    31461.120    31508.300    31608.510    32319.110
  1220:    32319.210    32323.120    32369.310    32469.510    32493.120
  1225:    32500.120    32552.120    32593.120    32666.120    32679.120
  1230:    32693.120    32718.120    32722.120    32723.120    32725.120
  1235:    32727.120    32734.120    32736.120    32738.120    32751.120
  1240:    32752.120    32792.120    32820.120    32832.110    32837.120
  1245:    32878.110    32883.110    32887.120    32921.110    32925.120
  1250:    32934.120    32939.110    32941.110    32992.110    32998.110
  1255:    33006.110    33048.110    33052.110    33054.110    33059.110
  1260:    33065.110    33069.120    33085.110    33089.110    33092.110
  1265:    33103.110    33110.110    33117.110    33121.110    33129.110
  1270:    33138.110    33144.120    33153.120    33166.110    33171.110
  1275:    33176.120    33181.110    33184.110    33187.110    33198.110
  1280:    33202.110    33209.110    33222.110    33224.110    33231.110
  1285:    33233.110    33246.110    33260.110    33260.210    33265.120
  1290:    33310.310    33399.120    33410.530    33438.120    33448.120
  1295:    33465.120    33469.120    33515.100    33807.120    34075.120
  1300:    34098.120    34123.100    34127.120    34146.120    34160.100
  1305:    34169.100    34171.100    34178.120    34223.100    34234.100
  1310:    34240.100    34244.100    34250.100    34253.100    34256.100
  1315:    34284.120    34291.100    34303.100    34307.100    34309.100
  1320:    34313.100    34323.100    34326.100    34348.100    34352.100
  1325:    34355.100    34362.100    34364.100    34371.100    34375.120
  1330:    34409.100    34425.100    34434.100    34438.100    34442.120
  1335:    34514.120    34516.120    34533.120    34542.120    34556.100
  1340:    34565.100    34567.100    34570.100    34576.100    34581.120
  1345:    34620.100    34653.100    34656.100    34660.100    34665.120
  1350:    34718.120    34721.120    34910.120    34915.120    34924.120
  1355:    34984.120    35044.120    35045.120    35052.120    35096.120
  1360:    35118.120    35120.120    35122.120    35150.100    35155.120
  1365:    35210.330    35210.100    35230.120    35233.120    35255.120
  1370:    35256.120    35278.120    35310.510    35323.120    35326.120
  1375:    35575.110    35578.120    35625.110    35629.120    35637.120
  1380:    35647.120    35659.120    35662.120    35675.110    35680.110
  1385:    35683.120    35706.120    35724.110    35729.120    35758.120
  1390:    35761.120    35772.110    35780.110    35784.120    35822.110
  1395:    35829.110    35831.110    35843.110    35854.110    35858.110
  1400:    35861.110    35876.110    35883.110    35887.110    35891.110
  1405:    35896.110    35901.110    35913.110    35917.110    35925.110
  1410:    35931.110    35953.110    35953.210    35956.120    36003.310
  1415:    36103.500    36112.120    36164.120    36187.120    36206.100
  1420:    36210.100    36216.120    36236.120    36256.120    36258.120
  1425:    36268.120    36278.100    36283.100    36285.100    36287.100
  1430:    36294.100    36300.100    36305.120    36329.120    36331.120
  1435:    36334.120    36341.100    36344.100    36347.100    36356.100
  1440:    36364.100    36368.120    36386.120    36389.120    36395.100
  1445:    36419.100    36425.100    36427.100    36428.100    36432.100
  1450:    36438.100    36450.100    36453.100    36466.120    36472.100
  1455:    36479.100    36486.100    36488.100    36498.100    36502.100
  1460:    36504.100    36517.100    36520.100    36522.100    36536.100
  1465:    36548.100    36573.120    36596.100    36621.120    36625.120
  1470:    36716.120    36767.100    36827.200    36868.120    36877.300
  1475:    36897.120    36899.120    36911.120    36931.120    36941.120
  1480:    36951.120    36977.510    37244.110    37247.120    37272.120
  1485:    37276.120    37277.120    37311.120    37471.110    37474.120
  1490:    37510.120    37533.110    37537.120    37556.120    37557.120
  1495:    37583.110    37587.120    37602.120    37603.120    37641.110
  1500:    37641.210    37646.120    37691.310    37698.120    37791.510
  1505:    38259.110    38266.120    38291.110    38296.110    38299.110
  1510:    38308.110    38313.110    38318.120    38344.110    38347.110
  1515:    38361.110    38367.110    38372.110    38375.110    38382.110
  1520:    38385.110    38396.110    38399.110    38404.110    38414.110
  1525:    38414.210    38419.120    38464.310    38564.500    38747.120
  1530:    38775.120    38783.120    38785.120    38787.120    38789.120
  1535:    38790.120    38791.120    38797.120    38810.120    38811.120
  1540:    38814.120    38816.120    38825.100    38830.120    38865.120
  1545:    38867.120    38884.100    38946.120    38973.100    38980.100
  1550:    38984.120    39010.100    39018.100    39032.100    39037.100
  1555:    39040.100    39046.100    39053.100    39064.120    39069.100
  1560:    39087.100    39092.100    39096.100    39099.100    39109.100
  1565:    39119.100    39144.100    39154.100    39159.100    39166.100
  1570:    39169.200    39170.100    39175.120    39219.300    39319.500
  1575:    39380.120    39400.120    39410.100    39558.120    39559.120
  1580:    39567.120    39568.120    39591.120    39592.120    39595.120
  1585:    39609.120    39615.100    39618.120    39644.120    39652.120
  1590:    39666.120    39692.120    39724.100    39727.100    39731.120
  1595:    39747.120    39749.120    39779.100    39788.100    39794.100
  1600:    39801.100    39805.100    39809.120    39815.100    39828.100
  1605:    39831.100    39834.100    39837.120    39862.100    39870.100
  1610:    39879.100    39880.100    39896.100    39900.100    39906.100
  1615:    39908.100    39916.120    39921.100    39922.200    39929.120
  1620:    39972.300    40072.510    40084.120    40098.120    40116.110
  1625:    40126.110    40322.110    40327.120    40352.120    40362.110
  1630:    40364.120    40410.110    40413.120    40430.120    40431.120
  1635:    40462.110    40465.120    40503.110    40509.110    40513.120
  1640:    40544.120    40599.110    40603.110    40605.110    40610.110
  1645:    40614.110    40618.120    40655.110    40658.110    40661.110
  1650:    40671.110    40677.110    40680.110    40717.110    40717.210
  1655:    40723.120    40767.310    40867.500    41501.100    41507.120
  1660:    41521.100    41531.120    41561.200    41567.120    41611.300
  1665:    41711.510    41937.110    41942.120    41949.120    41965.120
  1670:    41966.120    41990.110    41993.120
E:
     0:     1673.000      320.000      441.000
F:
     0:       70.000       34.063       29.572
G:
     0:        1.000        1.000        1.000        1.000        1.000
     5:        1.000        1.000        1.000        1.000        0.000
H:
     0:        1.000        1.000        2.000        2.000
L:
     0:     6346.000     6138.000     7252.000     7844.000     6205.000
     5:     6298.000     6628.000     7189.000     7078.000     6678.000
    10:     6149.000     6934.000     7815.000     6751.000     6204.000
    15:     6662.000     6306.000     7348.000     6150.000     6130.000
    20:     7042.000
R:
     0:        1.000        1.000        1.000        1.000        1.000
     5:        1.000        1.000        1.000        1.000        0.000
S:
     0:        1.000        1.000
U:
     0:     6205.000        4.000        0.000
X:
     0:        0.000      486.001      564.002      573.003      580.004
     5:      589.005      624.005      674.000      674.000      674.065
    10:      674.066      674.067      674.068      674.069      674.070
    15:      674.071      674.072      674.073      674.074      674.075
    20:      674.076      674.077      674.078      674.079      674.080
    25:      674.081      674.082      674.083      674.084      674.085
    30:      674.086      674.087      674.088      674.089      674.089
    35:      674.000      674.000     1210.001     1329.002     1343.003
    40:     1389.003     1439.000     1439.000     1947.001     2153.002
    45:     2155.003     2173.004     2175.005     2183.006     2188.007
    50:     2204.008     2206.009     2208.010     2213.010     2214.011
    55:     2263.000     2263.000     2802.001     2813.002     2873.002
    60:     2923.000     2923.000     3482.001     3542.001     3592.000
    65:     3592.000     3741.002     3873.004     4168.006     4173.008
    70:     4177.010     4263.012     4266.014     4271.016     4286.018
    75:     4291.020     4294.022     4299.024     4310.026     4328.028
    80:     4332.030     4340.032     4344.034     5212.036     5238.038
    85:     5322.040     5330.042     5334.044     5337.046     5339.048
    90:     5342.050     5347.052     5351.054     5370.056     5373.058
    95:     5377.060     7542.001     7638.002     7664.003     7669.004
   100:     7679.005     7698.005     7748.000     7748.000     8396.001
   105:     8456.001     8506.000     8506.000     9143.001     9152.002
   110:     9155.003     9158.004     9168.005     9203.005     9253.000
   115:     9253.000     9701.001     9850.002     9864.003     9866.004
   120:     9910.004     9960.000     9960.000    10504.001    10515.002
   125:    10546.003    10555.004    10564.005    10564.005    10614.000
   130:    10614.000    11237.001    11246.002    11290.003    11295.004
   135:    11297.004    11301.005    11347.000    11347.000    12058.001
   140:    12066.002    12107.003    12118.003    12123.004    12168.000
   145:    12168.000    12773.001    12833.001    12883.000    12883.000
   150:    13117.001    13315.002    13433.003    13441.004    13492.005
   155:    13493.005    13543.000    13543.000    13816.001    13819.002
   160:    14000.003    14139.004    14141.005    14198.006    14199.006
   165:    14249.000    14249.000    14625.001    14684.002    14751.003
   170:    14767.004    14771.005    14777.006    14779.007    14783.008
   175:    14787.009    14809.010    14824.011    14832.012    14835.013
   180:    14839.014    14846.015    14848.016    14869.016    14919.000
   185:    14919.000    15024.002    15631.004    15668.006    15677.008
   190:    15679.010    15731.012    15742.014    15748.016    15752.018
   195:    15758.020    15761.022    15764.024    15799.026    15811.028
   200:    15815.030    15817.032    15821.034    15831.036    15834.038
   205:    15856.040    15860.042    15863.044    15870.046    15872.048
   210:    15879.050    15917.052    15933.054    15942.056    15946.058
   215:    16064.060    16073.062    16075.064    16078.066    16084.068
   220:    16128.070    16161.072    16165.074    16168.076    16658.078
   225:    16718.079    17714.001    17718.002    17786.003    17791.004
   230:    17793.005    17795.006    17803.007    17808.008    17849.009
   235:    17853.010    17855.011    17864.012    17872.013    17903.014
   240:    17928.015    17933.016    17935.017    17936.018    17940.019
   245:    17946.020    17959.021    17961.022    17980.023    17987.024
   250:    17994.025    17997.026    18006.027    18010.028    18012.029
   255:    18025.030    18028.031    18030.032    18044.033    18056.034
   260:    18104.035    18276.036    18336.036    18386.000    18386.000
   265:    18647.001    18705.002    18794.003    18801.004    18832.005
   270:    18840.006    18853.007    18858.008    18862.009    18868.010
   275:    18875.011    18891.012    18908.013    18913.014    18918.015
   280:    18920.016    18930.017    18940.018    18966.019    18976.020
   285:    18981.021    18988.022    18991.022    18992.023    19041.000
   290:    19041.000    19132.001    19336.002    19446.003    19449.004
   295:    19501.005    19509.006    19516.007    19523.008    19526.009
   300:    19537.010    19550.011    19553.012    19555.013    19583.014
   305:    19591.015    19600.016    19602.017    19618.018    19622.019
   310:    19627.020    19629.021    19642.022    19644.022    19694.000
   315:    19694.000    20328.001    20347.002    20388.002    20438.000
Y:
     0:        0.000      192.001      299.002      373.003      487.004
     5:      571.005      571.005      621.000      621.000      819.001
    10:      884.002      955.003      961.004     1005.005     1009.006
    15:     1014.007     1067.008     1073.009     1117.010     1122.011
    20:     1189.012     1194.013     1258.014     1258.014     1308.000
    25:     1308.000     1632.002     1789.004     1798.006     1804.008
    30:     1854.010     1862.012     1916.014     1919.016     1922.018
    35:     1980.020     1984.022     1987.024     2042.026     2048.028
    40:     2052.030     2100.032     2113.034     2117.036     2121.038
    45:     2127.040     2168.042     2175.044     2248.046     2301.048
    50:     2307.050     2350.052     2428.054     2432.056     2501.058
    55:     2570.060     2574.062     2683.064     4126.001     4494.002
    60:     4502.003     4556.004     4562.005     4565.006     4618.007
    65:     4618.007     4668.000     4668.000     5111.001     5118.002
    70:     5121.003     5177.004     5179.005     5185.006     5225.007
    75:     5278.008     5281.009     5290.010     5335.011     5335.011
    80:     5385.000     5385.000     5499.001     6064.002     6064.002
    85:     6114.000     6114.000     6587.001     6646.002     6649.003
    90:     6695.004     6747.005     6749.006     6749.006     6799.000
    95:     6799.000     6799.061     6799.062     6799.063     6799.064
   100:     6799.065     6799.066     6799.067     6799.068     6799.069
   105:     6799.070     6799.071     6799.072     6799.072     6799.000
   110:     6799.000     6799.001     6799.002     6799.003     6799.004
   115:     6799.005     6799.006     6799.007     6799.008     6799.009
   120:     6799.010     6799.011     6799.012     6799.013     6799.013
   125:     6799.000     6799.000     6926.001     7362.002     7489.003
   130:     7489.003     7539.000     7539.000     8018.001     8029.002
   135:     8086.003     8122.004     8133.005     8137.006     8142.007
   140:     8176.008     8176.008     8226.000     8226.000     8239.001
   145:     8241.002     8582.003     8761.004     8766.005     8771.006
   150:     8774.007     8818.008     8826.009     8831.010     8847.011
   155:     8847.011     8897.000     8897.000     9247.001     9330.002
   160:     9382.003     9527.004     9527.004     9577.000     9577.000
   165:    10097.002    10148.004    10161.006    10206.008    10214.010
   170:    10216.012    10250.014    10256.016    10260.018    10297.020
   175:    10303.022    10306.024    10317.026    10322.028    10328.030
   180:    10330.032    10356.034    10359.036    10363.038    10366.040
   185:    10370.042    10372.044    10378.046    10381.048    10384.050
   190:    10389.052    10393.054    10397.056    10399.058    10401.060
   195:    10405.062    10414.064    10418.066    10425.068    10435.070
   200:    10470.072    10473.074    10484.076    10489.078    10491.080
   205:    10498.082    10542.084    10547.086    10602.088    10605.090
   210:    10681.092    10687.094    10875.096    11529.097    11577.098
   215:    11644.099    11755.100    11805.101    11862.102    11905.103
   220:    11912.104    11916.105    11920.106    11923.107    11926.108
   225:    11930.109    11933.110    11937.111    11939.112    11942.113
   230:    11945.114    11985.115    11991.116    11994.117    11999.118
   235:    12002.119    12006.120    12009.121    12012.122    12025.123
   240:    12030.124    12037.125    12041.126    12053.127    12055.128
   245:    12061.129    12078.130    12080.131    12084.132    12087.133
   250:    12101.134    12101.134    12151.000    12151.000    12210.001
   255:    12285.002    12497.003    12571.004    12660.005    12698.006
   260:    12704.007    12747.008    12752.009    12755.010    12764.011
   265:    12769.012    12773.013    12793.014    12797.015    12799.016
   270:    12807.017    12838.018    12842.019    12845.020    12856.021
   275:    12866.022    12869.023    12873.024    12917.025    12917.025
   280:    12967.000    12967.000    13164.001    13312.002    13364.003
   285:    13435.004    13464.005    13468.006    13481.007    13485.008
   290:    13536.009    13545.010    13547.011    13551.012    13555.013
   295:    13565.014    13568.015    13570.016    13582.017    13585.018
   300:    13589.019    13627.020    13632.021    13634.022    13644.023
   305:    13648.024    13653.025    13658.026    13662.027    13664.028
   310:    13674.029    13723.030    13723.030    13773.000    13773.000
   315:    14483.001    14484.001    14534.000    14534.000    14897.001
   320:    14943.002    14948.003    14985.004    15004.005    15006.006
   325:    15057.007    15063.008    15070.009    15113.010    15117.011
   330:    15119.012    15124.013    15130.014    15150.015    15153.016
   335:    15156.017    15168.018    15174.019    15182.020    15186.021
   340:    15194.022    15203.023    15231.024    15236.025    15246.026
   345:    15248.027    15252.028    15263.029    15267.030    15273.031
   350:    15286.032    15289.033    15296.034    15298.035    15311.036
   355:    15325.037    15325.037    15375.000    15375.000    15375.080
   360:    15375.081    15375.082    15375.083    15375.084    15375.085
   365:    15375.086    15375.087    15375.088    15375.089    15375.090
   370:    15375.091    15375.092    15375.093    15375.094    15375.095
   375:    15375.096    15375.097    15375.098    15375.099    15375.100
   380:    15375.101    15375.102    15375.103    15375.104    15375.104
   385:    15375.000    15375.000    15641.001    15868.002    15930.003
   390:    15980.004    16038.005    16038.005    16088.000    16088.000
   395:    16556.001    16587.002    16592.003    16595.004    16605.005
   400:    16609.006    16640.007    16643.008    16657.009    16663.010
   405:    16669.011    16671.012    16678.013    16682.014    16692.015
   410:    16695.016    16700.017    16710.018    16710.018    16760.000
   415:    16760.000    16803.001    16813.002    17009.003    17049.004
   420:    17098.005    17150.006    17191.007    17196.008    17287.009
   425:    17291.010    17292.011    17298.012    17301.013    17342.014
   430:    17345.015    17348.016    17359.017    17365.018    17368.019
   435:    17405.020    17405.020    17455.000    17455.000    17680.001
   440:    17733.002
