File: C:\MED-PC\Data\2018-05-28_12h10m_Subject M333.txt


Start Date: 05/28/18
End Date: 05/28/18
Subject: M333
Experiment: DOBLE_PICO_ACO
Group: EXP
Box: 10
Start Time: 12:10:35
End Time: 13:24:03
MSN: IF_ACO_MULTIPLE_PICO
A:     290.000
B:      20.000
D:      19.000
I:       2.000
J:   18000.000
K:    5400.000
M:       1.000
N:      20.000
O:      20.000
P:     552.000
Q:       0.000
T:    1000.000
V:     600.000
W:      20.000
Z:       0.000
C:
     0:        0.120        0.120        0.120        0.120        0.120
     5:        0.120        0.120        0.120        0.120        0.120
    10:        0.120        0.120        0.120        0.120        0.120
    15:        0.120        0.120        0.120        0.120        0.120
    20:        0.120        0.120        0.120        0.120        0.120
    25:        0.120        0.120        0.120        0.120        0.120
    30:        0.120        0.120        0.120        0.120        0.120
    35:        0.120        0.120        0.120        0.120        0.120
    40:        0.120        0.120        0.120        0.120        0.120
    45:        0.510       22.120       74.110       77.110       85.120
    50:      101.120      103.120      145.110      148.120      209.110
    55:      211.120      235.120      244.120      260.110      267.110
    60:      272.110      276.120      299.120      300.120      301.120
    65:      336.120      368.120      378.110      389.110      393.120
    70:      425.110      428.120      443.110      447.110      450.110
    75:      454.110      458.110      464.110      505.110      510.110
    80:      514.110      517.110      521.110      538.110      543.110
    85:      543.210      547.120      593.310      693.510      713.120
    90:      719.120      720.120      722.120      723.120      726.120
    95:      727.120     1001.110     1004.120     1047.120     1143.110
   100:     1147.120     1177.120     1224.110     1227.120     1242.120
   105:     1256.120     1275.120     1292.110     1292.210     1296.120
   110:     1342.310     1442.500     1515.120     1536.120     1566.120
   115:     1586.120     1610.100     1618.120     1675.120     1678.120
   120:     1742.120     1781.120     1839.100     1861.120     1901.120
   125:     2003.120     2009.120     2067.120     2167.100     2174.100
   130:     2184.100     2186.120     2227.200     2233.120     2277.300
   135:     2377.500     2480.120     2482.120     2483.120     2575.120
   140:     2593.120     2914.120     2996.120     3059.100     3067.120
   145:     3096.100     3118.100     3119.200     3124.120     3169.300
   150:     3269.510     3602.110     3605.120     3627.120     3631.120
   155:     3649.120     3653.120     3663.110     3668.110     3673.110
   160:     3716.110     3721.110     3724.120     3742.120     3751.120
   165:     3753.120     3770.110     3775.110     3778.110     3780.110
   170:     3781.110     3787.110     3793.110     3805.110     3807.110
   175:     3811.110     3813.110     3815.110     3819.120     3850.110
   180:     3853.110     3855.110     3867.110     3872.110     3876.110
   185:     3881.110     3882.110     3884.110     3886.110     3892.110
   190:     3896.110     3917.120     3936.110     3942.110     3955.110
   195:     3963.110     3966.110     4005.110     4014.110     4019.110
   200:     4022.110     4030.120     4047.120     4090.110     4090.210
   205:     4094.120     4140.310     4144.120     4240.500     4306.120
   210:     4331.120     4331.120     4332.120     4563.120     4566.120
   215:     4566.120     4590.120     4800.120     4832.120     4835.120
   220:     4837.120     4861.120     4892.100     4899.100     4902.120
   225:     4928.100     4952.200     4952.100     4958.120     5002.300
   230:     5102.510     5227.120     5228.120     5408.110     5412.120
   235:     5424.120     5452.110     5456.120     5477.120     5508.110
   240:     5512.120     5537.120     5538.120     5539.120     5564.110
   245:     5570.110     5574.110     5578.120     5612.120     5618.110
   250:     5623.110     5631.110     5636.110     5643.110     5647.110
   255:     5664.110     5671.110     5675.120     5704.120     5706.120
   260:     5709.120     5713.120     5727.110     5730.110     5732.110
   265:     5740.110     5745.110     5747.110     5751.110     5756.110
   270:     5761.120     5791.110     5794.110     5808.110     5812.110
   275:     5814.110     5821.110     5828.110     5831.110     5841.120
   280:     5874.110     5877.110     5881.110     5883.110     5885.110
   285:     5887.110     5891.110     5893.110     5897.110     5900.110
   290:     5900.210     5904.120     5950.310     6050.510     6421.110
   295:     6425.120     6437.120     6439.120     6451.120     6455.120
   300:     6481.120     6503.120     6544.110     6555.120     6571.120
   305:     6612.110     6620.110     6624.120     6651.120     6669.110
   310:     6677.110     6678.120     6693.120     6724.110     6727.110
   315:     6731.120     6763.120     6783.110     6785.110     6791.110
   320:     6793.110     6797.120     6841.110     6856.110     6856.210
   325:     6860.120     6906.310     7006.530     7033.120     7040.120
   330:     7041.120     7078.120     7080.120     7335.120     7367.100
   335:     7499.100     7505.120     7520.120     7522.120     7532.120
   340:     7532.120     7603.100     7609.100     7616.100     7619.120
   345:     7647.100     7656.100     7668.100     7679.100     7683.100
   350:     7686.100     7699.100     7707.100     7709.100     7723.100
   355:     7725.100     7742.120     7750.120     7789.100     7804.100
   360:     7808.120     7813.120     7837.120     7851.120     7874.120
   365:     7992.120     7996.120     8022.120     8030.120     8060.100
   370:     8067.120     8099.120     8160.120     8239.120     8245.120
   375:     8264.120     8350.120     8386.120     8389.120     8391.120
   380:     8408.120     8409.120     8410.120     8433.100     8438.120
   385:     8476.100     8512.120     8514.120     8566.100     8575.100
   390:     8577.100     8585.100     8589.100     8591.100     8597.100
   395:     8603.120     8607.100     8625.100     8641.100     8646.100
   400:     8648.100     8649.100     8652.100     8657.100     8659.100
   405:     8661.100     8663.100     8669.100     8684.100     8688.100
   410:     8690.100     8692.100     8700.100     8704.100     8712.100
   415:     8719.100     8722.100     8724.100     8729.100     8733.120
   420:     8735.120     8754.120     8770.100     8775.120     8802.120
   425:     8806.330     8841.120     8858.120     8897.120     8902.120
   430:     8906.500     8932.120     8934.120     8938.120     8939.120
   435:     8977.120     8978.120     8985.100     8989.120     9045.100
   440:     9053.120     9091.120     9136.120     9167.120     9264.120
   445:     9281.120     9334.120     9335.120     9396.120     9449.100
   450:     9457.120     9492.100     9494.100     9509.100     9509.200
   455:     9514.120     9559.300     9564.120     9659.510     9784.120
   460:    10155.110    10163.110    10168.120    10206.120    10212.110
   465:    10216.110    10221.110    10223.110    10228.110    10230.110
   470:    10233.110    10237.110    10244.110    10249.110    10252.110
   475:    10274.110    10282.110    10295.110    10339.110    10341.110
   480:    10346.110    10353.120    10375.110    10379.110    10402.110
   485:    10436.110    10440.110    10444.110    10448.110    10451.110
   490:    10454.110    10454.210    10459.120    10504.310    10604.510
   495:    10640.120    10953.110    10958.120    10972.120    11014.110
   500:    11022.110    11025.120    11048.120    11095.110    11104.120
   505:    11155.110    11164.110    11170.120    11198.120    11204.120
   510:    11209.110    11216.110    11219.110    11230.110    11233.110
   515:    11236.120    11263.110    11266.110    11268.110    11281.110
   520:    11285.110    11288.110    11290.110    11292.110    11294.110
   525:    11300.110    11303.110    11314.110    11322.110    11328.110
   530:    11334.110    11341.120    11360.120    11362.120    11363.120
   535:    11378.110    11380.110    11382.110    11397.110    11402.110
   540:    11402.210    11406.120    11452.310    11457.120    11552.500
   545:    11560.120    11562.120    11579.120    11584.120    11587.120
   550:    11652.120    11656.120    11686.120    11688.120    11872.100
   555:    12009.120    12023.120    12033.120    12036.120    12069.120
   560:    12075.120    12077.120    12078.120    12098.120    12114.120
   565:    12119.120    12151.120    12152.120    12154.120    12161.120
   570:    12169.120    12207.120    12234.120    12256.120    12286.100
   575:    12300.100    12304.120    12310.120    12341.100    12346.200
   580:    12351.120    12396.300    12496.510    12509.120    12518.120
   585:    12997.110    13005.110    13008.120    13025.120    13061.110
   590:    13066.120    13102.120    13114.110    13119.120    13165.110
   595:    13174.110    13178.110    13183.110    13186.110    13190.110
   600:    13193.110    13194.110    13197.110    13202.110    13223.110
   605:    13226.110    13234.110    13239.110    13245.120    13270.110
   610:    13272.110    13274.110    13296.110    13296.210    13301.120
   615:    13346.310    13397.120    13401.120    13410.120    13423.120
   620:    13446.500    13469.120    13479.120    13480.120    13516.120
   625:    13939.100    13947.120    14003.120    14006.120    14020.120
   630:    14023.120    14025.120    14042.120    14049.100    14052.120
   635:    14085.120    14098.120    14109.200    14159.300    14259.500
   640:    14339.100    14409.120    14481.120    14535.120    14575.120
   645:    14607.120    14691.120    14734.120    14740.100    14747.120
   650:    14805.100    14816.100    14817.100    14822.120    14865.200
   655:    14870.120    14915.300    15015.540    15341.110    15349.120
   660:    15403.120    15436.120    15436.120    15448.120    15480.110
   665:    15484.120    15511.120    15527.120    15558.110    15564.110
   670:    15568.120    15616.110    15618.110    15625.110    15635.110
   675:    15639.110    15641.120    15664.120    15673.110    15676.110
   680:    15678.110    15681.110    15686.110    15690.110    15692.110
   685:    15695.110    15701.110    15706.110    15709.120    15740.110
   690:    15749.110    15752.110    15755.110    15757.110    15759.110
   695:    15769.110    15772.110    15775.110    15781.110    15807.110
   700:    15810.110    15824.110    15828.110    15833.110    15835.110
   705:    15843.110    15881.110    15882.110    15890.110    15893.110
   710:    15898.110    15900.110    15903.110    15911.110    15915.110
   715:    15917.110    15922.110    15932.110    15935.110    15946.110
   720:    15948.110    15967.110    16051.120    16060.110    16064.120
   725:    16089.120    16093.120    16138.120    16182.110    16186.120
   730:    16201.120    16205.120    16229.120    16235.120    16246.120
   735:    16272.120    16293.120    16313.120    16313.120    16345.110
   740:    16349.120    16358.120    16360.120    16384.120    16456.110
   745:    16459.120    16512.110    16515.120    16574.110    16581.110
   750:    16583.110    16583.110    16588.120    16620.120    16621.120
   755:    16644.110    16650.110    16652.110    16657.110    16660.120
   760:    16707.110    16711.110    16719.110    16723.110    16725.110
   765:    16742.120    16815.340    16825.120    16829.120    16864.120
   770:    16864.120    16878.120    16915.500    16927.120    16946.120
   775:    16970.120    17028.120    17053.120    17062.120    17064.120
   780:    17076.120    17094.120    17183.120    17184.120    17204.120
   785:    17323.100    17389.100    17395.120    17452.100    17463.120
   790:    17500.100    17508.100    17513.100    17519.100    17524.100
   795:    17535.100    17550.120    17560.200    17610.300    17710.500
   800:    18135.120    18164.120    18166.120    18168.120    18169.120
   805:    18181.120    18182.120    18339.120    18351.100    18361.100
   810:    18373.120    18411.200    18416.120    18461.300    18561.510
   815:    19000.120    19012.120    19015.120    19018.120    19053.120
   820:    19099.120    19127.120    19133.120    19150.120    19184.110
   825:    19188.120    19199.120    19219.120    19243.110    19248.120
   830:    19289.110    19293.120    19307.120    19326.120    19349.110
   835:    19353.120    19393.110    19393.210    19396.120    19443.310
   840:    19543.510    19929.110    19933.120    19950.120    19952.120
   845:    19956.120    19957.120    19983.120    20023.110    20028.120
   850:    20046.120    20048.120    20062.120    20063.120    20091.120
   855:    20118.110    20122.120    20161.120    20165.120    20175.110
   860:    20181.110    20187.120    20241.110    20246.110    20255.110
   865:    20315.110    20315.210    20318.120    20365.310    20465.510
   870:    20472.120    20488.120    20491.120    20495.120    20496.120
   875:    20498.120    20501.120    20502.120    20507.120    20510.120
   880:    20511.120    20515.120    20517.120    20519.120    20520.120
   885:    20522.120    20524.120    20687.120    20688.120    20693.120
   890:    20695.120    20696.120    20866.120    20874.120    20875.120
   895:    20900.120    20948.110    20952.120    20963.120    20984.120
   900:    20987.120    21040.120    21159.110    21162.120    21189.120
   905:    21190.120    21205.120    21226.120    21227.120    21251.120
   910:    21263.110    21263.210    21267.120    21313.310    21413.500
   915:    21635.120    21744.120    21773.120    21813.120    21854.120
   920:    21873.120    21917.120    21956.120    21976.120    21985.120
   925:    22030.120    22042.100    22046.120    22095.100    22101.120
   930:    22102.200    22152.300    22158.120    22252.500    22326.100
   935:    22435.120    22461.120    22512.120    22595.120    22650.120
   940:    22726.120    22767.100    22776.120    22831.100    22841.100
   945:    22860.100    22872.100    22878.100    22880.100    22882.100
   950:    22884.100    22889.120    22891.200    22893.120    22941.300
   955:    22992.120    22994.120    22994.120    23041.510    23316.120
   960:    23357.120    23394.110    23396.120    23464.120    23481.120
   965:    23501.110    23504.120    23536.120    23537.120    23544.120
   970:    23566.120    23582.110    23588.110    23590.120    23628.120
   975:    23637.110    23658.110    23661.110    23712.110    23715.110
   980:    23720.120    23743.110    23749.110    23755.120    23810.120
   985:    23844.110    23844.210    23847.120    23894.310    23994.510
   990:    24034.120    24176.120    24185.120    24219.120    24345.110
   995:    24349.120    24369.120    24369.120    24380.120    24401.120
  1000:    24406.120    24439.120    24448.120    24490.120    24513.120
  1005:    24540.120    24562.120    24565.120    24567.120    24576.120
  1010:    24590.120    24632.110    24636.120    24649.120    24651.120
  1015:    24669.110    24675.110    24678.120    24698.110    24702.110
  1020:    24704.110    24711.110    24713.110    24717.110    24721.110
  1025:    24732.110    24737.110    24740.120    24766.110    24766.210
  1030:    24769.120    24816.310    24916.500    25409.100    25419.120
  1035:    25458.100    25464.120    25518.200    25523.120    25568.300
  1040:    25613.120    25615.120    25616.120    25621.120    25624.120
  1045:    25631.120    25640.120    25668.510    25691.120    25873.120
  1050:    25894.120    25901.120    25955.120    25966.120    26076.120
  1055:    26156.120    26217.120    26217.120    26285.120    26314.120
  1060:    26327.120    26348.120    26361.110    26368.110    26374.110
  1065:    26377.120    26384.120    26391.120    26411.120    26417.120
  1070:    26418.120    26421.120    26445.110    26445.210    26448.120
  1075:    26495.310    26595.500    26811.120    26824.120    26827.120
  1080:    26867.120    26882.120    26945.120    26959.120    26965.100
  1085:    26971.120    27028.100    27039.120    27092.100    27102.100
  1090:    27105.100    27108.100    27116.100    27125.120    27174.100
  1095:    27176.100    27191.100    27207.100    27216.100    27223.100
  1100:    27226.100    27234.200    27235.100    27239.120    27284.300
  1105:    27384.500    27477.120    27494.120    27527.120    27534.100
  1110:    27537.120    27571.120    27573.120    27577.120    27592.120
  1115:    27616.120    27651.120    27702.120    27707.120    27717.120
  1120:    27719.120    27732.120    27732.120    27784.100    27792.120
  1125:    27848.120    27953.120    27967.120    27968.120    27972.120
  1130:    27977.120    27992.120    27994.120    27996.120    28001.120
  1135:    28014.120    28046.120    28058.120    28120.120    28124.120
  1140:    28129.120    28133.120    28155.120    28181.120    28203.100
  1145:    28209.120    28229.120    28263.200    28263.100    28268.120
  1150:    28313.300    28385.120    28399.120    28403.120    28413.510
  1155:    28445.120    28468.120    28492.120    28534.120    28562.120
  1160:    28564.120    28567.120    28570.120    28579.120    28582.120
  1165:    28593.120    28599.120    28603.120    28610.110    28613.120
  1170:    28635.120    28668.110    28672.120    28692.120    28702.120
  1175:    28720.120    28777.110    28780.120    28802.120    28824.110
  1180:    28826.120    28861.120    28879.110    28884.120    28936.110
  1185:    28942.110    28944.110    28955.110    29007.110    29013.110
  1190:    29019.110    29024.120    29052.110    29054.110    29056.110
  1195:    29067.110    29077.110    29081.110    29099.120    29119.110
  1200:    29122.110    29125.110    29152.110    29155.110    29175.120
  1205:    29195.110    29195.210    29198.120    29245.310    29345.530
  1210:    29363.120    29365.120    29375.120    29382.120    29383.120
  1215:    29397.120    29402.120    29411.120    29417.120    29419.120
  1220:    29455.120    29483.120    29499.120    29505.120    29707.120
  1225:    29711.120    29729.120    29778.120    29837.120    29863.120
  1230:    29865.120    29889.120    29919.120    29948.100    29953.120
  1235:    29985.120    30011.100    30016.100    30020.120    30036.100
  1240:    30042.100    30052.100    30061.100    30070.100    30075.100
  1245:    30080.100    30085.100    30093.100    30099.120    30106.100
  1250:    30110.100    30117.100    30124.100    30147.100    30177.100
  1255:    30182.100    30193.120    30200.100    30219.100    30231.100
  1260:    30235.100    30248.100    30250.100    30256.100    30262.100
  1265:    30265.100    30269.120    30289.120    30319.100    30324.120
  1270:    30372.120    30372.120    30401.120    30406.120    30407.120
  1275:    30415.120    30470.120    30478.120    30480.120    30492.120
  1280:    30500.120    30504.120    30509.120    30564.120    30580.120
  1285:    30583.120    30598.120    30600.120    30608.120    30611.120
  1290:    30620.100    30624.120    30677.120    30684.120    30719.120
  1295:    30720.120    30721.120    30729.120    30750.120    30759.120
  1300:    30763.120    30778.100    30784.120    30810.120    30842.100
  1305:    30905.120    30912.100    30928.100    30942.100    30947.120
  1310:    30964.120    30996.100    31010.100    31018.100    31020.100
  1315:    31027.100    31033.100    31040.100    31042.100    31055.100
  1320:    31064.100    31067.100    31071.120    31088.120    31112.120
  1325:    31114.120    31145.330    31153.120    31209.120    31217.120
  1330:    31218.120    31222.120    31224.120    31245.510    31303.120
  1335:    31410.120    31437.120    31447.120    31463.120    31464.120
  1340:    31490.120    31498.110    31501.120    31545.120    31552.120
  1345:    31595.120    31612.120    31613.120    31622.120    31653.110
  1350:    31657.120    31691.120    31764.110    31770.120    31788.120
  1355:    31789.120    31810.110    31815.110    31820.120    31848.120
  1360:    31852.120    31858.120    31860.120    31865.110    31874.110
  1365:    31879.110    31884.120    31915.110    31919.110    31921.110
  1370:    31944.110    31947.110    31951.110    31953.110    31958.110
  1375:    31965.110    31967.110    31972.110    31986.110    31992.110
  1380:    31997.110    32003.110    32003.210    32007.120    32053.310
  1385:    32153.500    32157.120    32159.120    32160.120    32168.120
  1390:    32169.120    32239.120    32240.120    32590.100    32594.120
  1395:    32648.120    32665.120    32666.120    32695.120    32703.120
  1400:    32738.120    32772.120    32798.100    32820.100    32822.100
  1405:    32829.120    32858.200    32864.120    32908.300    33008.510
  1410:    33452.110    33458.110    33461.120    33477.120    33478.120
  1415:    33479.120    33492.120    33494.120    33509.120    33510.120
  1420:    33526.120    33529.120    33536.110    33541.110    33545.120
  1425:    33571.120    33596.110    33603.110    33607.120    33654.110
  1430:    33659.110    33664.110    33667.110    33671.120    33709.110
  1435:    33726.120    33743.110    33747.110    33771.110    33771.210
  1440:    33774.120    33821.310    33921.510    34417.110    34422.120
  1445:    34453.120    34473.120    34489.120    34539.110    34542.120
  1450:    34576.110    34580.120    34597.120    34615.120    34628.110
  1455:    34631.120    34643.120    34651.110    34657.110    34672.120
  1460:    34716.110    34716.210    34719.120    34766.310    34866.500
  1465:    34902.120    34905.120    34907.120    34960.120    34961.120
  1470:    34970.120    34987.120    35286.120    35303.120    35330.120
  1475:    35350.120    35370.120    35377.120    35408.120    35440.120
  1480:    35486.100    35494.100    35499.100    35505.120    35537.100
  1485:    35546.200    35551.120    35596.300    35601.120    35694.120
  1490:    35696.540    35697.120    35727.110    35731.120    35732.120
  1495:    35841.110    35844.120    35883.120    35945.120    35948.120
  1500:    35994.120    36020.120    36037.120    36052.120    36146.110
  1505:    36150.120    36180.120    36217.120    36227.120    36244.120
  1510:    36252.120    36286.120    36294.120    36311.110    36315.120
  1515:    36341.120    36345.120    36354.110    36361.110    36388.110
  1520:    36394.110    36445.110    36451.110    36461.110    36467.110
  1525:    36470.110    36475.110    36480.110    36485.110    36508.110
  1530:    36513.110    36517.110    36520.110    36523.110    36526.110
  1535:    36535.120    36550.110    36572.110    36578.110    36581.110
  1540:    36586.110    36588.110    36591.110    36601.110    36610.110
  1545:    36639.110    36644.110    36645.110    36662.110    36669.110
  1550:    36693.120    36709.110    36714.120    36773.110    36781.110
  1555:    36783.120    36850.120    36860.120    36862.120    36866.120
  1560:    36908.120    36910.120    36912.120    36941.110    36944.120
  1565:    36964.120    36966.120    36994.120    37000.120    37025.120
  1570:    37041.120    37305.110    37308.120    37343.120    37411.120
  1575:    37460.120    37483.120    37496.340    37506.120    37510.120
  1580:    37529.120    37551.120    37569.120    37596.500    37602.120
  1585:    37623.120    37627.120    37630.120    37648.120    37651.120
  1590:    37654.120    37702.120    37726.120    37735.120    37737.120
  1595:    37764.120    37795.120    37847.120    37867.120    37870.120
  1600:    37888.120    37902.120    37904.120    37941.120    37967.100
  1605:    37976.120    38019.120    38191.120    38212.120    38242.120
  1610:    38279.120    38281.120    38292.120    38322.120    38329.120
  1615:    38390.100    38400.100    38405.120    38450.200    38451.100
  1620:    38456.120    38500.300    38600.500    38811.120    38853.120
  1625:    38899.120    38912.120    38954.120    38955.120    38957.120
  1630:    39044.120    39078.120    39083.100    39087.120    39125.120
  1635:    39143.120    39153.120    39191.100    39196.120    39251.200
  1640:    39257.120    39301.300    39306.120    39401.510    39492.110
  1645:    39495.120    39498.120    39499.120    39507.120    39910.110
  1650:    39914.120    39926.120    39933.120    39936.120    39965.110
  1655:    39969.120    40015.110    40019.120    40044.120    40049.120
  1660:    40050.120    40063.110    40070.110    40119.110    40131.110
  1665:    40133.110    40137.110    40141.110    40150.120    40166.110
  1670:    40166.210    40170.120    40216.310    40316.500    40776.100
  1675:    40784.120    40815.120    40836.100    40845.120    40858.100
  1680:    40869.100    40873.100    40878.120    40918.200    40923.120
  1685:    40968.300    41068.500    41617.100    41621.120    41668.100
  1690:    41677.200    41682.120    41727.300    41827.510    41950.110
  1695:    41953.120    41969.120    41971.120
E:
     0:     1698.000      252.000      499.000
F:
     0:       70.000       27.417       36.890
G:
     0:        1.000        1.000        1.000        1.000        1.000
     5:        1.000        1.000        1.000        1.000        0.000
H:
     0:        1.000        1.000        2.000        2.000
L:
     0:     7951.000     7524.000     7225.000     6127.000     8041.000
     5:     6722.000     6164.000     6551.000     7112.000     6989.000
    10:     6489.000     6122.000     6490.000     8887.000     7146.000
    15:     6903.000     8645.000     6608.000     6113.000     6194.000
R:
     0:        1.000        1.000        1.000        1.000        1.000
     5:        1.000        1.000        1.000        1.000        0.000
S:
     0:        1.000        1.000
U:
     0:     7524.000        1.000        0.000
X:
     0:        0.000      167.001      397.002      725.003      732.004
     5:      742.005      785.005      835.000      835.000     1517.001
    10:     1554.002     1576.003     1577.003     1627.000     1627.000
    15:     2279.001     2286.002     2315.003     2339.003     2339.004
    20:     2389.000     2389.000     2749.002     2882.004     2986.006
    25:     2992.008     2998.010     3029.012     3038.014     3050.016
    30:     3061.018     3065.020     3069.022     3081.024     3089.026
    35:     3091.028     3105.030     3107.032     3172.034     3186.036
    40:     3442.038     3816.040     3858.042     3949.044     3958.046
    45:     3960.048     3967.050     3971.052     3973.054     3979.056
    50:     3990.058     4008.060     4023.062     4029.064     4031.066
    55:     4032.068     4035.070     4040.072     4042.074     4043.076
    60:     4046.078     4051.080     4066.082     4070.084     4072.086
    65:     4075.088     4083.090     4087.092     4094.094     4102.096
    70:     4104.098     4106.100     4112.102     4152.104     4367.105
    75:     4427.106     4831.107     4874.108     4877.109     4891.110
    80:     4891.110     4941.000     4941.000     5261.001     5675.002
    85:     5689.003     5730.004     5735.004     5785.000     5785.000
    90:     6277.001     6387.002     6447.002     6497.000     6497.000
    95:     6576.001     6978.002     7043.003     7054.004     7055.005
   100:     7103.005     7153.000     7153.000     7153.141     7153.142
   105:     7153.143     7153.144     7153.145     7153.146     7153.147
   110:     7153.148     7153.149     7153.149     7153.000     7153.000
   115:     7153.001     7153.002     7153.002     7153.000     7153.000
   120:     7781.001     7834.002     7841.002     7891.000     7891.000
   125:     7965.001     8405.002     8469.003     8480.004     8498.005
   130:     8510.006     8517.007     8518.008     8520.009     8522.010
   135:     8529.010     8579.000     8579.000     9071.001     9121.002
   140:     9181.002     9231.000     9231.000     9600.001     9664.002
   145:     9728.003     9738.004     9740.005     9743.006     9751.007
   150:     9809.008     9812.009     9826.010     9843.011     9851.012
   155:     9859.013     9861.014     9870.014     9870.015     9920.000
   160:     9920.000    10070.001    10319.002    10738.003    10798.003
   165:    10799.004    10848.000    10848.000    11451.002    11513.004
   170:    11518.006    11538.008    11544.010    11554.012    11563.014
   175:    11572.016    11577.018    11583.020    11588.022    11595.024
   180:    11608.026    11612.028    11620.030    11627.032    11649.034
   185:    11680.036    11684.038    11702.040    11721.042    11733.044
   190:    11737.046    11751.048    11753.050    11758.052    11764.054
   195:    11767.056    11821.058    12122.060    12280.062    12344.064
   200:    12414.066    12431.068    12445.070    12499.072    12513.074
   205:    12520.076    12522.078    12529.080    12535.082    12542.084
   210:    12544.086    12557.088    12567.090    12569.092    14092.001
   215:    14300.002    14323.003    14325.004    14360.004    14410.000
   220:    14410.000    15030.001    15038.002    15043.003    15081.004
   225:    15090.004    15140.000    15140.000    15140.083    15140.084
   230:    15140.085    15140.085    15140.086    15140.000    15140.000
   235:    15140.001    15140.002    15140.002    15140.000    15140.000
   240:    15599.001    15659.002    15681.003    15692.004    15696.005
   245:    15741.005    15791.000    15791.000    16340.001    16390.002
   250:    16400.002    16450.000
Y:
     0:        0.000       74.001       77.002      145.003      209.004
     5:      260.005      267.006      272.007      378.008      389.009
    10:      425.010      443.011      447.012      449.013      454.014
    15:      458.015      464.016      504.017      510.018      514.019
    20:      517.020      521.021      538.022      543.023      543.023
    25:      593.000      593.000      900.001     1042.002     1123.003
    30:     1191.004     1191.004     1241.000     1241.000     1573.001
    35:     1634.002     1640.003     1644.004     1688.005     1692.006
    40:     1741.007     1747.008     1749.009     1751.010     1752.011
    45:     1758.012     1764.013     1776.014     1779.015     1783.016
    50:     1784.017     1786.018     1821.019     1824.020     1826.021
    55:     1838.022     1843.023     1847.024     1852.025     1853.026
    60:     1855.027     1857.028     1864.029     1867.030     1907.031
    65:     1913.032     1926.033     1934.034     1937.035     1976.036
    70:     1985.037     1990.038     1993.039     2061.040     2061.040
    75:     2111.000     2111.000     2416.001     2460.002     2516.003
    80:     2573.004     2579.005     2583.006     2626.007     2632.008
    85:     2639.009     2644.010     2651.011     2655.012     2672.013
    90:     2679.014     2736.015     2738.016     2740.017     2749.018
    95:     2753.019     2756.020     2760.021     2764.022     2799.023
   100:     2803.024     2817.025     2820.026     2822.027     2829.028
   105:     2836.029     2839.030     2882.031     2886.032     2890.033
   110:     2891.034     2893.035     2895.036     2899.037     2902.038
   115:     2905.039     2909.040     2909.040     2959.000     2959.000
   120:     3329.001     3452.002     3520.003     3528.004     3577.005
   125:     3585.006     3632.007     3635.008     3691.009     3693.010
   130:     3699.011     3701.012     3749.013     3764.014     3764.014
   135:     3814.000     3814.000     4310.001     4317.002     4367.003
   140:     4370.004     4376.005     4378.006     4383.007     4385.008
   145:     4388.009     4392.010     4398.011     4404.012     4407.013
   150:     4429.014     4437.015     4449.016     4493.017     4496.018
   155:     4501.019     4530.020     4533.021     4557.022     4590.023
   160:     4595.024     4598.025     4603.026     4606.027     4609.028
   165:     4609.028     4659.000     4659.000     5007.001     5069.002
   170:     5076.003     5149.004     5210.005     5219.006     5264.007
   175:     5270.008     5273.009     5285.010     5287.011     5317.012
   180:     5320.013     5322.014     5336.015     5339.016     5343.017
   185:     5345.018     5346.019     5349.020     5354.021     5357.022
   190:     5369.023     5376.024     5382.025     5389.026     5432.027
   195:     5434.028     5436.029     5451.030     5456.031     5456.031
   200:     5506.000     5506.000     6006.001     6015.002     6071.003
   205:     6124.004     6174.005     6183.006     6188.007     6193.008
   210:     6196.009     6200.010     6202.011     6204.012     6206.013
   215:     6212.014     6233.015     6235.016     6244.017     6249.018
   220:     6279.019     6282.020     6283.021     6306.022     6306.022
   225:     6356.000     6356.000     6682.002     6820.004     6898.006
   230:     6905.008     6957.010     6959.012     6966.014     6976.016
   235:     6979.018     7014.020     7017.022     7018.024     7021.026
   240:     7027.028     7030.030     7032.032     7035.034     7041.036
   245:     7046.038     7080.040     7089.042     7093.044     7095.046
   250:     7098.048     7099.050     7110.052     7113.054     7115.056
   255:     7121.058     7147.060     7150.062     7165.064     7168.066
   260:     7173.068     7175.070     7183.072     7221.074     7222.076
   265:     7230.078     7233.080     7238.082     7240.084     7244.086
   270:     7252.088     7255.090     7257.092     7262.094     7272.096
   275:     7276.098     7286.100     7288.102     7307.104     7400.106
   280:     7523.108     7685.110     7796.112     7852.114     7915.116
   285:     7922.118     7923.120     7924.122     7985.124     7990.126
   290:     7993.128     7997.130     8047.132     8052.134     8059.136
   295:     8063.138     8066.140    10524.001    10583.002    10629.003
   300:    10690.004    10733.005    10733.005    10783.000    10783.000
   305:    11169.001    11263.002    11357.003    11414.004    11420.005
   310:    11480.006    11486.007    11495.008    11554.009    11554.009
   315:    11604.000    11604.000    12087.001    12297.002    12402.003
   320:    12402.003    12452.000    12452.000    12804.001    12911.002
   325:    12993.003    12998.004    13047.005    13068.006    13071.007
   330:    13123.008    13126.009    13154.010    13160.011    13255.012
   335:    13255.012    13305.000    13305.000    13656.001    13942.002
   340:    13979.003    13986.004    14009.005    14012.006    14015.007
   345:    14021.008    14023.009    14027.010    14031.011    14042.012
   350:    14047.013    14076.014    14077.014    14127.000    14127.000
   355:    14819.001    14826.002    14832.003    14903.004    14903.004
   360:    14953.000    14953.000    15150.001    15208.002    15317.003
   365:    15364.004    15419.005    15476.006    15482.007    15484.008
   370:    15495.009    15547.010    15553.011    15559.012    15592.013
   375:    15594.014    15596.015    15607.016    15617.017    15621.018
   380:    15659.019    15662.020    15665.021    15692.022    15695.023
   385:    15735.024    15735.024    15785.000    15785.000    15785.093
   390:    15785.094    15785.095    15785.096    15785.097    15785.098
   395:    15785.099    15785.100    15785.101    15785.102    15785.103
   400:    15785.104    15785.105    15785.106    15785.107    15785.108
   405:    15785.109    15785.110    15785.111    15785.112    15785.113
   410:    15785.114    15785.115    15785.115    15785.000    15785.000
   415:    16228.001    16235.002    16313.003    16318.004    16373.005
   420:    16379.006    16431.007    16436.008    16441.009    16444.010
   425:    16486.011    16520.012    16524.013    16547.014    16547.014
   430:    16597.000    16597.000    17093.001    17214.002    17252.003
   435:    17303.004    17326.005    17333.006    17391.007    17392.007
   440:    17442.000    17442.000    17473.002    17587.004    17892.006
   445:    18057.008    18100.010    18107.012    18134.014    18140.016
   450:    18191.018    18196.020    18207.022    18213.024    18216.026
   455:    18221.028    18226.030    18230.032    18254.034    18259.036
   460:    18262.038    18266.040    18268.042    18271.044    18296.046
   465:    18318.048    18324.050    18327.052    18331.054    18334.056
   470:    18337.058    18347.060    18355.062    18384.064    18389.066
   475:    18391.068    18408.070    18415.072    18455.074    18518.076
   480:    18526.078    18687.080    19050.082    21237.001    21656.002
   485:    21710.003    21761.004    21809.005    21815.006    21865.007
   490:    21876.008    21879.009    21883.010    21887.011    21912.012
   495:    21912.012    21962.000    21962.000    22084.001
