File: C:\MED-PC\Data\2018-05-01_12h23m_Subject M332.txt


Start Date: 05/01/18
End Date: 05/01/18
Subject: M332
Experiment: DOBLE_PICO_ACO
Group: EXP
Box: 9
Start Time: 12:23:16
End Time: 13:36:38
MSN: IF_ACO_MULTIPLE_PICO
A:    1138.000
B:      21.000
D:      23.000
I:       1.000
J:   18000.000
K:    5400.000
M:       0.000
N:      21.000
O:      23.000
P:    1345.000
Q:       0.000
T:    1000.000
V:     600.000
W:      21.000
Z:       0.000
C:
     0:        0.120        0.120        0.120        0.120        0.120
     5:        0.120        0.120        0.120        0.120        0.120
    10:        0.510      177.110      190.120      211.120      232.120
    15:      247.110      252.110      254.110      258.110      261.110
    20:      266.110      273.110      275.110      345.110      345.110
    25:      348.110      349.110      355.110      397.110      399.110
    30:      401.110      404.110      409.110      413.110      417.110
    35:      418.110      422.110      423.110      430.110      432.110
    40:      434.110      542.110      542.210      546.120      592.310
    45:      689.120      691.120      692.500      774.120      785.120
    50:      795.120      810.120      842.120      848.120      855.120
    55:      975.100     1048.120     1053.120     1054.120     1083.100
    60:     1156.100     1165.100     1177.120     1194.100     1197.100
    65:     1199.100     1201.100     1203.100     1205.100     1207.100
    70:     1209.100     1221.120     1235.100     1237.100     1240.100
    75:     1242.100     1250.100     1252.100     1255.100     1258.100
    80:     1259.100     1265.100     1267.100     1269.100     1271.100
    85:     1280.100     1283.100     1291.100     1293.100     1295.200
    90:     1304.120     1345.300     1445.500     1457.120     1671.120
    95:     1672.120     1709.120     1740.120     1814.100     1887.100
   100:     1889.100     1894.100     1897.100     1898.100     1900.100
   105:     1908.100     1918.100     1920.100     1922.100     1929.100
   110:     1931.100     1933.100     1934.100     1935.100     1947.100
   115:     1950.100     1955.100     1960.100     1967.100     1971.100
   120:     1973.100     1985.100     1999.100     2011.100     2013.100
   125:     2018.100     2035.100     2044.100     2045.200     2052.120
   130:     2095.300     2133.120     2195.510     2276.120     2343.120
   135:     2345.120     2354.120     2459.120     2460.120     2489.120
   140:     2500.120     2646.120     2647.120     2649.120     2651.120
   145:     2693.120     2694.120     2703.110     2705.110     2705.110
   150:     2710.120     2715.120     2727.120     2737.110     2739.110
   155:     2740.110     2741.110     2746.110     2753.110     2754.110
   160:     2756.110     2762.110     2764.110     2768.110     2769.110
   165:     2771.110     2774.110     2776.110     2787.110     2788.110
   170:     2799.110     2801.110     2803.110     2810.110     2810.210
   175:     2813.110     2816.120     2854.120     2860.310     2960.510
   180:     3191.120     3219.120     3232.120     3242.120     3268.120
   185:     3324.120     3347.120     3372.120     3375.120     3377.120
   190:     3402.120     3415.110     3418.110     3423.110     3424.110
   195:     3427.110     3444.110     3450.110     3454.110     3456.110
   200:     3468.110     3474.110     3478.110     3482.110     3489.110
   205:     3491.110     3493.110     3498.110     3500.110     3507.110
   210:     3509.110     3514.110     3519.110     3522.110     3524.110
   215:     3529.110     3533.110     3541.110     3545.110     3551.110
   220:     3556.110     3560.110     3563.110     3564.110     3567.110
   225:     3570.110     3572.110     3572.210     3577.120     3615.120
   230:     3622.310     3635.120     3722.500     3985.120     4010.120
   235:     4120.120     4148.120     4157.120     4163.100     4211.100
   240:     4214.100     4217.100     4225.100     4228.100     4231.100
   245:     4233.100     4236.100     4243.100     4245.100     4253.100
   250:     4257.100     4259.100     4260.100     4268.100     4282.100
   255:     4291.100     4299.100     4306.100     4309.100     4317.100
   260:     4328.200     4336.120     4371.120     4378.300     4478.510
   265:     4584.120     4606.120     4622.120     4653.120     4655.120
   270:     4704.120     4734.120     4736.120     4819.120     4881.120
   275:     4883.120     4889.120     4899.120     4899.120     4907.120
   280:     4935.110     4936.110     4938.110     4941.110     4943.110
   285:     4944.110     4946.110     4954.110     4957.110     4959.110
   290:     4961.110     4965.110     4967.110     4969.110     4971.110
   295:     4980.110     4982.110     4990.110     4993.110     4997.110
   300:     5001.110     5009.110     5015.110     5018.110     5020.110
   305:     5023.110     5034.110     5036.110     5047.110     5049.110
   310:     5054.110     5056.110     5058.110     5061.110     5069.110
   315:     5071.110     5075.110     5081.110     5083.110     5087.110
   320:     5097.110     5097.210     5103.120     5134.120     5147.310
   325:     5192.120     5247.510     5650.120     5652.120     5676.120
   330:     5724.120     5734.120     5745.110     5748.110     5752.110
   335:     5752.110     5754.110     5757.110     5759.110     5763.110
   340:     5763.110     5769.110     5771.110     5776.110     5778.110
   345:     5781.110     5786.110     5788.110     5796.110     5801.110
   350:     5805.110     5808.110     5810.110     5812.110     5817.110
   355:     5819.110     5822.110     5824.110     5826.110     5844.110
   360:     5847.110     5859.110     5859.210     5864.120     5909.310
   365:     6009.500     6032.120     6057.120     6057.120     6091.120
   370:     6123.120     6202.100     6241.100     6251.100     6253.100
   375:     6256.100     6258.100     6263.100     6267.100     6269.100
   380:     6272.100     6274.100     6280.100     6282.100     6297.100
   385:     6303.100     6308.100     6310.100     6317.100     6323.100
   390:     6325.100     6330.100     6332.100     6344.100     6346.100
   395:     6355.100     6358.100     6374.100     6380.100     6384.100
   400:     6389.100     6391.100     6402.100     6411.100     6414.100
   405:     6416.100     6434.100     6439.100     6448.100     6455.100
   410:     6460.100     6462.100     6467.100     6482.100     6491.100
   415:     6492.100     6499.120     6530.100     6534.100     6539.100
   420:     6544.100     6550.100     6553.100     6563.100     6569.100
   425:     6571.100     6580.100     6610.200     6637.120     6660.300
   430:     6760.510     6906.120     6910.120     6956.120     6956.120
   435:     6957.120     7061.120     7083.120     7084.120     7086.120
   440:     7087.120     7088.120     7093.120     7096.120     7100.120
   445:     7107.120     7109.120     7114.120     7116.120     7128.120
   450:     7130.120     7142.110     7145.110     7150.110     7154.110
   455:     7154.110     7155.110     7166.110     7168.110     7170.110
   460:     7180.110     7191.110     7197.110     7199.110     7205.110
   465:     7207.110     7209.110     7211.110     7213.110     7215.110
   470:     7226.110     7230.110     7231.110     7233.110     7244.110
   475:     7247.110     7249.110     7252.110     7262.110     7265.110
   480:     7267.110     7271.110     7278.110     7279.110     7281.110
   485:     7284.110     7289.110     7290.110     7298.110     7300.110
   490:     7308.110     7310.110     7316.110     7327.110     7334.110
   495:     7338.110     7339.110     7346.110     7350.110     7352.110
   500:     7360.110     7370.110     7370.210     7372.110     7374.120
   505:     7420.310     7445.120     7490.120     7520.510     7710.120
   510:     7750.120     7785.120     7787.120     7801.120     7815.120
   515:     7826.110     7828.110     7833.110     7838.110     7841.110
   520:     7851.110     7853.110     7856.110     7867.110     7868.110
   525:     7870.110     7879.110     7881.110     7884.110     7887.110
   530:     7889.110     7890.110     7893.110     7898.110     7900.110
   535:     7904.110     7906.110     7921.110     7927.110     7934.110
   540:     7936.110     7946.110     7947.110     7960.110     7962.110
   545:     7972.110     7978.110     7983.110     7994.110     7996.110
   550:     7998.110     8021.110     8023.110     8044.110     8045.110
   555:     8050.110     8053.110     8062.110     8073.110     8075.110
   560:     8078.110     8080.110     8099.110     8103.110     8103.110
   565:     8106.110     8120.110     8125.110     8127.110     8136.110
   570:     8136.210     8137.110     8139.110     8143.120     8186.310
   575:     8192.120     8286.500     8567.120     8593.120     8609.120
   580:     8621.120     8642.100     8748.120     8762.120     8782.120
   585:     8798.100     8811.100     8815.100     8817.100     8820.100
   590:     8821.100     8825.100     8836.100     8838.100     8844.100
   595:     8848.100     8851.100     8854.100     8868.100     8869.100
   600:     8881.100     8886.100     8889.100     8891.100     8896.200
   605:     8904.120     8946.300     8949.120     9046.500     9150.120
   610:     9517.120     9533.120     9559.120     9604.120     9611.100
   615:     9624.100     9632.100     9635.100     9637.100     9639.100
   620:     9641.100     9643.100     9645.100     9651.100     9653.100
   625:     9657.100     9660.100     9671.200     9671.100     9678.120
   630:     9704.120     9721.300     9781.120     9821.510     9898.120
   635:     9899.120     9965.120     9998.120    10002.120    10003.120
   640:    10075.120    10086.120    10091.120    10093.120    10106.110
   645:    10109.110    10112.110    10115.110    10119.110    10130.110
   650:    10133.110    10140.110    10144.110    10146.110    10157.110
   655:    10160.110    10164.110    10170.110    10177.110    10178.110
   660:    10181.110    10187.110    10195.110    10198.110    10200.110
   665:    10208.110    10212.110    10214.110    10216.110    10226.110
   670:    10233.110    10235.110    10236.110    10239.110    10248.110
   675:    10249.110    10251.110    10255.110    10257.110    10259.110
   680:    10261.110    10277.110    10279.110    10280.110    10288.110
   685:    10289.110    10291.110    10295.110    10298.110    10303.110
   690:    10311.110    10313.110    10315.110    10318.110    10328.110
   695:    10331.110    10333.110    10336.110    10338.110    10346.110
   700:    10347.110    10358.110    10364.110    10365.110    10366.110
   705:    10373.110    10374.110    10376.110    10387.110    10403.110
   710:    10405.110    10406.110    10410.110    10417.110    10420.110
   715:    10422.110    10433.110    10433.210    10437.120    10483.310
   720:    10493.120    10583.510    10725.120    10771.120    10790.120
   725:    10791.120    10791.120    10819.120    11107.110    11108.110
   730:    11112.110    11121.110    11123.110    11127.110    11135.110
   735:    11148.110    11154.110    11156.110    11158.110    11162.110
   740:    11178.110    11179.110    11181.110    11183.110    11187.110
   745:    11194.110    11194.210    11200.120    11244.310    11250.120
   750:    11331.120    11344.500    11346.120    11420.120    11421.120
   755:    11463.120    11635.120    11636.120    11681.100    11689.100
   760:    11700.100    11704.100    11710.100    11723.100    11728.100
   765:    11731.100    11742.100    11747.100    11752.100    11774.100
   770:    11776.100    11782.100    11783.100    11799.100    11801.100
   775:    11817.100    11819.100    11820.100    11825.100    11827.100
   780:    11829.100    11829.100    11837.100    11842.100    11848.100
   785:    11852.100    11855.100    11875.100    11878.100    11879.100
   790:    11905.100    11907.100    11909.100    11911.100    11912.100
   795:    11915.100    11916.100    11922.100    11924.100    11927.100
   800:    11934.100    11936.100    11965.200    11974.120    12015.300
   805:    12115.500    12172.120    12199.120    12227.120    12446.120
   810:    12475.100    12532.120    12533.120    12537.120    12543.100
   815:    12546.100    12556.100    12557.100    12575.100    12576.100
   820:    12579.100    12580.100    12584.100    12593.100    12596.100
   825:    12599.100    12607.100    12609.100    12612.100    12617.100
   830:    12620.100    12629.100    12634.100    12638.100    12640.100
   835:    12650.100    12661.100    12663.100    12667.100    12671.100
   840:    12677.100    12682.100    12694.100    12702.100    12705.100
   845:    12707.100    12710.100    12712.100    12715.100    12718.100
   850:    12721.200    12728.120    12760.120    12771.300    12871.540
   855:    12928.120    12987.120    12988.120    13222.120    13227.120
   860:    13228.120    13286.120    13286.120    13287.120    13305.120
   865:    13307.120    13316.110    13317.110    13320.110    13322.110
   870:    13331.110    13332.110    13339.110    13343.110    13350.110
   875:    13358.110    13361.110    13363.110    13370.110    13372.110
   880:    13383.110    13392.110    13395.110    13398.110    13404.110
   885:    13409.110    13411.110    13417.110    13423.110    13431.110
   890:    13434.110    13442.110    13445.110    13447.110    13448.110
   895:    13454.110    13458.110    13463.110    13470.110    13475.110
   900:    13481.110    13485.110    13487.110    13489.110    13501.110
   905:    13510.110    13512.110    13514.110    13519.110    13528.110
   910:    13531.110    13533.110    13544.110    13547.110    13549.110
   915:    13550.110    13553.110    13556.110    13562.110    13564.110
   920:    13583.110    13587.110    13596.110    13598.110    13600.110
   925:    13605.110    13608.110    13614.110    13623.110    13625.110
   930:    13628.110    13630.110    13632.110    13635.110    13645.110
   935:    13646.110    13648.110    13664.110    13666.110    13670.110
   940:    13670.110    13673.110    13676.110    13678.110    13684.110
   945:    13684.110    13686.110    13690.110    13692.110    13697.110
   950:    13700.110    13703.110    13707.110    13717.110    13720.110
   955:    13723.110    13728.110    13730.110    13738.110    13763.110
   960:    13766.110    13771.120    13799.120    13815.110    13817.110
   965:    13819.110    13826.110    13868.110    13871.110    13884.110
   970:    13888.110    13901.120    14142.120    14180.120    14185.120
   975:    14194.120    14198.120    14199.120    14200.120    14221.110
   980:    14226.110    14289.110    14292.110    14298.110    14301.110
   985:    14306.110    14312.110    14316.110    14319.110    14322.110
   990:    14324.110    14330.110    14332.110    14342.110    14344.110
   995:    14351.110    14361.110    14365.110    14369.110    14372.110
  1000:    14374.110    14378.110    14380.110    14382.110    14384.110
  1005:    14389.110    14391.110    14397.110    14400.110    14402.110
  1010:    14412.110    14414.110    14423.110    14426.110    14432.110
  1015:    14436.110    14438.110    14444.120    14496.120    14500.120
  1020:    14514.110    14516.110    14525.110    14526.110    14531.110
  1025:    14533.110    14537.110    14538.110    14540.110    14542.110
  1030:    14545.110    14547.110    14550.110    14554.110    14571.110
  1035:    14578.110    14586.110    14588.110    14601.110    14604.110
  1040:    14610.110    14610.110    14612.110    14613.110    14616.110
  1045:    14623.110    14628.110    14639.110    14643.110    14648.110
  1050:    14654.110    14656.110    14659.110    14663.110    14670.110
  1055:    14671.340    14771.530    14850.120    14867.100    14906.100
  1060:    14914.120    14915.120    14918.120    14936.100    14939.100
  1065:    14942.100    14953.120    14961.120    14967.100    14971.100
  1070:    14976.100    14977.100    14979.100    14986.100    14988.100
  1075:    14989.100    14997.100    15003.100    15005.100    15009.100
  1080:    15013.100    15015.100    15019.100    15029.100    15032.100
  1085:    15034.100    15037.100    15039.100    15046.100    15054.100
  1090:    15056.100    15058.100    15064.100    15069.100    15079.100
  1095:    15082.100    15085.100    15104.100    15106.100    15108.100
  1100:    15109.100    15112.100    15122.100    15126.100    15130.100
  1105:    15132.100    15136.100    15139.100    15142.100    15151.100
  1110:    15153.100    15158.100    15162.100    15166.100    15175.100
  1115:    15177.100    15181.100    15186.100    15190.100    15192.100
  1120:    15194.100    15207.100    15210.100    15211.100    15222.100
  1125:    15224.100    15226.100    15232.100    15234.100    15237.100
  1130:    15239.100    15243.100    15245.100    15249.100    15259.100
  1135:    15261.100    15266.100    15267.100    15271.100    15273.100
  1140:    15279.100    15283.100    15285.100    15288.100    15290.100
  1145:    15293.100    15295.100    15305.100    15316.100    15317.100
  1150:    15318.100    15337.100    15345.100    15348.100    15351.100
  1155:    15358.100    15370.100    15381.120    15390.100    15392.100
  1160:    15396.100    15402.100    15419.100    15430.100    15434.100
  1165:    15443.120    15450.120    15487.120    15489.120    15491.120
  1170:    15493.120    15493.120    15498.120    15504.120    15506.120
  1175:    15514.120    15516.120    15518.120    15525.120    15527.120
  1180:    15528.120    15529.120    15530.120    15541.120    15546.120
  1185:    15558.120    15560.120    15560.120    15563.120    15565.120
  1190:    15568.120    15587.120    15589.120    15591.120    15594.120
  1195:    15603.120    15610.120    15612.120    15615.120    15617.120
  1200:    15624.120    15627.120    15627.120    15631.120    15637.120
  1205:    15640.120    15649.120    15652.120    15654.120    15662.120
  1210:    15663.120    15665.120    15672.120    15681.120    15696.120
  1215:    15698.120    15700.120    15708.120    15710.120    15712.120
  1220:    15713.120    15715.120    15717.120    15719.120    15730.120
  1225:    15732.120    15741.120    15743.120    15745.120    15759.120
  1230:    15780.100    15785.100    15925.100    15932.100    15939.100
  1235:    15942.100    15945.100    15950.100    15953.100    15957.100
  1240:    15958.100    15960.100    15964.100    15967.100    15969.100
  1245:    15971.100    15972.100    15986.100    15988.100    15997.100
  1250:    16003.100    16007.100    16013.100    16019.100    16044.100
  1255:    16049.100    16062.100    16067.100    16074.100    16076.100
  1260:    16104.100    16108.120    16133.100    16137.100    16149.100
  1265:    16152.100    16159.100    16161.100    16169.100    16173.120
  1270:    16176.120    16179.120    16185.120    16224.100    16270.100
  1275:    16290.120    16370.100    16433.100    16436.100    16443.120
  1280:    16452.120    16453.120    16571.330    16583.120    16591.120
  1285:    16671.510    16773.110    16776.110    16784.110    16784.110
  1290:    16797.120    16911.120    16911.120    16912.120    16931.110
  1295:    16935.110    16991.120    16996.120    17009.120    17011.120
  1300:    17023.120    17028.120    17034.120    17037.120    17051.110
  1305:    17055.110    17056.110    17058.110    17080.120    17103.120
  1310:    17122.120    17125.120    17134.120    17144.110    17146.110
  1315:    17149.110    17150.110    17158.110    17159.110    17162.120
  1320:    17175.120    17179.120    17181.120    17214.110    17217.110
  1325:    17219.110    17222.110    17230.110    17236.110    17238.110
  1330:    17240.120    17309.120    17320.110    17320.210    17324.120
  1335:    17370.310    17470.500    17668.120    17669.120    17729.120
  1340:    17772.120    17778.120    17790.120    17838.100    17852.100
  1345:    17854.100    17857.100    17861.100    17864.100    17866.100
  1350:    17869.100    17871.100    17872.100    17876.100    17880.100
  1355:    17883.100    17885.100    17896.100    17898.100    17901.100
  1360:    17907.100    17919.100    17920.100    17930.100    17935.100
  1365:    17936.100    17939.100    17945.100    17948.100    17951.100
  1370:    17955.100    17960.100    17962.100    17981.100    17991.100
  1375:    17995.100    17998.100    18005.100    18006.100    18007.100
  1380:    18017.100    18020.100    18022.100    18025.100    18028.100
  1385:    18041.100    18043.100    18045.100    18048.100    18054.100
  1390:    18062.100    18063.100    18065.100    18073.100    18077.100
  1395:    18077.200    18084.120    18127.300    18166.120    18188.120
  1400:    18227.530    18649.120    18679.120    18692.120    18693.120
  1405:    18713.120    18716.120    18717.120    18732.100    18742.100
  1410:    18751.100    18754.100    18757.100    18759.100    18761.100
  1415:    18764.100    18767.100    18775.100    18789.100    18795.100
  1420:    18797.100    18808.100    18813.100    18816.100    18825.100
  1425:    18830.100    18835.100    18840.100    18857.100    18861.100
  1430:    18865.100    18867.100    18871.100    18878.100    18884.100
  1435:    18896.100    18903.100    18906.100    18908.100    18911.100
  1440:    18913.100    18915.100    18918.100    18923.100    18924.100
  1445:    18933.100    18934.100    18937.100    18940.100    18945.100
  1450:    18960.100    18966.100    18973.100    18981.100    18984.100
  1455:    18992.100    18994.100    19005.100    19007.100    19009.100
  1460:    19013.100    19026.100    19032.100    19036.100    19039.100
  1465:    19042.100    19059.100    19073.100    19079.100    19083.100
  1470:    19092.100    19094.100    19104.100    19113.100    19135.100
  1475:    19142.120    19164.100    19169.100    19171.100    19176.100
  1480:    19177.100    19197.100    19200.100    19205.100    19215.120
  1485:    19228.120    19234.120    19243.120    19291.120    19395.120
  1490:    19405.120    19407.120    19414.100    19531.120    19533.120
  1495:    19546.120    19581.100    19656.100    19662.100    19668.100
  1500:    19672.100    19676.100    19681.100    19683.100    19687.100
  1505:    19691.100    19705.100    19708.100    19712.100    19718.100
  1510:    19725.100    19731.100    19735.100    19738.100    19748.100
  1515:    19753.100    19761.120    19772.100    19778.100    19780.100
  1520:    19787.100    19790.100    19795.100    19797.100    19801.100
  1525:    19807.100    19815.100    19819.100    19839.100    19844.100
  1530:    19849.120    19873.120    19879.120    19897.120    19914.100
  1535:    19990.120    20011.120    20027.330    20071.120    20096.120
  1540:    20097.120    20098.120    20127.510    20146.120    20148.120
  1545:    20162.120    20231.120    20468.120    20470.120    20502.110
  1550:    20562.110    20571.120    20571.120    20588.120    20589.120
  1555:    20605.110    20609.110    20609.110    20611.110    20613.110
  1560:    20615.110    20619.120    20634.120    20636.120    20642.120
  1565:    20653.110    20656.110    20656.110    20657.110    20658.110
  1570:    20665.110    20667.110    20677.110    20680.110    20684.110
  1575:    20685.110    20689.120    20706.120    20716.110    20717.110
  1580:    20718.110    20729.110    20730.110    20734.110    20739.110
  1585:    20739.210    20741.110    20744.120    20789.310    20799.120
  1590:    20889.500    21282.120    21323.120    21323.120    21337.120
  1595:    21350.120    21364.120    21383.120    21391.100    21490.100
  1600:    21496.100    21502.120    21525.100    21529.100    21530.100
  1605:    21533.100    21537.100    21541.100    21543.100    21544.100
  1610:    21547.100    21548.100    21550.200    21557.120    21600.300
  1615:    21700.540    21995.120    22096.120    22098.120    22117.120
  1620:    22118.120    22169.120    22169.120    22172.120    22173.120
  1625:    22367.120    22368.120    22385.120    22393.110    22394.110
  1630:    22397.120    22421.110    22425.110    22427.110    22432.110
  1635:    22433.110    22439.110    22441.110    22441.110    22450.110
  1640:    22451.110    22460.110    22463.110    22465.110    22467.110
  1645:    22480.110    22482.110    22494.110    22497.110    22509.110
  1650:    22513.110    22518.110    22519.110    22532.110    22534.110
  1655:    22543.110    22545.110    22546.110    22550.110    22552.110
  1660:    22559.110    22576.110    22577.110    22582.110    22587.110
  1665:    22590.110    22595.110    22598.110    22600.110    22607.110
  1670:    22610.110    22611.110    22613.110    22620.110    22630.110
  1675:    22631.110    22633.110    22643.110    22651.110    22651.110
  1680:    22653.110    22655.110    22661.110    22667.110    22671.110
  1685:    22672.110    22678.110    22682.110    22684.110    22695.110
  1690:    22698.110    22703.110    22717.110    22722.110    22725.110
  1695:    22732.110    22738.110    22740.110    22744.120    22804.120
  1700:    22863.120    22900.110    22927.110    22927.110    22931.120
  1705:    23190.120    23220.120    23226.120    23239.120    23243.120
  1710:    23254.120    23267.120    23292.120    23296.120    23335.110
  1715:    23337.110    23340.110    23342.110    23350.110    23366.120
  1720:    23374.120    23399.110    23402.110    23407.110    23408.110
  1725:    23427.110    23430.110    23436.110    23437.110    23444.110
  1730:    23445.110    23446.110    23450.110    23452.110    23457.110
  1735:    23465.110    23469.110    23470.110    23474.110    23474.110
  1740:    23492.110    23494.110    23498.110    23500.340    23521.120
  1745:    23600.510    23684.120    23708.120    23711.120    23712.120
  1750:    23753.120    23758.120    23763.120    23774.110    23777.110
  1755:    23850.120    23890.120    23921.120    23923.120    23925.120
  1760:    23929.120    23940.120    23940.120    23945.120    23956.120
  1765:    23967.120    23974.120    23982.120    24015.110    24021.120
  1770:    24158.110    24160.110    24188.110    24198.110    24206.120
  1775:    24207.120    24309.110    24309.210    24313.120    24351.120
  1780:    24359.310    24459.500    24969.120    24973.120    24997.120
  1785:    25007.120    25020.120    25028.100    25038.100    25042.100
  1790:    25044.100    25046.100    25050.100    25058.100    25062.100
  1795:    25068.100    25072.100    25076.100    25077.100    25082.100
  1800:    25085.100    25088.200    25095.120    25138.300    25139.120
  1805:    25238.510    25733.120    25774.120    25786.120    25795.120
  1810:    25814.120    25909.120    25931.120    25933.120    25962.110
  1815:    25962.210    25965.120    26004.120    26012.310    26112.500
  1820:    26352.120    26367.120    26385.120    26409.120    26420.120
  1825:    26649.120    26656.120    26681.100    26692.100    26699.100
  1830:    26702.100    26709.100    26710.100    26712.100    26713.100
  1835:    26716.100    26719.100    26722.100    26725.100    26731.100
  1840:    26734.100    26738.100    26741.100    26741.200    26742.100
  1845:    26749.120    26785.120    26791.300    26891.510    27263.120
  1850:    27462.120    27491.120    27501.110    27505.110    27505.210
  1855:    27509.120    27547.120    27555.310    27655.500    27919.120
  1860:    27945.120    27948.120    27958.120    28110.120    28122.120
  1865:    28128.120    28130.120    28151.100    28161.100    28163.100
  1870:    28167.100    28168.100    28171.100    28172.100    28180.100
  1875:    28182.100    28184.100    28187.100    28189.100    28192.100
  1880:    28193.100    28203.100    28211.100    28216.100    28224.100
  1885:    28228.100    28239.100    28245.100    28249.100    28250.100
  1890:    28252.100    28253.100    28263.100    28263.200    28264.100
  1895:    28270.120    28313.300    28384.120    28413.500    28458.120
  1900:    28488.120    28490.120    28492.120    28493.120    28820.120
  1905:    28831.120    28833.120    28846.120    28848.120    28854.100
  1910:    28863.100    28870.100    28874.100    28877.100    28879.100
  1915:    28881.100    28885.100    28889.100    28899.100    28900.100
  1920:    28904.100    28906.100    28909.100    28912.100    28916.100
  1925:    28918.100    28919.100    28925.100    28936.100    28937.100
  1930:    28946.100    28960.100    28963.100    28968.100    28978.100
  1935:    28983.100    28989.100    28992.100    28995.100    29008.100
  1940:    29020.200    29020.100    29026.120    29070.300    29119.120
  1945:    29170.510    29624.120    29647.120    29669.120    29681.120
  1950:    29712.110    29715.110    29725.110    29727.110    29738.110
  1955:    29740.110    29742.110    29744.110    29751.110    29751.110
  1960:    29752.110    29754.110    29760.110    29767.110    29770.110
  1965:    29772.110    29775.110    29785.110    29785.210    29790.120
  1970:    29835.310    29850.120    29935.510    30031.120    30032.120
  1975:    30055.120    30068.120    30079.120    30080.120    30148.120
  1980:    30154.120    30166.110    30230.120    30241.120    30250.110
  1985:    30254.110    30256.110    30257.110    30264.110    30266.110
  1990:    30270.120    30273.120    30279.120    30295.110    30296.110
  1995:    30298.110    30303.110    30310.110    30316.110    30324.110
  2000:    30328.110    30330.110    30332.110    30337.110    30343.110
  2005:    30345.110    30346.110    30357.110    30360.110    30361.110
  2010:    30362.110    30365.110    30369.110    30372.110    30373.110
  2015:    30376.110    30379.110    30382.110    30384.110    30386.110
  2020:    30400.110    30402.110    30406.110    30408.110    30416.110
  2025:    30418.110    30421.110    30423.110    30429.110    30440.110
  2030:    30441.110    30444.110    30445.110    30450.110    30455.110
  2035:    30463.110    30464.110    30466.110    30470.110    30472.110
  2040:    30475.110    30477.110    30478.110    30492.110    30494.110
  2045:    30495.110    30498.110    30506.110    30511.110    30513.110
  2050:    30514.110    30515.110    30517.110    30523.110    30535.110
  2055:    30537.110    30540.110    30542.110    30553.110    30553.210
  2060:    30558.120    30603.310    30611.120    30672.120    30703.500
  2065:    30725.120    30838.120    30839.120    30872.120    30884.120
  2070:    30890.100    31022.120    31023.120    31039.100    31089.100
  2075:    31094.100    31100.120    31123.100    31136.100    31139.100
  2080:    31142.100    31143.100    31146.100    31149.100    31154.100
  2085:    31156.100    31157.100    31164.100    31173.100    31177.100
  2090:    31182.100    31187.100    31189.100    31192.100    31200.100
  2095:    31202.100    31205.100    31210.100    31221.100    31226.100
  2100:    31234.100    31236.100    31240.100    31247.100    31260.100
  2105:    31264.100    31266.100    31268.100    31272.100    31279.100
  2110:    31282.100    31294.100    31295.100    31297.100    31298.100
  2115:    31301.100    31305.100    31307.200    31314.120    31357.300
  2120:    31457.500    31513.120    31922.120    31932.120    31934.120
  2125:    31936.120    31939.120    31962.100    31970.100    31975.100
  2130:    31978.100    31981.100    31983.100    31985.100    31992.100
  2135:    31994.100    32003.100    32009.100    32016.100    32020.100
  2140:    32025.100    32026.100    32029.100    32031.100    32042.100
  2145:    32043.100    32045.100    32050.100    32052.100    32055.100
  2150:    32059.100    32061.100    32063.200    32065.100    32070.120
  2155:    32113.300    32213.510    32542.120    32609.120    32796.120
  2160:    32817.120    32828.110    32828.210    32831.120    32878.310
  2165:    32900.120    32978.510    33394.120    33398.120    33447.120
  2170:    33460.120    33464.120    33472.110    33476.110    33478.110
  2175:    33481.110    33485.110    33490.110    33491.110    33504.110
  2180:    33506.110    33512.110    33516.110    33517.110    33519.110
  2185:    33522.110    33524.110    33527.110    33528.110    33537.110
  2190:    33540.110    33542.110    33547.110    33549.110    33551.110
  2195:    33558.110    33563.110    33565.110    33567.110    33570.110
  2200:    33572.110    33576.110    33591.110    33591.210    33596.120
  2205:    33641.310    33648.120    33741.510    33832.120    33833.120
  2210:    33985.120    34117.120    34132.120    34142.110    34145.110
  2215:    34152.110    34155.110    34157.110    34160.110    34165.110
  2220:    34166.110    34178.110    34180.110    34182.110    34188.110
  2225:    34191.110    34193.110    34195.110    34198.110    34202.110
  2230:    34204.110    34216.110    34217.110    34218.110    34221.110
  2235:    34223.110    34225.110    34227.110    34244.110    34246.110
  2240:    34247.110    34250.110    34252.110    34255.110    34257.110
  2245:    34261.110    34264.110    34265.110    34269.110    34281.110
  2250:    34287.110    34290.110    34293.110    34308.110    34310.110
  2255:    34311.110    34313.110    34315.110    34321.110    34328.110
  2260:    34332.110    34338.110    34340.110    34353.110    34353.210
  2265:    34367.120    34403.310    34503.500    34518.120    34562.120
  2270:    34600.120    34852.120    34859.120    34866.120    34881.120
  2275:    34892.120    34906.100    34909.100    34927.100    34929.100
  2280:    34934.100    34936.100    34939.100    34948.100    34950.100
  2285:    34951.100    34953.100    34959.100    34962.100    34966.100
  2290:    34976.100    34983.100    34985.100    34987.100    34992.100
  2295:    34994.100    35000.100    35002.100    35005.100    35011.100
  2300:    35021.100    35031.100    35038.100    35041.100    35042.100
  2305:    35048.100    35050.100    35052.100    35065.100    35069.100
  2310:    35070.100    35072.100    35075.100    35076.100    35090.100
  2315:    35098.100    35101.100    35108.200    35114.120    35152.120
  2320:    35158.300    35258.500    35786.120    35808.120    35810.120
  2325:    35829.120    35845.120    35868.100    35880.100    35883.100
  2330:    35888.100    35891.100    35895.100    35898.100    35900.100
  2335:    35903.100    35904.100    35907.100    35909.100    35917.100
  2340:    35919.100    35920.100    35922.100    35925.100    35928.200
  2345:    35931.100    35937.120    35955.120    35973.120    35978.300
  2350:    36078.500    36213.120    36332.120    36341.120    36355.120
  2355:    36374.120    36493.100    36500.120    36523.100    36526.100
  2360:    36531.100    36533.100    36535.100    36539.100    36544.100
  2365:    36546.100    36553.100    36555.100    36562.100    36563.100
  2370:    36571.100    36573.100    36578.100    36581.100    36586.100
  2375:    36587.100    36589.100    36591.100    36606.100    36609.100
  2380:    36618.100    36624.100    36625.100    36629.100    36636.100
  2385:    36639.100    36651.100    36654.100    36656.100    36659.100
  2390:    36661.100    36672.100    36683.100    36684.200    36691.120
  2395:    36734.300    36831.120    36832.120    36834.500    36858.120
  2400:    37074.120    37141.120    37217.120    37218.120    37232.120
  2405:    37235.120    37246.100    37255.100    37261.120    37262.120
  2410:    37281.100    37283.100    37288.100    37291.100    37294.100
  2415:    37297.100    37303.100    37317.100    37319.100    37323.100
  2420:    37324.100    37326.100    37332.100    37334.100    37336.100
  2425:    37337.100    37340.100    37344.100    37346.100    37349.100
  2430:    37352.100    37360.100    37364.100    37369.100    37371.100
  2435:    37373.100    37382.100    37387.100    37389.100    37404.100
  2440:    37408.100    37413.100    37415.100    37416.100    37418.100
  2445:    37420.100    37432.100    37435.100    37442.200    37445.100
  2450:    37450.120    37483.120    37492.300    37592.510    37760.120
  2455:    37761.120    37779.120    37782.120    37912.120    37912.120
  2460:    37966.110    37973.120    37981.120    37983.120    37994.110
  2465:    37996.110    38000.110    38009.110    38011.110    38015.110
  2470:    38020.110    38024.110    38029.110    38036.110    38037.110
  2475:    38040.110    38042.110    38045.110    38047.110    38053.110
  2480:    38055.110    38056.110    38068.110    38069.110    38071.110
  2485:    38073.110    38082.110    38083.110    38087.110    38090.110
  2490:    38099.110    38101.110    38103.110    38110.110    38115.110
  2495:    38119.110    38125.110    38130.110    38136.110    38138.110
  2500:    38141.110    38143.110    38153.110    38158.110    38160.110
  2505:    38161.110    38163.110    38170.110    38177.110    38179.110
  2510:    38181.110    38182.110    38190.110    38195.110    38206.110
  2515:    38206.210    38211.120    38253.120    38256.310    38356.510
  2520:    38538.120    38575.120    38637.120    38639.120    38725.120
  2525:    38727.120    38743.110    38746.110    38750.110    38765.110
  2530:    38766.110    38772.120    38804.110    38808.110    38809.110
  2535:    38810.110    38812.110    38815.110    38819.110    38819.110
  2540:    38822.110    38826.110    38828.110    38838.110    38846.110
  2545:    38852.110    38857.110    38864.110    38866.110    38870.110
  2550:    38872.110    38882.110    38887.110    38889.110    38894.110
  2555:    38900.110    38902.110    38905.110    38911.110    38913.110
  2560:    38915.110    38917.110    38924.110    38930.110    38933.110
  2565:    38936.110    38940.110    38942.110    38946.110    38948.110
  2570:    38955.110    38958.110    38966.110    38968.110    38971.110
  2575:    38976.110    38976.210    38981.120    39026.310    39050.120
  2580:    39052.120    39126.500    39356.120    39393.120    39395.120
  2585:    39472.120    39473.120    39591.120    39592.120    39618.100
  2590:    39622.100    39627.100    39632.100    39642.100    39643.100
  2595:    39645.100    39647.100    39651.100    39655.100    39660.100
  2600:    39664.100    39666.100    39676.100    39681.100    39684.100
  2605:    39693.100    39707.100    39717.120    39726.200    39755.120
  2610:    39776.300    39876.510    39903.120    39904.120    40204.120
  2615:    40206.120    40207.120    40233.120    40282.110    40286.110
  2620:    40288.110    40291.110    40296.110    40299.110    40306.110
  2625:    40313.110    40313.110    40314.110    40323.110    40328.110
  2630:    40330.110    40344.110    40345.110    40346.110    40350.110
  2635:    40354.110    40361.110    40367.110    40368.110    40370.110
  2640:    40377.110    40379.110    40380.110    40383.110    40396.110
  2645:    40398.110    40403.110    40406.110    40409.110    40411.110
  2650:    40430.110    40433.110    40436.110    40439.110    40441.110
  2655:    40453.110    40455.110    40457.110    40474.110    40476.110
  2660:    40480.110    40484.110    40498.110    40498.210    40503.120
  2665:    40548.310    40556.120    40648.510    40801.120    40834.120
  2670:    40894.120    41022.120    41023.120    41034.120    41041.120
  2675:    41053.110    41055.110    41062.110    41066.120    41092.110
  2680:    41095.110    41098.110    41102.110    41103.110    41104.110
  2685:    41105.110    41109.110    41112.110    41114.110    41116.110
  2690:    41118.110    41120.110    41123.110    41128.110    41132.110
  2695:    41133.110    41141.110    41145.110    41150.110    41154.110
  2700:    41158.110    41161.110    41164.110    41170.110    41172.110
  2705:    41173.110    41175.110    41177.110    41179.110    41187.110
  2710:    41190.110    41194.110    41196.110    41201.110    41207.110
  2715:    41210.110    41212.110    41213.110    41222.110    41229.110
  2720:    41239.110    41241.110    41242.110    41244.110    41246.110
  2725:    41259.110    41260.110    41261.110    41271.110    41271.210
  2730:    41276.120    41297.120    41321.310    41336.120    41356.120
  2735:    41389.120    41403.120    41421.530    41525.120    41535.120
E:
     0:     2740.000      948.000     1139.000
F:
     0:       70.000       28.653       34.145
G:
     0:        1.000        1.000        1.000        1.000        1.000
     5:        1.000        1.000        1.000        1.000        0.000
H:
     0:        1.000        1.000        2.000        2.000
L:
     0:     6128.000     6101.000     6169.000     6111.000     6200.000
     5:     6347.000     6315.000     6156.000     6173.000     6711.000
    10:     6387.000     6394.000     6177.000     6164.000     6140.000
    15:     6165.000     6142.000     6809.000     6155.000     6179.000
    20:     6101.000
R:
     0:        1.000        1.000        1.000        1.000        1.000
     5:        1.000        1.000        1.000        1.000        0.000
S:
     0:        0.000        1.000
U:
     0:     6169.000        2.000        0.000
X:
     0:        0.000      282.001      390.002      463.003      472.004
     5:      501.005      504.006      506.007      508.008      510.009
    10:      513.010      514.011      516.012      542.013      544.014
    15:      547.015      549.016      557.017      559.018      563.019
    20:      565.020      567.021      572.022      574.023      577.024
    25:      579.025      587.026      590.027      598.028      600.029
    30:      602.029      652.000      652.000     1020.001     1093.002
    35:     1096.003     1101.004     1103.005     1105.006     1107.007
    40:     1114.008     1124.009     1126.010     1128.011     1135.012
    45:     1137.013     1139.014     1140.015     1142.016     1154.017
    50:     1156.018     1161.019     1166.020     1173.021     1177.022
    55:     1179.023     1192.024     1206.025     1217.026     1220.027
    60:     1224.028     1241.029     1250.030     1252.030     1302.000
    65:     1302.000     1743.001     1790.002     1794.003     1797.004
    70:     1805.005     1807.006     1811.007     1813.008     1816.009
    75:     1822.010     1825.011     1833.012     1837.013     1839.014
    80:     1840.015     1848.016     1862.017     1871.018     1879.019
    85:     1886.020     1889.021     1897.022     1908.022     1958.000
    90:     1958.000     2151.001     2190.002     2200.003     2202.004
    95:     2205.005     2207.006     2212.007     2216.008     2218.009
   100:     2220.010     2223.011     2229.012     2231.013     2245.014
   105:     2252.015     2257.016     2259.017     2266.018     2272.019
   110:     2273.020     2278.021     2281.022     2293.023     2294.024
   115:     2304.025     2307.026     2323.027     2329.028     2332.029
   120:     2338.030     2340.031     2351.032     2360.033     2362.034
   125:     2365.035     2383.036     2388.037     2397.038     2404.039
   130:     2409.040     2410.041     2416.042     2431.043     2440.044
   135:     2441.045     2478.046     2483.047     2488.048     2493.049
   140:     2499.050     2501.051     2511.052     2517.053     2520.054
   145:     2529.055     2559.055     2609.000     2609.000     2965.001
   150:     3121.002     3134.003     3138.004     3139.005     3142.006
   155:     3144.007     3148.008     3158.009     3161.010     3166.011
   160:     3171.012     3174.013     3176.014     3191.015     3192.016
   165:     3203.017     3209.018     3211.019     3214.020     3219.020
   170:     3269.000     3269.000     3833.001     3846.002     3855.003
   175:     3857.004     3859.005     3861.006     3864.007     3866.008
   180:     3867.009     3874.010     3875.011     3879.012     3883.013
   185:     3893.013     3894.014     3943.000     3943.000     4280.001
   190:     4288.002     4299.003     4303.004     4308.005     4321.006
   195:     4326.007     4330.008     4340.009     4345.010     4351.011
   200:     4373.012     4375.013     4380.014     4382.015     4397.016
   205:     4400.017     4416.018     4417.019     4419.020     4423.021
   210:     4425.022     4427.023     4428.024     4435.025     4441.026
   215:     4447.027     4451.028     4454.029     4474.030     4476.031
   220:     4478.032     4504.033     4506.034     4508.035     4510.036
   225:     4511.037     4513.038     4515.039     4520.040     4523.041
   230:     4526.042     4533.043     4534.044     4564.044     4614.000
   235:     4614.000     4973.001     5042.002     5045.003     5054.004
   240:     5055.005     5073.006     5074.007     5077.008     5079.009
   245:     5082.010     5092.011     5094.012     5097.013     5105.014
   250:     5107.015     5110.016     5115.017     5118.018     5127.019
   255:     5132.020     5136.021     5138.022     5148.023     5159.024
   260:     5161.025     5165.026     5169.027     5175.028     5180.029
   265:     5192.030     5200.031     5203.032     5205.033     5208.034
   270:     5210.035     5213.036     5216.037     5219.037     5269.000
   275:     5269.000     5269.354     5269.356     5269.358     5269.360
   280:     5269.362     5269.364     5269.366     5269.368     5269.370
   285:     5269.372     5269.374     5269.376     5269.378     5269.380
   290:     5269.382     5269.384     5269.386     5269.388     5269.390
   295:     5269.392     5269.394     5269.396     5269.398     5269.400
   300:     5269.402     5269.404     5269.406     5269.408     5269.410
   305:     5269.412     5269.414     5269.416     5269.418     5269.420
   310:     5269.422     5269.424     5269.426     5269.428     5269.430
   315:     5269.432     5269.434     5269.436     5269.438     5269.440
   320:     5269.442     5269.444     5269.446     5269.448     5269.450
   325:     5269.452     5269.454     5269.456     5269.458     5269.460
   330:     5269.462     5269.464     5269.466     5269.468     5269.470
   335:     5269.472     5269.474     5269.476     5269.478     5269.480
   340:     5269.482     5269.484     5269.486     5269.488     5269.490
   345:     5269.492     5269.494     5269.496     5269.498     5269.500
   350:     5269.502     5269.504     5269.506     5269.508     5269.510
   355:     5269.512     5269.514     5269.516     5269.518     5269.520
   360:     5269.522     5269.524     5269.526     5269.528     5269.530
   365:     5269.532     5269.534     5269.536     5269.538     5269.540
   370:     5269.542     5269.544     5269.546     5269.548     5269.550
   375:     5269.552     5269.554     5269.556     5269.558     5269.560
   380:     5269.562     5269.564     5269.566     5269.568     5269.570
   385:     5269.572     5269.574     5269.576     5269.578     5269.580
   390:     5269.582     5269.584     5269.586     5269.588     5269.590
   395:     5269.592     5269.594     5269.596     5269.598     5269.600
   400:     5269.602     5269.604     5269.606     5269.608     5269.610
   405:     5269.612     5269.614     5269.616     5269.618     5269.620
   410:     5269.622     5269.624     5269.626     5269.628     5269.630
   415:     5269.632     5269.634     5269.636     5269.638     5269.640
   420:     5636.001     5650.002     5652.003     5655.004     5660.005
   425:     5663.006     5665.007     5667.008     5669.009     5670.010
   430:     5675.011     5679.012     5682.013     5684.014     5694.015
   435:     5697.016     5699.017     5705.018     5717.019     5719.020
   440:     5729.021     5734.022     5735.023     5737.024     5743.025
   445:     5746.026     5749.027     5753.028     5758.029     5760.030
   450:     5779.031     5790.032     5794.033     5797.034     5803.035
   455:     5805.036     5806.037     5816.038     5818.039     5821.040
   460:     5824.041     5827.042     5840.043     5841.044     5844.045
   465:     5846.046     5853.047     5860.048     5861.049     5864.050
   470:     5871.051     5875.052     5876.052     5926.000     5926.000
   475:     6430.002     6440.004     6450.006     6452.008     6455.010
   480:     6457.012     6460.014     6462.016     6465.018     6473.020
   485:     6487.022     6494.024     6495.026     6506.028     6511.030
   490:     6515.032     6523.034     6528.036     6533.038     6538.040
   495:     6555.042     6559.044     6563.046     6565.048     6569.050
   500:     6577.052     6582.054     6594.056     6602.058     6604.060
   505:     6606.062     6609.064     6611.066     6614.068     6616.070
   510:     6621.072     6622.074     6631.076     6632.078     6636.080
   515:     6639.082     6644.084     6658.086     6664.088     6671.090
   520:     6679.092     6682.094     6690.096     6692.098     6704.100
   525:     6705.102     6707.104     6711.106     6724.108     6731.110
   530:     6734.112     6737.114     6740.116     6758.118     6771.120
   535:     6777.122     6782.124     6790.126     6792.128     6803.130
   540:     6811.132     6833.134     6862.136     6867.138     6869.140
   545:     6874.142     6876.144     6896.146     6898.148     6903.150
   550:     7112.152     7279.154     7354.156     7360.158     7366.160
   555:     7370.162     7374.164     7379.166     7381.168     7385.170
   560:     7390.172     7404.174     7406.176     7410.178     7416.180
   565:     7423.182     7429.184     7434.186     7436.188     7446.190
   570:     7451.192     7470.194     7476.196     7478.198     7485.200
   575:     7489.202     7493.204     7495.206     7500.208     7505.210
   580:     7513.212     7517.214     7537.216     7542.218     7613.220
   585:     9089.001     9188.002     9194.003     9223.004     9227.005
   590:     9229.006     9231.007     9235.008     9239.009     9241.010
   595:     9243.011     9245.012     9246.013     9248.013     9298.000
   600:     9298.000     9866.001     9877.002     9880.003     9882.004
   605:     9885.005     9889.006     9897.007     9900.008     9907.009
   610:     9910.010     9914.011     9916.012     9921.013     9923.014
   615:     9926.014     9976.000     9976.000    10545.001    10555.002
   620:    10563.003    10565.004    10572.005    10574.006    10575.007
   625:    10577.008    10580.009    10583.010    10585.011    10588.012
   630:    10594.013    10598.014    10601.015    10604.016    10605.016
   635:    10606.017    10655.000    10655.000    11150.001    11160.002
   640:    11162.003    11166.004    11167.005    11170.006    11171.007
   645:    11179.008    11181.009    11183.010    11186.011    11188.012
   650:    11191.013    11192.014    11202.015    11210.016    11215.017
   655:    11223.018    11227.019    11238.020    11244.021    11248.022
   660:    11249.023    11251.024    11252.025    11262.026    11262.026
   665:    11263.027    11312.000    11312.000    11753.001    11761.002
   670:    11768.003    11773.004    11775.005    11777.006    11779.007
   675:    11783.008    11787.009    11797.010    11799.011    11802.012
   680:    11804.013    11807.014    11811.015    11815.016    11816.017
   685:    11818.018    11824.019    11834.020    11836.021    11844.022
   690:    11858.023    11861.024    11867.025    11876.026    11881.027
   695:    11887.028    11890.029    11893.030    11906.031    11918.031
   700:    11918.032    11968.000    11968.000    12155.001    12304.002
   705:    12354.003    12359.004    12388.005    12400.006    12404.007
   710:    12406.008    12408.009    12410.010    12414.011    12419.012
   715:    12421.013    12422.014    12428.015    12437.016    12442.017
   720:    12447.018    12452.019    12453.020    12457.021    12465.022
   725:    12467.023    12470.024    12475.025    12486.026    12491.027
   730:    12499.028    12501.029    12504.030    12511.031    12524.032
   735:    12528.033    12531.034    12533.035    12537.036    12544.037
   740:    12547.038    12558.039    12560.040    12562.041    12563.042
   745:    12566.043    12570.044    12572.044    12622.000    12622.000
   750:    13127.001    13135.002    13140.003    13143.004    13146.005
   755:    13148.006    13150.007    13156.008    13158.009    13168.010
   760:    13174.011    13181.012    13185.013    13189.014    13191.015
   765:    13194.016    13196.017    13207.018    13208.019    13210.020
   770:    13215.021    13217.022    13219.023    13223.024    13226.025
   775:    13228.025    13230.026    13278.000    13278.000    13681.001
   780:    13683.002    13702.003    13703.004    13708.005    13710.006
   785:    13713.007    13722.008    13724.009    13725.010    13727.011
   790:    13733.012    13736.013    13740.014    13750.015    13758.016
   795:    13759.017    13761.018    13767.019    13768.020    13774.021
   800:    13777.022    13779.023    13785.024    13795.025    13805.026
   805:    13813.027    13815.028    13816.029    13822.030    13824.031
   810:    13826.032    13839.033    13843.034    13844.035    13846.036
   815:    13849.037    13850.038    13864.039    13872.040    13875.041
   820:    13882.041    13932.000    13932.000    14542.001    14554.002
   825:    14556.003    14562.004    14565.005    14569.006    14572.007
   830:    14573.008    14577.009    14578.010    14581.011    14583.012
   835:    14591.013    14593.014    14594.015    14596.016    14599.017
   840:    14602.017    14605.018    14652.000    14652.000    15066.001
   845:    15096.002    15099.003    15104.004    15106.005    15108.006
   850:    15112.007    15117.008    15119.009    15126.010    15128.011
   855:    15135.012    15136.013    15144.014    15146.015    15151.016
   860:    15154.017    15159.018    15160.019    15162.020    15164.021
   865:    15179.022    15182.023    15191.024    15197.025    15198.026
   870:    15202.027    15209.028    15212.029    15224.030    15227.031
   875:    15229.032    15232.033    15234.034    15245.035    15256.036
   880:    15257.036    15307.000    15307.000    15719.001    15727.002
   885:    15754.003    15756.004    15760.005    15764.006    15767.007
   890:    15769.008    15775.009    15790.010    15792.011    15795.012
   895:    15796.013    15798.014    15805.015    15806.016    15808.017
   900:    15810.018    15812.019    15816.020    15819.021    15821.022
   905:    15824.023    15833.024    15836.025    15842.026    15843.027
   910:    15845.028    15854.029    15860.030    15861.031    15876.032
   915:    15880.033    15885.034    15887.035    15888.036    15890.037
   920:    15893.038    15905.039    15908.040    15914.040    15918.041
   925:    15964.000    15964.000    16456.001    16459.002    16465.003
   930:    16470.004    16480.005    16481.006    16483.007    16485.008
   935:    16489.009    16492.010    16497.011    16502.012    16504.013
   940:    16514.014    16519.015    16522.016    16531.017    16545.018
   945:    16564.018    16614.000    16614.000
Y:
     0:        0.000      177.001      247.002      252.003      253.004
     5:      258.005      261.006      266.007      273.008      275.009
    10:      345.010      345.011      347.012      349.013      355.014
    15:      397.015      399.016      401.017      404.018      409.019
    20:      413.020      417.021      418.022      422.023      423.024
    25:      430.025      432.026      434.027      542.028      542.028
    30:      592.000      592.000     1100.001     1101.002     1101.003
    35:     1133.004     1135.005     1137.006     1138.007     1142.008
    40:     1149.009     1150.010     1153.011     1158.012     1160.013
    45:     1164.014     1165.015     1167.016     1170.017     1172.018
    50:     1183.019     1184.020     1195.021     1197.022     1200.023
    55:     1206.024     1206.024     1209.025     1256.000     1256.000
    60:     1710.001     1713.002     1718.003     1720.004     1722.005
    65:     1739.006     1745.007     1750.008     1752.009     1764.010
    70:     1769.011     1773.012     1778.013     1784.014     1787.015
    75:     1789.016     1794.017     1796.018     1802.019     1805.020
    80:     1809.021     1814.022     1818.023     1819.024     1824.025
    85:     1828.026     1837.027     1841.028     1847.029     1851.030
    90:     1856.031     1858.032     1860.033     1863.034     1865.035
    95:     1867.036     1867.036     1917.000     1917.000     2373.001
   100:     2374.002     2376.003     2379.004     2381.005     2382.006
   105:     2384.007     2392.008     2395.009     2397.010     2399.011
   110:     2403.012     2405.013     2407.014     2409.015     2418.016
   115:     2420.017     2428.018     2431.019     2435.020     2439.021
   120:     2447.022     2453.023     2456.024     2458.025     2461.026
   125:     2472.027     2474.028     2485.029     2487.030     2492.031
   130:     2494.032     2496.033     2499.034     2507.035     2509.036
   135:     2513.037     2519.038     2521.039     2525.040     2535.041
   140:     2535.041     2585.000     2585.000     3082.001     3085.002
   145:     3089.003     3090.004     3091.005     3094.006     3097.007
   150:     3100.008     3101.009     3107.010     3109.011     3114.012
   155:     3116.013     3119.014     3124.015     3125.016     3134.017
   160:     3138.018     3143.019     3145.020     3147.021     3150.022
   165:     3154.023     3156.024     3159.025     3162.026     3164.027
   170:     3182.028     3184.029     3196.030     3196.030     3246.000
   175:     3246.000     3628.001     3631.002     3636.003     3639.004
   180:     3640.005     3640.006     3652.007     3654.008     3656.009
   185:     3666.010     3676.011     3683.012     3684.013     3691.014
   190:     3693.015     3695.016     3697.017     3699.018     3701.019
   195:     3712.020     3715.021     3717.022     3719.023     3729.024
   200:     3733.025     3735.026     3737.027     3748.028     3751.029
   205:     3753.030     3756.031     3763.032     3765.033     3767.034
   210:     3770.035     3774.036     3775.037     3784.038     3786.039
   215:     3793.040     3796.041     3802.042     3812.043     3819.044
   220:     3823.045     3825.046     3832.047     3835.048     3838.049
   225:     3845.050     3856.051     3856.051     3857.052     3906.000
   230:     3906.000     4211.001     4213.002     4219.003     4223.004
   235:     4226.005     4237.006     4239.007     4241.008     4252.009
   240:     4254.010     4255.011     4264.012     4267.013     4270.014
   245:     4272.015     4274.016     4276.017     4279.018     4283.019
   250:     4285.020     4290.021     4292.022     4306.023     4313.024
   255:     4319.025     4322.026     4332.027     4332.028     4346.029
   260:     4347.030     4357.031     4363.032     4369.033     4379.034
   265:     4382.035     4384.036     4406.037     4409.038     4429.039
   270:     4430.040     4436.041     4438.042     4447.043     4458.044
   275:     4460.045     4463.046     4465.047     4485.048     4488.049
   280:     4488.050     4492.051     4505.052     4511.053     4512.054
   285:     4521.055     4521.055     4522.056     4524.057     4571.000
   290:     4571.000     4856.001     4859.002     4862.003     4865.004
   295:     4869.005     4880.006     4883.007     4890.008     4894.009
   300:     4896.010     4906.011     4910.012     4913.013     4920.014
   305:     4926.015     4928.016     4931.017     4936.018     4944.019
   310:     4947.020     4949.021     4958.022     4962.023     4964.024
   315:     4966.025     4976.026     4983.027     4985.028     4986.029
   320:     4989.030     4997.031     4999.032     5000.033     5005.034
   325:     5007.035     5009.036     5011.037     5027.038     5029.039
   330:     5030.040     5037.041     5039.042     5041.043     5045.044
   335:     5048.045     5053.046     5061.047     5063.048     5065.049
   340:     5067.050     5078.051     5080.052     5083.053     5086.054
   345:     5088.055     5095.056     5097.057     5108.058     5114.059
   350:     5114.060     5115.061     5122.062     5124.063     5126.064
   355:     5137.065     5153.066     5155.067     5156.068     5159.069
   360:     5167.070     5170.071     5172.072     5182.073     5183.073
   365:     5233.000     5233.000     5756.001     5758.002     5762.003
   370:     5770.004     5772.005     5777.006     5784.007     5798.008
   375:     5804.009     5806.010     5808.011     5812.012     5827.013
   380:     5829.014     5831.015     5832.016     5837.017     5844.018
   385:     5844.018     5894.000     5894.000     6339.002     6339.004
   390:     6343.006     6345.008     6353.010     6355.012     6362.014
   395:     6366.016     6372.018     6381.020     6384.022     6385.024
   400:     6393.026     6395.028     6406.030     6415.032     6418.034
   405:     6420.036     6427.038     6431.040     6433.042     6439.044
   410:     6446.046     6454.048     6457.050     6464.052     6468.054
   415:     6469.056     6470.058     6477.060     6481.062     6485.064
   420:     6493.066     6497.068     6503.070     6507.072     6509.074
   425:     6511.076     6523.078     6533.080     6535.082     6536.084
   430:     6542.086     6550.088     6554.090     6555.092     6567.094
   435:     6569.096     6571.098     6572.100     6575.102     6578.104
   440:     6584.106     6586.108     6606.110     6609.112     6618.114
   445:     6621.116     6623.118     6627.120     6631.122     6636.124
   450:     6645.126     6648.128     6651.130     6652.132     6654.134
   455:     6658.136     6667.138     6669.140     6670.142     6686.144
   460:     6688.146     6692.148     6693.150     6696.152     6698.154
   465:     6701.156     6706.158     6707.160     6708.162     6712.164
   470:     6715.166     6719.168     6722.170     6725.172     6730.174
   475:     6740.176     6742.178     6746.180     6750.182     6752.184
   480:     6760.186     6785.188     6788.190     6838.192     6840.194
   485:     6842.196     6848.198     6890.200     6893.202     6907.204
   490:     6910.206     7244.208     7248.210     7311.212     7314.214
   495:     7320.216     7324.218     7329.220     7334.222     7339.224
   500:     7341.226     7344.228     7346.230     7353.232     7355.234
   505:     7365.236     7367.238     7374.240     7384.242     7388.244
   510:     7392.246     7395.248     7397.250     7401.252     7403.254
   515:     7404.256     7407.258     7412.260     7414.262     7420.264
   520:     7423.266     7425.268     7434.270     7436.272     7445.274
   525:     7448.276     7455.278     7459.280     7461.282     7537.284
   530:     7539.286     7547.288     7549.290     7553.292     7555.294
   535:     7560.296     7560.298     7562.300     7564.302     7568.304
   540:     7570.306     7573.308     7577.310     7593.312     7600.314
   545:     7608.316     7610.318     7623.320     7626.322     7632.324
   550:     7633.326     7634.328     7636.330     7638.332     7646.334
   555:     7651.336     7662.338     7666.340     7670.342     7677.344
   560:     7679.346     7682.348     7685.350     7693.352     9795.641
   565:     9799.642     9806.643     9806.644     9953.645     9957.646
   570:    10074.647    10078.648    10078.649    10080.650    10167.651
   575:    10169.652    10172.653    10173.654    10181.655    10181.656
   580:    10236.657    10239.658    10241.659    10245.660    10252.661
   585:    10259.662    10261.663    10342.664    10343.664    10393.000
   590:    10393.000    10393.221    10393.222    10393.223    10393.224
   595:    10393.225    10393.226    10393.227    10393.228    10393.229
   600:    10393.230    10393.231    10393.232    10393.233    10393.234
   605:    10393.235    10393.236    10393.237    10393.238    10393.239
   610:    10393.240    10393.241    10393.242    10393.243    10393.244
   615:    10393.245    10393.246    10393.246    10393.247    10393.000
   620:    10393.000    11086.002    11087.004    11114.006    11118.008
   625:    11120.010    11124.012    11126.014    11132.016    11134.018
   630:    11134.020    11142.022    11144.024    11152.026    11156.028
   635:    11158.030    11160.032    11173.034    11175.036    11186.038
   640:    11190.040    11202.042    11206.044    11211.046    11212.048
   645:    11224.050    11227.052    11236.054    11238.056    11239.058
   650:    11242.060    11244.062    11252.064    11269.066    11270.068
   655:    11275.070    11279.072    11283.074    11287.076    11291.078
   660:    11293.080    11300.082    11303.084    11303.086    11306.088
   665:    11313.090    11323.092    11324.094    11326.096    11336.098
   670:    11343.100    11344.102    11345.104    11348.106    11354.108
   675:    11360.110    11363.112    11365.114    11371.116    11374.118
   680:    11377.120    11388.122    11390.124    11396.126    11409.128
   685:    11414.130    11418.132    11425.134    11431.136    11433.138
   690:    11592.140    11620.142    11620.144    12028.146    12030.148
   695:    12033.150    12035.152    12043.154    12092.156    12095.158
   700:    12099.160    12101.162    12119.164    12122.166    12129.168
   705:    12130.170    12136.172    12138.174    12139.176    12143.178
   710:    12145.180    12150.182    12158.184    12161.186    12163.188
   715:    12167.190    12167.192    12185.194    12186.196    12190.198
   720:    12466.199    12470.200    12708.201    12851.202    12853.203
   725:    12881.204    12890.205    13002.206    13002.206    13052.000
   730:    13052.000    13776.001    13776.001    13826.000    13826.000
   735:    14435.001    14439.002    14440.002    14490.000    14490.000
   740:    15032.001    15035.002    15045.003    15047.004    15058.005
   745:    15060.006    15062.007    15064.008    15070.009    15071.010
   750:    15072.011    15074.012    15079.013    15087.014    15090.015
   755:    15092.016    15095.017    15105.018    15105.018    15155.000
   760:    15155.000    15386.001    15470.002    15474.003    15476.004
   765:    15477.005    15484.006    15486.007    15515.008    15515.009
   770:    15518.010    15523.011    15530.012    15536.013    15544.014
   775:    15548.015    15550.016    15552.017    15556.018    15563.019
   780:    15565.020    15566.021    15577.022    15579.023    15580.024
   785:    15582.025    15584.026    15589.027    15592.028    15593.029
   790:    15596.030    15598.031    15602.032    15604.033    15606.034
   795:    15620.035    15622.036    15626.037    15628.038    15636.039
   800:    15638.040    15641.041    15642.042    15649.043    15659.044
   805:    15661.045    15664.046    15665.047    15670.048    15675.049
   810:    15682.050    15684.051    15686.052    15690.053    15692.054
   815:    15694.055    15696.056    15698.057    15712.058    15714.059
   820:    15715.060    15717.061    15726.062    15731.063    15733.064
   825:    15733.065    15735.066    15737.067    15742.068    15754.069
   830:    15757.070    15760.071    15762.072    15772.073    15773.073
   835:    15823.000    15823.000    16437.001    16437.001    16487.000
   840:    16487.000    16981.001    16984.002    16987.003    16990.004
   845:    16994.005    16999.006    17000.007    17012.008    17015.009
   850:    17021.010    17025.011    17026.012    17028.013    17031.014
   855:    17033.015    17035.016    17037.017    17046.018    17049.019
   860:    17051.020    17056.021    17058.022    17060.023    17067.024
   865:    17072.025    17074.026    17075.027    17078.028    17081.029
   870:    17085.030    17099.031    17099.031    17149.000    17149.000
   875:    17550.001    17553.002    17560.003    17563.004    17564.005
   880:    17568.006    17573.007    17574.008    17586.009    17588.010
   885:    17590.011    17596.012    17599.013    17601.014    17603.015
   890:    17606.016    17610.017    17612.018    17623.019    17625.020
   895:    17626.021    17629.022    17631.023    17633.024    17635.025
   900:    17652.026    17654.027    17655.028    17658.029    17659.030
   905:    17662.031    17665.032    17669.033    17672.034    17673.035
   910:    17677.036    17688.037    17695.038    17698.039    17701.040
   915:    17716.041    17718.042    17719.043    17721.044    17723.045
   920:    17729.046    17735.047    17740.048    17746.049    17748.050
   925:    17761.051    17761.051    17811.000    17811.000    18185.001
   930:    18212.002    18214.003    18219.004    18228.005    18229.006
   935:    18234.007    18238.008    18242.009    18247.010    18255.011
   940:    18255.012    18259.013    18261.014    18263.015    18266.016
   945:    18272.017    18274.018    18275.019    18287.020    18288.021
   950:    18290.022    18292.023    18301.024    18302.025    18305.026
   955:    18309.027    18317.028    18319.029    18322.030    18328.031
   960:    18334.032    18338.033    18343.034    18348.035    18354.036
   965:    18357.037    18359.038    18361.039    18372.040    18377.041
   970:    18379.042    18380.043    18381.044    18389.045    18396.046
   975:    18397.047    18399.048    18401.049    18409.050    18413.051
   980:    18424.052    18424.052    18474.000    18474.000    18861.001
   985:    18864.002    18867.003    18882.004    18884.005    18922.006
   990:    18926.007    18926.008    18927.009    18929.010    18933.011
   995:    18937.012    18937.013    18940.014    18944.015    18946.016
  1000:    18956.017    18963.018    18970.019    18974.020    18981.021
  1005:    18983.022    18988.023    18990.024    18999.025    19005.026
  1010:    19006.027    19012.028    19018.029    19019.030    19023.031
  1015:    19029.032    19031.033    19032.034    19034.035    19042.036
  1020:    19047.037    19051.038    19053.039    19057.040    19060.041
  1025:    19064.042    19066.043    19073.044    19076.045    19084.046
  1030:    19086.047    19088.048    19093.049    19093.049    19143.000
  1035:    19143.000    19549.001    19553.002    19555.003    19558.004
  1040:    19563.005    19566.006    19573.007    19579.008    19580.009
  1045:    19581.010    19590.011    19595.012    19597.013    19611.014
  1050:    19612.015    19613.016    19617.017    19621.018    19628.019
  1055:    19634.020    19635.021    19636.022    19644.023    19646.024
  1060:    19647.025    19649.026    19663.027    19665.028    19670.029
  1065:    19673.030    19675.031    19678.032    19696.033    19700.034
  1070:    19703.035    19706.036    19708.037    19719.038    19721.039
  1075:    19723.040    19741.041    19743.042    19747.043    19751.044
  1080:    19765.045    19765.045    19815.000    19815.000    20219.001
  1085:    20221.002    20228.003    20258.004    20261.005    20264.006
  1090:    20268.007    20269.008    20270.009    20271.010    20275.011
  1095:    20278.012    20280.013    20282.014    20284.015    20286.016
  1100:    20289.017    20294.018    20298.019    20299.020    20307.021
  1105:    20311.022    20316.023    20320.024    20324.025    20327.026
  1110:    20330.027    20336.028    20338.029    20339.030    20341.031
  1115:    20343.032    20345.033    20353.034    20356.035    20360.036
  1120:    20362.037    20367.038    20373.039    20376.040    20378.041
  1125:    20379.042    20388.043    20395.044    20405.045    20407.046
  1130:    20408.047    20410.048    20412.049    20425.050    20426.051
  1135:    20427.052    20437.053    20437.053    20487.000
