File: C:\MED-PC\Data\2018-05-17_11h59m_Subject M332.txt


Start Date: 05/17/18
End Date: 05/17/18
Subject: M332
Experiment: DOBLE_PICO_ACO
Group: EXP
Box: 9
Start Time: 11:59:38
End Time: 13:12:59
MSN: IF_ACO_MULTIPLE_PICO
A:    1294.000
B:      19.000
D:      21.000
I:       2.000
J:   18000.000
K:    5400.000
M:     478.000
N:      19.000
O:      21.000
P:    1597.000
Q:       0.000
T:    1000.000
V:     600.000
W:      19.000
Z:       0.000
C:
     0:        0.120        0.120        0.120        0.120        0.120
     5:        0.120        0.120        0.120        0.120        0.120
    10:        0.120        0.120        0.120        0.120        0.120
    15:        0.120        0.120        0.120        0.120        0.120
    20:        0.120        0.120        0.120        0.120        0.120
    25:        0.510       59.110      128.110      193.110      196.110
    30:      196.110      199.110      201.110      203.110      205.110
    35:      212.110      213.110      215.110      218.110      222.110
    40:      224.110      226.110      233.110      236.110      239.110
    45:      240.110      242.110      246.110      252.110      252.110
    50:      253.110      259.110      261.110      264.110      265.110
    55:      279.110      279.110      280.110      283.110      290.110
    60:      294.110      305.110      307.110      312.110      314.110
    65:      315.110      318.110      326.110      333.110      335.110
    70:      339.110      345.110      347.110      350.110      351.110
    75:      353.110      354.110      361.110      362.110      370.110
    80:      370.110      371.110      372.110      409.120      433.110
    85:      435.110      435.110      437.110      443.110      446.110
    90:      447.110      450.110      454.110      460.110      462.110
    95:      464.110      466.110      467.110      468.110      472.110
   100:      478.110      485.110      487.110      494.110      497.110
   105:      504.110      507.110      516.110      524.110      525.110
   110:      530.110      535.110      540.110      592.110      592.210
   115:      596.120      627.120      642.310      730.120      742.500
   120:      770.120      772.120      794.120      803.120      815.120
   125:      837.120      839.120      845.120      853.120      862.120
   130:      902.120      935.100     1105.120     1142.120     1162.100
   135:     1169.100     1174.120     1205.100     1211.100     1220.100
   140:     1222.100     1231.100     1233.100     1238.100     1241.100
   145:     1244.120     1271.100     1275.100     1277.100     1278.100
   150:     1285.100     1287.100     1295.100     1298.100     1300.100
   155:     1303.100     1307.100     1310.100     1312.100     1320.100
   160:     1321.100     1329.100     1333.100     1335.100     1338.100
   165:     1341.100     1345.200     1348.100     1352.120     1382.120
   170:     1395.300     1495.500     1535.120     1664.120     1665.120
   175:     1677.120     1953.120     1992.100     1998.120     2012.100
   180:     2014.100     2016.100     2017.100     2022.100     2031.100
   185:     2034.100     2035.100     2037.100     2039.100     2042.100
   190:     2048.100     2051.100     2053.100     2055.100     2058.100
   195:     2060.100     2062.100     2065.100     2067.100     2071.100
   200:     2075.100     2088.100     2090.100     2093.100     2095.100
   205:     2097.200     2103.120     2133.120     2147.300     2206.120
   210:     2247.510     2411.120     2424.120     2482.120     2486.120
   215:     2542.120     2636.120     2644.120     2655.110     2656.110
   220:     2660.110     2668.110     2670.110     2674.110     2682.110
   225:     2686.110     2689.110     2691.110     2696.110     2700.110
   230:     2704.110     2707.110     2710.110     2712.110     2714.110
   235:     2717.110     2718.110     2723.110     2726.110     2732.110
   240:     2734.110     2735.110     2739.110     2742.110     2744.110
   245:     2746.110     2750.110     2753.110     2754.110     2765.110
   250:     2767.110     2776.110     2778.110     2784.110     2788.110
   255:     2791.110     2812.110     2814.110     2816.110     2827.110
   260:     2829.110     2834.110     2835.110     2847.110     2848.110
   265:     2850.110     2854.110     2867.110     2867.210     2871.110
   270:     2874.120     2905.120     2917.310     3017.510     3034.120
   275:     3123.120     3172.120     3334.120     3383.110     3383.110
   280:     3385.110     3387.110     3389.110     3393.110     3395.110
   285:     3397.110     3399.110     3402.110     3404.110     3407.110
   290:     3410.110     3412.110     3414.110     3433.110     3436.110
   295:     3437.110     3443.110     3446.110     3448.110     3453.110
   300:     3458.110     3460.110     3464.110     3467.110     3469.110
   305:     3470.110     3472.110     3476.110     3480.110     3480.110
   310:     3488.110     3489.110     3491.110     3492.110     3498.110
   315:     3518.110     3524.110     3526.110     3531.110     3538.110
   320:     3544.110     3548.110     3553.110     3557.110     3561.110
   325:     3564.110     3582.110     3586.110     3595.110     3597.110
   330:     3603.110     3604.110     3610.110     3666.110     3666.210
   335:     3670.120     3706.120     3716.310     3816.500     3902.120
   340:     3904.120     4101.120     4170.120     4177.120     4195.100
   345:     4202.100     4205.100     4210.100     4215.100     4218.100
   350:     4220.100     4222.100     4228.100     4232.100     4235.100
   355:     4237.100     4240.100     4242.100     4245.100     4252.100
   360:     4255.100     4257.100     4260.100     4262.100     4265.100
   365:     4288.100     4290.100     4295.100     4299.100     4309.100
   370:     4325.100     4327.100     4333.100     4336.100     4341.100
   375:     4343.100     4348.100     4359.100     4377.120     4415.120
   380:     4419.200     4423.120     4457.120     4469.300     4569.510
   385:     4582.120     4657.120     4661.120     4662.120     4702.120
   390:     4723.120     4726.120     4734.120     4736.120     4763.120
   395:     4778.120     4795.120     4891.120     4926.110     4928.110
   400:     4933.110     4943.110     4963.110     4966.110     4972.110
   405:     4976.110     4981.110     4983.110     4985.110     4994.110
   410:     5004.110     5005.110     5007.110     5013.110     5014.110
   415:     5027.110     5030.110     5033.110     5039.110     5044.110
   420:     5048.110     5049.110     5052.110     5060.110     5062.110
   425:     5063.110     5074.110     5076.110     5083.110     5084.110
   430:     5094.110     5096.110     5099.110     5101.110     5105.110
   435:     5109.110     5113.110     5127.110     5128.110     5138.110
   440:     5142.110     5144.110     5146.110     5155.110     5156.110
   445:     5166.110     5178.110     5180.110     5183.120     5240.120
   450:     5251.110     5251.210     5252.110     5255.120     5291.120
   455:     5301.310     5401.510     5422.120     5490.120     5530.120
   460:     5531.120     5531.120     5543.120     5545.120     5848.120
   465:     5848.120     5894.110     5896.110     5902.110     5903.110
   470:     5908.110     5910.110     5913.110     5915.110     5917.110
   475:     5919.110     5922.110     5923.110     5926.110     5934.110
   480:     5936.110     5943.110     5945.110     5948.110     5952.110
   485:     5955.110     5955.110     5961.110     5963.110     5975.110
   490:     5977.110     5979.110     5981.110     5983.110     5986.110
   495:     5990.110     5997.110     6004.110     6006.110     6010.110
   500:     6015.110     6015.210     6020.120     6058.120     6065.310
   505:     6165.500     6184.120     6202.120     6224.120     6225.120
   510:     6240.120     6265.100     6333.100     6355.120     6426.120
   515:     6441.100     6444.100     6453.120     6475.100     6481.100
   520:     6488.100     6489.100     6491.100     6498.100     6501.100
   525:     6503.100     6505.100     6513.100     6518.100     6522.100
   530:     6527.100     6532.100     6533.100     6552.120     6577.120
   535:     6583.100     6587.100     6589.100     6591.100     6592.100
   540:     6602.100     6605.100     6607.100     6611.100     6616.100
   545:     6620.100     6622.100     6624.100     6629.100     6635.100
   550:     6637.100     6644.100     6646.100     6648.100     6652.100
   555:     6659.100     6663.100     6664.100     6684.100     6685.100
   560:     6686.100     6691.100     6694.100     6699.100     6703.100
   565:     6709.100     6711.100     6713.100     6715.100     6720.120
   570:     6755.120     6769.200     6809.120     6819.300     6919.500
   575:     6988.120     7001.120     7073.120     7281.120     7331.100
   580:     7333.100     7336.100     7344.100     7346.100     7348.100
   585:     7353.100     7361.100     7364.100     7367.100     7370.100
   590:     7373.100     7375.100     7378.100     7380.100     7383.100
   595:     7385.100     7395.100     7398.100     7402.100     7407.100
   600:     7410.100     7412.100     7414.100     7417.100     7418.100
   605:     7434.100     7441.120     7497.100     7500.100     7502.100
   610:     7504.100     7510.100     7516.100     7520.100     7522.100
   615:     7527.100     7529.100     7531.100     7532.100     7539.100
   620:     7546.100     7548.100     7550.100     7554.100     7557.200
   625:     7559.100     7563.120     7598.120     7599.120     7607.300
   630:     7707.500     7790.120     7805.120     7826.120     7930.120
   635:     7956.120     7961.100     8058.100     8067.120     8103.100
   640:     8112.100     8118.100     8121.100     8127.120     8164.100
   645:     8166.100     8168.100     8170.100     8178.100     8182.100
   650:     8185.100     8188.100     8196.100     8199.100     8202.100
   655:     8207.100     8209.100     8216.100     8221.100     8223.100
   660:     8226.100     8230.100     8234.100     8236.100     8243.100
   665:     8250.100     8256.100     8258.100     8260.100     8263.100
   670:     8264.100     8268.100     8270.100     8273.100     8275.100
   675:     8278.100     8279.100     8296.100     8298.100     8300.100
   680:     8302.100     8304.100     8306.100     8308.100     8310.200
   685:     8317.120     8353.120     8360.300     8460.540     8463.120
   690:     8704.120     8706.120     8732.120     9016.120     9035.120
   695:     9045.110     9047.110     9049.110     9056.110     9059.110
   700:     9061.110     9063.110     9076.110     9078.110     9081.110
   705:     9082.110     9084.110     9088.110     9094.110     9098.110
   710:     9102.110     9110.110     9115.110     9117.110     9118.110
   715:     9126.110     9130.110     9134.110     9138.110     9142.110
   720:     9145.110     9147.110     9152.110     9158.110     9164.110
   725:     9166.110     9168.110     9173.110     9185.110     9189.110
   730:     9190.110     9198.110     9202.110     9205.110     9206.110
   735:     9225.110     9226.110     9228.110     9229.110     9233.110
   740:     9236.110     9240.110     9247.110     9249.110     9257.110
   745:     9259.110     9262.110     9263.110     9281.110     9282.110
   750:     9291.110     9300.110     9303.110     9306.110     9307.110
   755:     9309.110     9321.110     9324.110     9328.110     9336.110
   760:     9336.110     9341.110     9348.110     9352.110     9357.110
   765:     9359.110     9370.110     9372.110     9376.110     9376.110
   770:     9383.110     9384.110     9389.110     9396.120     9482.120
   775:     9484.120     9495.110     9498.110     9501.110     9504.110
   780:     9505.110     9510.110     9622.120     9623.120     9701.110
   785:     9704.110     9707.120     9737.120     9756.120     9791.110
   790:     9793.110     9869.110     9873.110     9892.110     9900.120
   795:    10070.120    10071.120    10071.120    10260.340    10360.510
   800:    10537.120    10561.110    10567.110    10571.110    10623.120
   805:    10684.110    10686.110    10694.110    10734.120    10770.110
   810:    10775.110    10777.110    10780.110    10789.110    10796.110
   815:    10803.110    10806.110    10813.110    10816.110    10819.110
   820:    10819.110    10821.110    10824.110    10828.110    10835.110
   825:    10839.110    10843.110    10845.110    10851.110    10852.110
   830:    10853.110    10857.110    10860.110    10863.110    10867.110
   835:    10871.110    10880.110    10882.110    10884.110    10934.110
   840:    10936.110    10939.110    10940.110    10942.110    10943.110
   845:    10944.110    10950.110    10952.110    10959.110    10960.110
   850:    10963.110    10966.110    10970.110    10975.110    10975.210
   855:    10979.120    11017.120    11025.310    11121.120    11125.500
   860:    11138.120    11142.120    11143.120    11160.120    11171.120
   865:    11179.120    11181.120    11182.120    11200.120    11203.120
   870:    11204.120    11219.120    11232.120    11319.120    11368.100
   875:    11380.100    11383.100    11390.120    11422.100    11426.100
   880:    11429.100    11443.100    11447.100    11450.100    11453.120
   885:    11471.100    11473.100    11475.100    11476.100    11478.100
   890:    11482.100    11485.100    11487.100    11491.100    11493.100
   895:    11495.100    11501.100    11505.100    11513.100    11520.100
   900:    11522.100    11526.100    11529.100    11532.100    11537.100
   905:    11543.100    11545.100    11547.100    11549.100    11552.100
   910:    11558.100    11562.100    11568.100    11571.100    11576.100
   915:    11585.100    11587.100    11592.120    11638.120    11669.100
   920:    11674.100    11676.100    11678.100    11689.100    11691.100
   925:    11695.100    11699.100    11702.100    11705.100    11716.100
   930:    11728.100    11729.200    11736.120    11768.120    11779.300
   935:    11879.530    12126.120    12143.120    12145.120    12146.120
   940:    12152.120    12251.120    12561.120    12586.120    12603.120
   945:    12621.100    12624.100    12626.100    12630.100    12632.100
   950:    12634.100    12638.100    12643.100    12652.100    12656.100
   955:    12658.100    12660.100    12678.100    12689.100    12691.100
   960:    12699.100    12702.100    12714.100    12731.100    12735.100
   965:    12738.100    12745.100    12749.100    12754.100    12757.100
   970:    12772.100    12776.100    12782.100    12789.100    12806.100
   975:    12810.100    12812.100    12814.100    12817.100    12819.100
   980:    12821.100    12835.100    12837.100    12847.100    12852.100
   985:    12856.100    12861.100    12863.100    12868.100    12869.100
   990:    12871.100    12872.100    12878.100    12887.100    12890.100
   995:    12901.100    12912.120    12975.100    12979.100    12981.100
  1000:    12999.100    13001.100    13011.100    13014.100    13038.100
  1005:    13042.100    13048.120    13150.120    13152.120    13154.120
  1010:    13158.120    13170.120    13172.120    13183.100    13265.120
  1015:    13309.120    13335.100    13338.100    13457.120    13457.120
  1020:    13653.120    13676.120    13677.120    13679.330    13693.120
  1025:    13779.510    13866.120    13866.120    13867.120    13869.120
  1030:    14048.120    14079.110    14083.110    14084.110    14089.110
  1035:    14095.110    14096.110    14108.110    14119.110    14119.110
  1040:    14120.110    14127.110    14131.110    14134.110    14136.110
  1045:    14144.110    14148.110    14158.110    14160.110    14161.110
  1050:    14171.110    14176.110    14179.110    14181.110    14185.110
  1055:    14188.110    14190.110    14192.110    14193.110    14204.110
  1060:    14208.110    14226.110    14228.110    14230.110    14237.110
  1065:    14239.110    14242.110    14247.110    14249.110    14263.110
  1070:    14265.110    14278.110    14280.110    14281.110    14288.110
  1075:    14289.110    14292.110    14293.110    14304.110    14331.110
  1080:    14333.110    14342.110    14353.110    14356.110    14358.110
  1085:    14365.110    14367.110    14382.110    14396.110    14396.210
  1090:    14400.120    14435.120    14446.310    14546.510    14667.120
  1095:    14669.120    14768.120    14769.120    14786.120    14788.120
  1100:    14791.120    14877.120    14877.120    14902.120    14917.110
  1105:    14920.110    14923.110    14926.110    14931.110    14934.110
  1110:    14936.110    14944.110    14952.110    14955.110    14957.110
  1115:    14966.110    14968.110    14981.110    14987.110    14996.110
  1120:    15000.110    15013.110    15018.110    15019.110    15031.110
  1125:    15042.110    15064.110    15070.110    15074.110    15090.110
  1130:    15103.110    15115.110    15117.110    15119.110    15129.110
  1135:    15131.110    15141.110    15148.110    15158.110    15160.110
  1140:    15162.110    15162.210    15166.120    15202.120    15212.310
  1145:    15312.510    15601.120    15602.120    15615.120    15666.120
  1150:    15683.120    15731.120    15750.120    15881.110    15888.110
  1155:    15890.110    15894.110    15900.110    15902.110    15908.110
  1160:    15915.110    15919.110    15920.110    15926.110    15931.110
  1165:    15931.210    15935.120    15971.120    15981.310    16081.500
  1170:    16231.120    16263.120    16273.120    16290.120    16470.120
  1175:    16492.120    16505.100    16510.100    16540.120    16566.100
  1180:    16568.100    16571.100    16573.100    16574.100    16576.100
  1185:    16578.100    16580.100    16582.100    16583.100    16589.100
  1190:    16592.100    16601.100    16603.100    16605.100    16607.100
  1195:    16609.100    16614.100    16617.100    16621.100    16625.100
  1200:    16628.100    16631.100    16635.100    16637.100    16645.100
  1205:    16649.100    16652.100    16657.100    16661.100    16669.100
  1210:    16672.100    16674.100    16677.100    16681.200    16682.100
  1215:    16688.120    16720.120    16731.300    16831.510    17120.120
  1220:    17130.120    17221.120    17239.120    17240.120    17248.120
  1225:    17268.120    17275.120    17303.120    17399.120    17438.110
  1230:    17441.110    17443.110    17447.110    17447.210    17451.120
  1235:    17485.120    17497.310    17551.120    17597.500    17654.120
  1240:    17912.120    17954.120    17960.100    17973.100    17976.100
  1245:    17981.120    18006.100    18008.100    18010.100    18013.100
  1250:    18016.100    18019.100    18020.100    18023.100    18027.100
  1255:    18030.100    18047.100    18050.100    18052.100    18057.100
  1260:    18067.100    18069.100    18074.100    18075.100    18078.100
  1265:    18083.100    18086.100    18088.100    18098.100    18102.100
  1270:    18104.100    18108.100    18112.100    18115.100    18132.100
  1275:    18135.100    18137.100    18140.100    18143.100    18153.100
  1280:    18168.100    18169.100    18171.100    18175.100    18177.100
  1285:    18181.100    18187.100    18190.100    18194.100    18196.100
  1290:    18197.200    18197.100    18205.120    18234.120    18247.300
  1295:    18347.500    18527.120    18626.120    18639.100    18642.100
  1300:    18724.120    18926.120    18946.100    18948.100    18953.100
  1305:    18955.100    18957.100    18959.100    18961.100    18967.100
  1310:    18970.100    18972.100    18977.100    18988.100    18993.100
  1315:    18995.100    18997.100    18999.100    19003.100    19006.200
  1320:    19013.120    19042.120    19056.300    19156.510    19266.120
  1325:    19519.120    19519.120    19520.120    19741.110    19747.120
  1330:    19796.110    19796.210    19801.120    19829.120    19846.310
  1335:    19910.120    19911.120    19946.500    20099.120    20115.120
  1340:    20158.120    20168.120    20183.120    20202.100    20238.120
  1345:    20239.120    20252.100    20260.100    20267.120    20286.100
  1350:    20287.100    20292.100    20293.100    20295.100    20302.100
  1355:    20303.100    20305.100    20307.100    20315.100    20317.100
  1360:    20320.100    20323.100    20327.100    20335.100    20338.100
  1365:    20342.100    20359.100    20364.100    20366.100    20371.100
  1370:    20376.100    20377.100    20385.100    20399.100    20402.100
  1375:    20408.100    20410.100    20412.100    20414.100    20417.100
  1380:    20427.100    20429.100    20436.100    20438.100    20440.100
  1385:    20443.100    20448.100    20451.100    20455.100    20457.100
  1390:    20462.100    20463.100    20466.100    20478.100    20480.100
  1395:    20487.120    20499.120    20509.120    20514.120    20528.120
  1400:    20530.120    20546.100    20549.100    20551.100    20552.100
  1405:    20554.100    20565.100    20571.100    20574.100    20576.100
  1410:    20578.100    20579.100    20593.100    20595.100    20603.100
  1415:    20604.100    20606.200    20608.100    20612.120    20652.120
  1420:    20656.300    20756.510    20762.120    20774.120    20808.120
  1425:    20809.120    20830.120    20835.120    20925.120    21086.120
  1430:    21086.120    21149.120    21170.120    21172.120    21197.110
  1435:    21200.110    21203.110    21204.110    21206.110    21210.110
  1440:    21212.110    21214.110    21219.110    21221.110    21227.110
  1445:    21228.110    21234.110    21237.110    21239.110    21251.110
  1450:    21258.110    21260.110    21261.110    21270.110    21286.110
  1455:    21288.110    21295.110    21299.110    21319.110    21325.110
  1460:    21333.110    21338.110    21339.110    21365.110    21370.110
  1465:    21372.110    21372.210    21374.110    21378.120    21408.120
  1470:    21422.310    21512.120    21522.540    21600.120    21814.120
  1475:    21815.120    21834.110    21838.110    21892.110    21894.110
  1480:    21901.110    21904.110    21905.110    21908.110    21912.110
  1485:    21914.110    21918.110    21924.120    21944.110    21946.110
  1490:    21949.110    21955.110    21958.110    21962.110    21963.110
  1495:    21966.110    21972.110    21979.110    21987.110    21990.110
  1500:    21995.110    21997.110    21999.110    22007.110    22013.110
  1505:    22018.110    22022.110    22029.110    22035.110    22035.110
  1510:    22046.110    22050.110    22055.110    22057.110    22058.110
  1515:    22066.110    22068.110    22069.110    22075.110    22080.110
  1520:    22086.110    22088.110    22092.110    22094.110    22101.110
  1525:    22103.110    22105.110    22114.110    22116.110    22120.110
  1530:    22132.110    22134.110    22141.110    22142.110    22144.110
  1535:    22148.120    22169.120    22178.110    22181.110    22181.110
  1540:    22183.110    22188.110    22190.110    22191.110    22194.110
  1545:    22200.110    22203.110    22207.110    22214.110    22216.110
  1550:    22220.110    22222.110    22224.110    22232.110    22239.110
  1555:    22240.110    22245.110    22248.110    22250.110    22262.110
  1560:    22266.110    22270.110    22272.110    22274.110    22277.110
  1565:    22281.110    22293.110    22300.110    22405.110    22406.110
  1570:    22413.120    22475.120    22480.120    22583.120    22605.110
  1575:    22615.110    22615.110    23119.120    23152.120    23155.120
  1580:    23163.110    23166.110    23322.340    23422.500    23744.120
  1585:    23764.120    23782.100    23785.100    23801.100    23808.100
  1590:    23810.100    23811.100    23813.100    23814.100    23816.100
  1595:    23818.100    23827.100    23836.120    23847.100    23849.100
  1600:    23853.100    23855.100    23857.100    23857.100    23861.100
  1605:    23865.100    23866.100    23868.100    23870.100    23871.100
  1610:    23874.100    23876.100    23879.100    23884.100    23886.100
  1615:    23889.100    23892.100    23896.100    23908.100    23911.100
  1620:    23913.100    23918.100    23920.100    23927.100    23929.100
  1625:    23932.100    23934.100    23937.100    23939.100    23941.100
  1630:    23946.100    23950.100    23952.100    23958.100    23960.100
  1635:    23964.100    23974.100    23977.100    23987.100    23991.100
  1640:    23996.100    23999.100    24003.100    24007.100    24009.100
  1645:    24011.100    24013.100    24024.200    24036.120    24062.120
  1650:    24074.300    24113.120    24169.120    24174.510    24197.120
  1655:    24205.120    24257.120    24474.120    24631.120    24632.120
  1660:    24676.110    24679.110    24684.110    24687.110    24690.110
  1665:    24692.110    24698.110    24700.110    24703.110    24703.110
  1670:    24707.110    24712.110    24721.110    24728.110    24733.110
  1675:    24740.110    24744.110    24744.110    24750.110    24754.110
  1680:    24759.110    24763.110    24773.110    24776.110    24781.110
  1685:    24784.110    24793.110    24793.210    24796.120    24827.120
  1690:    24843.310    24943.530    25088.120    25090.120    25114.120
  1695:    25125.120    25133.120    25143.120    25289.120    25314.100
  1700:    25322.100    25325.100    25332.100    25334.100    25337.120
  1705:    25353.100    25355.100    25359.100    25360.100    25366.100
  1710:    25369.100    25371.100    25375.100    25387.100    25390.100
  1715:    25392.100    25394.100    25395.100    25398.100    25402.100
  1720:    25412.100    25414.100    25422.100    25424.100    25428.100
  1725:    25431.100    25433.100    25450.100    25452.100    25456.100
  1730:    25458.100    25461.100    25464.100    25467.100    25472.100
  1735:    25473.100    25476.100    25488.100    25492.100    25497.120
  1740:    25518.120    25552.100    25554.100    25556.100    25565.100
  1745:    25567.100    25574.100    25575.100    25586.100    25589.100
  1750:    25598.100    25601.100    25603.100    25605.100    25609.100
  1755:    25625.100    25627.100    25629.100    25635.100    25638.100
  1760:    25641.100    25645.100    25650.100    25651.100    25660.100
  1765:    25668.120    25675.120    25712.120    25734.100    25738.100
  1770:    25741.100    25746.100    25752.100    25754.100    25755.100
  1775:    25760.100    25763.100    25765.100    25774.100    25776.100
  1780:    25790.100    25811.100    25828.100    25831.100    25834.100
  1785:    25843.100    25846.100    25853.120    25901.100    25903.100
  1790:    25960.120    26178.120    26206.100    26481.100    26483.100
  1795:    26598.120    26600.120    26601.120    26601.120    26664.120
  1800:    26674.100    26679.100    26681.100    26682.100    26685.120
  1805:    26716.100    26717.100    26721.100    26722.100    26725.100
  1810:    26727.100    26729.100    26733.100    26736.100    26740.100
  1815:    26743.330    26743.100    26797.120    26841.120    26843.510
  1820:    26843.120    26849.120    26875.110    26941.120    26972.110
  1825:    26975.110    26979.110    26985.110    26988.110    26991.110
  1830:    26996.110    26998.110    27002.110    27004.110    27008.120
  1835:    27049.110    27053.110    27058.110    27060.110    27066.110
  1840:    27068.110    27070.110    27072.110    27082.110    27093.110
  1845:    27094.110    27101.110    27111.110    27117.110    27132.110
  1850:    27139.110    27142.110    27144.110    27148.110    27151.110
  1855:    27159.110    27162.110    27164.110    27166.110    27171.110
  1860:    27179.110    27182.110    27185.110    27194.110    27195.110
  1865:    27200.110    27204.110    27208.110    27226.110    27232.110
  1870:    27235.110    27237.110    27239.110    27247.110    27249.110
  1875:    27251.110    27259.110    27270.110    27272.110    27281.110
  1880:    27287.110    27290.110    27293.110    27294.110    27296.110
  1885:    27313.110    27334.110    27336.110    27338.110    27344.110
  1890:    27347.110    27349.110    27410.110    27413.110    27424.110
  1895:    27426.110    27428.110    27440.110    27443.110    27447.110
  1900:    27449.110    27452.110    27463.110    27463.210    27467.120
  1905:    27505.120    27513.310    27613.500    27753.120    27856.120
  1910:    27871.120    27906.120    27921.120    27949.120    27950.120
  1915:    28100.120    28130.100    28136.120    28152.100    28156.100
  1920:    28158.100    28164.100    28167.100    28169.100    28176.100
  1925:    28178.100    28179.100    28181.100    28183.100    28185.100
  1930:    28194.100    28198.100    28202.100    28203.100    28216.200
  1935:    28219.100    28223.120    28253.120    28266.300    28366.510
  1940:    28378.120    28723.120    28784.120    28854.120    28868.120
  1945:    28876.120    28883.120    28899.120    28929.110    28931.110
  1950:    28936.110    28939.110    28943.110    28945.110    28948.110
  1955:    28950.110    28952.110    28954.110    28959.110    28963.110
  1960:    28966.110    28975.110    28976.110    28979.110    28983.110
  1965:    28983.210    28987.120    29018.120    29033.310    29133.500
  1970:    29190.120    29254.120    29302.100    29351.120    29375.100
  1975:    29376.100    29379.100    29380.100    29384.100    29388.100
  1980:    29391.100    29396.100    29400.100    29402.100    29410.100
  1985:    29414.100    29416.100    29417.100    29420.100    29422.100
  1990:    29427.100    29429.100    29432.100    29435.100    29438.100
  1995:    29440.100    29443.100    29445.100    29451.100    29457.100
  2000:    29458.100    29463.100    29469.100    29471.100    29475.100
  2005:    29477.100    29479.100    29483.100    29493.100    29495.100
  2010:    29497.100    29500.100    29504.100    29509.100    29511.100
  2015:    29515.100    29519.100    29520.100    29529.100    29532.100
  2020:    29539.120    29571.100    29574.100    29577.100    29579.100
  2025:    29581.100    29591.100    29597.100    29600.100    29602.100
  2030:    29603.100    29604.100    29606.100    29607.100    29616.100
  2035:    29620.100    29623.100    29626.100    29628.100    29630.100
  2040:    29636.100    29642.100    29646.100    29649.100    29652.100
  2045:    29657.100    29661.100    29664.100    29666.100    29668.100
  2050:    29677.100    29683.100    29686.100    29689.100    29691.100
  2055:    29692.100    29698.100    29701.100    29703.100    29706.100
  2060:    29709.100    29711.100    29724.100    29728.100    29730.100
  2065:    29732.100    29737.100    29737.200    29746.120    29774.120
  2070:    29787.300    29864.120    29887.500    30110.120    30126.120
  2075:    30134.120    30342.120    30393.100    30400.120    30430.100
  2080:    30433.100    30436.100    30441.100    30445.100    30453.100
  2085:    30455.100    30460.100    30461.100    30470.100    30474.100
  2090:    30476.100    30477.100    30490.100    30490.200    30497.120
  2095:    30527.120    30540.300    30608.120    30640.510    30929.120
  2100:    30981.110    30983.110    30985.110    30988.110    30994.110
  2105:    30996.110    31001.110    31003.110    31009.110    31012.110
  2110:    31021.110    31023.110    31024.110    31030.110    31032.110
  2115:    31046.110    31050.110    31053.110    31055.110    31056.110
  2120:    31062.110    31064.110    31067.110    31071.110    31072.110
  2125:    31079.110    31083.110    31084.110    31091.110    31094.110
  2130:    31096.110    31106.110    31108.110    31109.110    31119.110
  2135:    31121.110    31123.110    31129.110    31139.110    31147.110
  2140:    31152.110    31154.110    31170.110    31176.110    31178.110
  2145:    31180.110    31182.110    31188.110    31190.110    31193.110
  2150:    31199.110    31205.110    31207.110    31208.110    31210.110
  2155:    31214.110    31217.110    31224.110    31229.110    31231.110
  2160:    31238.110    31241.110    31251.110    31255.110    31261.110
  2165:    31261.210    31266.120    31293.120    31311.310    31402.120
  2170:    31411.500    31548.120    31694.120    31710.120    31723.100
  2175:    31735.100    31740.120    31760.100    31762.100    31766.100
  2180:    31768.100    31772.100    31774.100    31775.100    31777.100
  2185:    31778.100    31780.100    31782.100    31792.100    31793.100
  2190:    31796.100    31798.100    31812.100    31814.100    31829.100
  2195:    31831.100    31835.100    31839.100    31841.100    31843.100
  2200:    31850.100    31854.100    31856.100    31859.100    31883.100
  2205:    31891.100    31893.100    31901.100    31904.100    31907.100
  2210:    31909.100    31911.100    31924.100    31927.100    31949.100
  2215:    31955.100    31965.100    31969.120    31998.120    32015.200
  2220:    32016.100    32021.120    32050.120    32065.300    32165.510
  2225:    32239.120    32286.120    32440.120    32468.110    32477.110
  2230:    32482.120    32541.120    32567.110    32571.110    32572.110
  2235:    32577.110    32585.110    32587.110    32589.110    32592.110
  2240:    32601.110    32603.110    32617.110    32621.110    32633.110
  2245:    32638.110    32641.110    32643.110    32647.110    32649.110
  2250:    32652.110    32653.110    32656.110    32660.110    32663.110
  2255:    32665.110    32666.110    32668.110    32674.110    32676.110
  2260:    32679.110    32700.110    32701.110    32703.110    32705.110
  2265:    32713.110    32715.110    32717.110    32722.110    32723.110
  2270:    32730.110    32732.110    32735.110    32737.110    32741.110
  2275:    32743.110    32745.110    32747.110    32753.110    32753.110
  2280:    32754.110    32761.110    32769.110    32771.110    32772.110
  2285:    32773.110    32777.110    32782.110    32782.210    32788.120
  2290:    32815.120    32832.310    32856.120    32932.510    32952.120
  2295:    33126.120    33159.120    33163.120    33487.120    33518.110
  2300:    33520.110    33525.110    33528.110    33534.110    33543.110
  2305:    33544.110    33545.110    33546.110    33556.110    33556.210
  2310:    33562.120    33590.120    33606.310    33629.120    33706.510
  2315:    33842.120    33885.110    33958.120    33975.110    33977.110
  2320:    33981.110    33985.110    33992.110    33994.110    33996.110
  2325:    33999.110    34001.110    34004.110    34006.110    34011.110
  2330:    34017.110    34019.110    34021.110    34025.110    34041.110
  2335:    34044.110    34047.110    34056.110    34058.110    34061.110
  2340:    34072.110    34074.110    34081.110    34084.110    34086.110
  2345:    34088.110    34104.110    34106.110    34106.110    34110.110
  2350:    34117.110    34124.110    34126.110    34132.110    34134.110
  2355:    34143.110    34149.110    34152.110    34169.110    34172.110
  2360:    34175.110    34183.110    34186.110    34190.110    34192.110
  2365:    34193.110    34195.110    34206.110    34212.110    34216.110
  2370:    34222.110    34231.110    34234.110    34235.110    34243.110
  2375:    34259.110    34261.110    34268.110    34272.110    34276.110
  2380:    34282.110    34285.110    34286.110    34292.110    34296.110
  2385:    34298.110    34301.110    34305.110    34311.110    34313.110
  2390:    34317.110    34321.110    34321.210    34326.120    34356.120
  2395:    34371.310    34412.120    34413.120    34471.500    34543.120
  2400:    34544.120    34756.120    34932.120    34934.120    34945.100
  2405:    34950.100    34953.100    34956.100    34959.100    34967.100
  2410:    34975.100    34977.100    34980.100    34983.100    34985.100
  2415:    34989.100    34994.100    34996.100    35001.100    35004.100
  2420:    35021.100    35024.100    35028.100    35031.100    35033.100
  2425:    35035.100    35036.100    35048.100    35050.100    35053.100
  2430:    35055.100    35058.100    35060.100    35069.100    35080.100
  2435:    35081.200    35087.120    35121.120    35131.300    35218.120
  2440:    35231.500    35556.120    35557.120    35582.120    35584.120
  2445:    35614.100    35653.120    35676.100    35681.100    35682.100
  2450:    35688.100    35691.100    35693.100    35694.100    35697.100
  2455:    35701.100    35703.100    35706.100    35713.100    35718.100
  2460:    35720.100    35725.100    35727.100    35730.100    35732.100
  2465:    35743.100    35747.100    35751.100    35755.100    35765.100
  2470:    35769.100    35774.100    35776.100    35779.100    35781.100
  2475:    35784.100    35787.100    35796.100    35798.100    35799.100
  2480:    35801.100    35804.100    35807.100    35811.100    35830.100
  2485:    35834.200    35836.100    35842.120    35869.120    35884.300
  2490:    35910.120    35984.500    36318.120    36321.120    36323.120
  2495:    36382.100    36420.100    36422.100    36426.100    36429.100
  2500:    36432.120    36448.100    36451.100    36456.100    36458.100
  2505:    36460.100    36467.100    36470.100    36472.100    36488.100
  2510:    36502.100    36506.100    36508.100    36518.100    36523.100
  2515:    36525.100    36529.100    36531.100    36535.100    36546.100
  2520:    36550.100    36556.100    36559.100    36561.100    36566.100
  2525:    36571.100    36573.100    36576.100    36583.100    36585.200
  2530:    36587.100    36592.120    36623.120    36635.300    36735.510
  2535:    36803.120    36804.120    36818.120    36820.120    36921.120
  2540:    37079.120    37127.120    37149.110    37151.110    37155.110
  2545:    37160.110    37161.110    37163.110    37168.110    37169.110
  2550:    37176.110    37179.110    37182.110    37184.110    37188.110
  2555:    37190.110    37193.110    37195.110    37199.110    37204.110
  2560:    37207.110    37211.110    37211.110    37212.110    37215.110
  2565:    37231.110    37232.110    37234.110    37238.110    37246.110
  2570:    37252.110    37254.110    37256.110    37259.110    37260.110
  2575:    37261.110    37269.110    37273.110    37281.110    37284.110
  2580:    37285.110    37291.110    37292.110    37294.110    37302.110
  2585:    37307.110    37312.110    37319.110    37328.110    37330.110
  2590:    37331.110    37332.110    37337.110    37342.110    37344.110
  2595:    37350.110    37350.210    37355.120    37389.120    37400.310
  2600:    37470.120    37500.510    37523.120    37609.120    37609.120
  2605:    37726.120    37746.110    37788.120    37798.110    37856.120
  2610:    37878.110    37883.110    37884.110    37888.110    37894.110
  2615:    37894.110    37895.110    37900.110    37906.110    37908.110
  2620:    37910.110    37914.110    37919.110    37920.110    37926.110
  2625:    37928.110    37930.110    37955.110    37958.110    37965.110
  2630:    37966.110    37968.110    37973.110    37980.110    37987.110
  2635:    38000.110    38008.110    38010.110    38021.110    38023.110
  2640:    38028.110    38030.110    38032.110    38033.110    38041.110
  2645:    38042.110    38045.110    38049.110    38055.110    38057.110
  2650:    38060.110    38079.110    38087.110    38089.110    38095.110
  2655:    38098.110    38100.110    38102.110    38105.110    38107.110
  2660:    38113.110    38115.110    38115.210    38120.120    38151.120
  2665:    38165.310    38265.530    38319.120    38372.120    38373.120
  2670:    38630.120    38649.120    38909.120    38916.100    38918.100
  2675:    38922.100    38926.100    38930.120    38952.100    38955.100
  2680:    38957.100    38962.100    38967.100    38969.100    38972.100
  2685:    38974.100    38977.100    38981.100    38984.100    38985.100
  2690:    38988.100    38990.100    38993.100    38994.100    39006.100
  2695:    39008.100    39016.100    39018.100    39021.100    39023.100
  2700:    39026.100    39028.100    39040.100    39044.100    39051.100
  2705:    39055.100    39069.100    39071.100    39073.100    39075.100
  2710:    39078.100    39082.100    39084.100    39104.100    39106.100
  2715:    39115.100    39120.100    39127.100    39134.100    39138.100
  2720:    39139.100    39150.100    39157.100    39168.100    39169.100
  2725:    39172.100    39174.100    39179.100    39185.120    39219.100
  2730:    39222.100    39225.100    39226.100    39233.100    39235.100
  2735:    39237.100    39239.100    39240.100    39247.100    39251.100
  2740:    39253.100    39258.100    39259.100    39264.100    39266.100
  2745:    39274.100    39279.100    39282.100    39286.100    39289.100
  2750:    39299.100    39305.100    39313.120    39374.120    39392.120
  2755:    39411.100    39413.100    39416.100    39419.100    39422.100
  2760:    39432.100    39446.100    39473.120    39807.120    39809.120
  2765:    39837.100    39839.100    39895.120    39962.120    40065.330
  2770:    40165.540    40295.110    40309.120    40354.110    40362.110
  2775:    40368.110    40376.120    40402.110    40404.110    40406.110
  2780:    40413.110    40419.110    40423.110    40427.110    40428.110
  2785:    40437.110    40441.110    40448.110    40451.110    40457.110
  2790:    40460.110    40462.110    40465.110    40469.110    40473.110
  2795:    40475.110    40478.110    40480.110    40486.110    40489.110
  2800:    40492.110    40494.110    40501.110    40504.110    40506.110
  2805:    40509.110    40519.110    40521.110    40526.110    40531.110
  2810:    40536.110    40537.110    40539.110    40549.110    40551.110
  2815:    40556.110    40562.110    40562.110    40563.110    40564.110
  2820:    40565.110    40579.110    40581.110    40587.110    40589.110
  2825:    40591.110    40593.110    40596.110    40600.110    40603.110
  2830:    40604.110    40606.110    40609.110    40610.110    40612.110
  2835:    40614.110    40617.110    40618.110    40631.110    40635.110
  2840:    40637.110    40639.110    40645.110    40650.110    40652.110
  2845:    40656.110    40658.110    40676.110    40677.110    40679.110
  2850:    40685.110    40687.110    40689.110    40691.110    40692.110
  2855:    40697.110    40699.110    40703.110    40713.110    40730.110
  2860:    40732.110    40735.110    40737.110    40743.110    40745.110
  2865:    40748.110    40752.110    40756.110    40760.110    40762.110
  2870:    40763.110    40765.110    40767.110    40771.110    40772.110
  2875:    40774.110    40778.110    40780.110    40784.110    40786.110
  2880:    40788.110    40795.110    40804.110    40805.110    40812.110
  2885:    40814.110    40821.110    40823.110    40835.110    40841.110
  2890:    40844.110    40845.110    40856.110    40863.110    40866.110
  2895:    40867.110    40874.110    40875.110    40880.110    40880.110
  2900:    40886.110    40891.110    40893.110    40905.110    40907.110
  2905:    40910.110    40945.110    40950.120    41012.110    41014.110
  2910:    41026.110    41032.110    41039.120    41437.110    41441.110
  2915:    41445.110    41522.110    41525.110    41527.110    41630.120
  2920:    41635.120    41656.120    41670.110    41672.110    41720.110
  2925:    41732.120    41835.120    41859.110    41862.120    41901.110
  2930:    41905.110    41908.110    41916.110    41922.110    41925.120
  2935:    41965.340
E:
     0:     2936.000     1102.000     1321.000
F:
     0:       70.000       37.508       26.633
G:
     0:        1.000        1.000        1.000        1.000        1.000
     5:        1.000        1.000        1.000        1.000        0.000
H:
     0:        1.000        1.000        2.000        2.000
L:
     0:     6135.000     6115.000     6133.000     6141.000     6475.000
     5:     6130.000     6137.000     6101.000     6105.000     6694.000
    10:     6702.000     6120.000     6136.000     6145.000     6130.000
    15:     6140.000     6192.000     6131.000     6118.000
R:
     0:        1.000        1.000        1.000        1.000        1.000
     5:        1.000        1.000        1.000        1.000        0.000
S:
     0:        0.000        0.000
U:
     0:     6141.000        3.000        0.000
X:
     0:        0.000      193.001      420.002      426.003      462.004
     5:      469.005      478.006      480.007      489.008      491.009
    10:      496.010      498.011      528.012      533.013      534.014
    15:      536.015      543.016      545.017      553.018      555.019
    20:      557.020      561.021      565.022      568.023      570.024
    25:      577.025      578.026      586.027      591.028      593.029
    30:      595.030      599.031      603.031      606.032      653.000
    35:      653.000     1149.001     1169.002     1171.003     1173.004
    40:     1175.005     1179.006     1188.007     1191.008     1192.009
    45:     1194.010     1196.011     1199.012     1206.013     1208.014
    50:     1210.015     1213.016     1215.017     1217.018     1219.019
    55:     1222.020     1224.021     1228.022     1232.023     1245.024
    60:     1247.025     1250.026     1252.027     1254.027     1304.000
    65:     1304.000     1683.001     1689.002     1692.003     1698.004
    70:     1702.005     1705.006     1707.007     1709.008     1716.009
    75:     1720.010     1722.011     1724.012     1727.013     1730.014
    80:     1733.015     1739.016     1742.017     1744.018     1748.019
    85:     1749.020     1752.021     1776.022     1777.023     1782.024
    90:     1786.025     1797.026     1813.027     1814.028     1820.029
    95:     1824.030     1828.031     1830.032     1835.033     1847.034
   100:     1907.034     1957.000     1957.000     2056.001     2124.002
   105:     2232.003     2235.004     2267.005     2272.006     2279.007
   110:     2280.008     2282.009     2289.010     2292.011     2294.012
   115:     2297.013     2304.014     2309.015     2314.016     2318.017
   120:     2323.018     2324.019     2375.020     2378.021     2380.022
   125:     2382.023     2383.024     2394.025     2396.026     2398.027
   130:     2403.028     2407.029     2411.030     2413.031     2415.032
   135:     2420.033     2426.034     2428.035     2435.036     2437.037
   140:     2440.038     2443.039     2450.040     2454.041     2455.042
   145:     2475.043     2476.044     2477.045     2482.046     2485.047
   150:     2490.048     2495.049     2501.050     2502.051     2504.052
   155:     2507.053     2561.053     2611.000     2611.000     3022.001
   160:     3024.002     3027.003     3035.004     3037.005     3039.006
   165:     3044.007     3052.008     3055.009     3058.010     3061.011
   170:     3064.012     3066.013     3069.014     3071.015     3074.016
   175:     3076.017     3086.018     3089.019     3093.020     3098.021
   180:     3101.022     3103.023     3105.024     3108.025     3109.026
   185:     3125.027     3188.028     3191.029     3193.030     3196.031
   190:     3201.032     3207.033     3211.034     3213.035     3218.036
   195:     3220.037     3222.038     3223.039     3230.040     3237.041
   200:     3239.042     3241.043     3245.044     3248.044     3250.045
   205:     3298.000     3298.000     3552.001     3649.002     3694.003
   210:     3702.004     3709.005     3711.006     3754.007     3756.008
   215:     3759.009     3761.010     3768.011     3773.012     3776.013
   220:     3778.014     3787.015     3789.016     3793.017     3798.018
   225:     3800.019     3806.020     3811.021     3814.022     3816.023
   230:     3821.024     3824.025     3827.026     3833.027     3840.028
   235:     3847.029     3849.030     3851.031     3853.032     3855.033
   240:     3858.034     3860.035     3863.036     3866.037     3868.038
   245:     3869.039     3886.040     3889.041     3891.042     3893.043
   250:     3894.044     3897.045     3899.046     3901.046     3951.000
   255:     3951.000     4193.001     4205.002     4208.003     4247.004
   260:     4251.005     4254.006     4268.007     4272.008     4275.009
   265:     4296.010     4298.011     4300.012     4301.013     4303.014
   270:     4307.015     4310.016     4312.017     4316.018     4318.019
   275:     4320.020     4326.021     4330.022     4338.023     4345.024
   280:     4347.025     4351.026     4354.027     4357.028     4362.029
   285:     4368.030     4370.031     4372.032     4374.033     4377.034
   290:     4383.035     4387.036     4393.037     4396.038     4401.039
   295:     4410.040     4412.041     4494.042     4499.043     4501.044
   300:     4503.045     4514.046     4516.047     4520.048     4524.049
   305:     4527.050     4530.051     4541.052     4553.053     4554.053
   310:     4604.000     4604.000     5345.002     5348.004     5350.006
   315:     5355.008     5357.010     5358.012     5362.014     5367.016
   320:     5376.018     5380.020     5382.022     5385.024     5402.026
   325:     5413.028     5415.030     5423.032     5426.034     5438.036
   330:     5455.038     5459.040     5463.042     5469.044     5474.046
   335:     5478.048     5482.050     5496.052     5500.054     5507.056
   340:     5513.058     5530.060     5534.062     5536.064     5538.066
   345:     5541.068     5543.070     5546.072     5559.074     5562.076
   350:     5571.078     5577.080     5580.082     5585.084     5588.086
   355:     5592.088     5594.090     5595.092     5597.094     5602.096
   360:     5611.098     5615.100     5625.102     5700.104     5703.106
   365:     5706.108     5723.110     5725.112     5736.114     5738.116
   370:     5762.118     5767.120     5907.122     6060.124     6062.126
   375:     9229.001     9234.002     9290.003     9292.004     9295.005
   380:     9297.006     9298.007     9300.008     9303.009     9304.010
   385:     9306.011     9308.012     9313.013     9316.014     9325.015
   390:     9327.016     9329.017     9331.018     9333.019     9339.020
   395:     9341.021     9345.022     9349.023     9352.024     9355.025
   400:     9360.026     9361.027     9369.028     9373.029     9377.030
   405:     9381.031     9385.032     9394.033     9396.034     9398.035
   410:     9401.036     9405.036     9407.037     9455.000     9455.000
   415:     9818.001     9831.002     9834.003     9864.004     9866.005
   420:     9867.006     9871.007     9874.008     9877.009     9878.010
   425:     9881.011     9884.012     9888.013     9905.014     9908.015
   430:     9910.016     9915.017     9925.018     9927.019     9932.020
   435:     9933.021     9936.022     9941.023     9944.024     9946.025
   440:     9956.026     9960.027     9962.028     9966.029     9970.030
   445:     9973.031     9990.032     9993.033     9995.034     9998.035
   450:    10001.036    10011.037    10025.038    10027.039    10029.040
   455:    10033.041    10035.042    10039.043    10045.044    10048.045
   460:    10052.046    10054.047    10055.047    10055.048    10105.000
   465:    10105.000    10397.001    10399.002    10704.003    10706.004
   470:    10711.005    10713.006    10714.007    10716.008    10718.009
   475:    10724.010    10727.011    10729.012    10734.013    10746.014
   480:    10750.015    10752.016    10754.017    10756.018    10760.019
   485:    10764.019    10814.000    10814.000    11070.001    11120.002
   490:    11128.003    11154.004    11155.005    11160.006    11161.007
   495:    11163.008    11170.009    11171.010    11173.011    11174.012
   500:    11183.013    11185.014    11188.015    11190.016    11195.017
   505:    11203.018    11206.019    11209.020    11227.021    11232.022
   510:    11234.023    11239.024    11244.025    11245.026    11253.027
   515:    11267.028    11270.029    11276.030    11278.031    11280.032
   520:    11282.033    11285.034    11295.035    11297.036    11304.037
   525:    11305.038    11308.039    11311.040    11316.041    11319.042
   530:    11323.043    11325.044    11329.045    11331.046    11334.047
   535:    11346.048    11348.049    11414.050    11417.051    11419.052
   540:    11420.053    11422.054    11433.055    11439.056    11442.057
   545:    11444.058    11446.059    11447.060    11461.061    11463.062
   550:    11470.063    11472.064    11474.064    11476.065    11524.000
   555:    11524.000    11524.193    11524.194    11524.195    11524.196
   560:    11524.197    11524.198    11524.199    11524.200    11524.201
   565:    11524.202    11524.203    11524.204    11524.205    11524.206
   570:    11524.207    11524.208    11524.209    11524.210    11524.211
   575:    11524.212    11524.213    11524.214    11524.215    11524.216
   580:    11524.217    11524.218    11524.219    11524.220    11524.221
   585:    11524.222    11524.223    11524.224    11524.225    11524.226
   590:    11524.227    11524.228    11524.229    11524.230    11524.231
   595:    11524.232    11524.233    11524.234    11524.235    11524.236
   600:    11524.237    11524.238    11524.239    11524.240    11524.241
   605:    11524.242    11524.243    11524.244    11524.245    11524.246
   610:    11524.247    11524.248    11524.249    11524.250    11524.251
   615:    11524.252    11524.252    11524.000    11524.000    11894.002
   620:    11903.004    11906.006    11913.008    11915.010    11934.012
   625:    11936.014    11939.016    11941.018    11947.020    11950.022
   630:    11951.024    11956.026    11968.028    11971.030    11973.032
   635:    11975.034    11976.036    11979.038    11983.040    11992.042
   640:    11995.044    12003.046    12005.048    12009.050    12012.052
   645:    12014.054    12031.056    12033.058    12037.060    12039.062
   650:    12042.064    12045.066    12048.068    12052.070    12054.072
   655:    12057.074    12069.076    12073.078    12133.080    12135.082
   660:    12137.084    12146.086    12148.088    12154.090    12156.092
   665:    12167.094    12170.096    12179.098    12182.100    12184.102
   670:    12186.104    12190.106    12206.108    12208.110    12210.112
   675:    12216.114    12219.116    12222.118    12226.120    12231.122
   680:    12232.124    12241.126    12315.128    12319.130    12322.132
   685:    12327.134    12332.136    12335.138    12336.140    12341.142
   690:    12344.144    12346.146    12354.148    12357.150    12371.152
   695:    12392.154    12408.156    12412.158    12415.160    12424.162
   700:    12427.164    12482.166    12484.168    12787.170    13062.172
   705:    13064.174    13255.176    13260.178    13262.180    13263.182
   710:    13296.184    13298.186    13301.188    13303.190    13306.192
   715:    13308.194    13310.196    13314.198    13317.200    13321.202
   720:    13324.203    14711.001    14733.002    14737.003    14739.004
   725:    14745.005    14748.006    14750.007    14757.008    14759.009
   730:    14760.010    14762.011    14764.012    14766.013    14775.014
   735:    14779.015    14783.016    14784.017    14797.017    14800.018
   740:    14847.000    14847.000    15016.001    15088.002    15089.003
   745:    15092.004    15094.005    15097.006    15101.007    15104.008
   750:    15109.009    15113.010    15116.011    15123.012    15128.013
   755:    15129.014    15131.015    15133.016    15135.017    15141.018
   760:    15143.019    15146.020    15149.021    15152.022    15154.023
   765:    15157.024    15159.025    15165.026    15170.027    15172.028
   770:    15176.029    15183.030    15185.031    15188.032    15191.033
   775:    15193.034    15196.035    15206.036    15208.037    15211.038
   780:    15214.039    15218.040    15223.041    15225.042    15229.043
   785:    15232.044    15234.045    15243.046    15245.047    15285.048
   790:    15287.049    15290.050    15293.051    15294.052    15305.053
   795:    15311.054    15314.055    15316.056    15317.057    15318.058
   800:    15320.059    15321.060    15330.061    15334.062    15337.063
   805:    15339.064    15342.065    15344.066    15349.067    15356.068
   810:    15360.069    15362.070    15366.071    15370.072    15374.073
   815:    15378.074    15380.075    15381.076    15391.077    15397.078
   820:    15400.079    15402.080    15404.081    15406.082    15411.083
   825:    15414.084    15417.085    15419.086    15423.087    15424.088
   830:    15438.089    15441.090    15443.091    15445.092    15451.093
   835:    15451.093    15501.000    15501.000    16006.001    16043.002
   840:    16046.003    16049.004    16054.005    16058.006    16066.007
   845:    16068.008    16073.009    16074.010    16083.011    16087.012
   850:    16089.013    16090.014    16103.015    16104.015    16154.000
   855:    16154.000    16465.001    16477.002    16502.003    16504.004
   860:    16508.005    16510.006    16514.007    16516.008    16518.009
   865:    16519.010    16520.011    16522.012    16524.013    16535.014
   870:    16536.015    16539.016    16540.017    16555.018    16557.019
   875:    16572.020    16574.021    16577.022    16582.023    16584.024
   880:    16585.025    16592.026    16596.027    16598.028    16602.029
   885:    16626.030    16634.031    16636.032    16644.033    16646.034
   890:    16650.035    16652.036    16653.037    16667.038    16669.039
   895:    16691.040    16697.041    16707.042    16758.042    16758.043
   900:    16808.000    16808.000    17282.001    17286.002    17289.003
   905:    17292.004    17295.005    17303.006    17311.007    17314.008
   910:    17316.009    17319.010    17321.011    17325.012    17330.013
   915:    17332.014    17337.015    17340.016    17357.017    17360.018
   920:    17364.019    17367.020    17369.021    17371.022    17373.023
   925:    17384.024    17386.025    17389.026    17391.027    17394.028
   930:    17396.029    17405.030    17416.031    17417.031    17467.000
   935:    17467.000    17850.001    17912.002    17916.003    17918.004
   940:    17924.005    17926.006    17928.007    17930.008    17933.009
   945:    17937.010    17939.011    17941.012    17949.013    17954.014
   950:    17956.015    17961.016    17963.017    17966.018    17968.019
   955:    17979.020    17982.021    17987.022    17991.023    18001.024
   960:    18005.025    18010.026    18012.027    18015.028    18017.029
   965:    18020.030    18022.031    18032.032    18034.033    18035.034
   970:    18037.035    18040.036    18043.037    18047.038    18065.039
   975:    18070.039    18072.040    18120.000    18120.000    18518.001
   980:    18555.002    18558.003    18561.004    18565.005    18584.006
   985:    18587.007    18592.008    18594.009    18596.010    18603.011
   990:    18605.012    18608.013    18623.014    18638.015    18642.016
   995:    18644.017    18654.018    18659.019    18661.020    18665.021
  1000:    18667.022    18671.023    18682.024    18686.025    18692.026
  1005:    18695.027    18697.028    18702.029    18707.030    18709.031
  1010:    18712.032    18718.033    18721.033    18723.034    18771.000
  1015:    18771.000    19421.002    19423.004    19427.006    19432.008
  1020:    19458.010    19461.012    19462.014    19467.016    19472.018
  1025:    19475.020    19477.022    19479.024    19482.026    19487.028
  1030:    19489.030    19490.032    19493.034    19495.036    19498.038
  1035:    19500.040    19511.042    19513.044    19521.046    19523.048
  1040:    19526.050    19529.052    19531.054    19533.056    19545.058
  1045:    19550.060    19557.062    19560.064    19574.066    19576.068
  1050:    19578.070    19580.072    19584.074    19588.076    19590.078
  1055:    19609.080    19611.082    19620.084    19625.086    19632.088
  1060:    19640.090    19643.092    19645.094    19656.096    19663.098
  1065:    19673.100    19674.102    19677.104    19679.106    19684.108
  1070:    19724.110    19727.112    19730.114    19731.116    19738.118
  1075:    19740.120    19742.122    19744.124    19745.126    19753.128
  1080:    19756.130    19758.132    19763.134    19765.136    19769.138
  1085:    19772.140    19780.142    19784.144    19787.146    19791.148
  1090:    19794.150    19804.152    19810.154    19916.156    19918.158
  1095:    19922.160    19925.162    19927.164    19938.166    19951.168
  1100:    20342.170    20344.172
Y:
     0:        0.000       59.001      128.002      193.003      196.004
     5:      196.005      199.006      201.007      203.008      205.009
    10:      212.010      213.011      215.012      217.013      222.014
    15:      224.015      226.016      233.017      236.018      239.019
    20:      240.020      242.021      246.022      252.023      252.024
    25:      253.025      259.026      261.027      263.028      265.029
    30:      278.030      279.031      280.032      283.033      290.034
    35:      294.035      305.036      307.037      312.038      313.039
    40:      315.040      318.041      326.042      333.043      335.044
    45:      339.045      345.046      347.047      350.048      351.049
    50:      352.050      354.051      361.052      362.053      370.054
    55:      370.055      371.056      372.057      433.058      435.059
    60:      435.060      437.061      443.062      446.063      447.064
    65:      450.065      454.066      460.067      462.068      464.069
    70:      466.070      467.071      468.072      472.073      478.074
    75:      485.075      486.076      494.077      497.078      503.079
    80:      507.080      516.081      524.082      525.083      530.084
    85:      535.085      539.086      592.087      592.087      642.000
    90:      642.000     1050.001     1050.002     1055.003     1063.004
    95:     1065.005     1068.006     1076.007     1081.008     1084.009
   100:     1086.010     1091.011     1095.012     1099.013     1102.014
   105:     1104.015     1106.016     1109.017     1112.018     1113.019
   110:     1118.020     1121.021     1126.022     1129.023     1130.024
   115:     1134.025     1136.026     1138.027     1140.028     1145.029
   120:     1147.030     1149.031     1160.032     1162.033     1170.034
   125:     1173.035     1179.036     1183.037     1186.038     1207.039
   130:     1209.040     1211.041     1222.042     1224.043     1228.044
   135:     1229.045     1242.046     1243.047     1245.048     1249.049
   140:     1262.050     1262.050     1266.051     1312.000     1312.000
   145:     1677.001     1677.002     1679.003     1681.004     1683.005
   150:     1687.006     1689.007     1691.008     1693.009     1696.010
   155:     1698.011     1701.012     1704.013     1707.014     1708.015
   160:     1727.016     1731.017     1731.018     1738.019     1740.020
   165:     1742.021     1747.022     1752.023     1754.024     1758.025
   170:     1761.026     1763.027     1765.028     1766.029     1770.030
   175:     1774.031     1774.032     1782.033     1783.034     1785.035
   180:     1786.036     1792.037     1812.038     1819.039     1820.040
   185:     1825.041     1832.042     1838.043     1842.044     1847.045
   190:     1851.046     1855.047     1858.048     1876.049     1880.050
   195:     1890.051     1891.052     1897.053     1899.054     1904.055
   200:     1960.056     1960.056     2010.000     2010.000     2366.001
   205:     2368.002     2373.003     2383.004     2403.005     2406.006
   210:     2412.007     2416.008     2421.009     2423.010     2425.011
   215:     2434.012     2444.013     2445.014     2447.015     2453.016
   220:     2454.017     2467.018     2470.019     2473.020     2480.021
   225:     2485.022     2488.023     2489.024     2492.025     2500.026
   230:     2502.027     2503.028     2514.029     2516.030     2523.031
   235:     2524.032     2534.033     2536.034     2539.035     2541.036
   240:     2545.037     2549.038     2554.039     2567.040     2568.041
   245:     2578.042     2582.043     2584.044     2586.045     2595.046
   250:     2596.047     2606.048     2618.049     2620.050     2691.051
   255:     2691.051     2692.052     2741.000     2741.000     3234.001
   260:     3236.002     3241.003     3243.004     3248.005     3250.006
   265:     3252.007     3255.008     3257.009     3259.010     3261.011
   270:     3263.012     3266.013     3274.014     3276.015     3283.016
   275:     3285.017     3287.018     3292.019     3294.020     3295.021
   280:     3301.022     3302.023     3314.024     3317.025     3319.026
   285:     3321.027     3323.028     3326.029     3330.030     3337.031
   290:     3343.032     3346.033     3350.034     3355.035     3355.035
   295:     3405.000     3405.000     3989.002     3992.004     3994.006
   300:     4000.008     4004.010     4006.012     4008.014     4020.016
   305:     4023.018     4026.020     4026.022     4028.024     4032.026
   310:     4038.028     4043.030     4046.032     4055.034     4059.036
   315:     4061.038     4063.040     4071.042     4075.044     4079.046
   320:     4083.048     4086.050     4090.052     4092.054     4097.056
   325:     4102.058     4108.060     4111.062     4113.064     4117.066
   330:     4129.068     4133.070     4135.072     4143.074     4147.076
   335:     4149.078     4151.080     4169.082     4171.084     4172.086
   340:     4174.088     4177.090     4181.092     4185.094     4192.096
   345:     4194.098     4202.100     4203.102     4206.104     4208.106
   350:     4226.108     4227.110     4236.112     4244.114     4248.116
   355:     4250.118     4252.120     4253.122     4266.124     4269.126
   360:     4273.128     4280.130     4281.132     4285.134     4292.136
   365:     4297.138     4302.140     4304.142     4315.144     4317.146
   370:     4320.148     4321.150     4327.152     4329.154     4334.156
   375:     4440.158     4442.160     4445.162     4449.164     4449.166
   380:     4455.168     4645.170     4648.172     4735.174     4738.176
   385:     4813.178     4817.180     4837.182     5506.183     5512.184
   390:     5516.185     5628.186     5631.187     5639.188     5714.189
   395:     5720.190     5722.191     5724.192     5733.193     5741.194
   400:     5748.195     5750.196     5758.197     5761.198     5763.199
   405:     5764.200     5766.201     5768.202     5773.203     5780.204
   410:     5784.205     5788.206     5790.207     5795.208     5797.209
   415:     5798.210     5802.211     5804.212     5807.213     5812.214
   420:     5815.215     5824.216     5827.217     5829.218     5879.219
   425:     5881.220     5884.221     5884.222     5886.223     5888.224
   430:     5889.225     5894.226     5897.227     5903.228     5905.229
   435:     5908.230     5910.231     5915.232     5920.233     5920.233
   440:     5970.000     5970.000     5970.127     5970.128     5970.129
   445:     5970.130     5970.131     5970.132     5970.133     5970.134
   450:     5970.135     5970.136     5970.137     5970.138     5970.139
   455:     5970.140     5970.141     5970.142     5970.143     5970.144
   460:     5970.145     5970.146     5970.147     5970.148     5970.149
   465:     5970.150     5970.151     5970.152     5970.153     5970.154
   470:     5970.155     5970.156     5970.157     5970.158     5970.159
   475:     5970.160     5970.161     5970.162     5970.163     5970.164
   480:     5970.165     5970.166     5970.167     5970.168     5970.169
   485:     5970.170     5970.171     5970.172     5970.173     5970.174
   490:     5970.175     5970.176     5970.177     5970.178     5970.179
   495:     5970.180     5970.181     5970.182     5970.183     5970.184
   500:     5970.184     5970.000     5970.000     5970.001     5970.002
   505:     5970.003     5970.004     5970.005     5970.006     5970.007
   510:     5970.008     5970.009     5970.010     5970.011     5970.012
   515:     5970.013     5970.014     5970.015     5970.016     5970.017
   520:     5970.018     5970.019     5970.020     5970.021     5970.022
   525:     5970.023     5970.024     5970.025     5970.026     5970.027
   530:     5970.028     5970.029     5970.030     5970.031     5970.032
   535:     5970.033     5970.034     5970.035     5970.036     5970.037
   540:     5970.037     5970.000     5970.000     5970.001     5970.002
   545:     5970.003     5970.004     5970.005     5970.006     5970.007
   550:     5970.008     5970.009     5970.010     5970.011     5970.012
   555:     5970.012     5970.000     5970.000     6576.001     6580.002
   560:     6581.003     6585.004     6585.004     6635.000     6635.000
   565:     7219.001     7274.002     7274.002     7324.000     7324.000
   570:     7765.001     7768.002     7770.003     7771.004     7774.005
   575:     7777.006     7780.007     7782.008     7787.009     7789.010
   580:     7795.011     7795.012     7801.013     7804.014     7807.015
   585:     7819.016     7826.017     7827.018     7829.019     7837.020
   590:     7854.021     7856.022     7863.023     7867.024     7887.025
   595:     7893.026     7901.027     7906.028     7907.029     7933.030
   600:     7938.031     7940.032     7940.032     7941.033     7990.000
   605:     7990.000     8301.002     8305.004     8360.006     8362.008
   610:     8368.010     8371.012     8372.014     8376.016     8379.018
   615:     8381.020     8385.022     8411.024     8413.026     8416.028
   620:     8423.030     8425.032     8429.034     8431.036     8433.038
   625:     8439.040     8447.042     8455.044     8457.046     8463.048
   630:     8464.050     8466.052     8474.054     8481.056     8485.058
   635:     8489.060     8497.062     8502.064     8502.066     8513.068
   640:     8517.070     8522.072     8524.074     8526.076     8533.078
   645:     8535.080     8537.082     8542.084     8547.086     8553.088
   650:     8555.090     8559.092     8561.094     8568.096     8570.098
   655:     8572.100     8581.102     8583.104     8587.106     8599.108
   660:     8601.110     8608.112     8609.114     8611.116     8646.118
   665:     8648.120     8648.122     8651.124     8655.126     8657.128
   670:     8659.130     8662.132     8667.134     8670.136     8674.138
   675:     8681.140     8683.142     8687.144     8689.146     8691.148
   680:     8699.150     8707.152     8707.154     8712.156     8715.158
   685:     8717.160     8730.162     8733.164     8737.166     8739.168
   690:     8741.170     8744.172     8748.174     8760.176     8767.178
   695:     8872.180     8874.182     9072.184     9082.186     9083.188
   700:     9630.190     9633.192    11144.001    11146.002    11151.003
   705:    11154.004    11157.005    11159.006    11165.007    11167.008
   710:    11170.009    11171.010    11174.011    11179.012    11188.013
   715:    11195.014    11200.015    11207.016    11211.017    11212.018
   720:    11217.019    11222.020    11226.021    11230.022    11240.023
   725:    11243.024    11248.025    11251.026    11260.027    11260.027
   730:    11310.000    11310.000    11310.204    11310.205    11310.206
   735:    11310.207    11310.208    11310.209    11310.210    11310.211
   740:    11310.212    11310.213    11310.214    11310.215    11310.216
   745:    11310.217    11310.218    11310.219    11310.220    11310.221
   750:    11310.222    11310.223    11310.224    11310.225    11310.226
   755:    11310.227    11310.228    11310.229    11310.230    11310.231
   760:    11310.232    11310.233    11310.234    11310.235    11310.236
   765:    11310.237    11310.238    11310.239    11310.240    11310.241
   770:    11310.242    11310.243    11310.244    11310.245    11310.246
   775:    11310.247    11310.248    11310.249    11310.250    11310.251
   780:    11310.252    11310.253    11310.254    11310.255    11310.256
   785:    11310.257    11310.258    11310.259    11310.260    11310.261
   790:    11310.262    11310.263    11310.264    11310.265    11310.266
   795:    11310.267    11310.268    11310.269    11310.270    11310.271
   800:    11310.272    11310.273    11310.274    11310.275    11310.276
   805:    11310.277    11310.278    11310.279    11310.280    11310.281
   810:    11310.282    11310.282    11310.000    11310.000    11872.001
   815:    11875.002    11880.003    11882.004    11886.005    11888.006
   820:    11891.007    11893.008    11895.009    11898.010    11902.011
   825:    11906.012    11909.013    11918.014    11919.015    11922.016
   830:    11926.017    11926.017    11976.000    11976.000    12316.001
   835:    12318.002    12320.003    12323.004    12329.005    12331.006
   840:    12336.007    12338.008    12344.009    12347.010    12356.011
   845:    12358.012    12359.013    12365.014    12367.015    12381.016
   850:    12385.017    12388.018    12390.019    12391.020    12397.021
   855:    12399.022    12402.023    12406.024    12407.025    12414.026
   860:    12418.027    12419.028    12426.029    12429.030    12431.031
   865:    12441.032    12443.033    12444.034    12454.035    12456.036
   870:    12458.037    12464.038    12474.039    12482.040    12487.041
   875:    12489.042    12505.043    12511.044    12513.045    12515.046
   880:    12517.047    12523.048    12525.049    12528.050    12534.051
   885:    12540.052    12542.053    12543.054    12545.055    12549.056
   890:    12552.057    12559.058    12564.059    12566.060    12573.061
   895:    12576.062    12586.063    12590.064    12596.065    12596.065
   900:    12646.000    12646.000    12949.001    12958.002    13047.003
   905:    13051.004    13053.005    13058.006    13065.007    13067.008
   910:    13069.009    13073.010    13081.011    13084.012    13098.013
   915:    13102.014    13113.015    13119.016    13121.017    13123.018
   920:    13128.019    13130.020    13132.021    13134.022    13137.023
   925:    13141.024    13143.025    13145.026    13146.027    13148.028
   930:    13154.029    13156.030    13159.031    13180.032    13182.033
   935:    13184.034    13186.035    13193.036    13195.037    13197.038
   940:    13202.039    13203.040    13211.041    13213.042    13215.043
   945:    13218.044    13221.045    13223.046    13226.047    13228.048
   950:    13233.049    13234.050    13235.051    13242.052    13249.053
   955:    13251.054    13252.055    13253.056    13257.057    13262.058
   960:    13263.058    13313.000    13313.000    13898.001    13900.002
   965:    13906.003    13908.004    13914.005    13924.006    13924.007
   970:    13925.008    13926.009    13937.010    13937.010    13987.000
   975:    13987.000    14165.001    14255.002    14257.003    14261.004
   980:    14265.005    14272.006    14274.007    14276.008    14279.009
   985:    14281.010    14284.011    14286.012    14291.013    14297.014
   990:    14299.015    14301.016    14305.017    14321.018    14324.019
   995:    14327.020    14336.021    14338.022    14341.023    14352.024
  1000:    14354.025    14361.026    14364.027    14366.028    14368.029
  1005:    14384.030    14386.031    14386.032    14390.033    14397.034
  1010:    14404.035    14406.036    14412.037    14414.038    14423.039
  1015:    14429.040    14432.041    14449.042    14452.043    14455.044
  1020:    14463.045    14466.046    14470.047    14472.048    14473.049
  1025:    14475.050    14486.051    14492.052    14496.053    14502.054
  1030:    14511.055    14514.056    14515.057    14523.058    14539.059
  1035:    14541.060    14548.061    14552.062    14556.063    14562.064
  1040:    14565.065    14566.066    14572.067    14576.068    14578.069
  1045:    14581.070    14585.071    14591.072    14593.073    14597.074
  1050:    14601.075    14601.075    14651.000    14651.000    15064.001
  1055:    15066.002    15070.003    15075.004    15076.005    15078.006
  1060:    15083.007    15084.008    15091.009    15094.010    15097.011
  1065:    15099.012    15103.013    15105.014    15108.015    15110.016
  1070:    15114.017    15119.018    15122.019    15126.020    15126.021
  1075:    15127.022    15130.023    15146.024    15147.025    15149.026
  1080:    15153.027    15161.028    15167.029    15169.030    15171.031
  1085:    15174.032    15175.033    15176.034    15184.035    15188.036
  1090:    15196.037    15199.038    15200.039    15206.040    15207.041
  1095:    15209.042    15217.043    15222.044    15227.045    15234.046
  1100:    15243.047    15245.048    15246.049    15247.050    15252.051
  1105:    15257.052    15259.053    15265.054    15265.054    15315.000
  1110:    15315.000    15560.001    15612.002    15693.003    15697.004
  1115:    15699.005    15703.006    15708.007    15709.008    15710.009
  1120:    15714.010    15720.011    15722.012    15724.013    15728.014
  1125:    15734.015    15735.016    15740.017    15742.018    15744.019
  1130:    15770.020    15773.021    15779.022    15781.023    15783.024
  1135:    15788.025    15795.026    15802.027    15814.028    15822.029
  1140:    15824.030    15835.031    15837.032    15843.033    15845.034
  1145:    15846.035    15847.036    15855.037    15857.038    15859.039
  1150:    15863.040    15870.041    15872.042    15875.043    15893.044
  1155:    15902.045    15904.046    15910.047    15912.048    15914.049
  1160:    15916.050    15920.051    15922.052    15928.053    15930.054
  1165:    15930.054    15980.000    15980.000    15980.174    15980.176
  1170:    15980.178    15980.180    15980.182    15980.184    15980.186
  1175:    15980.188    15980.190    15980.192    15980.194    15980.196
  1180:    15980.198    15980.200    15980.202    15980.204    15980.206
  1185:    15980.208    15980.210    15980.212    15980.214    15980.216
  1190:    15980.218    15980.220    15980.222    15980.224    15980.226
  1195:    15980.228    15980.230    15980.232    15980.234    15980.236
  1200:    15980.238    15980.240    15980.242    15980.244    15980.246
  1205:    15980.248    15980.250    15980.252    15980.254    15980.256
  1210:    15980.258    15980.260    15980.262    15980.264    15980.266
  1215:    15980.268    15980.270    15980.272    15980.274    15980.276
  1220:    15980.278    15980.280    15980.282    15980.284    15980.286
  1225:    15980.288    15980.290    15980.292    15980.294    15980.296
  1230:    15980.298    15980.300    15980.302    15980.304    15980.306
  1235:    15980.308    15980.310    15980.312    15980.314    15980.316
  1240:    15980.318    15980.320    15980.322    15980.324    15980.326
  1245:    15980.328    15980.330    15980.332    15980.334    15980.336
  1250:    15980.338    15980.340    15980.342    15980.344    15980.346
  1255:    15980.348    15980.350    15980.352    15980.354    15980.356
  1260:    15980.358    15980.360    15980.362    15980.364    15980.366
  1265:    15980.368    15980.370    15980.372    15980.374    15980.376
  1270:    15980.378    15980.380    15980.382    15980.384    15980.386
  1275:    15980.388    15980.390    15980.392    15980.394    15980.396
  1280:    15980.398    15980.400    15980.402    15980.404    15980.406
  1285:    15980.408    15980.410    15980.412    15980.414    15980.416
  1290:    15980.418    15980.420    15980.422    15980.424    15980.426
  1295:    15980.428    15980.430    15980.432    15980.434    15980.436
  1300:    15980.438    15980.440    15980.442    15980.444    15980.446
  1305:    15980.448    15980.450    15980.452    15980.454    15980.456
  1310:    15980.458    15980.460    15980.462    15980.464    15980.466
  1315:    15980.468    15980.470    15980.472    15980.474    15980.476
  1320:    15980.478
