File: C:\MED-PC\Data\2018-06-07_09h21m_Subject M327.txt


Start Date: 06/07/18
End Date: 06/07/18
Subject: M327
Experiment: DOBLE_PICO_ACO
Group: EXP
Box: 10
Start Time: 09:21:44
End Time: 10:35:03
MSN: IF_ACO_MULTIPLE_PICO
A:      74.000
B:      19.000
D:      20.000
I:       1.000
J:   18000.000
K:    5400.000
M:       0.000
N:      20.000
O:      20.000
P:     819.000
Q:       0.000
T:    1000.000
V:     600.000
W:      19.000
Z:       0.000
C:
     0:        0.120        0.120        0.120        0.120        0.120
     5:        0.120        0.120        0.120        0.120        0.120
    10:        0.120        0.120        0.120        0.510       66.120
    15:      126.110      129.110      132.110      134.110      219.110
    20:      222.110      232.110      234.110      237.110      243.110
    25:      249.110      255.110      256.110      267.110      271.110
    30:      273.110      275.110      283.120      297.120      310.110
    35:      312.110      316.110      318.110      320.110      326.110
    40:      335.110      340.110      342.110      350.110      354.110
    45:      358.110      363.110      380.120      398.110      401.110
    50:      403.110      407.110      408.110      413.110      420.110
    55:      426.110      432.110      444.110      448.110      457.110
    60:      534.120      543.110      543.210      545.110      547.120
    65:      593.310      693.500      774.120     1104.120     1107.120
    70:     1133.100     1424.120     1443.100     1503.200     1515.120
    75:     1553.300     1653.500     2094.120     2101.120     2110.100
    80:     2268.100     2325.120     2328.200     2332.120     2378.300
    85:     2478.510     2744.120     2794.120     3015.120     3038.120
    90:     3047.120     3056.110     3062.110     3066.110     3071.110
    95:     3073.110     3077.110     3083.110     3088.110     3098.110
   100:     3101.110     3159.110     3168.110     3173.110     3235.110
   105:     3245.110     3250.110     3255.120     3281.110     3282.110
   110:     3283.110     3286.120     3322.110     3322.210     3327.120
   115:     3372.310     3472.510     3601.120     3872.110     3948.120
   120:     3972.120     3998.110     4003.110     4009.110     4012.110
   125:     4019.110     4020.110     4024.110     4029.110     4042.110
   130:     4047.110     4055.110     4064.120     4078.110     4081.110
   135:     4087.110     4090.110     4097.110     4107.120     4123.110
   140:     4133.110     4134.110     4142.110     4147.110     4148.110
   145:     4165.120     4180.110     4180.210     4181.110     4184.120
   150:     4230.310     4330.510     4587.120     4620.120     4873.120
   155:     4920.110     4934.110     4944.120     5000.110     5011.110
   160:     5013.110     5020.110     5020.210     5025.120     5070.310
   165:     5170.500     5393.120     5395.120     5659.120     5685.100
   170:     5800.120     5815.100     5875.200     5881.120     5925.300
   175:     5954.120     6025.530     6140.120     6295.120     6311.100
   180:     6548.120     6614.120     6664.120     6674.120     6686.100
   185:     6806.120     6816.120     6838.100     6847.120     6861.120
   190:     6876.100     6882.120     6896.120     6900.120     6901.120
   195:     7028.120     7044.120     7055.100     7093.100     7583.120
   200:     7594.100     7705.100     7712.100     7715.100     7724.120
   205:     7750.100     7825.330     7925.540     8101.110     8109.120
   210:     8143.110     8150.110     8155.110     8160.110     8171.110
   215:     8176.110     8178.110     8179.110     8183.110     8250.110
   220:     8252.110     8254.110     8260.110     8263.110     8268.110
   225:     8274.110     8279.110     8280.110     8289.110     8292.110
   230:     8295.110     8296.110     8301.110     8309.110     8318.120
   235:     8330.110     8342.110     8344.110     8347.110     8348.110
   240:     8357.110     8362.110     8364.110     8369.110     8374.110
   245:     8379.110     8381.110     8385.120     8401.110     8454.120
   250:     8462.110     8466.120     8480.120     8486.110     8488.110
   255:     8490.110     8493.110     8495.110     8498.110     8504.110
   260:     8513.110     8523.110     8526.110     8530.110     8532.110
   265:     8546.120     8552.110     8555.110     8562.110     8565.110
   270:     8571.110     8580.110     8593.110     8599.110     8615.110
   275:     8617.110     8620.110     8622.110     8624.110     8631.110
   280:     8633.110     8636.110     8644.120     8647.120     8662.110
   285:     8672.110     8673.110     8690.110     8716.110     8720.110
   290:     8934.110     8937.110     8951.110     9000.110     9008.110
   295:     9010.110     9013.110     9029.110     9031.110     9053.120
   300:     9377.120     9386.110     9394.110     9400.120     9404.120
   305:     9425.110     9433.110     9435.110     9440.110     9444.110
   310:     9448.110     9449.110     9451.110     9453.110     9460.120
   315:     9548.120     9572.110     9580.110     9582.110     9586.110
   320:     9590.110     9602.110     9674.110     9684.120     9714.120
   325:     9722.120     9725.340     9766.120     9772.120     9825.510
   330:     9918.110    10192.110    10194.110    10204.120    10206.120
   335:    10240.120    10265.110    10268.110    10272.110    10277.110
   340:    10285.110    10334.110    10340.110    10346.110    10355.120
   345:    10367.120    10373.110    10376.110    10380.110    10384.110
   350:    10386.110    10391.110    10394.110    10400.110    10409.110
   355:    10413.110    10417.110    10419.110    10423.110    10425.110
   360:    10427.110    10437.120    10445.110    10447.110    10467.110
   365:    10476.110    10485.110    10488.110    10495.110    10496.110
   370:    10499.110    10503.110    10506.110    10537.120    10546.110
   375:    10546.210    10547.110    10550.120    10596.310    10696.500
   380:    10874.120    10925.120    10933.120    11172.120    11204.120
   385:    11210.100    11326.120    11336.100    11378.120    11389.100
   390:    11396.200    11404.120    11446.300    11476.120    11546.500
   395:    11843.120    12152.120    12304.120    12320.120    12346.100
   400:    12406.200    12415.120    12456.300    12496.120    12556.510
   405:    12741.120    12992.120    13030.110    13037.110    13047.110
   410:    13058.120    13081.110    13088.110    13090.110    13093.110
   415:    13099.110    13108.110    13111.110    13118.110    13121.110
   420:    13127.110    13131.110    13132.110    13134.110    13139.110
   425:    13174.110    13176.110    13183.110    13189.110    13203.110
   430:    13208.110    13210.110    13235.120    13243.110    13243.210
   435:    13245.110    13248.120    13293.310    13393.500    13689.120
   440:    14031.120    14149.120    14163.100    14223.200    14234.120
   445:    14273.300    14373.510    14521.120    14578.120    14589.120
   450:    14609.120    14625.120    14629.120    14635.120    14710.120
   455:    14719.120    14723.120    14812.110    14833.110    14846.120
   460:    14899.110    14922.110    14932.120    14980.110    14994.110
   465:    15000.110    15005.110    15012.110    15017.110    15019.110
   470:    15027.110    15034.110    15037.110    15039.110    15042.110
   475:    15069.120    15077.110    15077.210    15082.120    15127.310
   480:    15227.510    15458.120    15501.120    15507.120    15606.120
   485:    15641.120    15701.120    15749.110    15760.110    15763.110
   490:    15769.120    15885.110    15887.110    15895.110    15899.110
   495:    15900.110    15905.110    15910.110    15919.110    15919.210
   500:    15924.120    15969.310    16069.500    16331.120    16388.120
   505:    16404.120    16446.120    16451.120    16457.120    16458.120
   510:    16466.100    16645.120    16685.100    16745.200    16754.120
   515:    16795.300    16823.120    16890.120    16891.120    16895.510
   520:    16906.120    16927.120    16944.120    16959.120    17002.120
   525:    17016.120    17083.110    17092.110    17095.110    17097.110
   530:    17128.110    17140.120    17294.120    17398.120    17417.110
   535:    17425.110    17427.110    17431.110    17435.110    17437.110
   540:    17445.110    17451.110    17463.110    17465.110    17527.110
   545:    17529.110    17531.110    17541.110    17548.110    17553.120
   550:    17563.110    17572.110    17576.110    17578.110    17582.110
   555:    17582.210    17587.120    17632.310    17732.500    17982.120
   560:    18391.120    18402.120    18416.100    18476.200    18487.120
   565:    18526.300    18626.510    18906.120    19070.110    19078.110
   570:    19082.110    19089.120    19120.110    19122.110    19126.110
   575:    19133.110    19139.110    19143.110    19149.110    19150.110
   580:    19155.110    19162.110    19173.110    19179.110    19181.110
   585:    19183.110    19188.110    19206.120    19216.110    19225.110
   590:    19229.110    19231.110    19234.110    19238.110    19243.110
   595:    19249.110    19252.110    19260.110    19313.110    19313.210
   600:    19318.120    19363.310    19387.120    19463.500    19624.120
   605:    20178.120    20210.100    20270.200    20286.120    20320.300
   610:    20420.510    20476.120    20708.120    20757.110    20862.120
   615:    20923.110    20928.110    20929.110    20934.120    20979.120
   620:    20988.120    21025.110    21032.110    21033.110    21038.110
   625:    21047.110    21059.110    21063.110    21065.110    21068.110
   630:    21069.110    21078.110    21080.110    21083.110    21087.110
   635:    21090.110    21098.110    21115.110    21115.210    21117.110
   640:    21120.120    21165.310    21265.500    21422.120    21699.120
   645:    21917.120    21952.120    21962.120    21972.100    22032.200
   650:    22047.120    22082.300    22182.500    22383.120    23037.120
   655:    23046.100    23106.200    23122.120    23156.300    23198.120
   660:    23256.510    23584.120    23688.110    23772.120    23773.120
   665:    23798.110    23803.110    23817.110    23821.110    23826.110
   670:    23844.110    23850.110    23857.120    23874.110    23887.110
   675:    23901.110    23910.110    23935.120    23944.110    23944.210
   680:    23948.120    23994.310    24094.510    24286.120    24326.120
   685:    24327.120    24328.120    24332.120    24340.120    24351.120
   690:    24643.120    24675.110    24680.110    24687.120    24725.110
   695:    24729.110    24732.110    24736.110    24737.110    24739.110
   700:    24744.110    24752.110    24760.110    24766.110    24768.110
   705:    24781.110    24781.210    24786.120    24831.310    24931.500
   710:    25104.120    25385.120    25419.120    25420.120    25431.100
   715:    25589.120    25606.100    25666.200    25677.120    25716.300
   720:    25816.500    26010.120    26326.120    26455.120    26472.100
   725:    26532.200    26540.120    26582.300    26611.120    26682.540
   730:    26863.120    26967.110    27161.120    27223.110    27234.110
   735:    27239.110    27242.110    27245.110    27248.110    27251.110
   740:    27256.110    27258.110    27268.110    27271.110    27276.110
   745:    27278.110    27286.110    27292.110    27315.110    27319.110
   750:    27328.110    27333.110    27335.110    27340.110    27344.120
   755:    27355.110    27358.110    27359.110    27368.110    27376.110
   760:    27377.110    27390.110    27399.110    27405.110    27407.110
   765:    27408.110    27413.120    27439.120    27448.110    27454.110
   770:    27458.110    27462.110    27470.110    27473.110    27476.110
   775:    27603.110    27610.110    27613.110    27894.120    27943.110
   780:    27951.110    27953.110    27954.110    27959.110    27964.110
   785:    27967.110    28016.110    28020.110    28024.120    28078.110
   790:    28084.110    28086.110    28087.110    28093.110    28094.110
   795:    28101.110    28102.110    28104.110    28116.110    28123.110
   800:    28124.110    28128.110    28134.110    28136.110    28138.110
   805:    28206.120    28216.110    28219.110    28221.110    28225.110
   810:    28231.110    28236.110    28240.110    28250.110    28258.110
   815:    28260.110    28262.110    28267.110    28276.110    28282.110
   820:    28285.110    28298.110    28314.110    28319.110    28324.120
   825:    28362.110    28482.340    28582.510    28688.120    28704.110
   830:    28712.110    28717.110    28727.110    28733.110    28735.110
   835:    28737.110    28755.120    28766.120    28791.110    29073.110
   840:    29091.120    29224.110    29381.120    29408.110    29408.210
   845:    29413.120    29458.310    29558.500    29665.120    29708.120
   850:    29886.120    29924.100    30030.120    30039.100    30151.120
   855:    30165.100    30225.200    30253.120    30275.300    30375.500
   860:    30564.120    30797.120    30821.120    30827.120    30836.100
   865:    30936.120    30959.100    31019.200    31027.120    31069.300
   870:    31169.510    31264.120    31350.120    31351.120    31355.120
   875:    31393.120    31586.120    31625.110    31636.120    31658.110
   880:    31665.110    31675.110    31678.110    31680.110    31682.110
   885:    31689.110    31697.110    31701.110    31704.110    31715.110
   890:    31721.110    31723.110    31751.120    31759.110    31761.110
   895:    31770.110    31773.110    31776.110    31782.110    31784.110
   900:    31789.110    31844.120    31852.110    31854.110    31866.110
   905:    31866.210    31872.120    31916.310    32016.500    32269.120
   910:    32660.120    32709.100    32769.200    32784.120    32819.300
   915:    32919.510    33143.120    33291.120    33323.120    33423.120
   920:    33618.120    33627.110    33629.110    33632.110    33633.110
   925:    33635.110    33635.210    33640.120    33685.310    33716.120
   930:    33785.530    33866.120    33901.120    33904.120    33953.120
   935:    33954.120    33955.120    33956.120    33960.120    33961.120
   940:    34340.120    34359.100    34445.120    34460.100    34658.120
   945:    34702.120    34731.100    34736.100    34804.120    34805.120
   950:    34811.100    35076.120    35129.100    35136.100    35155.120
   955:    35165.100    35224.120    35240.120    35242.120    35331.120
   960:    35346.100    35418.100    35585.330    35685.510    35906.110
   965:    35915.110    35917.110    36000.110    36009.110    36015.110
   970:    36017.110    36028.110    36030.110    36041.120    36068.110
   975:    36074.110    36079.110    36080.110    36088.110    36094.110
   980:    36097.110    36103.110    36106.110    36158.110    36165.110
   985:    36167.110    36173.110    36175.110    36187.110    36191.110
   990:    36197.110    36199.110    36256.120    36274.110    36278.110
   995:    36283.110    36289.110    36290.110    36294.110    36301.110
  1000:    36304.110    36313.120    36323.110    36325.110    36328.110
  1005:    36334.110    36342.110    36353.110    36360.110    36366.110
  1010:    36368.110    36382.110    36405.110    36405.210    36406.110
  1015:    36410.120    36455.310    36555.510    36807.120    37063.120
  1020:    37106.110    37117.110    37127.110    37137.110    37143.110
  1025:    37145.110    37149.110    37170.120    37178.110    37184.110
  1030:    37187.110    37193.110    37197.110    37199.110    37201.110
  1035:    37207.110    37211.110    37215.110    37219.120    37242.110
  1040:    37250.110    37257.110    37273.110    37273.210    37279.120
  1045:    37323.310    37423.510    37617.120    37896.120    37982.120
  1050:    38004.110    38012.110    38014.110    38087.110    38097.110
  1055:    38100.110    38105.110    38109.120    38139.110    38139.210
  1060:    38142.110    38144.120    38189.310    38289.500    38449.120
  1065:    38753.120    38781.100    38877.120    38887.100    38947.200
  1070:    38963.120    38997.300    39030.120    39097.500    39275.120
  1075:    39324.120    39517.120    39567.120    39571.120    39577.100
  1080:    39759.120    39766.100    39826.200    39826.120    39876.300
  1085:    39976.500    40148.120    40191.120    40289.120    40305.120
  1090:    40313.120    40493.120    40512.100    40552.120    40570.100
  1095:    40630.200    40640.120    40680.300    40723.120    40780.510
  1100:    40882.120    41124.120    41149.110    41155.110    41158.110
  1105:    41166.120    41188.110    41199.110    41200.110    41203.110
  1110:    41213.110    41218.110    41226.110    41228.110    41230.110
  1115:    41234.110    41260.120    41280.110    41289.110    41297.110
  1120:    41304.110    41305.110    41307.110    41313.110    41316.110
  1125:    41330.110    41345.110    41348.110    41400.110    41408.110
  1130:    41410.110    41413.110    41415.110    41419.110    41426.120
  1135:    41439.110    41446.110    41448.110    41455.110    41459.110
  1140:    41502.120    41512.110    41512.210    41517.120    41562.310
  1145:    41662.500    41854.120    41883.120
E:
     0:     1148.000      111.000      692.000
F:
     0:       70.000       40.843       23.290
G:
     0:        1.000        1.000        1.000        1.000        1.000
     5:        1.000        1.000        1.000        1.000        0.000
H:
     0:        1.000        1.000        2.000        2.000
L:
     0:     8197.000     6852.000     7154.000     7106.000     8698.000
     5:     8395.000     6866.000     7546.000     8168.000     7770.000
    10:     9342.000     7454.000     7256.000     6766.000     6549.000
    15:     7624.000     6680.000     7386.000     6647.000
R:
     0:        1.000        1.000        1.000        1.000        1.000
     5:        1.000        1.000        1.000        1.000        0.000
S:
     0:        1.000        1.000
U:
     0:     7106.000        3.000        0.000
X:
     0:        0.000      439.001      749.002      809.002      859.000
     5:      859.000     1315.001     1474.002     1534.002     1584.000
    10:     1584.000     2098.001     2229.002     2289.002     2339.000
    15:     2339.000     2624.002     2999.004     3151.006     3189.008
    20:     3368.010     3406.012     3907.014     4018.016     4025.018
    25:     4028.020     4063.022     7523.001     7649.002     7702.003
    30:     7709.003     7759.000     7759.000     8558.001     8618.001
    35:     8668.000     8668.000     9437.001     9497.001     9547.000
    40:     9547.000     9943.001    10163.002    10223.002    10273.000
    45:    10273.000    10957.001    11017.001    11067.000    11067.000
    50:    11813.001    11873.001    11923.000    11923.000    12629.001
    55:    12690.001    12740.000    12740.000    13604.001    13664.001
    60:    13714.000    13714.000    14214.001    14389.002    14449.002
    65:    14499.000    14499.000    15154.001    15214.001    15264.000
    70:    15264.000    15629.001    15744.002    15870.003    15930.003
    75:    15980.000    15980.000    16441.001    16564.002    16624.002
    80:    16674.000    16674.000    17366.001    17426.001    17476.000
    85:    17476.000    18049.002    18150.004    18421.006    18426.008
    90:    18501.010    18819.012    18826.014    18855.016    19036.018
    95:    19108.020    22471.001    22577.002    22637.002    22687.000
   100:    22687.000    23166.001    23355.002    23415.002    23465.000
   105:    23465.000    24001.001    24059.002    24119.002    24169.000
   110:    24169.000
Y:
     0:        0.000      126.001      129.002      132.003      134.004
     5:      219.005      222.006      232.007      233.008      237.009
    10:      243.010      249.011      255.012      256.013      267.014
    15:      271.015      273.016      275.017      310.018      312.019
    20:      316.020      318.021      320.022      326.023      334.024
    25:      340.025      342.026      349.027      354.028      358.029
    30:      363.030      398.031      401.032      403.033      407.034
    35:      408.035      413.036      420.037      426.038      432.039
    40:      444.040      448.041      457.042      543.043      543.043
    45:      545.044      593.000      593.000     1170.001     1176.002
    50:     1180.003     1185.004     1187.005     1192.006     1197.007
    55:     1203.008     1212.009     1215.010     1273.011     1283.012
    60:     1288.013     1349.014     1359.015     1364.016     1395.017
    65:     1396.018     1398.019     1436.020     1436.020     1486.000
    70:     1486.000     1885.001     2011.002     2016.003     2022.004
    75:     2026.005     2032.006     2033.007     2037.008     2043.009
    80:     2056.010     2061.011     2068.012     2092.013     2094.014
    85:     2101.015     2104.016     2110.017     2137.018     2147.019
    90:     2148.020     2155.021     2160.022     2162.023     2193.024
    95:     2193.024     2195.025     2243.000     2243.000     2832.001
   100:     2847.002     2913.003     2924.004     2926.005     2933.006
   105:     2933.006     2983.000     2983.000     2983.024     2983.026
   110:     2983.028     2983.030     2983.032     2983.034     2983.036
   115:     2983.038     2983.040     2983.042     2983.044     2983.046
   120:     2983.048     2983.050     2983.052     2983.054     2983.056
   125:     2983.058     2983.060     2983.062     2983.064     2983.066
   130:     2983.068     2983.070     2983.072     2983.074     2983.076
   135:     2983.078     2983.080     2983.082     2983.084     2983.086
   140:     2983.088     2983.090     2983.092     2983.094     2983.096
   145:     2983.098     2983.100     2983.102     2983.104     2983.106
   150:     2983.108     2983.110     2983.112     2983.114     2983.116
   155:     2983.118     2983.120     2983.122     2983.124     2983.126
   160:     2983.128     2983.130     2983.132     2983.134     2983.136
   165:     2983.138     2983.140     2983.142     2983.144     2983.146
   170:     2983.148     2983.150     2983.152     2983.154     2983.156
   175:     2983.158     2983.160     2983.162     2983.164     2983.166
   180:     2983.168     2983.170     2983.172     2983.174     2983.176
   185:     2983.178     2983.180     2983.182     2983.184     2983.186
   190:     2983.188     2983.190     2983.192     2983.194     2983.196
   195:     2983.198     2983.200     2983.202     2983.204     2983.206
   200:     2983.208     2983.210     2983.212     2983.214     2983.216
   205:     2983.218     2983.220     2983.222     2983.223     2983.224
   210:     2983.225     2983.226     2983.227     2983.228     2983.229
   215:     2983.230     2983.231     2983.232     2983.233     2983.234
   220:     2983.235     2983.236     2983.237     2983.238     2983.239
   225:     2983.240     2983.241     2983.242     2983.243     2983.244
   230:     2983.245     2983.246     2983.247     2983.248     2983.249
   235:     2983.250     2983.251     2983.252     2983.253     2983.254
   240:     2983.255     2983.256     2983.257     2983.258     2983.259
   245:     2983.260     2983.260     2983.261     2983.000     2983.000
   250:     3456.001     3463.002     3474.003     3507.004     3514.005
   255:     3516.006     3520.007     3525.008     3534.009     3537.010
   260:     3544.011     3547.012     3554.013     3557.014     3559.015
   265:     3560.016     3565.017     3600.018     3603.019     3609.020
   270:     3615.021     3629.022     3635.023     3636.024     3670.025
   275:     3670.025     3672.026     3720.000     3720.000     4158.001
   280:     4179.002     4245.003     4269.004     4327.005     4341.006
   285:     4347.007     4352.008     4359.009     4363.010     4365.011
   290:     4373.012     4380.013     4383.014     4385.015     4389.016
   295:     4423.017     4423.017     4473.000     4473.000     4995.001
   300:     5006.002     5008.003     5131.004     5133.005     5141.006
   305:     5145.007     5146.008     5151.009     5156.010     5164.011
   310:     5165.011     5215.000     5215.000     5402.001     5411.002
   315:     5414.003     5416.004     5447.005     5737.006     5744.007
   320:     5746.008     5750.009     5755.010     5756.011     5764.012
   325:     5770.013     5782.014     5784.015     5846.016     5848.017
   330:     5851.018     5860.019     5867.020     5882.021     5891.022
   335:     5895.023     5897.024     5901.025     5901.025     5951.000
   340:     5951.000     6394.001     6402.002     6406.003     6444.004
   345:     6446.005     6450.006     6457.007     6464.008     6467.009
   350:     6473.010     6475.011     6479.012     6486.013     6497.014
   355:     6503.015     6505.016     6508.017     6512.018     6540.019
   360:     6549.020     6553.021     6556.022     6558.023     6562.024
   365:     6568.025     6573.026     6576.027     6584.028     6637.029
   370:     6637.029     6687.000     6687.000     7024.001     7190.002
   375:     7194.003     7196.004     7292.005     7299.006     7300.007
   380:     7305.008     7314.009     7325.010     7330.011     7331.012
   385:     7334.013     7336.014     7345.015     7347.016     7349.017
   390:     7354.018     7356.019     7365.020     7381.021     7381.021
   395:     7383.022     7431.000     7431.000     7863.001     7972.002
   400:     7977.003     7992.004     7996.005     8001.006     8019.007
   405:     8024.008     8048.009     8061.010     8075.011     8084.012
   410:     8118.013     8118.013     8168.000     8168.000     8749.001
   415:     8753.002     8799.003     8803.004     8806.005     8809.006
   420:     8811.007     8813.008     8818.009     8825.010     8834.011
   425:     8840.012     8842.013     8854.014     8854.014     8904.000
   430:     8904.000     9189.002     9445.004     9456.006     9461.008
   435:     9464.010     9467.012     9470.014     9473.016     9478.018
   440:     9480.020     9490.022     9493.024     9497.026     9500.028
   445:     9507.030     9514.032     9537.034     9541.036     9550.038
   450:     9555.040     9557.042     9562.044     9577.046     9580.048
   455:     9581.050     9590.052     9598.054     9599.056     9612.058
   460:     9621.060     9626.062     9629.064     9630.066     9670.068
   465:     9676.070     9680.072     9684.074     9692.076     9695.078
   470:     9698.080     9825.082     9832.084     9835.086    10165.088
   475:    10173.090    10174.092    10176.094    10181.096    10186.098
   480:    10189.100    10237.102    10242.104    10300.106    10306.108
   485:    10308.110    10309.112    10315.114    10316.116    10323.118
   490:    10324.120    10326.122    10338.124    10345.126    10346.128
   495:    10349.130    10356.132    10358.134    10360.136    10438.138
   500:    10440.140    10443.142    10447.144    10452.146    10458.148
   505:    10462.150    10472.152    10480.154    10482.156    10484.158
   510:    10489.160    10498.162    10504.164    10507.166    10520.168
   515:    10536.170    10541.172    10583.174    10926.175    10934.176
   520:    10939.177    10949.178    10955.179    10957.180    10959.181
   525:    11013.182    11295.183    11446.184    11630.185    11630.185
   530:    11680.000    11680.000    12135.001    12168.002    12175.003
   535:    12185.004    12188.005    12190.006    12192.007    12199.008
   540:    12207.009    12211.010    12214.011    12225.012    12231.013
   545:    12233.014    12269.015    12271.016    12280.017    12283.018
   550:    12286.019    12292.020    12294.021    12299.022    12362.023
   555:    12364.024    12376.025    12376.025    12426.000    12426.000
   560:    13134.001    13136.002    13139.003    13140.004    13142.005
   565:    13142.005    13192.000    13192.000    13192.021    13192.022
   570:    13192.023    13192.024    13192.025    13192.026    13192.027
   575:    13192.028    13192.029    13192.030    13192.031    13192.032
   580:    13192.033    13192.034    13192.035    13192.036    13192.037
   585:    13192.038    13192.039    13192.040    13192.041    13192.042
   590:    13192.043    13192.044    13192.045    13192.046    13192.047
   595:    13192.048    13192.049    13192.050    13192.051    13192.052
   600:    13192.053    13192.054    13192.055    13192.056    13192.057
   605:    13192.058    13192.059    13192.060    13192.061    13192.062
   610:    13192.063    13192.064    13192.065    13192.066    13192.066
   615:    13192.067    13192.000    13192.000    13192.001    13192.002
   620:    13192.003    13192.004    13192.005    13192.006    13192.007
   625:    13192.008    13192.009    13192.010    13192.011    13192.012
   630:    13192.013    13192.014    13192.015    13192.016    13192.017
   635:    13192.018    13192.019    13192.020    13192.021    13192.021
   640:    13192.000    13192.000    13192.001    13192.002    13192.003
   645:    13192.004    13192.005    13192.006    13192.007    13192.008
   650:    13192.008    13192.009    13192.000    13192.000    13560.001
   655:    13567.002    13569.003    13600.004    13610.005    13611.006
   660:    13614.007    13624.008    13630.009    13637.010    13639.011
   665:    13641.012    13645.013    13691.014    13700.015    13708.016
   670:    13715.017    13716.018    13718.019    13724.020    13727.021
   675:    13741.022    13756.023    13760.024    13811.025    13819.026
   680:    13821.027    13824.028    13826.029    13831.030    13851.031
   685:    13857.032    13859.033    13867.034    13870.035    13923.036
   690:    13924.036    13974.000
