File: C:\MED-PC\Data\2018-05-10_12h27m_Subject M332.txt


Start Date: 05/10/18
End Date: 05/10/18
Subject: M332
Experiment: DOBLE_PICO_ACO
Group: EXP
Box: 9
Start Time: 12:27:00
End Time: 13:40:20
MSN: IF_ACO_MULTIPLE_PICO
A:    1135.000
B:      18.000
D:      19.000
I:       1.000
J:   18000.000
K:    5400.000
M:     200.000
N:      18.000
O:      19.000
P:    1574.000
Q:       0.000
T:    1000.000
V:     600.000
W:      18.000
Z:       0.000
C:
     0:        0.120        0.120        0.120        0.120        0.120
     5:        0.120        0.120        0.120        0.120        0.120
    10:        0.120        0.120        0.120        0.120        0.120
    15:        0.120        0.120        0.120        0.120        0.120
    20:        0.120        0.120        0.510       44.120      198.110
    25:      201.110      202.110      207.110      209.110      213.110
    30:      215.110      221.110      222.110      233.110      235.110
    35:      239.110      244.110      249.110      254.120      266.120
    40:      266.120      268.120      280.110      283.110      285.110
    45:      287.110      290.110      297.110      303.110      312.110
    50:      316.110      322.110      325.110      326.110      335.110
    55:      337.110      345.110      346.110      349.110      360.110
    60:      360.110      362.110      369.110      372.110      392.110
    65:      397.110      411.110      412.110      427.110      430.110
    70:      433.110      437.110      439.110      443.110      452.110
    75:      454.110      456.110      458.110      463.110      464.110
    80:      470.110      472.110      474.110      498.110      500.110
    85:      504.110      507.110      517.110      519.110      521.110
    90:      524.110      527.110      529.110      539.110      541.110
    95:      541.210      546.120      585.120      585.120      591.310
   100:      639.120      691.510      719.120      721.120      741.120
   105:      807.120      822.120      890.120      917.120     1048.120
   110:     1060.120     1102.120     1108.120     1128.110     1131.110
   115:     1134.110     1136.110     1140.110     1144.110     1148.110
   120:     1151.110     1153.110     1155.110     1157.110     1159.110
   125:     1166.110     1168.110     1172.110     1174.110     1179.110
   130:     1185.110     1186.110     1190.110     1204.110     1205.110
   135:     1238.110     1238.210     1243.120     1288.120     1288.310
   140:     1388.510     1615.120     1618.120     1619.120     1658.120
   145:     1664.120     1708.120     1731.120     1741.120     1745.120
   150:     1753.120     1757.120     1783.120     1796.110     1800.110
   155:     1820.110     1824.110     1827.110     1833.110     1835.110
   160:     1846.110     1849.110     1856.110     1862.110     1872.110
   165:     1875.110     1880.110     1882.110     1883.110     1886.110
   170:     1890.110     1892.110     1902.110     1912.110     1917.110
   175:     1924.110     1925.110     1929.110     1929.210     1935.120
   180:     1979.310     2079.500     2109.120     2110.120     2212.120
   185:     2213.120     2228.120     2231.120     2260.120     2264.120
   190:     2343.120     2386.120     2420.120     2420.120     2477.100
   195:     2486.100     2489.100     2496.100     2500.120     2614.100
   200:     2617.100     2623.100     2626.100     2630.100     2635.100
   205:     2640.100     2641.100     2643.100     2651.100     2653.100
   210:     2675.100     2678.100     2680.100     2683.200     2689.120
   215:     2726.120     2733.300     2740.120     2833.500     2841.120
   220:     2841.120     2842.120     2845.120     3043.120     3045.120
   225:     3047.120     3074.120     3185.120     3186.120     3205.120
   230:     3208.120     3721.120     3745.100     3750.100     3754.100
   235:     3755.100     3758.100     3762.100     3765.100     3776.100
   240:     3784.100     3792.100     3794.100     3799.100     3803.100
   245:     3805.200     3811.120     3842.120     3843.120     3855.300
   250:     3955.500     4203.120     4205.120     4208.120     4787.120
   255:     4789.120     4815.100     4821.100     4824.100     4826.100
   260:     4830.100     4841.100     4846.100     4851.100     4857.100
   265:     4858.100     4868.100     4870.100     4873.100     4875.200
   270:     4881.120     4916.120     4925.300     5025.540     5355.120
   275:     5359.120     5393.120     5425.120     5433.120     5519.120
   280:     5547.110     5548.110     5558.110     5559.110     5560.110
   285:     5564.110     5566.110     5569.110     5575.110     5578.110
   290:     5581.110     5584.110     5593.110     5606.110     5621.110
   295:     5625.110     5627.110     5631.110     5644.110     5654.110
   300:     5658.110     5667.110     5670.110     5676.110     5684.110
   305:     5688.110     5695.110     5701.110     5708.110     5710.110
   310:     5713.110     5716.110     5720.110     5729.110     5747.110
   315:     5751.110     5758.110     5775.110     5785.110     5788.110
   320:     5794.110     5795.110     5810.110     5812.110     5813.110
   325:     5829.110     5839.110     5840.110     5845.120     5887.120
   330:     5889.120     5900.120     5915.110     5918.120     5948.110
   335:     5948.110     5955.110     5955.110     5958.110     5982.110
   340:     5988.120     6390.120     6391.120     6454.120     6456.120
   345:     6464.120     6499.110     6503.110     6507.110     6589.110
   350:     6596.120     6790.120     6825.340     6903.120     6925.510
   355:     6993.120     6998.120     7033.110     7033.110     7035.110
   360:     7040.110     7042.110     7117.120     7141.110     7146.110
   365:     7147.110     7157.110     7162.110     7164.110     7165.110
   370:     7171.120     7188.120     7209.110     7215.110     7218.110
   375:     7219.110     7228.110     7229.110     7230.110     7235.110
   380:     7243.110     7249.110     7250.110     7259.110     7264.110
   385:     7264.110     7265.110     7274.110     7296.110     7301.110
   390:     7302.110     7304.110     7311.110     7315.110     7317.110
   395:     7328.110     7329.110     7347.110     7355.110     7360.110
   400:     7363.110     7364.110     7365.110     7384.110     7388.110
   405:     7390.110     7393.110     7402.110     7418.110     7422.110
   410:     7424.110     7435.110     7438.110     7441.110     7444.110
   415:     7446.110     7450.110     7454.110     7468.110     7468.110
   420:     7474.110     7486.110     7518.110     7524.110     7526.110
   425:     7530.110     7532.110     7534.110     7542.110     7542.210
   430:     7547.120     7587.120     7592.310     7692.500     7801.120
   435:     7836.120     7920.120     7922.120     7923.120     8076.120
   440:     8089.100     8098.100     8099.100     8106.120     8126.100
   445:     8128.100     8131.100     8138.100     8141.100     8144.100
   450:     8146.100     8150.100     8153.100     8159.100     8161.100
   455:     8165.100     8166.100     8168.100     8178.100     8186.100
   460:     8191.100     8193.100     8198.100     8203.100     8205.100
   465:     8208.100     8225.100     8229.100     8232.100     8235.100
   470:     8239.100     8244.120     8264.100     8268.100     8269.100
   475:     8272.100     8283.100     8295.200     8298.100     8303.120
   480:     8345.300     8347.120     8445.510     8489.120     8546.120
   485:     8904.120     8948.110     8951.110     8958.110     8967.110
   490:     8969.110     8971.110     8979.110     8982.110     8985.110
   495:     9011.110     9013.110     9020.110     9022.110     9028.110
   500:     9032.110     9035.110     9037.110     9040.110     9051.110
   505:     9053.110     9067.110     9067.210     9072.120     9107.120
   510:     9117.310     9121.120     9217.500     9307.120     9413.120
   515:     9604.120     9676.100     9682.120     9700.100     9710.100
   520:     9719.120     9739.100     9743.100     9745.100     9747.100
   525:     9748.100     9749.100     9753.100     9762.100     9763.100
   530:     9764.100     9765.100     9768.100     9770.100     9778.100
   535:     9781.100     9786.100     9790.100     9798.100     9801.100
   540:     9804.100     9805.100     9807.100     9813.100     9818.100
   545:     9822.200     9825.100     9828.120     9862.120     9872.300
   550:     9972.510    10262.120    10264.120    10312.110    10315.110
   555:    10316.110    10320.110    10322.110    10331.110    10333.110
   560:    10335.110    10337.110    10341.110    10368.110    10373.110
   565:    10389.110    10391.110    10394.110    10396.110    10407.110
   570:    10427.110    10431.110    10436.110    10437.110    10440.110
   575:    10450.110    10468.110    10469.110    10473.110    10475.110
   580:    10479.110    10483.110    10494.110    10497.110    10504.110
   585:    10506.110    10510.110    10514.110    10519.110    10544.110
   590:    10548.110    10553.110    10559.110    10564.110    10585.110
   595:    10590.110    10590.210    10594.120    10628.120    10640.310
   600:    10716.120    10718.120    10719.120    10740.500    10782.120
   605:    11125.120    11134.120    11167.100    11175.100    11185.120
   610:    11207.100    11212.100    11218.100    11226.100    11229.100
   615:    11231.100    11235.100    11237.100    11238.100    11246.100
   620:    11248.100    11252.100    11256.100    11260.100    11263.100
   625:    11267.100    11276.100    11283.100    11288.100    11292.100
   630:    11294.100    11297.100    11304.100    11306.100    11315.100
   635:    11321.100    11324.100    11330.100    11343.200    11349.120
   640:    11384.120    11393.300    11493.500    11931.120    11933.120
   645:    11935.120    11990.100    12037.100    12043.120    12066.100
   650:    12070.100    12087.100    12089.100    12094.100    12096.100
   655:    12097.200    12102.100    12105.120    12133.120    12147.300
   660:    12247.500    12349.120    12352.120    12380.120    12435.120
   665:    12492.120    12508.120    12516.120    12537.100    12598.100
   670:    12603.120    12619.100    12624.100    12629.100    12632.100
   675:    12635.100    12639.120    12660.120    12665.100    12667.100
   680:    12670.100    12674.100    12675.100    12678.100    12679.100
   685:    12683.100    12690.100    12693.100    12694.100    12700.100
   690:    12704.100    12704.100    12706.100    12709.100    12713.100
   695:    12732.100    12738.100    12742.100    12746.100    12748.100
   700:    12754.100    12757.100    12762.100    12774.100    12775.100
   705:    12778.100    12780.100    12786.100    12794.100    12798.100
   710:    12802.100    12805.100    12822.100    12825.100    12826.100
   715:    12831.100    12846.100    12854.200    12861.120    12895.120
   720:    12904.300    13004.510    13075.120    13090.120    13105.120
   725:    13421.120    13455.110    13457.110    13461.110    13463.110
   730:    13466.110    13472.110    13474.110    13481.110    13488.110
   735:    13489.110    13494.110    13496.110    13497.110    13503.110
   740:    13514.110    13526.110    13527.110    13559.110    13566.110
   745:    13568.110    13577.110    13590.110    13592.110    13593.110
   750:    13600.110    13602.110    13609.110    13617.110    13621.110
   755:    13621.210    13624.110    13626.120    13657.120    13671.310
   760:    13771.510    13830.120    13832.120    13834.120    13852.120
   765:    13853.120    13867.120    13894.120    13906.120    13908.120
   770:    13909.120    13921.120    14054.120    14104.110    14153.120
   775:    14156.120    14167.110    14168.110    14170.110    14176.110
   780:    14177.110    14178.110    14181.110    14183.110    14188.110
   785:    14191.110    14193.110    14196.110    14200.110    14201.110
   790:    14208.110    14218.110    14223.110    14226.110    14227.110
   795:    14240.110    14240.110    14250.110    14253.110    14255.110
   800:    14261.110    14265.110    14285.110    14291.110    14296.110
   805:    14302.110    14304.110    14308.110    14310.110    14312.110
   810:    14319.110    14326.110    14328.110    14330.110    14336.110
   815:    14341.110    14343.110    14355.110    14361.110    14372.110
   820:    14388.110    14389.110    14398.110    14400.110    14400.110
   825:    14404.110    14409.110    14412.110    14415.110    14425.110
   830:    14425.110    14426.110    14428.110    14430.110    14432.110
   835:    14442.110    14443.110    14445.110    14452.110    14463.110
   840:    14472.110    14489.110    14493.110    14496.110    14499.110
   845:    14505.110    14514.110    14520.110    14524.110    14527.110
   850:    14540.110    14543.110    14547.110    14549.110    14553.110
   855:    14556.110    14561.110    14563.110    14572.110    14577.110
   860:    14581.110    14583.110    14585.110    14588.110    14611.110
   865:    14614.110    14624.110    14625.110    14635.110    14641.110
   870:    14644.110    14647.110    14651.110    14658.110    14659.110
   875:    14664.120    14666.120    14697.120    14702.120    14749.110
   880:    14753.120    14965.110    14965.210    14970.120    15004.120
   885:    15015.310    15053.120    15054.120    15066.120    15115.120
   890:    15115.510    15117.120    15119.120    15137.120    15282.120
   895:    15282.120    15300.120    15643.110    15657.110    15659.110
   900:    15663.110    15671.110    15673.110    15679.120    15691.120
   905:    15699.110    15700.110    15701.110    15705.110    15708.110
   910:    15709.110    15715.110    15720.110    15722.110    15725.110
   915:    15728.110    15729.110    15732.110    15734.110    15739.110
   920:    15744.110    15752.110    15754.110    15757.110    15765.110
   925:    15775.110    15781.110    15783.110    15785.110    15787.110
   930:    15789.110    15795.110    15803.110    15805.110    15806.110
   935:    15815.110    15822.110    15829.110    15830.110    15832.110
   940:    15837.110    15838.110    15843.110    15847.110    15849.110
   945:    15854.110    15856.110    15860.110    15867.110    15868.110
   950:    15872.110    15874.110    15875.110    15881.110    15884.110
   955:    15896.110    15900.110    15905.110    15910.110    15913.110
   960:    15920.110    15922.110    15927.110    15933.110    15935.110
   965:    15941.110    15946.110    15949.110    15954.110    15971.110
   970:    15975.110    15980.110    15983.110    15986.110    15989.110
   975:    16004.110    16005.110    16007.110    16010.110    16014.110
   980:    16020.110    16021.110    16029.110    16042.110    16046.110
   985:    16046.210    16051.120    16084.120    16096.310    16196.530
   990:    16286.120    16286.120    16312.120    16313.120    16346.120
   995:    16508.100    16610.120    16612.120    16641.100    16650.100
  1000:    16654.120    16673.100    16677.100    16683.100    16688.100
  1005:    16693.100    16697.100    16714.100    16715.100    16718.100
  1010:    16723.100    16737.100    16761.100    16767.100    16770.100
  1015:    16776.100    16791.100    16793.100    16794.100    16796.100
  1020:    16803.100    16808.100    16812.100    16824.100    16831.100
  1025:    16840.100    16845.100    16851.100    16864.100    16866.100
  1030:    16870.100    16874.100    16889.100    16893.100    16896.100
  1035:    16898.100    16901.100    16908.100    16919.100    16931.100
  1040:    16932.100    16934.100    16945.100    16950.100    16956.120
  1045:    16985.100    16989.100    16990.100    16992.100    17005.120
  1050:    17027.100    17031.100    17033.100    17053.100    17056.100
  1055:    17061.100    17066.100    17075.100    17094.100    17098.100
  1060:    17103.100    17105.100    17112.120    17160.100    17164.100
  1065:    17166.100    17168.100    17183.100    17186.100    17205.100
  1070:    17207.100    17210.100    17217.120    17518.120    17519.120
  1075:    17537.120    17562.120    17586.100    17670.100    17679.120
  1080:    17918.120    17940.100    17952.100    17955.100    17958.100
  1085:    17960.100    17963.100    17965.100    17968.100    17984.100
  1090:    17987.100    17989.100    17992.100    17996.330    18034.120
  1095:    18096.500    18269.120    18270.120    18285.100    18289.100
  1100:    18293.100    18353.100    18356.100    18365.120    18385.100
  1105:    18391.100    18393.100    18403.100    18404.100    18407.100
  1110:    18411.100    18413.100    18425.100    18435.100    18438.100
  1115:    18445.100    18454.100    18473.100    18480.100    18485.100
  1120:    18486.100    18505.100    18513.100    18515.100    18518.100
  1125:    18526.100    18531.100    18534.100    18536.100    18539.100
  1130:    18543.100    18546.100    18561.100    18564.100    18567.100
  1135:    18571.100    18575.100    18581.100    18586.100    18601.100
  1140:    18611.100    18614.100    18617.100    18618.100    18622.100
  1145:    18624.100    18630.100    18639.100    18646.100    18654.100
  1150:    18662.100    18663.100    18670.120    18692.100    18696.100
  1155:    18697.100    18699.100    18699.200    18705.120    18735.120
  1160:    18749.300    18849.510    19135.120    19137.120    19147.120
  1165:    19148.120    19221.110    19272.120    19301.110    19301.110
  1170:    19303.110    19308.110    19310.110    19321.110    19322.110
  1175:    19327.110    19329.110    19339.110    19346.110    19347.110
  1180:    19348.110    19353.110    19357.110    19364.110    19373.110
  1185:    19383.110    19385.110    19387.110    19389.110    19402.110
  1190:    19408.110    19413.110    19416.110    19431.110    19447.110
  1195:    19460.110    19463.110    19468.110    19472.110    19474.110
  1200:    19476.110    19479.110    19485.110    19486.110    19490.110
  1205:    19492.110    19498.110    19506.110    19519.110    19521.110
  1210:    19529.110    19538.110    19540.110    19551.110    19555.110
  1215:    19559.110    19569.110    19574.110    19576.110    19578.110
  1220:    19580.110    19586.110    19590.110    19595.110    19597.110
  1225:    19604.110    19606.110    19615.110    19621.110    19623.110
  1230:    19629.110    19629.110    19633.110    19641.110    19647.110
  1235:    19649.110    19655.110    19665.110    19675.120    19695.110
  1240:    19695.110    19697.110    19700.110    19700.110    19705.110
  1245:    19708.110    19711.110    19713.110    19722.110    19726.110
  1250:    19736.110    19739.110    19741.110    19745.110    19749.110
  1255:    19754.110    19757.110    19764.110    19769.110    19781.110
  1260:    19781.210    19784.110    19787.120    19816.120    19831.310
  1265:    19931.530    20128.120    20129.120    20129.120    20155.120
  1270:    20159.120    20183.120    20199.120    20277.120    20286.120
  1275:    20292.100    20295.100    20300.100    20306.100    20312.100
  1280:    20313.100    20318.120    20333.100    20336.100    20338.100
  1285:    20349.100    20359.100    20363.100    20365.100    20368.100
  1290:    20374.100    20381.100    20398.100    20415.100    20424.100
  1295:    20427.100    20430.100    20433.100    20435.100    20440.100
  1300:    20446.100    20458.100    20464.100    20475.100    20477.100
  1305:    20480.100    20492.100    20497.100    20502.100    20503.100
  1310:    20505.100    20507.100    20509.100    20511.100    20514.100
  1315:    20516.100    20517.100    20532.100    20535.100    20541.100
  1320:    20552.100    20559.100    20573.100    20576.100    20581.100
  1325:    20597.100    20616.120    20638.100    20643.100    20645.100
  1330:    20646.100    20648.100    20660.100    20662.100    20668.100
  1335:    20671.100    20676.100    20684.100    20696.100    20699.100
  1340:    20701.100    20722.100    20728.100    20733.100    20746.120
  1345:    20775.100    20778.100    20780.100    20782.100    20792.100
  1350:    20794.100    20796.100    20811.100    20820.100    20827.120
  1355:    20847.120    21048.120    21049.120    21082.100    21338.100
  1360:    21342.100    21348.100    21352.120    21382.100    21385.100
  1365:    21434.100    21438.100    21440.100    21442.100    21448.100
  1370:    21449.100    21454.100    21457.100    21458.100    21467.100
  1375:    21479.100    21481.100    21484.100    21489.100    21495.100
  1380:    21500.100    21511.100    21522.100    21526.100    21532.100
  1385:    21546.100    21550.100    21568.100    21583.100    21587.100
  1390:    21590.100    21602.100    21606.100    21610.100    21614.100
  1395:    21617.100    21626.100    21630.100    21631.100    21641.100
  1400:    21645.100    21650.120    21670.100    21674.100    21676.100
  1405:    21681.100    21695.100    21697.100    21705.100    21709.100
  1410:    21712.100    21727.100    21730.100    21731.330    21831.510
  1415:    21834.120    21890.120    21902.120    21910.120    21911.120
  1420:    22010.120    22015.120    22053.110    22055.110    22056.110
  1425:    22057.110    22060.110    22060.110    22062.110    22063.110
  1430:    22071.110    22073.110    22084.110    22086.110    22095.110
  1435:    22100.110    22106.110    22125.110    22133.110    22135.110
  1440:    22137.110    22142.110    22151.110    22161.110    22177.110
  1445:    22179.110    22194.110    22202.110    22202.110    22204.110
  1450:    22207.110    22209.110    22224.110    22243.110    22249.110
  1455:    22260.110    22263.110    22265.110    22270.110    22270.110
  1460:    22272.110    22300.110    22303.110    22311.110    22312.110
  1465:    22315.110    22320.110    22321.110    22323.110    22325.110
  1470:    22331.110    22333.110    22338.110    22361.110    22363.110
  1475:    22369.110    22375.110    22384.110    22403.110    22404.110
  1480:    22425.110    22429.110    22432.110    22437.110    22441.110
  1485:    22452.110    22465.110    22473.110    22474.110    22475.110
  1490:    22502.110    22505.110    22507.110    22508.110    22510.110
  1495:    22517.110    22526.110    22528.110    22538.110    22547.110
  1500:    22549.110    22552.110    22558.110    22566.110    22590.110
  1505:    22599.110    22603.110    22611.110    22613.110    22615.110
  1510:    22617.110    22622.110    22626.110    22629.110    22638.110
  1515:    22646.110    22649.110    22650.110    22656.110    22658.110
  1520:    22667.110    22670.110    22682.110    22687.110    22693.120
  1525:    22726.110    22729.110    22742.110    22744.110    22849.120
  1530:    22876.110    22876.210    22879.120    22910.120    22926.310
  1535:    23026.500    23502.120    23518.120    23520.120    23521.120
  1540:    23522.120    23590.100    23606.100    23612.120    23629.100
  1545:    23631.100    23638.100    23639.100    23642.100    23650.200
  1550:    23656.120    23685.120    23700.300    23800.510    23803.120
  1555:    23805.120    23806.120    24262.120    24264.120    24271.120
  1560:    24300.120    24330.110    24334.110    24335.110    24342.110
  1565:    24344.110    24392.120    24414.110    24418.110    24419.110
  1570:    24439.110    24443.110    24446.110    24449.110    24450.110
  1575:    24451.110    24452.110    24461.110    24467.110    24475.110
  1580:    24477.110    24479.110    24482.110    24485.110    24488.110
  1585:    24494.110    24501.110    24502.110    24504.110    24510.110
  1590:    24514.110    24523.110    24535.110    24540.110    24546.110
  1595:    24558.110    24562.110    24566.110    24570.110    24572.110
  1600:    24574.110    24577.110    24582.110    24590.110    24591.110
  1605:    24604.110    24607.110    24608.110    24611.110    24614.110
  1610:    24617.110    24620.110    24625.110    24630.110    24635.110
  1615:    24636.110    24640.110    24642.110    24643.110    24647.110
  1620:    24650.110    24653.110    24657.110    24665.110    24666.110
  1625:    24668.110    24680.110    24684.110    24687.110    24694.110
  1630:    24696.110    24700.110    24702.110    24707.110    24710.110
  1635:    24714.110    24718.110    24727.110    24735.110    24735.210
  1640:    24741.120    24769.120    24785.310    24885.540    24990.120
  1645:    24992.120    25004.120    25007.120    25008.120    25048.120
  1650:    25051.120    25108.120    25125.120    25129.120    25153.110
  1655:    25157.110    25159.110    25161.110    25165.110    25224.110
  1660:    25230.110    25236.120    25269.120    25285.110    25286.110
  1665:    25289.110    25290.110    25296.110    25304.110    25309.110
  1670:    25311.110    25318.110    25320.110    25325.110    25329.110
  1675:    25340.110    25345.110    25349.110    25352.110    25356.110
  1680:    25360.110    25361.110    25362.110    25368.110    25374.110
  1685:    25375.110    25377.110    25379.110    25384.110    25390.110
  1690:    25394.110    25397.110    25401.110    25407.110    25416.110
  1695:    25419.110    25421.110    25425.110    25433.110    25436.110
  1700:    25440.110    25440.110    25441.110    25451.110    25452.110
  1705:    25453.110    25470.110    25470.110    25471.110    25475.110
  1710:    25477.110    25479.110    25484.110    25490.110    25492.110
  1715:    25501.110    25502.110    25510.110    25517.110    25520.110
  1720:    25522.110    25523.110    25529.110    25531.110    25559.110
  1725:    25564.110    25568.110    25581.110    25587.110    25592.110
  1730:    25598.110    25601.110    25604.110    25605.110    25611.110
  1735:    25629.110    25631.110    25633.110    25637.110    25641.110
  1740:    25642.110    25644.110    25649.110    25654.110    25656.110
  1745:    25666.110    25668.110    25673.110    25684.110    25686.110
  1750:    25700.110    25711.110    25717.110    25725.110    25732.110
  1755:    25733.110    25735.110    25737.110    25739.110    25746.110
  1760:    25749.110    25753.110    25770.110    25772.110    25775.110
  1765:    25778.110    25790.110    25792.110    25798.110    25803.110
  1770:    25806.110    25811.120    25865.110    25866.110    25872.110
  1775:    25878.110    25886.110    25895.120    26246.120    26274.110
  1780:    26278.110    26367.120    26394.120    26400.120    26470.120
  1785:    26472.120    26485.110    26578.120    26595.110    26601.110
  1790:    26656.110    26658.110    26664.120    26685.340    26785.510
  1795:    26875.110    26876.110    26879.110    27069.120    27391.120
  1800:    27392.120    27410.110    27413.110    27581.120    27594.110
  1805:    27600.110    27621.120    27655.110    27658.110    27662.110
  1810:    27668.110    27672.110    27676.120    27704.110    27706.110
  1815:    27711.110    27711.110    27723.110    27723.210    27728.120
  1820:    27763.120    27773.310    27844.120    27873.500    27938.120
  1825:    28139.120    28164.100    28166.100    28170.100    28175.120
  1830:    28195.120    28200.100    28201.100    28208.100    28209.100
  1835:    28215.100    28215.100    28217.100    28219.100    28222.100
  1840:    28223.100    28226.100    28228.100    28241.100    28243.100
  1845:    28245.100    28250.100    28256.100    28262.100    28266.100
  1850:    28267.100    28273.100    28274.100    28276.100    28277.100
  1855:    28279.100    28281.100    28283.100    28286.100    28298.100
  1860:    28302.100    28320.100    28331.100    28333.100    28335.100
  1865:    28337.100    28339.100    28343.100    28346.100    28349.100
  1870:    28351.100    28359.100    28369.100    28372.100    28374.100
  1875:    28378.100    28379.100    28380.100    28383.100    28387.100
  1880:    28390.100    28398.100    28399.100    28407.100    28412.100
  1885:    28415.100    28417.100    28419.100    28421.100    28424.100
  1890:    28437.100    28447.100    28463.100    28469.100    28471.100
  1895:    28475.200    28483.120    28510.120    28525.300    28625.500
  1900:    29005.120    29007.120    29009.120    29080.100    29089.100
  1905:    29095.120    29112.120    29116.100    29118.100    29121.100
  1910:    29126.100    29129.100    29130.100    29138.100    29140.100
  1915:    29142.100    29144.100    29147.100    29157.100    29160.100
  1920:    29165.100    29167.100    29168.100    29170.100    29173.100
  1925:    29175.100    29177.100    29192.100    29198.100    29203.100
  1930:    29206.100    29210.100    29214.100    29219.100    29221.100
  1935:    29223.100    29225.100    29225.200    29228.100    29229.100
  1940:    29233.120    29267.120    29275.300    29319.120    29320.120
  1945:    29375.500    29441.120    29444.120    29506.120    29698.120
  1950:    29698.120    29731.100    29846.120    29855.100    29857.100
  1955:    29861.100    29866.100    29868.100    29883.100    29886.100
  1960:    29899.100    29902.100    29903.100    29905.100    29908.100
  1965:    29910.100    29913.100    29925.100    29930.100    29935.100
  1970:    29939.100    29939.100    29941.100    29946.100    29947.100
  1975:    29963.100    29965.100    29968.100    29969.100    29970.100
  1980:    29972.100    29974.100    29976.100    29981.100    29985.100
  1985:    29985.200    29989.100    29993.120    30022.120    30035.300
  1990:    30135.510    30510.120    30512.120    30640.120    30677.110
  1995:    30682.110    30689.110    30692.110    30695.110    30697.110
  2000:    30708.110    30714.110    30724.110    30726.110    30728.110
  2005:    30731.110    30764.110    30768.110    30772.110    30774.110
  2010:    30792.110    30796.110    30796.110    30801.110    30814.110
  2015:    30830.110    30832.110    30835.110    30836.110    30841.110
  2020:    30843.110    30853.110    30864.110    30873.110    30874.110
  2025:    30885.110    30889.110    30901.110    30903.110    30907.110
  2030:    30910.110    30914.110    30923.110    30927.110    30929.110
  2035:    30931.110    30935.110    30943.110    30945.110    30949.110
  2040:    30964.110    30967.110    30974.110    30978.110    30980.110
  2045:    30985.110    30995.110    30998.110    31010.110    31018.110
  2050:    31022.110    31026.110    31028.110    31033.110    31035.110
  2055:    31036.110    31040.110    31042.110    31045.110    31048.110
  2060:    31050.110    31058.110    31067.110    31067.210    31073.120
  2065:    31099.120    31117.310    31217.510    31241.120    31243.120
  2070:    31254.120    31272.120    31275.120    31482.120    31653.120
  2075:    31680.110    31684.110    31685.110    31691.120    31714.120
  2080:    31715.120    31723.110    31725.110    31726.110    31727.110
  2085:    31730.110    31731.110    31735.110    31737.110    31744.110
  2090:    31748.110    31749.110    31756.110    31757.110    31762.110
  2095:    31765.110    31770.110    31776.110    31778.110    31785.110
  2100:    31793.110    31795.110    31802.110    31808.110    31810.110
  2105:    31815.110    31816.110    31818.110    31827.110    31832.110
  2110:    31846.110    31846.110    31853.110    31855.110    31858.110
  2115:    31862.110    31866.110    31871.110    31881.110    31888.110
  2120:    31889.110    31894.110    31901.110    31905.110    31911.110
  2125:    31922.110    31925.110    31929.110    31931.110    31934.110
  2130:    31941.110    31945.110    31947.110    31960.110    31962.110
  2135:    31966.110    31972.110    31976.110    31980.110    31981.110
  2140:    31984.110    31988.110    31989.110    31995.110    31997.110
  2145:    32004.110    32016.110    32022.110    32027.110    32032.110
  2150:    32033.110    32038.110    32041.110    32045.110    32061.110
  2155:    32065.110    32070.110    32079.110    32079.110    32081.110
  2160:    32083.110    32088.110    32099.110    32099.110    32101.110
  2165:    32108.110    32113.110    32115.110    32125.110    32129.110
  2170:    32146.110    32149.110    32149.210    32154.120    32187.120
  2175:    32199.310    32299.500    32423.120    32425.120    32464.120
  2180:    32728.120    32731.120    32732.120    32782.100    32790.100
  2185:    32797.100    32798.100    32806.100    32811.120    32819.120
  2190:    32825.100    32826.100    32829.100    32832.100    32835.100
  2195:    32840.100    32846.100    32855.100    32863.100    32865.100
  2200:    32869.100    32873.100    32888.100    32897.100    32899.100
  2205:    32900.200    32907.120    32936.120    32950.300    33050.500
  2210:    33202.120    33203.120    33560.120    33590.100    33595.100
  2215:    33597.100    33602.100    33610.100    33612.100    33615.100
  2220:    33617.100    33620.100    33627.100    33630.100    33632.100
  2225:    33634.100    33635.100    33637.100    33653.100    33655.200
  2230:    33655.100    33663.120    33694.120    33705.300    33805.510
  2235:    34164.120    34166.120    34167.120    34169.120    34362.120
  2240:    34411.110    34413.110    34415.110    34425.110    34436.110
  2245:    34439.110    34441.110    34443.110    34452.110    34455.110
  2250:    34457.110    34463.110    34465.110    34467.110    34479.110
  2255:    34481.110    34488.110    34501.110    34503.110    34514.110
  2260:    34516.110    34518.110    34521.110    34523.110    34528.110
  2265:    34539.110    34544.110    34548.110    34552.110    34558.110
  2270:    34560.110    34569.110    34571.110    34581.110    34589.110
  2275:    34591.110    34593.110    34602.110    34618.110    34624.110
  2280:    34626.110    34631.110    34638.110    34640.110    34642.110
  2285:    34657.110    34665.110    34666.110    34667.110    34673.110
  2290:    34675.110    34678.110    34679.110    34680.110    34697.110
  2295:    34701.110    34702.110    34704.110    34706.110    34709.110
  2300:    34711.110    34713.110    34727.110    34728.110    34730.110
  2305:    34734.110    34738.110    34738.210    34739.110    34741.110
  2310:    34744.120    34773.120    34788.310    34844.120    34847.120
  2315:    34880.120    34882.120    34888.510    34912.120    34914.120
  2320:    34916.120    34923.120    34927.120    34931.120    34937.120
  2325:    34954.120    35182.120    35183.120    35204.110    35221.120
  2330:    35232.110    35235.110    35240.120    35262.120    35280.110
  2335:    35280.110    35285.110    35288.110    35303.110    35307.120
  2340:    35314.120    35318.120    35346.110    35349.110    35350.110
  2345:    35353.110    35359.110    35363.110    35373.110    35377.110
  2350:    35379.110    35381.110    35389.110    35394.110    35398.110
  2355:    35406.110    35407.110    35418.110    35420.110    35424.110
  2360:    35434.110    35439.110    35443.110    35445.110    35450.110
  2365:    35461.110    35462.110    35469.110    35475.110    35478.110
  2370:    35480.110    35482.110    35497.110    35501.110    35505.110
  2375:    35506.110    35515.110    35519.110    35519.110    35520.110
  2380:    35521.110    35524.110    35531.110    35532.110    35537.110
  2385:    35539.110    35542.110    35544.110    35545.110    35548.110
  2390:    35550.110    35552.110    35555.110    35558.110    35562.110
  2395:    35565.110    35579.110    35581.110    35582.110    35586.110
  2400:    35588.110    35594.110    35596.110    35616.110    35619.110
  2405:    35621.110    35625.110    35629.110    35658.110    35666.110
  2410:    35673.110    35678.110    35681.110    35700.110    35703.110
  2415:    35706.110    35712.110    35721.110    35724.110    35726.110
  2420:    35730.110    35741.110    35744.110    35752.110    35754.110
  2425:    35757.110    35762.110    35768.110    35770.110    35774.110
  2430:    35777.110    35778.110    35779.110    35786.110    35789.110
  2435:    35794.110    35814.110    35816.110    35818.110    35823.110
  2440:    35823.210    35825.110    35827.120    35860.120    35873.310
  2445:    35973.500    35973.120    35975.120    36316.120    36317.120
  2450:    36318.120    36332.100    36334.100    36397.120    36397.120
  2455:    36412.100    36445.100    36453.120    36469.100    36472.100
  2460:    36476.100    36484.100    36485.100    36495.100    36510.100
  2465:    36523.100    36525.100    36527.100    36535.100    36539.100
  2470:    36542.100    36547.100    36549.100    36551.100    36562.100
  2475:    36564.100    36567.100    36568.100    36575.100    36579.100
  2480:    36583.100    36583.200    36590.120    36619.120    36633.300
  2485:    36733.500    36884.120    36885.120    36885.120    36886.120
  2490:    36886.120    37208.120    37210.120    37211.120    37477.100
  2495:    37481.100    37484.100    37486.100    37489.100    37490.100
  2500:    37495.100    37499.100    37502.100    37504.100    37509.100
  2505:    37517.100    37520.100    37526.100    37527.100    37533.100
  2510:    37537.200    37544.120    37573.120    37587.300    37656.120
  2515:    37658.120    37669.120    37687.500    37707.120    37708.120
  2520:    38085.120    38108.100    38113.100    38115.100    38120.100
  2525:    38126.120    38140.100    38147.100    38154.100    38155.100
  2530:    38158.100    38162.100    38167.100    38169.100    38185.100
  2535:    38187.100    38188.100    38190.100    38199.100    38202.100
  2540:    38203.100    38207.100    38211.100    38213.100    38216.100
  2545:    38221.100    38232.100    38235.100    38240.100    38242.100
  2550:    38247.100    38251.100    38253.100    38255.100    38257.100
  2555:    38284.100    38286.100    38292.200    38299.120    38327.120
  2560:    38342.300    38388.120    38442.510    38579.120    38581.120
  2565:    38582.120    38583.120    38583.120    38585.120    38944.120
  2570:    38945.120    38958.110    38959.110    38962.110    38973.110
  2575:    38978.120    39002.110    39004.110    39006.110    39010.110
  2580:    39016.110    39027.110    39028.110    39036.110    39039.110
  2585:    39043.110    39047.110    39047.110    39048.110    39050.110
  2590:    39052.110    39056.110    39057.110    39065.110    39069.110
  2595:    39076.110    39083.110    39085.110    39089.110    39091.110
  2600:    39092.110    39097.110    39099.110    39112.110    39113.110
  2605:    39114.110    39122.110    39124.110    39131.110    39132.110
  2610:    39133.110    39137.110    39138.110    39142.110    39145.110
  2615:    39147.110    39149.110    39157.110    39159.110    39169.110
  2620:    39171.110    39175.110    39176.110    39182.110    39188.110
  2625:    39195.110    39198.110    39207.110    39212.110    39259.110
  2630:    39259.110    39261.110    39267.110    39267.110    39269.110
  2635:    39280.110    39280.110    39285.110    39291.110    39293.110
  2640:    39305.110    39307.110    39309.110    39315.110    39316.110
  2645:    39319.110    39322.110    39324.110    39339.110    39344.110
  2650:    39346.110    39351.110    39355.110    39362.110    39370.120
  2655:    39405.110    39405.210    39409.120    39437.120    39455.310
  2660:    39555.510    39710.120    39712.120    39756.120    39946.120
  2665:    39975.120    39987.110    40016.120    40020.120    40036.110
  2670:    40042.120    40083.110    40085.110    40088.110    40089.110
  2675:    40090.110    40094.110    40097.110    40100.110    40106.110
  2680:    40111.110    40114.110    40114.110    40119.110    40124.110
  2685:    40126.110    40130.120    40161.110    40164.110    40218.110
  2690:    40218.210    40221.120    40249.120    40267.120    40268.310
  2695:    40357.120    40358.120    40360.120    40368.530    40393.120
  2700:    40709.100    40721.100    40725.100    40734.120    40753.100
  2705:    40756.100    40766.100    40773.120    40796.100    40798.100
  2710:    40801.100    40805.100    40808.100    40814.100    40817.100
  2715:    40820.100    40822.100    40827.100    40829.100    40834.100
  2720:    40836.100    40842.100    40848.100    40851.100    40861.100
  2725:    40863.100    40866.100    40867.100    40876.100    40884.100
  2730:    40889.100    40890.100    40892.100    40901.100    40904.100
  2735:    40905.100    40916.100    40917.100    40921.100    40924.100
  2740:    40927.100    40936.100    40941.100    40945.100    40949.100
  2745:    40951.100    40953.100    40955.100    40961.100    40964.100
  2750:    40966.100    40968.100    40984.100    40992.120    41007.100
  2755:    41011.100    41021.100    41027.100    41030.100    41035.100
  2760:    41040.100    41044.100    41061.100    41078.100    41079.100
  2765:    41091.100    41093.100    41105.100    41109.100    41123.100
  2770:    41137.100    41140.100    41150.100    41157.120    41176.100
  2775:    41182.100    41184.100    41189.100    41192.100    41195.100
  2780:    41205.120    41228.100    41230.100    41233.100    41235.100
  2785:    41249.100    41251.100    41258.100    41262.100    41264.100
  2790:    41283.100    41298.100    41304.100    41308.100    41323.100
  2795:    41327.100    41329.100    41335.100    41342.100    41384.120
  2800:    41423.100    41426.100    41429.100    41435.100    41441.100
  2805:    41452.120    41478.120    41920.100    41933.120    41943.120
E:
     0:     2810.000      876.000     1445.000
F:
     0:       70.000       32.168       31.805
G:
     0:        1.000        1.000        1.000        1.000        1.000
     5:        1.000        1.000        1.000        1.000        0.000
H:
     0:        1.000        1.000        2.000        2.000
L:
     0:     6144.000     9814.000     9302.000     6133.000     6157.000
     5:     6126.000     6142.000     6168.000     6132.000     6338.000
    10:     6120.000     6101.000     6199.000     6104.000     6152.000
    15:     6207.000     8140.000     6144.000
R:
     0:        1.000        1.000        1.000        1.000        1.000
     5:        1.000        1.000        1.000        1.000        0.000
S:
     0:        0.000        1.000
U:
     0:     6133.000        3.000        0.000
X:
     0:        0.000      398.001      407.002      410.003      416.004
     5:      535.005      538.006      544.007      547.008      550.009
    10:      556.010      561.011      562.012      563.013      571.014
    15:      574.015      596.016      599.017      601.018      604.018
    20:      654.000      654.000     1565.001     1570.002     1575.003
    25:     1576.004     1578.005     1583.006     1586.007     1596.008
    30:     1604.009     1612.010     1614.011     1619.012     1624.013
    35:     1625.013     1675.000     1675.000     2535.001     2540.002
    40:     2544.003     2546.004     2550.005     2561.006     2565.007
    45:     2571.008     2576.009     2578.010     2588.011     2590.012
    50:     2593.013     2595.013     2645.000     2645.000     3041.001
    55:     3050.002     3052.003     3078.004     3081.005     3083.006
    60:     3090.007     3093.008     3096.009     3098.010     3102.011
    65:     3106.012     3112.013     3114.014     3117.015     3119.016
    70:     3121.017     3130.018     3138.019     3143.020     3145.021
    75:     3150.022     3155.023     3157.024     3160.025     3177.026
    80:     3181.027     3184.028     3188.029     3191.030     3216.031
    85:     3220.032     3222.033     3225.034     3235.035     3248.035
    90:     3250.036     3298.000     3298.000     3757.001     3781.002
    95:     3791.003     3820.004     3823.005     3826.006     3828.007
   100:     3829.008     3830.009     3833.010     3843.011     3844.012
   105:     3845.013     3846.014     3849.015     3851.016     3859.017
   110:     3862.018     3867.019     3871.020     3879.021     3882.022
   115:     3885.023     3886.024     3888.025     3894.026     3899.027
   120:     3903.027     3906.028     3953.000     3953.000     4380.001
   125:     4388.002     4420.003     4424.004     4431.005     4438.006
   130:     4441.007     4443.008     4447.009     4449.010     4451.011
   135:     4459.012     4461.013     4465.014     4469.015     4472.016
   140:     4476.017     4479.018     4488.019     4495.020     4500.021
   145:     4504.022     4506.023     4509.024     4517.025     4519.026
   150:     4528.027     4533.028     4536.029     4543.030     4555.030
   155:     4605.000     4605.000     5102.001     5149.002     5178.003
   160:     5182.004     5199.005     5201.006     5206.007     5207.008
   165:     5209.008     5214.009     5259.000     5259.000     5549.001
   170:     5610.002     5631.003     5636.004     5641.005     5643.006
   175:     5646.007     5676.008     5678.009     5682.010     5686.011
   180:     5687.012     5689.013     5691.014     5695.015     5702.016
   185:     5705.017     5706.018     5712.019     5715.020     5716.021
   190:     5718.022     5721.023     5725.024     5744.025     5749.026
   195:     5754.027     5758.028     5760.029     5765.030     5768.031
   200:     5774.032     5786.033     5787.034     5789.035     5792.036
   205:     5798.037     5805.038     5810.039     5814.040     5817.041
   210:     5834.042     5836.043     5838.044     5843.045     5857.046
   215:     5865.046     5915.000     5915.000     6227.002     6359.004
   220:     6368.006     6391.008     6396.010     6401.012     6406.014
   225:     6411.016     6415.018     6432.020     6434.022     6436.024
   230:     6441.026     6455.028     6480.030     6485.032     6488.034
   235:     6495.036     6509.038     6512.040     6513.042     6515.044
   240:     6521.046     6527.048     6530.050     6542.052     6549.054
   245:     6558.056     6564.058     6569.060     6582.062     6584.064
   250:     6588.066     6592.068     6608.070     6611.072     6614.074
   255:     6616.076     6619.078     6626.080     6638.082     6649.084
   260:     6651.086     6652.088     6663.090     6668.092     6703.094
   265:     6707.096     6709.098     6711.100     6745.102     6749.104
   270:     6751.106     6771.108     6775.110     6779.112     6785.114
   275:     6793.116     6812.118     6816.120     6821.122     6823.124
   280:     6878.126     6882.128     6884.130     6887.132     6901.134
   285:     6904.136     6924.138     6926.140     6928.142     7304.144
   290:     7389.146     7658.148     7670.150     7673.152     7676.154
   295:     7678.156     7682.158     7684.160     7687.162     7703.164
   300:     7705.166     7707.168     7710.170     8003.171     8007.172
   305:     8011.173     8072.174     8074.175     8103.176     8109.177
   310:     8111.178     8121.179     8122.180     8125.181     8130.182
   315:     8132.183     8143.184     8153.185     8156.186     8163.187
   320:     8172.188     8191.189     8198.190     8203.191     8205.192
   325:     8224.193     8231.194     8233.195     8236.196     8244.197
   330:     8250.198     8252.199     8254.200     8258.201     8261.202
   335:     8264.203     8279.204     8282.205     8285.206     8289.207
   340:     8293.208     8299.209     8304.210     8319.211     8329.212
   345:     8332.213     8335.214     8337.215     8340.216     8342.217
   350:     8348.218     8358.219     8364.220     8373.221     8380.222
   355:     8382.223     8410.224     8414.225     8416.226     8417.227
   360:     8418.227     8468.000     8468.000     8828.002     8832.004
   365:     8836.006     8843.008     8849.010     8850.012     8869.014
   370:     8873.016     8874.018     8886.020     8896.022     8899.024
   375:     8901.026     8905.028     8910.030     8917.032     8934.034
   380:     8951.036     8961.038     8964.040     8966.042     8969.044
   385:     8972.046     8976.048     8983.050     8995.052     9000.054
   390:     9011.056     9013.058     9017.060     9029.062     9033.064
   395:     9038.066     9040.068     9042.070     9044.072     9046.074
   400:     9048.076     9051.078     9052.080     9054.082     9068.084
   405:     9072.086     9077.088     9089.090     9096.092     9109.094
   410:     9112.096     9117.098     9133.100     9175.102     9179.104
   415:     9181.106     9183.108     9185.110     9197.112     9199.114
   420:     9204.116     9208.118     9212.120     9220.122     9232.124
   425:     9235.126     9237.128     9258.130     9264.132     9270.134
   430:     9311.136     9314.138     9316.140     9319.142     9329.144
   435:     9331.146     9332.148     9347.150     9357.152     9618.154
   440:     9875.156     9879.158     9885.160     9919.162     9921.164
   445:     9970.166     9975.168     9977.170     9979.172     9985.174
   450:     9986.176     9991.178     9993.180     9995.182    10004.184
   455:    10016.186    10018.188    10021.190    10026.192    10032.194
   460:    10037.196    10047.198    10059.200    10063.202    10068.204
   465:    10083.206    10086.208    10105.210    10120.212    10123.214
   470:    10126.216    10138.218    10143.220    10147.222    10151.224
   475:    10153.226    10162.228    10166.230    10168.232    10178.234
   480:    10181.236    10207.238    10210.240    10213.242    10217.244
   485:    10232.246    10233.248    10241.250    10245.252    10248.254
   490:    10263.256    10267.258    12126.001    12143.002    12165.003
   495:    12167.004    12175.005    12176.006    12179.007    12186.007
   500:    12236.000    12236.000    12527.001    12528.002    12532.003
   505:    12562.004    12564.005    12570.006    12571.007    12577.008
   510:    12577.009    12579.010    12581.011    12584.012    12586.013
   515:    12588.014    12590.015    12603.016    12605.017    12607.018
   520:    12612.019    12618.020    12624.021    12628.022    12629.023
   525:    12635.024    12636.025    12638.026    12640.027    12642.028
   530:    12643.029    12645.030    12648.031    12661.032    12664.033
   535:    12682.034    12693.035    12695.036    12697.037    12699.038
   540:    12701.039    12706.040    12708.041    12711.042    12714.043
   545:    12722.044    12731.045    12734.046    12736.047    12740.048
   550:    12741.049    12742.050    12745.051    12750.052    12752.053
   555:    12760.054    12762.055    12769.056    12774.057    12777.058
   560:    12779.059    12781.060    12783.061    12786.062    12799.063
   565:    12809.064    12825.065    12831.066    12834.067    12838.067
   570:    12888.000    12888.000    13343.001    13351.002    13379.003
   575:    13381.004    13384.005    13388.006    13391.007    13392.008
   580:    13400.009    13402.010    13404.011    13407.012    13410.013
   585:    13419.014    13422.015    13428.016    13429.017    13431.018
   590:    13432.019    13435.020    13437.021    13439.022    13454.023
   595:    13460.024    13465.025    13468.026    13472.027    13477.028
   600:    13482.029    13483.030    13485.031    13487.032    13488.032
   605:    13490.033    13491.034    13538.000    13538.000    13893.001
   610:    14017.002    14019.003    14023.004    14028.005    14030.006
   615:    14045.007    14048.008    14061.009    14064.010    14065.011
   620:    14067.012    14070.013    14072.014    14075.015    14087.016
   625:    14092.017    14097.018    14101.019    14101.020    14103.021
   630:    14108.022    14109.023    14125.024    14127.025    14130.026
   635:    14131.027    14132.028    14134.029    14136.030    14138.031
   640:    14143.032    14147.033    14147.033    14151.034    14197.000
   645:    14197.000    14679.001    14688.002    14694.003    14695.004
   650:    14703.005    14722.006    14724.007    14726.008    14730.009
   655:    14733.010    14737.011    14743.012    14752.013    14760.014
   660:    14762.015    14767.016    14770.017    14785.018    14794.019
   665:    14796.020    14797.020    14847.000    14847.000    15386.001
   670:    15392.002    15394.003    15399.004    15407.005    15408.006
   675:    15411.007    15414.008    15417.009    15424.010    15426.011
   680:    15428.012    15430.013    15432.014    15434.015    15450.016
   685:    15452.016    15452.017    15502.000    15502.000    15861.001
   690:    15863.002    15941.003    15974.004    15997.005    16001.006
   695:    16005.007    16012.008    16014.009    16024.010    16039.011
   700:    16052.012    16054.013    16056.014    16064.015    16068.016
   705:    16071.017    16076.018    16078.019    16080.020    16091.021
   710:    16093.022    16096.023    16097.024    16104.025    16107.026
   715:    16112.027    16112.027    16162.000    16162.000    16905.001
   720:    16910.002    16912.003    16914.004    16917.005    16919.006
   725:    16924.007    16927.008    16930.009    16933.010    16937.011
   730:    16945.012    16949.013    16954.014    16956.015    16961.016
   735:    16966.016    17016.000    17016.000    17437.001    17441.002
   740:    17443.003    17448.004    17468.005    17476.006    17482.007
   745:    17483.008    17486.009    17490.010    17495.011    17497.012
   750:    17513.013    17515.014    17517.015    17519.016    17527.017
   755:    17530.018    17532.019    17535.020    17540.021    17541.022
   760:    17544.023    17550.024    17560.025    17563.026    17568.027
   765:    17570.028    17575.029    17579.030    17581.031    17583.032
   770:    17585.033    17612.034    17614.035    17620.035    17670.000
   775:    17670.000    18011.002    18022.004    18026.006    18055.008
   780:    18058.010    18068.012    18098.014    18100.016    18102.018
   785:    18106.020    18110.022    18115.024    18119.026    18121.028
   790:    18124.030    18129.032    18131.034    18136.036    18138.038
   795:    18143.040    18149.042    18153.044    18162.046    18165.048
   800:    18167.050    18169.052    18178.054    18185.056    18190.058
   805:    18192.060    18194.062    18203.064    18205.066    18207.068
   810:    18217.070    18218.072    18222.074    18225.076    18229.078
   815:    18237.080    18242.082    18247.084    18251.086    18253.088
   820:    18254.090    18256.092    18262.094    18266.096    18267.098
   825:    18269.100    18285.102    18308.104    18312.106    18322.108
   830:    18328.110    18332.112    18337.114    18341.116    18346.118
   835:    18363.120    18379.122    18381.124    18392.126    18394.128
   840:    18406.130    18410.132    18425.134    18439.136    18441.138
   845:    18451.140    18478.142    18483.144    18486.146    18491.148
   850:    18494.150    18496.152    18529.154    18531.156    18534.158
   855:    18537.160    18550.162    18553.164    18559.166    18564.168
   860:    18566.170    18585.172    18599.174    18605.176    18610.178
   865:    18624.180    18628.182    18630.184    18637.186    18643.188
   870:    18724.190    18727.192    18731.194    18737.196    18743.198
   875:    19221.200
Y:
     0:        0.000      198.001      200.002      202.003      207.004
     5:      209.005      213.006      215.007      220.008      222.009
    10:      233.010      235.011      239.012      244.013      249.014
    15:      280.015      283.016      285.017      287.018      290.019
    20:      297.020      303.021      312.022      316.023      322.024
    25:      324.025      326.026      335.027      336.028      344.029
    30:      346.030      349.031      360.032      360.033      362.034
    35:      369.035      372.036      392.037      397.038      410.039
    40:      412.040      427.041      430.042      433.043      437.044
    45:      439.045      443.046      451.047      453.048      455.049
    50:      458.050      462.051      464.052      470.053      472.054
    55:      474.055      498.056      500.057      504.058      507.059
    60:      517.060      519.061      521.062      524.063      527.064
    65:      529.065      539.066      541.067      541.067      591.000
    70:      591.000     1027.001     1030.002     1034.003     1035.004
    75:     1040.005     1044.006     1047.007     1050.008     1052.009
    80:     1055.010     1057.011     1059.012     1065.013     1068.014
    85:     1072.015     1074.016     1078.017     1085.018     1085.019
    90:     1090.020     1103.021     1105.022     1138.023     1138.023
    95:     1188.000     1188.000     1595.001     1599.002     1619.003
   100:     1623.004     1626.005     1632.006     1634.007     1645.008
   105:     1648.009     1656.010     1661.011     1671.012     1674.013
   110:     1679.014     1681.015     1683.016     1685.017     1689.018
   115:     1691.019     1701.020     1711.021     1716.022     1723.023
   120:     1724.024     1728.025     1728.025     1778.000     1778.000
   125:     2300.002     2301.004     2310.006     2311.008     2312.010
   130:     2317.012     2319.014     2321.016     2328.018     2331.020
   135:     2334.022     2336.024     2346.026     2359.028     2374.030
   140:     2378.032     2380.034     2384.036     2397.038     2406.040
   145:     2410.042     2419.044     2422.046     2429.048     2437.050
   150:     2441.052     2447.054     2453.056     2461.058     2463.060
   155:     2465.062     2469.064     2472.066     2482.068     2500.070
   160:     2503.072     2511.074     2528.076     2538.078     2541.080
   165:     2547.082     2548.084     2562.086     2564.088     2566.090
   170:     2582.092     2591.094     2593.096     2668.098     2700.100
   175:     2701.102     2708.104     2708.106     2711.108     2734.110
   180:     3252.112     3256.114     3260.116     3341.118     3786.119
   185:     3786.120     3788.121     3792.122     3794.123     3894.124
   190:     3898.125     3900.126     3910.127     3915.128     3917.129
   195:     3918.130     3962.131     3967.132     3970.133     3972.134
   200:     3981.135     3981.136     3983.137     3987.138     3995.139
   205:     4002.140     4002.141     4012.142     4016.143     4017.144
   210:     4018.145     4027.146     4049.147     4053.148     4055.149
   215:     4057.150     4064.151     4068.152     4070.153     4081.154
   220:     4082.155     4099.156     4107.157     4113.158     4116.159
   225:     4117.160     4118.161     4137.162     4140.163     4142.164
   230:     4146.165     4155.166     4171.167     4175.168     4177.169
   235:     4187.170     4191.171     4194.172     4196.173     4199.174
   240:     4203.175     4206.176     4220.177     4221.178     4227.179
   245:     4239.180     4271.181     4277.182     4279.183     4283.184
   250:     4285.185     4287.186     4295.187     4295.187     4345.000
   255:     4345.000     4847.001     4850.002     4857.003     4866.004
   260:     4868.005     4870.006     4878.007     4881.008     4884.009
   265:     4910.010     4912.011     4919.012     4921.013     4927.014
   270:     4931.015     4934.016     4936.017     4939.018     4950.019
   275:     4952.020     4966.021     4966.021     5016.000     5016.000
   280:     5355.001     5358.002     5359.003     5363.004     5365.005
   285:     5374.006     5376.007     5378.008     5380.009     5384.010
   290:     5411.011     5417.012     5432.013     5434.014     5438.015
   295:     5440.016     5450.017     5471.018     5474.019     5479.020
   300:     5481.021     5483.022     5494.023     5511.024     5512.025
   305:     5516.026     5518.027     5522.028     5526.029     5538.030
   310:     5540.031     5547.032     5549.033     5553.034     5557.035
   315:     5562.036     5587.037     5591.038     5596.039     5603.040
   320:     5607.041     5628.042     5633.043     5633.043     5683.000
   325:     5683.000     6134.001     6136.002     6140.003     6141.004
   330:     6145.005     6151.006     6152.007     6160.008     6167.009
   335:     6168.010     6173.011     6175.012     6176.013     6182.014
   340:     6193.015     6205.016     6206.017     6238.018     6245.019
   345:     6247.020     6256.021     6269.022     6270.023     6272.024
   350:     6278.025     6281.026     6288.027     6296.028     6300.029
   355:     6300.029     6303.030     6350.000     6350.000     6682.001
   360:     6745.002     6746.003     6748.004     6754.005     6755.006
   365:     6756.007     6759.008     6761.009     6766.010     6769.011
   370:     6771.012     6774.013     6778.014     6779.015     6786.016
   375:     6796.017     6801.018     6804.019     6805.020     6818.021
   380:     6818.022     6828.023     6831.024     6833.025     6839.026
   385:     6843.027     6863.028     6869.029     6874.030     6880.031
   390:     6882.032     6886.033     6888.034     6890.035     6897.036
   395:     6904.037     6906.038     6908.039     6914.040     6919.041
   400:     6921.042     6933.043     6939.044     6950.045     6966.046
   405:     6967.047     6976.048     6978.049     6978.050     6982.051
   410:     6987.052     6990.053     6993.054     7003.055     7003.056
   415:     7004.057     7006.058     7008.059     7010.060     7020.061
   420:     7021.062     7023.063     7030.064     7041.065     7050.066
   425:     7067.067     7071.068     7074.069     7077.070     7083.071
   430:     7092.072     7098.073     7102.074     7105.075     7118.076
   435:     7121.077     7125.078     7127.079     7131.080     7134.081
   440:     7139.082     7141.083     7150.084     7155.085     7159.086
   445:     7161.087     7163.088     7166.089     7189.090     7192.091
   450:     7202.092     7203.093     7213.094     7219.095     7222.096
   455:     7225.097     7229.098     7236.099     7237.100     7327.101
   460:     7543.102     7543.102     7593.000     7593.000     8120.001
   465:     8134.002     8137.003     8140.004     8148.005     8150.006
   470:     8176.007     8177.008     8178.009     8182.010     8185.011
   475:     8186.012     8193.013     8197.014     8199.015     8202.016
   480:     8205.017     8206.018     8209.019     8211.020     8216.021
   485:     8222.022     8229.023     8231.024     8234.025     8242.026
   490:     8252.027     8258.028     8260.029     8262.030     8264.031
   495:     8266.032     8272.033     8280.034     8282.035     8283.036
   500:     8292.037     8299.038     8306.039     8307.040     8309.041
   505:     8314.042     8315.043     8320.044     8324.045     8326.046
   510:     8332.047     8333.048     8337.049     8344.050     8346.051
   515:     8349.052     8352.053     8352.054     8358.055     8361.056
   520:     8373.057     8377.058     8383.059     8387.060     8390.061
   525:     8397.062     8399.063     8404.064     8410.065     8412.066
   530:     8418.067     8423.068     8427.069     8431.070     8448.071
   535:     8452.072     8457.073     8460.074     8463.075     8466.076
   540:     8481.077     8483.078     8484.079     8487.080     8491.081
   545:     8497.082     8498.083     8506.084     8520.085     8523.086
   550:     8523.086     8573.000     8573.000     8944.001     9024.002
   555:     9024.003     9026.004     9031.005     9033.006     9044.007
   560:     9046.008     9050.009     9052.010     9062.011     9069.012
   565:     9070.013     9071.014     9076.015     9081.016     9087.017
   570:     9096.018     9106.019     9108.020     9110.021     9112.022
   575:     9125.023     9131.024     9136.025     9139.026     9154.027
   580:     9170.028     9183.029     9186.030     9191.031     9195.032
   585:     9197.033     9199.034     9203.035     9208.036     9209.037
   590:     9213.038     9215.039     9221.040     9229.041     9242.042
   595:     9245.043     9252.044     9261.045     9263.046     9274.047
   600:     9278.048     9283.049     9292.050     9297.051     9299.052
   605:     9302.053     9303.054     9309.055     9313.056     9318.057
   610:     9320.058     9328.059     9330.060     9338.061     9344.062
   615:     9346.063     9352.064     9353.065     9356.066     9364.067
   620:     9370.068     9373.069     9379.070     9388.071     9418.072
   625:     9418.073     9421.074     9423.075     9423.076     9428.077
   630:     9432.078     9434.079     9436.080     9446.081     9449.082
   635:     9459.083     9462.084     9464.085     9468.086     9472.087
   640:     9477.088     9480.089     9487.090     9492.091     9504.092
   645:     9504.092     9507.093     9554.000     9554.000     9554.259
   650:     9554.260     9554.261     9554.262     9554.263     9554.264
   655:     9554.265     9554.266     9554.267     9554.268     9554.269
   660:     9554.270     9554.271     9554.272     9554.273     9554.274
   665:     9554.275     9554.276     9554.277     9554.278     9554.279
   670:     9554.280     9554.281     9554.282     9554.283     9554.284
   675:     9554.285     9554.286     9554.287     9554.288     9554.289
   680:     9554.290     9554.291     9554.292     9554.293     9554.294
   685:     9554.295     9554.296     9554.297     9554.298     9554.299
   690:     9554.300     9554.301     9554.302     9554.303     9554.304
   695:     9554.305     9554.306     9554.307     9554.308     9554.309
   700:     9554.310     9554.311     9554.312     9554.313     9554.314
   705:     9554.315     9554.316     9554.317     9554.318     9554.319
   710:     9554.320     9554.321     9554.322     9554.323     9554.324
   715:     9554.325     9554.326     9554.327     9554.328     9554.329
   720:     9554.330     9554.331     9554.332     9554.333     9554.334
   725:     9554.335     9554.336     9554.337     9554.338     9554.339
   730:     9554.340     9554.341     9554.342     9554.343     9554.344
   735:     9554.345     9554.346     9554.347     9554.348     9554.349
   740:     9554.350     9554.351     9554.352     9554.353     9554.354
   745:     9554.355     9554.356     9554.357     9554.358     9554.359
   750:     9554.360     9554.361     9554.362     9554.363     9554.364
   755:     9554.365     9554.365     9554.000     9554.000    10084.001
   760:    10088.002    10089.003    10095.004    10098.005    10168.006
   765:    10172.007    10172.008    10193.009    10197.010    10200.011
   770:    10203.012    10204.013    10205.014    10206.015    10215.016
   775:    10221.017    10229.018    10231.019    10233.020    10236.021
   780:    10238.022    10242.023    10248.024    10255.025    10256.026
   785:    10258.027    10264.028    10268.029    10277.030    10288.031
   790:    10294.032    10300.033    10312.034    10316.035    10320.036
   795:    10324.037    10326.038    10328.039    10331.040    10336.041
   800:    10343.042    10345.043    10358.044    10361.045    10362.046
   805:    10365.047    10368.048    10371.049    10374.050    10378.051
   810:    10384.052    10389.053    10390.054    10393.055    10395.056
   815:    10397.057    10401.058    10404.059    10406.060    10411.061
   820:    10418.062    10420.063    10422.064    10434.065    10438.066
   825:    10441.067    10447.068    10450.069    10453.070    10456.071
   830:    10461.072    10464.073    10468.074    10472.075    10481.076
   835:    10489.077    10489.077    10539.000    10539.000    10806.002
   840:    10810.004    10813.006    10814.008    10819.010    10878.012
   845:    10883.014    10939.016    10939.018    10942.020    10943.022
   850:    10949.024    10957.026    10962.028    10964.030    10972.032
   855:    10973.034    10978.036    10982.038    10993.040    10999.042
   860:    11002.044    11006.046    11009.048    11013.050    11014.052
   865:    11015.054    11022.056    11028.058    11028.060    11030.062
   870:    11032.064    11037.066    11043.068    11047.070    11050.072
   875:    11055.074    11061.076    11069.078    11072.080    11075.082
   880:    11078.084    11086.086    11089.088    11093.090    11093.092
   885:    11095.094    11104.096    11106.098    11107.100    11123.102
   890:    11124.104    11124.106    11128.108    11131.110    11132.112
   895:    11138.114    11143.116    11145.118    11154.120    11156.122
   900:    11163.124    11171.126    11173.128    11175.130    11176.132
   905:    11182.134    11184.136    11212.138    11217.140    11221.142
   910:    11234.144    11241.146    11245.148    11251.150    11254.152
   915:    11257.154    11259.156    11264.158    11282.160    11284.162
   920:    11286.164    11290.166    11294.168    11295.170    11297.172
   925:    11303.174    11307.176    11310.178    11319.180    11321.182
   930:    11327.184    11337.186    11339.188    11354.190    11364.192
   935:    11370.194    11378.196    11385.198    11387.200    11388.202
   940:    11391.204    11393.206    11399.208    11402.210    11407.212
   945:    11423.214    11425.216    11428.218    11431.220    11443.222
   950:    11445.224    11451.226    11457.228    11459.230    11518.232
   955:    11520.234    11526.236    11531.238    11540.240    11928.242
   960:    11931.244    12138.246    12248.248    12255.250    12309.252
   965:    12312.254    12528.255    12529.256    12532.257    13063.258
   970:    13067.259    13247.260    13253.261    13309.262    13311.263
   975:    13315.264    13321.265    13325.266    13357.267    13359.268
   980:    13364.269    13365.270    13377.271    13377.271    13427.000
   985:    13427.000    13968.001    13973.002    13981.003    13983.004
   990:    13986.005    13988.006    14000.007    14005.008    14015.009
   995:    14017.010    14019.011    14022.012    14055.013    14059.014
  1000:    14063.015    14065.016    14083.017    14087.018    14087.019
  1005:    14092.020    14105.021    14122.022    14124.023    14126.024
  1010:    14127.025    14132.026    14134.027    14144.028    14155.029
  1015:    14164.030    14165.031    14176.032    14180.033    14192.034
  1020:    14195.035    14199.036    14201.037    14205.038    14215.039
  1025:    14218.040    14220.041    14222.042    14226.043    14234.044
  1030:    14236.045    14240.046    14255.047    14259.048    14265.049
  1035:    14269.050    14271.051    14276.052    14286.053    14289.054
  1040:    14301.055    14310.056    14313.057    14317.058    14320.059
  1045:    14324.060    14326.061    14327.062    14331.063    14333.064
  1050:    14336.065    14339.066    14341.067    14350.068    14358.069
  1055:    14358.069    14408.000    14408.000    14871.001    14875.002
  1060:    14876.003    14914.004    14916.005    14917.006    14918.007
  1065:    14921.008    14922.009    14926.010    14928.011    14935.012
  1070:    14939.013    14940.014    14946.015    14948.016    14953.017
  1075:    14956.018    14961.019    14967.020    14969.021    14976.022
  1080:    14984.023    14986.024    14993.025    14999.026    15001.027
  1085:    15006.028    15007.029    15009.030    15018.031    15023.032
  1090:    15037.033    15037.034    15043.035    15046.036    15049.037
  1095:    15053.038    15056.039    15062.040    15071.041    15079.042
  1100:    15080.043    15085.044    15091.045    15096.046    15102.047
  1105:    15113.048    15116.049    15120.050    15122.051    15125.052
  1110:    15131.053    15136.054    15138.055    15151.056    15153.057
  1115:    15157.058    15163.059    15166.060    15171.061    15172.062
  1120:    15175.063    15178.064    15180.065    15186.066    15188.067
  1125:    15195.068    15207.069    15212.070    15218.071    15222.072
  1130:    15224.073    15229.074    15232.075    15236.076    15252.077
  1135:    15256.078    15260.079    15269.080    15270.081    15272.082
  1140:    15273.083    15279.084    15290.085    15290.086    15292.087
  1145:    15299.088    15304.089    15306.090    15316.091    15320.092
  1150:    15337.093    15340.094    15340.094    15390.000    15390.000
  1155:    15995.001    15998.002    16000.003    16010.004    16021.005
  1160:    16023.006    16026.007    16027.008    16037.009    16040.010
  1165:    16042.011    16048.012    16049.013    16052.014    16064.015
  1170:    16065.016    16072.017    16085.018    16087.019    16099.020
  1175:    16100.021    16103.022    16106.023    16108.024    16112.025
  1180:    16123.026    16129.027    16132.028    16137.029    16143.030
  1185:    16145.031    16153.032    16155.033    16165.034    16174.035
  1190:    16176.036    16177.037    16186.038    16203.039    16209.040
  1195:    16210.041    16216.042    16223.043    16225.044    16227.045
  1200:    16241.046    16249.047    16251.048    16252.049    16258.050
  1205:    16260.051    16262.052    16264.053    16264.054    16281.055
  1210:    16285.056    16287.057    16289.058    16291.059    16294.060
  1215:    16295.061    16298.062    16311.063    16313.064    16315.065
  1220:    16318.066    16323.067    16323.067    16323.068    16325.069
  1225:    16373.000    16373.000    16688.001    16716.002    16719.003
  1230:    16764.004    16764.005    16769.006    16772.007    16787.008
  1235:    16830.009    16833.010    16834.011    16837.012    16843.013
  1240:    16847.014    16857.015    16861.016    16863.017    16865.018
  1245:    16873.019    16878.020    16882.021    16890.022    16891.023
  1250:    16902.024    16904.025    16908.026    16918.027    16923.028
  1255:    16927.029    16929.030    16934.031    16945.032    16946.033
  1260:    16953.034    16959.035    16962.036    16964.037    16966.038
  1265:    16981.039    16985.040    16989.041    16990.042    16999.043
  1270:    17003.044    17003.045    17004.046    17005.047    17008.048
  1275:    17015.049    17016.050    17021.051    17023.052    17026.053
  1280:    17028.054    17029.055    17032.056    17034.057    17036.058
  1285:    17039.059    17042.060    17046.061    17049.062    17063.063
  1290:    17065.064    17066.065    17070.066    17072.067    17078.068
  1295:    17080.069    17100.070    17103.071    17105.072    17109.073
  1300:    17113.074    17142.075    17150.076    17157.077    17162.078
  1305:    17165.079    17184.080    17187.081    17190.082    17196.083
  1310:    17205.084    17208.085    17210.086    17214.087    17225.088
  1315:    17228.089    17236.090    17238.091    17241.092    17246.093
  1320:    17252.094    17254.095    17258.096    17261.097    17262.098
  1325:    17263.099    17270.100    17273.101    17278.102    17298.103
  1330:    17300.104    17302.105    17307.106    17307.106    17309.107
  1335:    17357.000    17357.000    17873.001    17874.002    17877.003
  1340:    17888.004    17917.005    17919.006    17921.007    17925.008
  1345:    17931.009    17942.010    17943.011    17951.012    17954.013
  1350:    17958.014    17961.015    17962.016    17963.017    17965.018
  1355:    17967.019    17971.020    17972.021    17980.022    17984.023
  1360:    17991.024    17998.025    18000.026    18004.027    18006.028
  1365:    18007.029    18012.030    18014.031    18027.032    18028.033
  1370:    18029.034    18037.035    18039.036    18045.037    18047.038
  1375:    18048.039    18051.040    18053.041    18057.042    18060.043
  1380:    18062.044    18064.045    18072.046    18074.047    18084.048
  1385:    18086.049    18090.050    18091.051    18096.052    18102.053
  1390:    18110.054    18113.055    18122.056    18127.057    18174.058
  1395:    18174.059    18176.060    18182.061    18182.062    18184.063
  1400:    18195.064    18195.065    18199.066    18206.067    18208.068
  1405:    18220.069    18222.070    18224.071    18230.072    18231.073
  1410:    18234.074    18237.075    18239.076    18254.077    18258.078
  1415:    18261.079    18266.080    18270.081    18276.082    18320.083
  1420:    18320.083    18370.000    18370.000    18801.001    18850.002
  1425:    18898.003    18900.004    18903.005    18903.006    18905.007
  1430:    18908.008    18911.009    18914.010    18920.011    18925.012
  1435:    18928.013    18929.014    18934.015    18938.016    18941.017
  1440:    18976.018    18978.019    19032.020    19033.020    19083.000
