File: C:\MED-PC\Data\2018-05-15_10h54m_Subject M330.txt


Start Date: 05/15/18
End Date: 05/15/18
Subject: M330
Experiment: DOBLE_PICO_ACO
Group: EXP
Box: 10
Start Time: 10:54:14
End Time: 12:07:36
MSN: IF_ACO_MULTIPLE_PICO
A:     402.000
B:      20.000
D:      20.000
I:       1.000
J:   18000.000
K:    5400.000
M:       0.000
N:      21.000
O:      20.000
P:     623.000
Q:       0.000
T:    1000.000
V:     600.000
W:      20.000
Z:       0.000
C:
     0:        0.510       43.120      229.110      318.110      335.120
     5:      351.110      364.120      396.110      484.110      501.110
    10:      503.110      512.120      545.110      545.210      549.120
    15:      595.310      610.120      624.120      626.120      632.120
    20:      633.120      637.120      645.120      646.120      659.120
    25:      678.120      683.120      690.120      695.510      703.120
    30:      709.120      711.120      717.120      721.120      760.120
    35:      767.120      800.120      805.120      809.120      811.120
    40:      922.120      927.120      929.120      931.120      932.120
    45:     1214.110     1235.120     1252.110     1252.210     1256.120
    50:     1302.310     1355.120     1398.120     1402.500     1403.120
    55:     1414.120     1416.120     1417.120     1429.120     1450.120
    60:     1454.120     1484.120     1486.120     1536.120     1581.100
    65:     1590.100     1595.100     1602.120     1626.100     1629.100
    70:     1635.100     1638.100     1643.100     1645.100     1658.100
    75:     1663.120     1695.100     1697.100     1704.100     1707.100
    80:     1708.100     1715.100     1720.100     1724.100     1734.100
    85:     1737.120     1808.120     1823.120     1830.100     1832.100
    90:     1834.100     1841.100     1845.100     1847.100     1852.100
    95:     1871.100     1874.100     1877.100     1885.120     1910.120
   100:     1938.100     1941.100     1956.100     1967.100     1978.100
   105:     1980.100     1989.120     2015.100     2016.200     2020.120
   110:     2066.300     2127.120     2166.500     2203.120     2216.120
   115:     2225.120     2231.120     2236.120     2266.120     2279.120
   120:     2308.120     2345.120     2367.120     2372.120     2402.120
   125:     2435.120     2502.100     2508.120     2544.100     2553.100
   130:     2562.100     2566.100     2573.100     2579.100     2587.120
   135:     2608.120     2619.100     2622.100     2627.100     2631.100
   140:     2633.100     2635.100     2638.100     2642.100     2653.100
   145:     2667.100     2674.100     2680.100     2684.120     2693.120
   150:     2718.100     2722.100     2724.100     2725.100     2736.100
   155:     2738.100     2741.100     2747.100     2753.100     2754.100
   160:     2764.120     2778.200     2828.300     2877.120     2913.120
   165:     2915.120     2928.510     3233.110     3432.120     3449.110
   170:     3452.110     3454.110     3460.110     3469.110     3473.120
   175:     3485.110     3495.110     3509.110     3515.120     3534.110
   180:     3539.110     3543.110     3549.110     3553.110     3553.210
   185:     3558.120     3603.310     3649.120     3684.120     3703.510
   190:     3727.120     3729.120     3731.120     3733.120     3733.120
   195:     3735.120     3737.120     3739.120     4185.110     4191.110
   200:     4231.110     4242.110     4246.110     4249.110     4255.110
   205:     4264.110     4272.120     4281.110     4286.110     4293.110
   210:     4298.110     4301.110     4303.110     4310.110     4313.110
   215:     4318.110     4332.110     4332.210     4336.120     4382.310
   220:     4459.120     4459.120     4482.500     4981.100     4989.100
   225:     4996.120     5028.100     5029.100     5038.100     5043.120
   230:     5073.100     5081.100     5087.100     5088.200     5091.120
   235:     5138.300     5198.120     5238.510     5704.110     5720.110
   240:     5725.120     5744.110     5749.110     5757.110     5765.110
   245:     5771.110     5785.110     5789.110     5795.110     5800.110
   250:     5810.110     5815.110     5818.110     5820.110     5835.110
   255:     5837.110     5844.110     5871.110     5871.210     5874.120
   260:     5921.310     6014.120     6021.500     6425.120     6449.120
   265:     6481.100     6491.100     6496.100     6503.100     6508.100
   270:     6511.100     6514.120     6546.100     6560.100     6566.100
   275:     6571.100     6575.100     6578.100     6585.100     6590.100
   280:     6594.120     6626.200     6628.120     6676.300     6726.120
   285:     6768.120     6776.500     6784.120     6800.120     6811.120
   290:     6823.120     6870.120     6903.120     6908.120     6930.120
   295:     6952.120     7053.120     7084.120     7089.120     7106.120
   300:     7149.120     7195.100     7196.100     7200.120     7232.100
   305:     7268.100     7274.100     7276.100     7277.100     7285.100
   310:     7291.100     7309.100     7313.120     7341.120     7353.100
   315:     7359.100     7369.100     7373.100     7376.100     7380.100
   320:     7390.100     7396.100     7401.100     7411.120     7413.200
   325:     7463.300     7536.120     7548.120     7550.120     7550.120
   330:     7563.510     7568.120     7569.120     7624.120     7658.120
   335:     7664.120     7666.120     8198.110     8198.210     8202.120
   340:     8248.310     8308.120     8346.120     8348.120     8348.510
   345:     8350.120     8352.120     8353.120     8361.120     8362.120
   350:     8363.120     8365.120     8372.120     8402.120     8443.120
   355:     8479.120     8507.120     8509.120     8518.120     8520.120
   360:     8544.120     8646.120     8649.120     8653.120     8686.120
   365:     8689.120     8692.120     8695.120     8696.120     8731.120
   370:     8735.120     8737.120     8738.120     8740.120     8761.120
   375:     8763.120     8765.120     8766.120     8782.120     8784.120
   380:     8786.120     8787.120     8789.120     8815.120     8817.120
   385:     8819.120     8820.120     8852.120     8857.120     8859.120
   390:     8861.120     8925.110     8931.110     8936.110     8941.110
   395:     8945.110     8951.110     8953.110     8968.110     8972.110
   400:     8979.110     8979.210     8983.120     9029.310     9067.120
   405:     9089.120     9103.120     9129.500     9135.120     9450.120
   410:     9464.120     9474.120     9504.120     9530.120     9548.120
   415:     9550.120     9552.120     9554.120     9572.120     9577.120
   420:     9619.100     9628.120     9663.100     9667.100     9680.100
   425:     9682.120     9740.200     9757.120     9790.300     9835.120
   430:     9887.120     9890.500     9891.120     9895.120     9904.120
   435:     9938.120     9955.120     9992.120    10001.120    10004.120
   440:    10006.120    10007.120    10008.120    10033.120    10037.120
   445:    10039.120    10822.100    10825.120    10849.100    10855.100
   450:    10865.100    10870.100    10880.100    10882.200    10886.120
   455:    10932.300    11027.120    11027.120    11028.120    11032.500
   460:    11035.120    11037.120    11039.120    11041.120    11051.120
   465:    11052.120    11054.120    11056.120    11058.120    11505.120
   470:    11508.120    11512.120    11524.120    11541.120    11548.120
   475:    11577.100    11582.120    11586.120    11616.100    11625.100
   480:    11626.100    11631.120    11637.200    11687.300    11779.120
   485:    11787.510    11822.120    11824.120    11864.120    11865.120
   490:    11890.120    12409.110    12421.120    12488.110    12488.210
   495:    12492.120    12538.310    12638.510    12674.120    12680.120
   500:    12688.120    12692.120    12693.120    12695.120    12715.120
   505:    12747.120    12783.120    12825.120    12831.120    12858.120
   510:    12859.120    12879.120    12907.120    12947.120    12969.120
   515:    12973.120    13034.110    13040.110    13070.120    13091.110
   520:    13096.110    13098.110    13102.110    13108.110    13136.110
   525:    13145.110    13147.110    13149.110    13154.110    13172.110
   530:    13179.110    13180.110    13182.110    13186.110    13207.110
   535:    13214.110    13218.110    13220.110    13224.110    13235.110
   540:    13237.110    13258.110    13263.110    13263.210    13264.110
   545:    13268.120    13313.310    13387.120    13413.540    13811.110
   550:    13839.110    13884.110    13886.110    13889.110    13892.110
   555:    13899.110    13902.110    13910.110    13925.110    13930.110
   560:    13935.110    13941.110    13943.110    13963.110    13965.110
   565:    13966.110    13968.110    13977.110    13979.110    13985.110
   570:    13987.110    13988.110    13990.110    13997.110    13999.110
   575:    14002.110    14009.110    14021.120    14029.110    14030.110
   580:    14031.110    14033.110    14034.110    14035.110    14046.110
   585:    14064.110    14066.110    14072.110    14081.120    14118.110
   590:    14126.110    14137.110    14140.120    14160.120    14188.120
   595:    14189.120    14190.120    14190.120    14191.120    14195.120
   600:    14202.120    14207.120    14216.120    14218.120    14231.120
   605:    14232.120    14235.120    14279.110    14285.110    14289.110
   610:    14293.110    14295.120    14315.110    14321.110    14322.110
   615:    14327.110    14329.110    14400.110    14593.120    14600.120
   620:    14617.110    14621.110    14628.110    14638.110    14682.120
   625:    14685.120    14704.120    14757.110    14918.110    14925.110
   630:    14935.110    14944.110    14966.120    14992.120    15001.110
   635:    15005.110    15007.110    15012.110    15016.110    15022.110
   640:    15026.110    15034.110    15069.110    15071.110    15078.110
   645:    15085.110    15096.110    15100.110    15108.110    15127.110
   650:    15135.110    15149.110    15170.110    15177.110    15185.110
   655:    15204.110    15209.110    15210.110    15212.110    15213.340
   660:    15313.500    15460.120    15475.120    15502.120    15509.120
   665:    15654.120    15659.120    15669.120    15684.120    15702.120
   670:    15713.120    15719.120    15743.120    15748.120    15768.120
   675:    15775.120    15809.120    15814.120    15815.120    15842.120
   680:    15844.120    15846.120    15847.120    15864.120    15867.120
   685:    15869.120    15910.100    15921.120    15957.100    15959.100
   690:    15970.200    15973.120    16020.300    16120.530    16126.120
   695:    16152.120    16189.120    16322.120    16327.120    16341.120
   700:    16387.120    16488.100    16494.120    16541.100    16545.100
   705:    16548.100    16558.120    16582.100    16594.100    16597.100
   710:    16605.100    16611.100    16616.100    16622.100    16631.100
   715:    16637.120    16669.100    16673.120    16681.100    16684.100
   720:    16685.100    16688.100    16692.100    16693.100    16699.100
   725:    16703.100    16709.100    16717.100    16720.100    16725.100
   730:    16730.100    16737.120    16791.100    16800.100    16858.100
   735:    16860.100    16869.100    16874.100    16878.100    16881.120
   740:    16935.100    16937.100    16939.100    16943.100    16946.100
   745:    16948.120    16968.120    16977.120    16979.120    17007.100
   750:    17021.100    17028.100    17028.120    17081.100    17083.100
   755:    17088.100    17089.120    17124.120    17124.120    17210.100
   760:    17220.100    17222.120    17259.120    17283.120    17296.120
   765:    17301.120    17306.120    17307.120    17630.100    17649.120
   770:    17737.100    17765.120    17836.100    17847.100    17851.120
   775:    17881.100    17889.100    17894.100    17910.120    17920.330
   780:    17953.120    18020.540    18140.120    18150.110    18218.110
   785:    18311.110    18313.110    18323.110    18388.110    18399.110
   790:    18413.110    18421.110    18433.110    18440.110    18467.110
   795:    18670.110    18677.110    18688.110    18695.110    18697.110
   800:    18756.110    18794.110    18798.110    18810.110    18812.110
   805:    18823.110    18827.110    18830.110    18837.120    18839.120
   810:    18844.120    18864.110    18872.110    18924.110    18929.110
   815:    18935.110    18938.110    18941.110    18943.110    18946.110
   820:    18950.110    18952.110    18983.110    18987.110    18996.110
   825:    19007.110    19031.110    19041.110    19044.110    19103.110
   830:    19111.110    19112.110    19121.110    19125.110    19130.110
   835:    19131.110    19138.110    19140.110    19162.110    19169.110
   840:    19176.110    19183.110    19628.110    19635.110    19640.110
   845:    19643.110    19646.110    19655.110    19670.110    19672.110
   850:    19675.110    19680.110    19689.110    19707.110    19709.110
   855:    19716.110    19722.110    19729.110    19730.110    19750.110
   860:    19765.110    19781.110    19785.110    19789.110    19808.110
   865:    19810.110    19817.110    19820.340    19821.110    19878.120
   870:    19886.120    19887.120    19890.120    19920.500    19970.120
   875:    19971.120    19971.120    19975.120    19979.120    20009.120
   880:    20016.120    20016.120    20035.120    20039.120    20043.120
   885:    20045.120    20065.120    20072.120    20074.120    20076.120
   890:    20111.120    20117.120    20150.120    20154.120    20198.120
   895:    20203.120    20259.120    20301.120    20322.120    20327.120
   900:    20344.120    20351.120    20355.120    20382.120    20416.100
   905:    20423.120    20428.120    20430.120    20433.120    20472.100
   910:    20475.100    20479.100    20484.100    20488.120    20525.100
   915:    20532.200    20536.120    20582.300    20682.510    20683.120
   920:    20776.120    20780.120    20782.120    20784.120    20819.120
   925:    20835.120    20841.120    20856.120    20857.120    20862.120
   930:    20864.120    20869.120    20903.120    20911.120    20913.120
   935:    20953.120    20961.120    20967.120    20998.120    21000.120
   940:    21033.120    21067.120    21104.120    21105.120    21107.120
   945:    21116.120    21117.120    21162.120    21164.120    21169.120
   950:    21207.120    21210.120    21212.120    21215.120    21217.120
   955:    21219.120    21221.120    21244.120    21250.120    21284.110
   960:    21290.110    21303.110    21305.110    21305.210    21308.120
   965:    21355.310    21455.500    21924.120    21925.120    22133.120
   970:    22165.100    22170.100    22173.100    22178.100    22179.120
   975:    22218.100    22225.200    22229.120    22275.300    22375.510
   980:    22384.120    22411.120    22413.120    22415.120    22416.120
   985:    22426.120    22428.120    22430.120    22438.120    22439.120
   990:    22450.120    22453.120    22456.120    22459.120    22461.120
   995:    22463.120    22467.120    22468.120    22476.120    22477.120
  1000:    22479.120    22485.120    22496.120    22497.120    22509.120
  1005:    22515.120    22520.120    22526.120    22537.120    22558.120
  1010:    22567.120    22579.120    22611.120    22618.120    22636.120
  1015:    22640.120    22681.120    22688.120    22698.120    22704.120
  1020:    22732.120    22780.120    22785.120    22787.120    22788.120
  1025:    22790.120    22792.120    22811.120    22814.120    22816.120
  1030:    22848.120    22851.120    22852.120    22858.120    22878.120
  1035:    22880.120    22886.120    22887.120    22891.120    22892.120
  1040:    22898.120    22907.120    22933.120    22934.120    22959.120
  1045:    22964.120    22993.120    23024.120    23025.120    23038.110
  1050:    23038.210    23043.120    23088.310    23158.120    23188.510
  1055:    23213.120    23220.120    23222.120    23238.120    23249.120
  1060:    23250.120    23252.120    23256.120    23261.120    23263.120
  1065:    23264.120    23265.120    23641.120    23655.120    23663.120
  1070:    23667.120    23670.120    23683.120    23714.120    23723.120
  1075:    23755.120    23764.120    23767.120    23768.120    23788.120
  1080:    23801.120    23802.120    23812.120    23818.120    23821.120
  1085:    23825.120    23827.120    23850.120    23851.120    23860.120
  1090:    23884.120    23887.120    23889.120    23915.120    23933.110
  1095:    23933.210    23937.120    23983.310    24067.120    24083.510
  1100:    24102.120    24103.120    24109.120    24111.120    24134.120
  1105:    24138.120    24138.120    24636.110    24643.110    24657.110
  1110:    24676.110    24678.110    24685.110    24690.110    24694.110
  1115:    24699.110    24699.210    24703.120    24749.310    24818.120
  1120:    24819.120    24849.500    24852.120    24857.120    24864.120
  1125:    24886.120    24895.120    24897.120    24898.120    24900.120
  1130:    24904.120    24906.120    24906.120    24907.120    24911.120
  1135:    25292.120    25310.120    25365.120    25609.100    25621.100
  1140:    25622.120    25649.100    25663.120    25669.200    25716.120
  1145:    25719.300    25752.120    25753.120    25787.120    25787.120
  1150:    25788.120    25792.120    25793.120    25799.120    25819.530
  1155:    25994.120    26015.120    26018.120    26020.120    26030.120
  1160:    26054.120    26092.120    26149.120    26177.120    26198.120
  1165:    26223.120    26229.120    26261.120    26264.120    26296.120
  1170:    26299.120    26302.120    26346.120    26356.120    26370.120
  1175:    26397.100    26410.120    26446.100    26450.100    26455.100
  1180:    26465.100    26471.100    26482.100    26484.100    26489.120
  1185:    26529.100    26532.100    26539.100    26542.100    26545.100
  1190:    26548.120    26593.100    26596.100    26597.100    26601.100
  1195:    26610.100    26614.100    26616.120    26674.100    26680.100
  1200:    26682.100    26687.100    26696.100    26700.100    26704.100
  1205:    26706.100    26707.100    26713.100    26725.100    26727.100
  1210:    26731.120    26799.120    26822.100    26844.120    26897.100
  1215:    26909.100    27010.120    27029.120    27044.120    27052.120
  1220:    27059.120    27061.120    27063.120    27065.120    27066.120
  1225:    27068.120    27070.120    27077.120    27086.120    27107.120
  1230:    27121.120    27125.120    27149.120    27151.120    27154.120
  1235:    27162.120    27167.120    27196.120    27201.120    27206.120
  1240:    27208.120    27250.120    27252.120    27253.120    27261.120
  1245:    27279.120    27280.120    27282.120    27287.120    27288.120
  1250:    27317.120    27321.120    27326.120    27360.120    27362.120
  1255:    27364.120    27368.120    27408.120    27439.120    27445.120
  1260:    27491.100    27499.120    27505.120    27534.100    27548.100
  1265:    27555.100    27565.100    27570.100    27572.100    27576.120
  1270:    27615.100    27619.330    27620.100    27648.120    27692.120
  1275:    27703.120    27710.120    27716.120    27719.510    27726.120
  1280:    27727.120    27732.120    27734.120    27759.120    27765.120
  1285:    27776.120    27778.120    27780.120    27782.120    27798.120
  1290:    27800.120    27801.120    27803.120    27813.120    27814.120
  1295:    27816.120    27818.120    27820.120    27864.120    27869.120
  1300:    27871.120    27892.120    27893.120    27898.120    27900.120
  1305:    27904.120    27905.120    27908.120    27912.120    27934.120
  1310:    27936.120    27938.120    27940.120    27942.120    28002.120
  1315:    28005.120    28009.120    28034.120    28036.120    28072.120
  1320:    28073.120    28077.120    28079.120    28115.120    28152.110
  1325:    28156.110    28159.110    28170.110    28174.110    28175.110
  1330:    28266.110    28276.110    28283.110    28294.110    28306.110
  1335:    28320.110    28327.110    28340.110    28340.210    28345.120
  1340:    28390.310    28476.120    28490.500    28517.120    28658.120
  1345:    28660.120    28706.120    28714.120    28719.120    28728.120
  1350:    28736.120    28747.120    28752.120    28759.120    28772.120
  1355:    28790.120    28795.120    28866.120    28890.120    28891.120
  1360:    28915.120    28936.120    28937.120    28974.120    28980.120
  1365:    29113.100    29118.120    29155.100    29167.100    29171.100
  1370:    29173.200    29177.120    29223.300    29323.510    29328.120
  1375:    29357.120    29359.120    29361.120    29363.120    29365.120
  1380:    29366.120    29384.120    29388.120    29392.120    29394.120
  1385:    29402.120    29402.120    29403.120    29405.120    29407.120
  1390:    29441.120    29720.110    29782.110    29784.110    29797.110
  1395:    29804.120    29829.110    29830.110    29840.110    29852.110
  1400:    29855.110    29860.110    29868.110    29870.110    29914.110
  1405:    29916.110    29918.110    29926.110    29935.110    29940.110
  1410:    29940.210    29944.120    29990.310    30078.120    30090.500
  1415:    30128.120    30130.120    30134.120    30136.120    30145.120
  1420:    30151.120    30307.100    30380.120    30754.100    30768.120
  1425:    30800.100    30814.200    30815.120    30864.300    30949.120
  1430:    30950.120    30964.510    30975.120    30984.120    31686.110
  1435:    31686.210    31691.120    31736.310    31805.120    31823.120
  1440:    31823.120    31824.120    31834.120    31836.510    31840.120
  1445:    31842.120    31843.120    32353.120    32378.110    32380.110
  1450:    32387.110    32391.110    32403.110    32412.110    32424.110
  1455:    32427.110    32436.110    32468.110    32468.210    32473.120
  1460:    32518.310    32576.120    32618.500    33022.100    33031.120
  1465:    33046.120    33048.120    33077.100    33087.120    33117.100
  1470:    33127.120    33144.100    33198.100    33213.100    33223.100
  1475:    33231.100    33235.100    33238.100    33243.100    33253.100
  1480:    33257.120    33258.200    33308.300    33375.120    33377.120
  1485:    33381.120    33406.120    33408.500    33414.120    33657.120
  1490:    33663.120    33687.120    33866.120    33873.120    33890.120
  1495:    33892.120    33912.120    33913.120    33925.120    33928.120
  1500:    33948.120    33951.120    33954.120    33955.120    33983.120
  1505:    33985.120    33988.120    33990.120    34012.120    34017.120
  1510:    34040.120    34063.120    34065.120    34067.120    34090.120
  1515:    34119.100    34134.120    34158.100    34167.100    34168.100
  1520:    34177.100    34179.200    34185.120    34229.300    34329.510
  1525:    34341.120    34384.120    34385.120    34387.120    34393.120
  1530:    34394.120    34396.120    34404.120    34406.120    34418.120
  1535:    34429.120    34435.120    34441.120    34443.120    34486.120
  1540:    34492.120    34496.120    34499.120    34512.120    34541.120
  1545:    34543.120    34547.120    34572.120    34574.120    34576.120
  1550:    34578.120    34616.120    34618.120    34628.120    34630.120
  1555:    34647.120    34651.120    34667.120    34699.120    34701.120
  1560:    34702.120    34706.120    34707.120    34719.120    34721.120
  1565:    34723.120    34725.120    34754.120    34757.120    34758.120
  1570:    34770.120    34777.120    34844.110    34852.110    34860.110
  1575:    34863.110    34866.110    34881.110    34884.110    34895.120
  1580:    34905.110    34910.110    34912.110    34925.110    34946.110
  1585:    34946.210    34950.120    34996.310    35048.120    35096.500
  1590:    35192.120    35196.120    35198.120    35201.120    35209.120
  1595:    35218.120    35222.120    35254.120    35265.120    35270.120
  1600:    35272.120    35280.120    35307.100    35319.120    35359.120
  1605:    35391.120    35399.120    35419.120    35423.120    35433.120
  1610:    35437.120    35439.120    35444.120    35461.120    35466.120
  1615:    35468.120    35471.120    35477.120    35479.120    35481.120
  1620:    35483.120    35485.120    35528.120    35548.120    35552.120
  1625:    35573.120    35576.120    35577.120    35580.120    35582.120
  1630:    35616.120    35697.120    35731.100    35746.100    35751.100
  1635:    35753.100    35755.100    35759.100    35764.100    35782.100
  1640:    35786.120    35791.200    35841.300    35868.120    35941.510
  1645:    36104.120    36109.120    36121.120    36127.120    36130.120
  1650:    36137.120    36167.120    36183.120    36189.120    36203.120
  1655:    36207.120    36212.120    36213.120    36217.120    36219.120
  1660:    36266.120    36276.120    36277.120    36310.120    36328.120
  1665:    36335.120    36376.120    36378.120    36380.120    36382.120
  1670:    36388.120    36438.110    36444.110    36450.110    36455.120
  1675:    36469.110    36475.110    36483.110    36495.110    36527.110
  1680:    36532.110    36534.110    36543.110    36546.110    36557.110
  1685:    36557.210    36561.120    36607.310    36707.500    36765.120
  1690:    36809.120    37174.120    37211.100    37215.100    37226.100
  1695:    37230.100    37234.100    37238.100    37247.120    37288.100
  1700:    37291.100    37305.120    37330.120    37337.120    37348.200
  1705:    37356.120    37398.300    37498.540    37826.120    37834.120
  1710:    37846.120    37874.120    37879.120    37884.120    37891.120
  1715:    37907.120    37912.120    37921.120    37923.120    37934.120
  1720:    37957.120    37977.120    37985.120    37987.120    37995.120
  1725:    38032.120    38034.120    38057.120    38060.120    38064.120
  1730:    38068.120    38117.110    38121.110    38124.110    38137.110
  1735:    38151.110    38156.110    38158.110    38175.110    38182.110
  1740:    38190.110    38192.110    38196.110    38198.110    38210.110
  1745:    38212.110    38219.110    38224.110    38227.110    38230.110
  1750:    38242.110    38245.110    38250.110    38255.110    38258.110
  1755:    38259.110    38261.110    38262.110    38271.110    38286.110
  1760:    38302.110    38312.110    38313.110    38314.110    38318.110
  1765:    38340.120    38357.110    38362.110    38418.110    38424.110
  1770:    38427.110    38439.110    38451.110    38460.120    38535.110
  1775:    38610.110    38944.110    38953.110    39054.120    39070.120
  1780:    39086.110    39256.110    39298.340    39398.500    39410.100
  1785:    39440.100    39450.100    39456.120    39488.120    39496.120
  1790:    39502.120    39502.120    39547.120    39554.120    39555.120
  1795:    39578.120    39655.120    39696.120    39700.120    39702.120
  1800:    39703.120    39796.100    39800.120    39832.100    39838.100
  1805:    39843.100    39846.120    39858.100    39869.100    39871.120
  1810:    39904.100    39908.100    39912.100    39914.100    39919.100
  1815:    39921.100    39926.100    39931.100    39938.100    39950.100
  1820:    39954.100    39961.120    39986.120    39997.100    40002.100
  1825:    40003.100    40005.100    40007.100    40009.100    40010.200
  1830:    40014.120    40060.300    40069.120    40110.120    40129.120
  1835:    40144.120    40148.120    40158.120    40160.510    40165.120
  1840:    40193.120    40202.120    40224.120    40257.120    40263.120
  1845:    40267.120    40268.120    40273.120    40349.120    40359.120
  1850:    40397.120    40406.120    40441.120    40483.120    40523.120
  1855:    40565.120    40624.120    40662.120    40679.110    40687.110
  1860:    40696.110    40701.110    40703.110    40716.110    40723.120
  1865:    40731.110    40735.110    40739.110    40762.110    40775.110
  1870:    40778.110    40778.210    40782.120    40828.310    40829.120
  1875:    40889.120    40925.120    40928.500    41026.120    41053.120
  1880:    41083.120    41091.120    41093.120    41109.120    41113.120
  1885:    41115.120    41118.120    41120.120    41161.120    41194.120
  1890:    41201.120    41203.120    41235.120    41243.120    41276.120
  1895:    41282.120    41285.120    41286.120    41292.120    41349.120
  1900:    41350.120    41353.120    41355.120    41360.120    41389.120
  1905:    41424.120    41445.100    41449.120    41473.100    41478.100
  1910:    41480.100    41483.100    41488.120    41519.100    41529.100
  1915:    41533.200    41538.120    41583.300    41636.120    41636.120
  1920:    41683.500
E:
     0:     1921.000      368.000      470.000
F:
     0:       70.000       25.768       38.205
G:
     0:        1.000        1.000        1.000        1.000        1.000
     5:        1.000        1.000        1.000        1.000        0.000
H:
     0:        1.000        1.000        2.000        2.000
L:
     0:     6237.000     6223.000     6161.000     6152.000     6468.000
     5:     6209.000    10022.000     6152.000     6672.000     6225.000
    10:     7797.000     8303.000     6933.000     7338.000     6494.000
    15:     7815.000     7058.000     6508.000     6222.000     6150.000
R:
     0:        1.000        1.000        1.000        1.000        1.000
     5:        1.000        1.000        1.000        1.000        0.000
S:
     0:        1.000        1.000
U:
     0:     6152.000        3.000        0.000
X:
     0:        0.000      178.001      187.002      192.003      223.004
     5:      226.005      232.006      235.007      240.008      242.009
    10:      255.010      292.011      294.012      301.013      304.014
    15:      305.015      312.016      317.017      321.018      331.019
    20:      427.020      429.021      431.022      438.023      442.024
    25:      444.025      449.026      468.027      471.028      474.029
    30:      535.030      538.031      553.032      564.033      575.034
    35:      577.035      612.036      613.036      663.000      663.000
    40:      998.001     1040.002     1049.003     1058.004     1062.005
    45:     1069.006     1075.007     1115.008     1118.009     1123.010
    50:     1127.011     1129.012     1132.013     1135.014     1138.015
    55:     1149.016     1164.017     1170.018     1176.019     1215.020
    60:     1218.021     1220.022     1221.023     1232.024     1235.025
    65:     1237.026     1243.027     1250.028     1250.029     1275.029
    70:     1325.000     1325.000     1823.001     1832.002     1871.003
    75:     1872.004     1881.005     1916.006     1923.007     1930.008
    80:     1931.008     1981.000     1981.000     2441.001     2451.002
    85:     2456.003     2463.004     2468.005     2470.006     2506.007
    90:     2520.008     2526.009     2531.010     2535.011     2538.012
    95:     2545.013     2550.014     2586.014     2636.000     2636.000
   100:     3055.001     3056.002     3092.003     3127.004     3134.005
   105:     3135.006     3137.007     3144.008     3150.009     3169.010
   110:     3212.011     3219.012     3229.013     3233.014     3236.015
   115:     3240.016     3250.017     3256.018     3261.019     3272.019
   120:     3322.000     3322.000     3811.001     3856.002     3859.003
   125:     3872.004     3932.004     3982.000     3982.000     4914.001
   130:     4941.002     4947.003     4957.004     4962.005     4972.006
   135:     4974.006     5024.000     5024.000     5569.001     5608.002
   140:     5617.003     5618.004     5629.004     5679.000     5679.000
   145:     5679.171     5679.172     5679.173     5679.173     5679.000
   150:     5679.000     5679.002     5679.004     5679.006     5679.008
   155:     5679.010     5679.012     5679.014     5679.016     5679.018
   160:     5679.020     5679.022     5679.024     5679.026     5679.028
   165:     5679.030     5679.032     5679.034     5679.036     5679.038
   170:     5679.040     5679.042     5679.044     5679.046     5679.048
   175:     5679.050     5679.052     5679.054     5679.056     5679.058
   180:     5679.060     5679.062     5679.064     5679.066     5679.068
   185:     5679.070     5679.072     5679.074     5679.076     5679.078
   190:     5679.080     5679.082     5679.084     5679.086     5679.088
   195:     5679.090     5679.092     5679.094     5679.096     5679.098
   200:     5679.100     5679.102     5679.104     5679.106     5679.270
   205:     5679.271     5679.272     5679.273     5679.274     5679.275
   210:     5679.275     5679.000     5679.000     6388.001     6394.002
   215:     6397.003     6401.004     6442.005     6448.005     6498.000
   220:     6498.000     7258.001     7270.002     7298.003     7318.003
   225:     7368.000     7368.000     7946.002     7994.004     7999.006
   230:     8004.008     8014.010     8019.012     8030.014     8033.016
   235:     8078.018     8081.020     8088.022     8091.024     8094.026
   240:     8141.028     8144.030     8146.032     8149.034     8159.036
   245:     8162.038     8222.040     8229.042     8231.044     8236.046
   250:     8245.048     8249.050     8253.052     8254.054     8256.056
   255:     8261.058     8274.060     8275.062     8370.064     8446.066
   260:     8457.068     9039.070     9082.072     9097.074     9103.076
   265:     9114.078     9119.080     9120.082     9164.084     9169.085
   270:    10662.001    10704.002    10716.003    10720.004    10722.004
   275:    10772.000    10772.000    10988.001    11435.002    11481.003
   280:    11495.003    11545.000    11545.000    11948.001    12003.002
   285:    12044.003    12071.004    12124.005    12139.006    12149.007
   290:    12158.008    12161.009    12165.010    12169.011    12179.012
   295:    12184.012    12234.000    12234.000    12945.001    12984.002
   300:    12993.003    12993.004    13003.005    13005.005    13055.000
   305:    13055.000    13266.001    13690.002    13704.003    13709.004
   310:    13712.005    13714.006    13718.007    13722.008    13741.009
   315:    13750.009    13800.000    13800.000    14304.001    14308.002
   320:    14319.003    14322.004    14327.005    14330.006    14380.007
   325:    14383.008    14440.008    14490.000    14490.000    14490.095
   330:    14490.096    14490.097    14490.098    14490.099    14490.100
   335:    14490.101    14490.102    14490.103    14490.104    14490.105
   340:    14490.106    14490.107    14490.108    14490.109    14490.110
   345:    14490.111    14490.112    14490.113    14490.114    14490.115
   350:    14490.116    14490.117    14490.118    14490.119    14490.120
   355:    14490.120    14490.000    14490.000    15006.001    15034.002
   360:    15039.003    15041.004    15044.005    15081.006    15090.007
   365:    15095.007    15145.000    15145.000
Y:
     0:        0.000      229.001      318.002      350.003      395.004
     5:      484.005      501.006      503.007      545.008      545.008
    10:      595.000      595.000     1114.001     1152.002     1152.002
    15:     1202.000     1202.000     1506.001     1722.002     1725.003
    20:     1727.004     1733.005     1742.006     1758.007     1768.008
    25:     1782.009     1807.010     1812.011     1816.012     1822.013
    30:     1826.014     1826.014     1876.000     1876.000     2358.001
    35:     2363.002     2404.003     2415.004     2419.005     2422.006
    40:     2428.007     2437.008     2454.009     2459.010     2466.011
    45:     2471.012     2474.013     2475.014     2483.015     2486.016
    50:     2490.017     2504.018     2505.018     2555.000     2555.000
    55:     3021.001     3037.002     3061.003     3066.004     3074.005
    60:     3082.006     3088.007     3102.008     3106.009     3111.010
    65:     3117.011     3127.012     3132.013     3135.014     3137.015
    70:     3152.016     3154.017     3161.018     3187.019     3187.019
    75:     3237.000     3237.000     3872.001     3872.001     3922.000
    80:     3922.000     4498.001     4504.002     4509.003     4514.004
    85:     4518.005     4524.006     4526.007     4541.008     4545.009
    90:     4552.010     4552.010     4602.000     4602.000     5224.001
    95:     5303.002     5303.002     5353.000     5353.000     5748.001
   100:     5754.002     5805.003     5810.004     5812.005     5816.006
   105:     5822.007     5850.008     5859.009     5861.010     5863.011
   110:     5868.012     5886.013     5893.014     5894.015     5896.016
   115:     5900.017     5921.018     5928.019     5932.020     5934.021
   120:     5938.022     5949.023     5951.024     5972.025     5977.026
   125:     5977.026     5978.027     6027.000     6027.000     6425.002
   130:     6452.004     6498.006     6500.008     6503.010     6506.012
   135:     6513.014     6516.016     6524.018     6539.020     6544.022
   140:     6549.024     6555.026     6557.028     6577.030     6579.032
   145:     6580.034     6582.036     6591.038     6593.040     6598.042
   150:     6600.044     6602.046     6603.048     6611.050     6613.052
   155:     6616.054     6623.056     6643.058     6644.060     6645.062
   160:     6647.064     6648.066     6649.068     6660.070     6678.072
   165:     6680.074     6686.076     6732.078     6739.080     6751.082
   170:     6893.084     6899.086     6903.088     6907.090     6929.092
   175:     6935.094     6936.096     6941.098     6943.100     7014.102
   180:     7231.104     7235.106     7242.108     7252.110     7371.112
   185:     7531.114     7539.116     7549.118     7558.120     7615.122
   190:     7619.124     7621.126     7626.128     7630.130     7636.132
   195:     7640.134     7648.136     7683.138     7685.140     7692.142
   200:     7699.144     7710.146     7714.148     7722.150     7740.152
   205:     7749.154     7763.156     7784.158     7791.160     7799.162
   210:     7818.164     7823.166     7824.168     7826.170    10764.108
   215:    10832.110    10925.112    10927.114    10937.116    11002.118
   220:    11012.120    11027.122    11035.124    11047.126    11054.128
   225:    11080.130    11284.132    11291.134    11302.136    11309.138
   230:    11311.140    11370.142    11407.144    11412.146    11424.148
   235:    11426.150    11437.152    11441.154    11444.156    11478.158
   240:    11486.160    11538.162    11543.164    11549.166    11552.168
   245:    11555.170    11557.172    11560.174    11563.176    11566.178
   250:    11597.180    11601.182    11610.184    11621.186    11645.188
   255:    11655.190    11658.192    11717.194    11725.196    11726.198
   260:    11735.200    11739.202    11744.204    11745.206    11751.208
   265:    11753.210    11776.212    11783.214    11790.216    11797.218
   270:    12242.220    12249.222    12254.224    12257.226    12259.228
   275:    12269.230    12284.232    12286.234    12288.236    12293.238
   280:    12303.240    12321.242    12323.244    12330.246    12336.248
   285:    12342.250    12344.252    12364.254    12379.256    12395.258
   290:    12398.260    12403.262    12422.264    12424.266    12431.268
   295:    12435.269    13897.001    13904.002    13917.003    13919.004
   300:    13919.004    13969.000    13969.000    14632.001    14632.001
   305:    14682.000    14682.000    15426.001    15427.001    15477.000
   310:    15477.000    16029.001    16037.002    16051.003    16070.004
   315:    16072.005    16079.006    16084.007    16088.008    16092.009
   320:    16092.009    16142.000    16142.000    16142.086    16142.087
   325:    16142.088    16142.089    16142.090    16142.091    16142.092
   330:    16142.093    16142.094    16142.095    16142.096    16142.097
   335:    16142.098    16142.099    16142.099    16142.000    16142.000
   340:    16538.001    16600.002    16603.003    16615.004    16647.005
   345:    16649.006    16658.007    16671.008    16674.009    16679.010
   350:    16686.011    16689.012    16732.013    16735.014    16737.015
   355:    16744.016    16754.017    16758.018    16758.018    16808.000
   360:    16808.000    17530.001    17530.001    17580.000    17580.000
   365:    18121.001    18124.002    18130.003    18135.004    18146.005
   370:    18155.006    18167.007    18170.008    18179.009    18211.010
   375:    18212.010    18262.000    18262.000    18776.001    18785.002
   380:    18792.003    18795.004    18798.005    18813.006    18817.007
   385:    18837.008    18843.009    18844.010    18857.011    18878.012
   390:    18878.012    18928.000    18928.000    19424.001    19430.002
   395:    19436.003    19455.004    19461.005    19469.006    19481.007
   400:    19513.008    19518.009    19520.010    19529.011    19532.012
   405:    19543.013    19543.013    19593.000    19593.000    20211.002
   410:    20216.004    20219.006    20231.008    20245.010    20250.012
   415:    20252.014    20270.016    20277.018    20285.020    20286.022
   420:    20290.024    20292.026    20304.028    20306.030    20314.032
   425:    20318.034    20322.036    20324.038    20337.040    20340.042
   430:    20344.044    20349.046    20353.048    20354.050    20355.052
   435:    20357.054    20366.056    20381.058    20396.060    20406.062
   440:    20408.064    20409.066    20413.068    20452.070    20457.072
   445:    20513.074    20519.076    20521.078    20533.080    20546.082
   450:    20630.084    20704.086    21039.088    21047.090    21180.092
   455:    21350.094    22773.001    22781.002    22791.003    22795.004
   460:    22798.005    22811.006    22825.007    22830.008    22834.009
   465:    22857.010    22869.011    22873.012    22873.012    22923.000
