File: C:\MED-PC\Data\2018-05-22_12h07m_Subject M332.txt


Start Date: 05/22/18
End Date: 05/22/18
Subject: M332
Experiment: DOBLE_PICO_ACO
Group: EXP
Box: 9
Start Time: 12:07:44
End Time: 13:21:03
MSN: IF_ACO_MULTIPLE_PICO
A:    1414.000
B:      20.000
D:      21.000
I:       2.000
J:   18000.000
K:    5400.000
M:     372.000
N:      20.000
O:      21.000
P:    1249.000
Q:       0.000
T:    1000.000
V:     600.000
W:      20.000
Z:       0.000
C:
     0:        0.120        0.120        0.120        0.120        0.120
     5:        0.120        0.120        0.120        0.120        0.120
    10:        0.120        0.120        0.120        0.120        0.120
    15:        0.120        0.120        0.120        0.120        0.120
    20:        0.120        0.120        0.120        0.120        0.120
    25:        0.120        0.120        0.120        0.120        0.120
    30:        0.120        0.120        0.120        0.120        0.120
    35:        0.120        0.120        0.120        0.120        0.120
    40:        0.120        0.120        0.120        0.120        0.120
    45:        0.120        0.510      238.120      249.120      252.120
    50:      278.120      281.120      287.120      298.120      341.110
    55:      493.120      506.120      646.120      728.110      728.210
    60:      728.110      732.120      768.120      778.310      860.120
    65:      878.530      997.120     1022.120     1032.120     1060.120
    70:     1086.120     1096.120     1114.120     1115.120     1139.120
    75:     1142.120     1143.120     1144.120     1146.120     1185.100
    80:     1194.100     1195.100     1202.100     1205.120     1218.120
    85:     1219.120     1220.120     1239.120     1255.100     1269.100
    90:     1271.100     1274.100     1279.100     1281.100     1283.100
    95:     1285.100     1286.100     1288.100     1290.100     1295.100
   100:     1304.120     1322.120     1336.100     1351.100     1354.100
   105:     1357.100     1364.100     1371.100     1379.100     1382.100
   110:     1384.100     1388.100     1392.100     1400.100     1405.100
   115:     1410.100     1414.100     1419.120     1438.120     1455.100
   120:     1457.100     1459.100     1463.100     1472.100     1482.100
   125:     1483.100     1484.100     1488.100     1490.100     1498.100
   130:     1500.100     1507.100     1511.100     1515.100     1522.100
   135:     1532.100     1536.100     1540.100     1543.100     1545.100
   140:     1552.120     1580.120     1591.120     1598.100     1600.100
   145:     1603.100     1605.100     1616.100     1622.100     1625.100
   150:     1629.100     1631.100     1634.100     1636.100     1644.100
   155:     1647.100     1651.100     1654.100     1657.100     1661.100
   160:     1662.100     1671.100     1678.100     1680.100     1685.100
   165:     1700.100     1702.100     1704.100     1707.100     1711.100
   170:     1714.100     1718.120     1728.120     1756.100     1757.100
   175:     1769.100     1778.100     1781.100     1782.100     1787.100
   180:     1791.100     1793.100     1799.120     1824.100     1826.100
   185:     1834.120     1861.100     1863.100     1881.100     1890.100
   190:     1895.100     1899.100     1903.100     1904.100     1909.100
   195:     1912.100     1919.100     1924.100     1925.100     1929.100
   200:     1935.100     1938.100     1947.100     1953.100     1957.120
   205:     1986.120     1988.120     1994.120     2001.120     2019.100
   210:     2021.100     2035.100     2038.100     2040.100     2049.120
   215:     2272.120     2327.120     2329.120     2330.120     2365.100
   220:     2433.100     2448.120     2495.120     2529.120     2535.120
   225:     2536.120     2547.120     2657.100     2661.100     2678.330
   230:     2682.120     2683.120     2690.120     2713.120     2730.120
   235:     2778.510     2831.120     2832.120     2842.110     2844.110
   240:     2851.110     2875.120     2886.120     2895.110     2897.110
   245:     2897.110     2900.110     2905.110     2908.110     2909.110
   250:     2910.110     2914.110     2918.110     2920.110     2923.110
   255:     2923.110     2927.110     2930.110     2930.110     2932.110
   260:     2932.110     2939.110     2949.110     2952.110     2957.110
   265:     2959.110     2960.110     2971.110     2973.110     2979.110
   270:     2982.110     2984.110     2996.110     3000.110     3002.110
   275:     3056.110     3059.110     3062.110     3062.110     3065.110
   280:     3069.110     3072.110     3074.110     3075.110     3076.110
   285:     3078.110     3084.110     3089.110     3091.110     3094.110
   290:     3097.110     3099.110     3102.110     3105.110     3108.110
   295:     3114.110     3121.110     3132.110     3135.110     3135.110
   300:     3138.110     3143.120     3144.120     3175.110     3176.110
   305:     3183.120     3210.110     3212.110     3212.110     3214.110
   310:     3218.110     3222.110     3229.110     3231.110     3235.110
   315:     3254.110     3256.110     3264.110     3268.110     3270.110
   320:     3275.110     3278.110     3289.110     3291.110     3298.110
   325:     3300.110     3305.110     3308.110     3310.110     3311.110
   330:     3312.110     3314.110     3316.110     3321.110     3321.210
   335:     3325.120     3367.120     3371.310     3471.510     3559.120
   340:     3560.120     3639.120     3639.120     3753.120     3842.120
   345:     3856.120     3895.120     3897.120     3930.120     3979.120
   350:     4042.120     4049.120     4110.110     4110.210     4116.120
   355:     4160.310     4224.120     4260.500     4367.120     4469.120
   360:     4488.120     4621.120     4655.100     4659.100     4661.100
   365:     4665.100     4671.100     4673.100     4675.100     4679.100
   370:     4684.100     4686.100     4689.100     4692.100     4697.100
   375:     4699.100     4707.100     4711.100     4713.100     4716.100
   380:     4717.100     4723.100     4728.100     4732.100     4735.100
   385:     4737.100     4746.100     4756.100     4760.100     4765.100
   390:     4767.100     4769.100     4775.100     4778.100     4780.100
   395:     4782.100     4797.100     4800.100     4801.100     4805.100
   400:     4809.100     4810.100     4818.100     4822.100     4824.100
   405:     4832.100     4834.100     4837.100     4839.100     4842.100
   410:     4844.100     4846.100     4849.100     4854.120     4861.200
   415:     4898.120     4911.300     5011.500     5043.120     5133.120
   420:     5135.120     5174.120     5175.120     5338.120     5354.120
   425:     5371.120     5372.120     5376.120     5388.100     5394.100
   430:     5402.120     5586.120     5591.100     5595.100     5599.100
   435:     5604.100     5607.100     5613.100     5617.100     5624.100
   440:     5626.100     5628.100     5636.100     5640.100     5642.100
   445:     5651.200     5657.120     5690.120     5701.300     5801.500
   450:     5839.120     5937.120     5980.120     5982.120     6003.120
   455:     6012.120     6106.100     6155.120     6161.120     6230.120
   460:     6257.120     6277.120     6295.120     6301.120     6324.100
   465:     6326.100     6328.100     6331.100     6336.100     6337.100
   470:     6339.100     6343.100     6346.100     6347.100     6352.100
   475:     6362.100     6367.100     6369.100     6372.100     6384.100
   480:     6389.120     6403.200     6441.120     6453.300     6553.510
   485:     6606.120     6723.120     6809.120     6849.120     6875.120
   490:     6877.120     6878.120     6997.120     7016.120     7029.110
   495:     7032.120     7055.110     7057.110     7060.110     7064.110
   500:     7074.110     7076.110     7078.110     7082.110     7084.110
   505:     7087.110     7089.110     7091.110     7093.110     7098.110
   510:     7100.110     7110.110     7114.110     7118.110     7121.110
   515:     7123.110     7129.110     7137.110     7137.110     7139.110
   520:     7145.110     7148.110     7151.110     7152.110     7159.110
   525:     7163.110     7165.110     7165.210     7170.110     7171.120
   530:     7197.120     7215.310     7270.120     7315.510     7543.120
   535:     7673.120     7776.110     7779.110     7787.120     7829.120
   540:     7836.110     7836.110     7839.110     7848.110     7850.110
   545:     7852.110     7855.110     7858.110     7859.110     7863.110
   550:     7867.110     7871.110     7873.110     7876.110     7900.110
   555:     7901.110     7908.110     7911.110     7914.110     7922.110
   560:     7925.110     7928.110     7928.210     7933.120     7965.120
   565:     7978.310     8078.510     8197.120     8287.110     8291.110
   570:     8293.110     8297.120     8316.120     8332.120     8343.120
   575:     8353.110     8353.110     8355.110     8359.110     8364.110
   580:     8365.110     8370.110     8372.110     8376.110     8385.110
   585:     8388.110     8392.110     8394.110     8397.110     8421.110
   590:     8423.110     8432.110     8434.110     8438.110     8443.110
   595:     8444.110     8447.110     8449.110     8451.110     8463.110
   600:     8468.110     8470.110     8471.110     8476.110     8479.110
   605:     8481.110     8483.110     8487.110     8489.110     8492.110
   610:     8494.110     8497.110     8505.110     8507.110     8518.110
   615:     8520.110     8526.110     8530.110     8531.110     8532.110
   620:     8537.110     8542.110     8543.110     8544.110     8546.110
   625:     8552.110     8554.110     8556.110     8565.110     8567.110
   630:     8571.110     8584.110     8588.110     8592.110     8604.110
   635:     8609.110     8634.110     8636.110     8639.110     8645.110
   640:     8647.110     8654.110     8658.110     8659.110     8672.110
   645:     8679.110     8684.110     8686.110     8695.110     8695.210
   650:     8700.120     8736.120     8745.310     8845.540     8914.120
   655:     8914.120     8915.120     8948.120     8986.120     8998.120
   660:     9028.120     9034.120     9118.120     9163.110     9170.110
   665:     9298.110     9300.110     9303.120     9337.120     9352.110
   670:     9353.110     9355.110     9365.110     9368.110     9369.110
   675:     9375.110     9377.110     9380.110     9382.110     9384.110
   680:     9388.110     9397.110     9399.110     9401.110     9407.110
   685:     9409.110     9412.110     9417.110     9422.110     9432.110
   690:     9436.110     9438.110     9446.110     9448.110     9450.110
   695:     9477.110     9479.110     9481.110     9488.110     9491.110
   700:     9492.110     9495.110     9506.110     9508.110     9520.110
   705:     9530.110     9540.110     9558.110     9561.110     9565.110
   710:     9567.110     9568.110     9574.110     9577.110     9578.110
   715:     9599.110     9602.110     9610.110     9612.110     9620.110
   720:     9642.110     9643.110     9644.110     9650.120     9684.120
   725:     9708.110     9710.110     9711.110     9714.110     9721.110
   730:     9723.110     9729.110     9738.110     9743.110     9750.110
   735:     9755.120     9793.120     9917.120     9958.120     9974.120
   740:     9983.120    10029.110    10158.120    10184.120    10213.120
   745:    10259.110    10261.110    10270.110    10272.110    10276.110
   750:    10276.110    10291.110    10297.110    10309.110    10313.110
   755:    10322.110    10324.110    10342.110    10366.110    10368.110
   760:    10371.120    10399.120    10424.110    10508.120    10528.110
   765:    10530.110    10558.110    10560.110    10571.110    10577.120
   770:    10645.340    10685.120    10703.120    10711.120    10712.120
   775:    10720.120    10724.120    10725.120    10745.500    10924.100
   780:    10996.120    11016.120    11017.120    11022.120    11029.120
   785:    11033.120    11074.120    11081.100    11085.100    11088.100
   790:    11094.120    11113.100    11120.100    11122.100    11127.100
   795:    11131.120    11156.120    11165.120    11170.100    11173.100
   800:    11180.100    11182.100    11185.100    11189.100    11194.100
   805:    11195.100    11203.100    11205.100    11206.100    11209.100
   810:    11212.100    11227.100    11232.120    11258.120    11270.100
   815:    11275.100    11278.100    11280.100    11281.100    11284.100
   820:    11293.100    11299.100    11307.100    11314.100    11329.100
   825:    11333.100    11336.100    11337.100    11350.100    11353.200
   830:    11360.120    11390.120    11403.300    11489.120    11503.500
   835:    11723.120    11725.120    11792.120    11793.120    11824.120
   840:    11977.120    11995.100    11997.100    12005.100    12006.100
   845:    12007.100    12009.100    12017.100    12018.100    12025.100
   850:    12028.100    12035.100    12037.100    12040.100    12050.100
   855:    12053.100    12057.100    12059.100    12060.100    12067.100
   860:    12085.100    12087.100    12100.120    12110.200    12148.120
   865:    12160.300    12260.500    12405.120    12439.120    12441.120
   870:    12470.120    12549.100    12554.100    12562.100    12568.120
   875:    12591.100    12593.100    12594.100    12596.100    12600.100
   880:    12601.100    12603.100    12607.100    12609.100    12612.100
   885:    12619.100    12630.100    12634.100    12638.100    12639.100
   890:    12643.100    12648.100    12654.100    12658.100    12665.100
   895:    12672.100    12676.100    12678.100    12682.100    12683.100
   900:    12687.100    12689.100    12691.100    12699.100    12705.100
   905:    12708.100    12712.100    12713.100    12719.100    12728.100
   910:    12737.100    12741.100    12743.100    12746.100    12748.100
   915:    12752.120    12783.120    12789.120    12790.120    12801.100
   920:    12806.100    12813.100    12816.100    12817.100    12820.100
   925:    12825.100    12833.100    12837.100    12839.100    12841.100
   930:    12846.100    12849.100    12851.100    12860.100    12861.200
   935:    12867.120    12897.120    12911.300    13011.510    13228.120
   940:    13231.120    13429.120    13431.120    13602.120    13603.120
   945:    13636.110    13636.210    13639.110    13641.120    13671.120
   950:    13686.310    13786.500    13851.120    14132.120    14134.120
   955:    14136.120    14205.120    14206.120    14232.120    14243.100
   960:    14250.100    14253.100    14256.100    14259.100    14261.100
   965:    14262.100    14264.100    14266.100    14270.100    14272.100
   970:    14276.100    14278.100    14281.100    14281.100    14285.100
   975:    14292.100    14297.100    14301.100    14305.100    14307.100
   980:    14310.100    14313.100    14315.100    14318.100    14325.100
   985:    14328.100    14330.100    14333.100    14336.100    14339.100
   990:    14340.100    14343.100    14345.100    14347.100    14349.100
   995:    14355.100    14360.100    14363.120    14384.120    14388.200
  1000:    14419.120    14438.300    14538.510    14557.120    14619.120
  1005:    14621.120    14650.120    14652.120    14888.120    14911.120
  1010:    14911.120    14924.110    14927.110    14934.110    14938.110
  1015:    14940.110    14951.110    14957.110    14957.110    14958.110
  1020:    14961.110    14968.110    14970.110    14972.110    14975.110
  1025:    14977.110    14992.110    14994.110    14997.120    15039.110
  1030:    15043.110    15046.110    15048.110    15052.110    15061.110
  1035:    15069.110    15073.110    15080.110    15107.110    15110.110
  1040:    15113.110    15117.110    15125.110    15132.110    15137.110
  1045:    15155.110    15155.210    15158.110    15160.120    15188.120
  1050:    15205.310    15305.510    15388.120    15574.120    15575.120
  1055:    15577.120    15610.120    15642.120    15677.120    15853.120
  1060:    15902.110    15902.110    15904.110    15906.110    15907.110
  1065:    15922.110    15922.210    15926.120    15957.120    15972.310
  1070:    16049.120    16072.500    16228.120    16230.120    16289.120
  1075:    16570.120    16587.100    16593.100    16595.100    16608.100
  1080:    16610.100    16612.100    16616.100    16622.100    16625.100
  1085:    16632.100    16634.100    16639.120    16672.200    16676.120
  1090:    16706.120    16722.300    16803.120    16822.500    17043.120
  1095:    17099.120    17134.100    17181.100    17186.120    17204.100
  1100:    17206.100    17210.100    17213.100    17215.100    17216.100
  1105:    17219.100    17221.100    17223.100    17226.100    17230.120
  1110:    17250.100    17252.100    17256.100    17258.100    17265.100
  1115:    17270.100    17276.100    17280.120    17317.100    17319.100
  1120:    17323.100    17324.100    17331.100    17334.100    17340.100
  1125:    17342.100    17344.100    17346.100    17349.100    17352.100
  1130:    17355.100    17356.100    17358.100    17364.100    17366.100
  1135:    17368.100    17373.100    17375.100    17383.100    17386.100
  1140:    17389.100    17391.100    17393.100    17397.100    17406.100
  1145:    17411.100    17413.100    17415.100    17417.100    17421.120
  1150:    17424.200    17458.120    17474.300    17516.120    17517.120
  1155:    17574.510    17659.120    17660.120    18036.120    18036.120
  1160:    18037.120    18057.110    18060.120    18081.110    18083.110
  1165:    18083.110    18086.110    18090.110    18095.110    18100.110
  1170:    18108.110    18111.110    18116.110    18137.110    18139.110
  1175:    18147.110    18149.110    18151.110    18155.110    18158.110
  1180:    18160.110    18182.110    18185.110    18186.110    18186.210
  1185:    18190.120    18221.120    18236.310    18336.510    18422.120
  1190:    18479.120    18480.120    18556.120    18929.110    18932.110
  1195:    18934.110    18934.110    18951.120    18973.110    18973.210
  1200:    18976.120    19010.120    19023.310    19026.120    19123.500
  1205:    19187.120    19376.120    19402.100    19425.100    19430.120
  1210:    19465.100    19467.100    19473.100    19479.100    19486.120
  1215:    19520.100    19522.100    19527.100    19528.100    19535.100
  1220:    19543.100    19547.100    19553.100    19559.120    19606.100
  1225:    19608.100    19609.100    19610.100    19614.100    19616.100
  1230:    19617.100    19621.100    19624.100    19628.100    19630.100
  1235:    19632.100    19636.100    19636.100    19639.100    19641.100
  1240:    19645.100    19647.100    19650.100    19652.100    19653.100
  1245:    19657.100    19661.100    19663.100    19669.100    19671.100
  1250:    19675.100    19680.100    19681.100    19683.100    19686.100
  1255:    19689.100    19692.100    19693.100    19702.100    19704.100
  1260:    19708.120    19729.200    19764.120    19779.300    19805.120
  1265:    19806.120    19879.510    19905.120    19906.120    19947.120
  1270:    19963.120    20182.120    20183.120    20184.120    20214.120
  1275:    20231.120    20250.110    20255.110    20257.110    20265.110
  1280:    20266.110    20269.110    20275.110    20285.110    20289.120
  1285:    20323.110    20324.110    20325.110    20327.110    20330.110
  1290:    20332.110    20333.110    20336.110    20342.110    20344.110
  1295:    20346.110    20348.110    20352.110    20372.110    20374.110
  1300:    20376.110    20380.110    20384.110    20386.110    20388.110
  1305:    20390.110    20392.110    20396.110    20398.110    20425.110
  1310:    20427.110    20429.110    20435.110    20438.110    20441.110
  1315:    20443.110    20445.110    20447.110    20450.110    20470.110
  1320:    20472.110    20474.110    20475.110    20479.110    20481.110
  1325:    20488.110    20492.110    20492.210    20497.120    20526.120
  1330:    20542.310    20642.500    20689.120    20690.120    20747.120
  1335:    20749.120    20792.100    20912.120    20912.120    20928.100
  1340:    20941.100    20943.100    20945.100    20952.120    20975.100
  1345:    20977.100    20979.100    20990.120    21011.120    21020.120
  1350:    21028.120    21031.120    21039.100    21040.100    21043.100
  1355:    21047.100    21050.100    21053.100    21055.100    21060.100
  1360:    21065.100    21069.100    21070.100    21077.100    21079.100
  1365:    21081.100    21083.100    21086.100    21091.100    21096.100
  1370:    21099.100    21102.100    21109.100    21112.100    21114.100
  1375:    21115.100    21123.100    21134.100    21137.100    21139.100
  1380:    21142.100    21151.100    21155.120    21196.120    21219.100
  1385:    21221.100    21223.100    21223.100    21225.100    21227.100
  1390:    21230.100    21233.100    21236.100    21240.100    21241.100
  1395:    21244.100    21248.100    21254.100    21256.100    21259.100
  1400:    21263.100    21267.100    21272.100    21277.100    21279.200
  1405:    21287.120    21315.120    21329.300    21404.120    21429.500
  1410:    21569.120    21594.120    21597.120    21633.120    21639.120
  1415:    21641.120    21660.120    21673.120    21694.120    21705.120
  1420:    21709.120    21728.120    21736.120    21755.100    21836.120
  1425:    21872.100    21875.100    21877.100    21879.100    21881.100
  1430:    21884.100    21886.100    21889.100    21895.100    21900.100
  1435:    21903.100    21905.100    21907.100    21908.100    21913.100
  1440:    21917.100    21921.100    21924.100    21927.100    21928.100
  1445:    21934.100    21935.100    21940.100    21944.100    21946.100
  1450:    21952.100    21954.100    21957.100    21966.100    21971.120
  1455:    21990.120    22005.100    22007.100    22017.100    22020.100
  1460:    22025.100    22027.100    22029.100    22031.100    22034.100
  1465:    22039.100    22043.100    22045.100    22047.100    22049.100
  1470:    22053.100    22054.100    22065.200    22070.120    22099.120
  1475:    22115.300    22155.120    22215.510    22383.120    22383.120
  1480:    22384.120    22679.120    22708.110    22711.110    22718.110
  1485:    22723.110    22724.110    22729.110    22735.110    22740.110
  1490:    22742.110    22745.110    22747.110    22764.110    22766.110
  1495:    22773.110    22775.110    22777.110    22779.110    22783.110
  1500:    22786.110    22787.110    22791.110    22795.110    22797.110
  1505:    22806.110    22808.110    22813.110    22815.110    22840.110
  1510:    22840.210    22843.120    22876.120    22890.310    22990.500
  1515:    22999.120    23006.120    23062.120    23086.120    23104.100
  1520:    23153.100    23159.120    23181.100    23191.100    23194.100
  1525:    23204.120    23227.100    23231.100    23233.100    23237.100
  1530:    23253.120    23284.100    23286.100    23291.100    23295.100
  1535:    23297.100    23300.100    23303.100    23308.100    23313.100
  1540:    23322.100    23326.100    23329.100    23331.100    23334.100
  1545:    23339.100    23342.100    23342.100    23344.100    23353.100
  1550:    23355.100    23369.100    23373.100    23375.100    23378.100
  1555:    23380.100    23384.100    23387.100    23389.100    23391.100
  1560:    23399.100    23402.100    23407.100    23409.100    23414.120
  1565:    23454.120    23463.120    23470.120    23482.100    23484.100
  1570:    23486.100    23490.100    23491.100    23494.100    23495.100
  1575:    23497.100    23499.100    23502.100    23514.100    23518.100
  1580:    23520.100    23524.100    23527.100    23538.100    23542.100
  1585:    23544.100    23547.100    23549.100    23553.100    23558.100
  1590:    23561.100    23565.100    23567.100    23580.100    23583.100
  1595:    23590.100    23596.100    23598.200    23601.100    23605.120
  1600:    23633.120    23648.300    23748.540    24057.120    24085.120
  1605:    24099.110    24101.110    24157.110    24157.110    24159.110
  1610:    24160.110    24166.110    24170.110    24171.110    24177.110
  1615:    24179.110    24190.110    24191.110    24200.110    24204.110
  1620:    24207.110    24209.110    24212.110    24217.110    24219.110
  1625:    24238.110    24242.110    24243.110    24246.110    24250.110
  1630:    24255.110    24257.110    24272.110    24275.110    24278.110
  1635:    24281.110    24282.110    24290.110    24293.110    24299.110
  1640:    24304.110    24310.110    24312.110    24314.110    24318.110
  1645:    24319.110    24322.110    24326.110    24329.110    24330.110
  1650:    24333.110    24335.110    24357.110    24359.110    24360.110
  1655:    24365.110    24368.110    24371.110    24374.110    24377.110
  1660:    24379.110    24381.110    24386.110    24407.110    24408.110
  1665:    24411.110    24411.110    24413.110    24420.110    24422.110
  1670:    24432.110    24436.110    24437.110    24440.110    24446.110
  1675:    24447.110    24456.110    24458.110    24479.110    24483.110
  1680:    24485.110    24499.110    24507.110    24511.110    24513.110
  1685:    24516.110    24524.110    24526.110    24528.110    24534.110
  1690:    24539.110    24553.110    24557.110    24561.110    24564.110
  1695:    24568.110    24575.110    24583.110    24586.110    24589.110
  1700:    24594.120    24620.120    24654.120    24657.120    24657.120
  1705:    24689.120    24692.120    24706.110    24708.110    24713.110
  1710:    24735.110    24952.120    24973.110    24977.110    24979.110
  1715:    24983.110    25092.110    25096.120    25151.120    25162.110
  1720:    25163.110    25165.110    25174.110    25180.110    25258.120
  1725:    25277.120    25278.120    25292.110    25307.110    25326.110
  1730:    25334.120    25356.120    25357.120    25473.120    25485.120
  1735:    25496.110    25548.340    25648.510    25747.110    25756.120
  1740:    25824.120    25846.120    25853.120    25860.120    25885.110
  1745:    25888.110    25891.110    25897.110    25898.110    25910.110
  1750:    25913.110    25913.110    25916.120    25943.120    25949.120
  1755:    25974.110    25981.110    25983.110    25983.110    25984.110
  1760:    25990.110    25995.110    25999.120    26013.120    26046.120
  1765:    26071.120    26086.120    26090.120    26096.120    26111.110
  1770:    26113.110    26113.110    26117.110    26118.110    26124.110
  1775:    26127.110    26141.110    26143.110    26147.110    26154.110
  1780:    26157.110    26163.110    26176.110    26178.110    26180.110
  1785:    26181.110    26187.110    26189.110    26191.110    26193.110
  1790:    26196.110    26198.110    26204.110    26205.110    26207.110
  1795:    26211.110    26214.110    26227.110    26229.110    26230.110
  1800:    26235.110    26237.110    26240.110    26246.110    26249.110
  1805:    26250.110    26261.110    26261.210    26262.110    26265.120
  1810:    26296.120    26311.310    26399.120    26411.500    26484.120
  1815:    26504.120    26506.120    26507.120    26508.120    26524.120
  1820:    26530.120    26532.120    26552.120    26555.120    26565.120
  1825:    26586.100    26601.120    26636.100    26645.100    26697.100
  1830:    26702.120    26739.120    26741.120    26743.120    26754.100
  1835:    26756.100    26759.100    26761.100    26769.100    26773.100
  1840:    26776.100    26779.100    26781.100    26783.100    26790.100
  1845:    26793.100    26794.100    26796.100    26798.100    26802.100
  1850:    26807.100    26810.100    26812.100    26821.100    26826.100
  1855:    26828.100    26831.100    26842.100    26850.100    26854.100
  1860:    26857.100    26859.100    26861.100    26865.100    26878.100
  1865:    26881.100    26886.120    26913.120    26933.100    26935.100
  1870:    26938.100    26940.100    26942.100    26957.100    26971.100
  1875:    26979.100    26987.100    26991.100    26996.100    27007.100
  1880:    27009.100    27015.100    27017.200    27023.120    27055.120
  1885:    27067.300    27167.510    27214.120    27391.120    27392.120
  1890:    27468.120    27469.120    27471.120    27506.120    27514.120
  1895:    27524.120    27700.120    27700.120    27716.110    27721.110
  1900:    27727.110    27729.110    27731.110    27733.110    27736.110
  1905:    27744.110    27747.110    27750.110    27752.110    27768.110
  1910:    27769.110    27775.110    27777.110    27780.110    27780.210
  1915:    27784.120    27815.120    27830.310    27891.120    27892.120
  1920:    27930.500    28228.120    28272.100    28304.100    28307.100
  1925:    28309.100    28324.100    28326.100    28334.100    28340.100
  1930:    28342.100    28344.100    28348.100    28355.100    28357.100
  1935:    28363.100    28365.100    28367.100    28369.100    28370.100
  1940:    28374.100    28380.100    28387.100    28402.120    28424.120
  1945:    28437.100    28440.100    28452.100    28453.100    28456.100
  1950:    28459.100    28468.100    28473.100    28476.100    28478.100
  1955:    28480.100    28483.100    28499.100    28509.100    28511.100
  1960:    28514.100    28518.100    28525.100    28527.100    28529.100
  1965:    28533.200    28539.120    28564.120    28583.300    28674.120
  1970:    28683.510    29015.120    29017.120    29018.120    29020.120
  1975:    29055.120    29085.120    29086.120    29101.110    29102.110
  1980:    29119.110    29121.110    29126.110    29131.110    29138.110
  1985:    29141.110    29146.110    29148.110    29151.110    29164.110
  1990:    29171.110    29174.110    29191.110    29197.110    29201.110
  1995:    29202.110    29205.110    29207.110    29219.110    29221.110
  2000:    29224.110    29226.110    29233.110    29237.110    29239.110
  2005:    29245.110    29248.110    29252.110    29264.110    29275.110
  2010:    29276.110    29279.110    29285.110    29293.110    29295.110
  2015:    29297.110    29297.210    29301.120    29331.120    29347.310
  2020:    29377.120    29447.500    29499.120    29499.120    29554.100
  2025:    29621.100    29629.120    29648.120    29655.100    29658.100
  2030:    29661.100    29663.100    29667.100    29674.120    29691.100
  2035:    29693.100    29697.100    29698.100    29699.100    29703.100
  2040:    29705.100    29712.100    29714.100    29715.100    29725.100
  2045:    29727.100    29732.100    29748.120    29772.120    29773.120
  2050:    29779.100    29780.100    29782.100    29783.100    29786.100
  2055:    29795.100    29798.100    29802.100    29821.100    29823.100
  2060:    29834.100    29837.100    29854.100    29864.100    29868.100
  2065:    29871.100    29876.100    29878.100    29880.100    29888.100
  2070:    29903.100    29905.100    29907.100    29909.100    29912.100
  2075:    29913.100    29920.100    29925.100    29928.100    29938.100
  2080:    29941.100    29945.100    29961.100    29963.100    29965.100
  2085:    29970.120    29995.120    30008.100    30010.100    30011.100
  2090:    30013.100    30020.100    30022.100    30024.100    30026.100
  2095:    30029.100    30031.100    30034.100    30037.100    30040.100
  2100:    30046.100    30050.100    30055.100    30059.100    30062.100
  2105:    30065.100    30066.100    30068.200    30075.120    30118.300
  2110:    30130.120    30218.510    30440.120    30443.120    30483.120
  2115:    30485.120    30489.120    30489.120    30610.110    30611.110
  2120:    30613.110    30617.120    30644.120    30657.110    30659.110
  2125:    30661.110    30665.110    30680.110    30683.110    30702.110
  2130:    30703.110    30711.110    30713.110    30715.110    30722.110
  2135:    30737.110    30745.110    30746.110    30760.110    30765.110
  2140:    30777.110    30779.110    30781.110    30786.110    30792.110
  2145:    30800.110    30820.110    30822.110    30824.110    30824.110
  2150:    30829.110    30833.110    30833.210    30838.120    30866.120
  2155:    30883.310    30933.120    30983.500    31316.120    31317.120
  2160:    31376.100    31428.100    31432.100    31434.100    31435.100
  2165:    31440.100    31442.100    31445.100    31447.100    31456.100
  2170:    31460.100    31478.100    31480.100    31483.100    31489.100
  2175:    31491.100    31493.100    31505.100    31507.100    31510.100
  2180:    31518.100    31522.100    31527.100    31530.100    31533.100
  2185:    31536.100    31543.100    31545.100    31547.100    31549.100
  2190:    31554.100    31561.100    31567.120    31576.120    31587.200
  2195:    31587.120    31624.120    31637.300    31707.120    31708.120
  2200:    31737.510    31860.120    31876.120    31877.120    31879.120
  2205:    31888.120    31890.120    32297.120    32321.110    32333.110
  2210:    32336.110    32340.110    32347.110    32356.110    32356.210
  2215:    32360.120    32385.120    32406.310    32445.120    32447.120
  2220:    32506.530    32765.120    32767.120    32768.120    32772.120
  2225:    32847.100    32939.120    32939.120    32967.100    32973.100
  2230:    32975.100    32977.100    32983.120    32999.100    33001.100
  2235:    33004.100    33009.100    33014.100    33017.100    33023.100
  2240:    33024.100    33026.100    33036.100    33038.100    33040.100
  2245:    33048.100    33053.100    33058.100    33061.100    33067.100
  2250:    33069.100    33081.100    33085.100    33094.100    33100.100
  2255:    33102.100    33105.100    33114.100    33119.100    33126.100
  2260:    33128.100    33130.100    33133.100    33136.100    33140.100
  2265:    33145.100    33147.100    33148.100    33151.100    33154.100
  2270:    33161.100    33164.100    33170.100    33172.100    33179.100
  2275:    33182.100    33187.120    33229.120    33229.120    33246.100
  2280:    33248.100    33253.100    33261.100    33271.100    33276.100
  2285:    33280.100    33282.100    33287.100    33290.100    33292.100
  2290:    33298.100    33301.100    33302.100    33305.100    33310.100
  2295:    33315.100    33317.100    33319.100    33328.100    33330.100
  2300:    33334.100    33338.100    33340.100    33343.100    33347.100
  2305:    33352.100    33356.100    33367.100    33370.100    33385.100
  2310:    33389.120    33406.120    33417.120    33437.100    33456.100
  2315:    33464.120    33492.120    33498.120    33864.100    33960.100
  2320:    33963.100    33970.120    34089.120    34091.120    34092.120
  2325:    34185.100    34188.100    34191.100    34197.100    34202.120
  2330:    34306.330    34406.510    34490.110    34495.110    34523.120
  2335:    34538.120    34549.120    34567.120    34577.120    34590.120
  2340:    34592.120    34594.120    34598.120    34624.120    34626.120
  2345:    34628.120    34633.120    34641.120    34652.120    34657.120
  2350:    34670.120    34678.120    34693.110    34695.110    34700.120
  2355:    34713.120    34719.120    34746.120    34748.120    34763.110
  2360:    34771.110    34778.110    34779.110    34787.110    34796.110
  2365:    34798.110    34799.110    34802.110    34806.110    34808.110
  2370:    34811.110    34813.110    34815.110    34825.110    34831.110
  2375:    34833.110    34834.110    34838.110    34842.110    34844.110
  2380:    34848.110    34850.110    34852.110    34855.110    34857.110
  2385:    34859.110    34878.110    34880.110    34882.110    34884.110
  2390:    34888.110    34893.110    34897.110    34901.110    34903.110
  2395:    34909.110    34911.110    34914.110    34917.110    34937.110
  2400:    34939.110    34941.110    34947.110    34953.110    34961.110
  2405:    34963.110    34966.110    34968.110    34984.110    34993.110
  2410:    34999.110    35002.110    35003.110    35005.110    35014.110
  2415:    35019.110    35019.210    35025.120    35052.120    35069.310
  2420:    35141.120    35169.500    35230.120    35270.120    35276.120
  2425:    35346.120    35427.120    35448.120    35455.100    35463.100
  2430:    35469.120    35506.120    35522.100    35562.100    35567.120
  2435:    35587.120    35588.120    35590.120    35612.100    35618.100
  2440:    35621.100    35627.100    35629.100    35631.100    35633.100
  2445:    35637.100    35639.100    35646.100    35652.100    35659.100
  2450:    35662.120    35698.120    35703.100    35705.100    35706.100
  2455:    35708.100    35712.100    35716.100    35718.100    35720.100
  2460:    35724.100    35726.100    35728.100    35729.100    35734.100
  2465:    35738.100    35742.100    35744.100    35745.100    35754.100
  2470:    35759.100    35764.100    35767.100    35770.100    35772.100
  2475:    35772.200    35778.120    35806.120    35822.300    35922.510
  2480:    36046.120    36047.120    36047.120    36194.120    36195.120
  2485:    36197.120    36199.120    36200.120    36337.110    36340.110
  2490:    36343.110    36347.110    36353.120    36374.110    36378.110
  2495:    36378.110    36381.110    36382.110    36383.110    36387.110
  2500:    36391.110    36395.110    36397.110    36399.110    36405.110
  2505:    36410.110    36412.110    36424.110    36425.110    36426.110
  2510:    36432.110    36435.110    36437.110    36440.110    36444.110
  2515:    36460.110    36462.110    36466.110    36472.110    36474.110
  2520:    36476.110    36488.110    36490.110    36509.110    36510.110
  2525:    36512.110    36513.110    36522.110    36525.110    36528.110
  2530:    36540.110    36540.210    36545.120    36571.120    36590.310
  2535:    36690.500    36760.120    36946.120    36949.120    36951.120
  2540:    36953.120    36972.120    36974.120    36975.120    37234.120
  2545:    37236.120    37271.100    37274.100    37277.100    37278.100
  2550:    37282.100    37285.100    37290.100    37294.100    37296.100
  2555:    37301.100    37303.100    37304.100    37305.100    37310.100
  2560:    37314.100    37318.100    37322.100    37326.100    37328.100
  2565:    37331.200    37337.120    37357.120    37381.300    37474.120
  2570:    37481.500    37570.120    37596.120    37597.120    37628.100
  2575:    37974.120    38008.100    38015.100    38021.100    38023.100
  2580:    38026.100    38030.100    38032.100    38034.100    38037.100
  2585:    38042.100    38048.100    38049.100    38055.100    38056.100
  2590:    38059.100    38063.100    38065.100    38067.100    38073.100
  2595:    38080.120    38081.200    38110.120    38131.300    38137.120
  2600:    38231.510    38280.120    38299.120    38318.120    38524.120
  2605:    38575.110    38579.110    38582.110    38588.110    38591.120
  2610:    38613.110    38614.110    38617.110    38617.110    38624.110
  2615:    38627.110    38628.110    38648.110    38651.110    38655.110
  2620:    38661.110    38666.110    38668.110    38670.110    38679.110
  2625:    38682.110    38689.110    38695.110    38699.110    38701.110
  2630:    38705.110    38718.110    38721.110    38723.110    38725.110
  2635:    38728.110    38733.110    38742.110    38745.110    38768.110
  2640:    38770.110    38776.110    38777.110    38782.110    38784.110
  2645:    38786.110    38825.110    38827.110    38835.110    38839.110
  2650:    38842.110    38860.110    38860.210    38864.120    38891.120
  2655:    38910.310    39010.530    39196.120    39198.120    39217.120
  2660:    39230.120    39234.120    39305.120    39320.100    39393.120
  2665:    39412.100    39418.100    39429.120    39453.120    39463.100
  2670:    39469.100    39471.100    39482.100    39485.100    39492.100
  2675:    39493.100    39500.120    39523.120    39530.100    39531.100
  2680:    39534.100    39541.100    39543.100    39544.100    39544.100
  2685:    39554.100    39556.100    39559.100    39563.100    39565.100
  2690:    39566.100    39570.100    39572.100    39577.100    39588.100
  2695:    39590.100    39591.100    39594.100    39595.100    39600.100
  2700:    39602.100    39607.100    39612.120    39668.120    39682.120
  2705:    39691.100    39693.100    39695.100    39698.100    39702.100
  2710:    39704.100    39706.100    39709.100    39710.100    39714.100
  2715:    39716.100    39720.100    39724.100    39729.100    39737.100
  2720:    39739.100    39744.100    39746.100    39752.120    39782.120
  2725:    39784.120    39801.100    39820.100    39826.100    39833.100
  2730:    39837.100    39845.100    39847.100    39852.100    39857.100
  2735:    39860.100    39861.100    39863.100    39865.100    39870.100
  2740:    39872.100    39874.100    39879.120    39898.120    39900.120
  2745:    39936.120    39952.100    39955.100    39965.100    39970.100
  2750:    39972.100    39975.100    39976.100    39980.100    39985.100
  2755:    39992.120    40350.100    40643.120    40658.100    40664.100
  2760:    40668.100    40671.100    40676.120    40687.120    40694.100
  2765:    40696.100    40698.100    40709.100    40710.100    40711.100
  2770:    40715.100    40720.120    40751.100    40752.100    40754.100
  2775:    40759.100    40767.100    40769.100    40772.100    40774.100
  2780:    40777.100    40778.100    40781.100    40786.100    40794.120
  2785:    40810.330    40910.540    41013.110    41053.120    41057.120
  2790:    41066.120    41433.110    41438.120    41463.110    41465.110
  2795:    41470.110    41471.110    41477.110    41480.110    41481.110
  2800:    41486.110    41488.110    41492.110    41497.110    41499.110
  2805:    41500.110    41509.110    41510.110    41516.110    41519.110
  2810:    41523.110    41525.110    41541.110    41544.110    41545.110
  2815:    41546.110    41553.110    41554.110    41555.110    41562.110
  2820:    41565.110    41569.110    41571.110    41573.110    41577.110
  2825:    41580.110    41593.110    41595.110    41597.110    41600.110
  2830:    41616.110    41618.110    41621.110    41625.110    41629.110
  2835:    41631.110    41633.110    41639.110    41641.110    41644.110
  2840:    41662.110    41664.110    41665.110    41668.110    41674.110
  2845:    41687.110    41691.110    41693.110    41694.110    41702.110
  2850:    41707.110    41719.110    41733.110    41740.110    41742.110
  2855:    41744.110    41750.110    41754.110    41756.110    41762.110
  2860:    41782.110    41784.110    41788.110    41790.110    41792.110
  2865:    41796.110    41799.110    41802.110    41805.110    41807.110
  2870:    41846.110    41848.110    41863.110    41864.110    41868.120
  2875:    41907.120    41910.120    41926.110    41930.110
E:
     0:     2879.000     1168.000     1025.000
F:
     0:       70.000       33.810       30.330
G:
     0:        1.000        1.000        1.000        1.000        1.000
     5:        1.000        1.000        1.000        1.000        0.000
H:
     0:        1.000        1.000        2.000        2.000
L:
     0:     6112.000     6497.000     6116.000     6179.000     6175.000
     5:     6107.000     6112.000     6103.000     6117.000     6156.000
    10:     6468.000     6455.000     6177.000     6165.000     6136.000
    15:     6317.000     6138.000     6125.000     6505.000     6109.000
R:
     0:        1.000        1.000        1.000        1.000        1.000
     5:        1.000        1.000        1.000        1.000        0.000
S:
     0:        0.000        0.000
U:
     0:     6112.000        0.000        0.000
X:
     0:        0.000      307.002      315.004      317.006      324.008
     5:      377.010      391.012      393.014      396.016      401.018
    10:      403.020      405.022      407.024      408.026      410.028
    15:      412.030      417.032      458.034      473.036      476.038
    20:      479.040      486.042      493.044      501.046      504.048
    25:      506.050      510.052      514.054      522.056      527.058
    30:      532.060      536.062      577.064      579.066      581.068
    35:      585.070      594.072      604.074      605.076      606.078
    40:      610.080      612.082      620.084      622.086      629.088
    45:      633.090      637.092      644.094      654.096      658.098
    50:      662.100      665.102      667.104      720.106      722.108
    55:      725.110      727.112      737.114      744.116      747.118
    60:      751.120      753.122      756.124      758.126      766.128
    65:      769.130      773.132      776.134      779.136      782.138
    70:      784.140      793.142      800.144      802.146      807.148
    75:      822.150      824.152      826.154      828.156      833.158
    80:      835.160      878.162      879.164      891.166      899.168
    85:      903.170      904.172      909.174      913.176      915.178
    90:      946.180      948.182      983.184      985.186     1003.188
    95:     1012.190     1016.192     1021.194     1025.196     1026.198
   100:     1031.200     1034.202     1041.204     1045.206     1047.208
   105:     1051.210     1056.212     1060.214     1069.216     1075.218
   110:     1141.220     1143.222     1156.224     1160.226     1162.228
   115:     1487.230     1555.232     1779.234     1783.236     3776.001
   120:     3781.002     3783.003     3787.004     3793.005     3795.006
   125:     3797.007     3801.008     3806.009     3808.010     3811.011
   130:     3814.012     3819.013     3821.014     3829.015     3833.016
   135:     3835.017     3838.018     3839.019     3845.020     3850.021
   140:     3854.022     3857.023     3859.024     3868.025     3878.026
   145:     3882.027     3887.028     3889.029     3891.030     3897.031
   150:     3900.032     3902.033     3904.034     3919.035     3922.036
   155:     3923.037     3927.038     3931.039     3932.040     3939.041
   160:     3944.042     3946.043     3954.044     3956.045     3958.046
   165:     3961.047     3963.048     3966.049     3968.050     3971.051
   170:     3983.051     4033.000     4033.000     4409.001     4415.002
   175:     4612.003     4616.004     4620.005     4625.006     4628.007
   180:     4634.008     4638.009     4645.010     4647.011     4649.012
   185:     4657.013     4661.014     4663.015     4672.015     4722.000
   190:     4722.000     5026.001     5244.002     5247.003     5249.004
   195:     5251.005     5256.006     5257.007     5260.008     5263.009
   200:     5266.010     5267.011     5273.012     5283.013     5287.014
   205:     5289.015     5292.016     5304.017     5323.017     5373.000
   210:     5373.000     5373.181     5373.182     5373.183     5373.184
   215:     5373.185     5373.186     5373.187     5373.188     5373.189
   220:     5373.190     5373.191     5373.192     5373.193     5373.194
   225:     5373.195     5373.196     5373.197     5373.198     5373.199
   230:     5373.200     5373.201     5373.202     5373.203     5373.204
   235:     5373.205     5373.206     5373.207     5373.208     5373.209
   240:     5373.210     5373.211     5373.212     5373.213     5373.214
   245:     5373.215     5373.216     5373.217     5373.217     5373.000
   250:     5373.000     5373.001     5373.002     5373.003     5373.004
   255:     5373.005     5373.006     5373.007     5373.008     5373.009
   260:     5373.010     5373.011     5373.012     5373.013     5373.014
   265:     5373.015     5373.016     5373.017     5373.018     5373.019
   270:     5373.020     5373.021     5373.021     5373.000     5373.000
   275:     5373.001     5373.002     5373.003     5373.004     5373.005
   280:     5373.006     5373.007     5373.008     5373.009     5373.010
   285:     5373.011     5373.012     5373.013     5373.014     5373.015
   290:     5373.016     5373.017     5373.018     5373.019     5373.020
   295:     5373.021     5373.022     5373.023     5373.024     5373.025
   300:     5373.026     5373.027     5373.028     5373.029     5373.030
   305:     5373.031     5373.032     5373.033     5373.034     5373.035
   310:     5373.036     5373.037     5373.038     5373.039     5373.040
   315:     5373.041     5373.042     5373.043     5373.044     5373.045
   320:     5373.046     5373.047     5373.048     5373.049     5373.050
   325:     5373.051     5373.052     5373.053     5373.054     5373.055
   330:     5373.056     5373.057     5373.058     5373.058     5373.000
   335:     5373.000     5829.001     5836.002     5839.003     5842.004
   340:     5845.005     5847.006     5848.007     5850.008     5852.009
   345:     5856.010     5858.011     5862.012     5864.013     5867.014
   350:     5867.015     5871.016     5878.017     5883.018     5887.019
   355:     5891.020     5893.021     5896.022     5899.023     5901.024
   360:     5904.025     5911.026     5914.027     5916.028     5919.029
   365:     5922.030     5925.031     5926.032     5929.033     5931.034
   370:     5933.035     5935.036     5941.037     5946.038     5974.038
   375:     6024.000     6024.000     6539.001     6545.002     6547.003
   380:     6560.004     6561.005     6564.006     6568.007     6574.008
   385:     6576.009     6584.010     6586.011     6624.011     6674.000
   390:     6674.000     6986.001     7032.002     7056.003     7058.004
   395:     7062.005     7064.006     7066.007     7068.008     7070.009
   400:     7072.010     7074.011     7077.012     7101.013     7103.014
   405:     7107.015     7109.016     7117.017     7122.018     7127.019
   410:     7169.020     7171.021     7174.022     7175.023     7183.024
   415:     7186.025     7191.026     7194.027     7196.028     7198.029
   420:     7201.030     7204.031     7206.032     7208.033     7209.034
   425:     7215.035     7217.036     7219.037     7224.038     7227.039
   430:     7234.040     7237.041     7240.042     7242.043     7244.044
   435:     7248.045     7257.046     7262.047     7264.048     7266.049
   440:     7268.050     7275.050     7325.000     7325.000     7603.001
   445:     7626.002     7666.003     7668.004     7674.005     7680.006
   450:     7722.007     7723.008     7728.009     7730.010     7736.011
   455:     7745.012     7749.013     7754.014     7807.015     7809.016
   460:     7810.017     7811.018     7815.019     7817.020     7819.021
   465:     7822.022     7825.023     7829.024     7831.025     7834.026
   470:     7837.027     7838.028     7840.029     7842.030     7846.031
   475:     7848.032     7851.033     7853.034     7854.035     7858.036
   480:     7862.037     7864.038     7870.039     7872.040     7876.041
   485:     7881.042     7883.043     7884.044     7888.045     7891.046
   490:     7893.047     7894.048     7903.049     7905.050     7930.050
   495:     7980.000     7980.000     8129.001     8265.002     8278.003
   500:     8280.004     8282.005     8312.006     8314.007     8316.008
   505:     8376.009     8378.010     8381.011     8384.012     8387.013
   510:     8390.014     8392.015     8397.016     8403.017     8406.018
   515:     8407.019     8414.020     8416.021     8418.022     8420.023
   520:     8423.024     8428.025     8433.026     8436.027     8440.028
   525:     8446.029     8449.030     8451.031     8452.032     8460.033
   530:     8471.034     8474.035     8476.036     8480.037     8488.038
   535:     8556.039     8558.040     8560.041     8560.042     8562.043
   540:     8564.044     8567.045     8570.046     8573.047     8577.048
   545:     8578.049     8581.050     8585.051     8591.052     8593.053
   550:     8596.054     8600.055     8604.056     8609.057     8614.058
   555:     8616.058     8666.000     8666.000     8991.001     9109.002
   560:     9111.003     9113.004     9115.005     9117.006     9120.007
   565:     9123.008     9125.009     9132.010     9137.011     9139.012
   570:     9141.013     9143.014     9145.015     9149.016     9153.017
   575:     9158.018     9160.019     9163.020     9165.021     9170.022
   580:     9171.023     9176.024     9180.025     9182.026     9188.027
   585:     9191.028     9193.029     9203.030     9241.031     9243.032
   590:     9253.033     9257.034     9261.035     9263.036     9265.037
   595:     9267.038     9271.039     9275.040     9279.041     9281.042
   600:     9283.043     9286.044     9289.045     9290.046     9301.046
   605:     9351.000     9351.000     9465.001     9513.002     9542.003
   610:     9552.004     9555.005     9587.006     9591.007     9594.008
   615:     9597.009     9644.010     9647.011     9651.012     9656.013
   620:     9658.014     9661.015     9664.016     9669.017     9674.018
   625:     9682.019     9686.020     9690.021     9692.022     9695.023
   630:     9700.024     9703.025     9703.026     9704.027     9713.028
   635:     9715.029     9729.030     9733.031     9736.032     9738.033
   640:     9741.034     9744.035     9748.036     9750.037     9752.038
   645:     9759.039     9763.040     9767.041     9769.042     9843.043
   650:     9845.044     9847.045     9851.046     9852.047     9854.048
   655:     9856.049     9857.050     9860.051     9863.052     9874.053
   660:     9879.054     9881.055     9885.056     9888.057     9898.058
   665:     9903.059     9905.060     9907.061     9909.062     9914.063
   670:     9919.064     9922.065     9925.066     9928.067     9941.068
   675:     9943.069     9951.070     9957.071     9958.071     9962.072
   680:    10008.000    10008.000    10183.001    10232.002    10242.003
   685:    10294.004    10351.005    10353.006    10356.007    10357.008
   690:    10365.009    10370.010    10373.011    10375.012    10378.013
   695:    10380.014    10387.015    10389.016    10391.017    10392.018
   700:    10395.019    10399.020    10404.021    10406.022    10409.023
   705:    10418.024    10422.025    10425.026    10428.027    10439.028
   710:    10446.029    10451.030    10454.031    10456.032    10458.033
   715:    10462.034    10475.035    10478.036    10530.037    10532.038
   720:    10535.039    10537.040    10539.041    10554.042    10567.043
   725:    10576.044    10584.045    10588.046    10592.047    10603.048
   730:    10606.049    10612.050    10614.050    10664.000    10664.000
   735:    11006.001    11037.002    11041.003    11043.004    11058.005
   740:    11059.006    11067.007    11074.008    11075.009    11077.010
   745:    11082.011    11089.012    11091.013    11096.014    11098.015
   750:    11100.016    11102.017    11104.018    11107.019    11114.020
   755:    11121.021    11171.022    11173.023    11186.024    11187.025
   760:    11190.026    11193.027    11202.028    11207.029    11210.030
   765:    11212.031    11214.032    11217.033    11233.034    11243.035
   770:    11245.036    11247.037    11251.038    11259.039    11260.040
   775:    11263.041    11267.041    11317.000    11317.000    11423.001
   780:    11491.002    11525.003    11528.004    11531.005    11533.006
   785:    11537.007    11561.008    11563.009    11566.010    11567.011
   790:    11569.012    11572.013    11575.014    11581.015    11583.016
   795:    11585.017    11595.018    11596.019    11602.020    11649.021
   800:    11650.022    11651.023    11653.024    11656.025    11665.026
   805:    11668.027    11672.028    11691.029    11693.030    11704.031
   810:    11707.032    11723.033    11734.034    11738.035    11741.036
   815:    11745.037    11748.038    11750.039    11758.040    11772.041
   820:    11774.042    11777.043    11779.044    11781.045    11783.046
   825:    11789.047    11795.048    11798.049    11807.050    11811.051
   830:    11815.052    11831.053    11833.054    11835.055    11878.056
   835:    11880.057    11881.058    11883.059    11890.060    11892.061
   840:    11894.062    11896.063    11899.064    11901.065    11904.066
   845:    11907.067    11910.068    11916.069    11920.070    11924.071
   850:    11929.072    11931.073    11935.074    11936.075    11938.075
   855:    11988.000    11988.000    12381.001    12432.002    12436.003
   860:    12438.004    12440.005    12445.006    12447.007    12450.008
   865:    12451.009    12461.010    12464.011    12483.012    12485.013
   870:    12488.014    12494.015    12496.016    12497.017    12509.018
   875:    12512.019    12514.020    12523.021    12526.022    12531.023
   880:    12535.024    12537.025    12541.026    12548.027    12550.028
   885:    12552.029    12554.030    12559.031    12566.032    12591.032
   890:    12641.000    12641.000    12982.002    13102.004    13108.006
   895:    13109.008    13112.010    13134.012    13136.014    13139.016
   900:    13144.018    13149.020    13152.022    13157.024    13159.026
   905:    13160.028    13170.030    13173.032    13174.034    13182.036
   910:    13188.038    13192.040    13195.042    13201.044    13204.046
   915:    13216.048    13219.050    13229.052    13235.054    13236.056
   920:    13240.058    13249.060    13254.062    13261.064    13263.066
   925:    13265.068    13268.070    13270.072    13274.074    13280.076
   930:    13281.078    13283.080    13285.082    13288.084    13296.086
   935:    13298.088    13304.090    13306.092    13313.094    13316.096
   940:    13381.098    13383.100    13388.102    13396.104    13406.106
   945:    13411.108    13415.110    13416.112    13421.114    13425.116
   950:    13427.118    13433.120    13435.122    13437.124    13440.126
   955:    13445.128    13450.130    13451.132    13454.134    13463.136
   960:    13464.138    13469.140    13473.142    13475.144    13477.146
   965:    13482.148    13487.150    13491.152    13502.154    13505.156
   970:    13520.158    13572.160    13591.162    13999.164    14095.166
   975:    14098.168    14320.170    14323.172    14326.174    14331.176
   980:    15590.001    15597.002    15657.003    15697.004    15747.005
   985:    15753.006    15756.007    15762.008    15764.009    15765.010
   990:    15768.011    15772.012    15774.013    15781.014    15786.015
   995:    15793.016    15838.017    15839.018    15840.019    15843.020
  1000:    15847.021    15851.022    15853.023    15855.024    15859.025
  1005:    15861.026    15863.027    15864.028    15869.029    15873.030
  1010:    15877.031    15879.032    15880.033    15889.034    15893.035
  1015:    15899.036    15902.037    15905.038    15907.039    15907.039
  1020:    15957.000    15957.000    16537.001    16540.002    16543.003
  1025:    16545.004    16548.005    16552.006    16556.007    16561.008
  1030:    16562.009    16567.010    16570.011    16570.012    16572.013
  1035:    16576.014    16580.015    16584.016    16589.017    16593.018
  1040:    16594.019    16597.019    16647.000    16647.000    16794.001
  1045:    17174.002    17181.003    17187.004    17189.005    17192.006
  1050:    17196.007    17198.008    17200.009    17203.010    17207.011
  1055:    17213.012    17215.013    17221.014    17222.015    17225.016
  1060:    17229.017    17231.018    17233.019    17239.020    17247.020
  1065:    17297.000    17297.000    17607.002    17698.004    17704.006
  1070:    17749.008    17755.010    17758.012    17769.014    17771.016
  1075:    17779.018    17780.020    17816.022    17817.024    17821.026
  1080:    17828.028    17830.030    17831.032    17831.034    17841.036
  1085:    17843.038    17846.040    17850.042    17852.044    17853.046
  1090:    17857.048    17859.050    17864.052    17874.054    17877.056
  1095:    17877.058    17880.060    17882.062    17887.064    17888.066
  1100:    17894.068    17978.070    17979.072    17982.074    17985.076
  1105:    17989.078    17991.080    17993.082    17995.084    17996.086
  1110:    18000.088    18003.090    18007.092    18010.094    18016.096
  1115:    18024.098    18025.100    18031.102    18033.104    18088.106
  1120:    18107.108    18113.110    18120.112    18124.114    18132.116
  1125:    18134.118    18139.120    18143.122    18147.124    18148.126
  1130:    18150.128    18152.130    18157.132    18159.134    18161.136
  1135:    18239.138    18242.140    18252.142    18256.144    18258.146
  1140:    18262.148    18263.150    18267.152    18272.154    18637.156
  1145:    18945.158    18951.160    18955.162    18958.164    18981.166
  1150:    18983.168    18985.170    18995.172    18997.174    18998.176
  1155:    19002.178    19038.180    19039.182    19041.184    19045.186
  1160:    19054.188    19056.190    19059.192    19061.194    19063.196
  1165:    19065.198    19068.200    19072.202
Y:
     0:        0.000      340.001      727.002      728.002      728.003
     5:      778.000      778.000      778.237      778.238      778.239
    10:      778.240      778.241      778.242      778.243      778.244
    15:      778.245      778.246      778.247      778.248      778.249
    20:      778.250      778.251      778.252      778.253      778.254
    25:      778.255      778.256      778.257      778.258      778.259
    30:      778.260      778.261      778.262      778.263      778.264
    35:      778.265      778.266      778.267      778.268      778.269
    40:      778.270      778.271      778.272      778.273      778.274
    45:      778.275      778.276      778.277      778.278      778.279
    50:      778.280      778.281      778.282      778.283      778.284
    55:      778.285      778.286      778.287      778.288      778.289
    60:      778.290      778.291      778.292      778.293      778.294
    65:      778.295      778.296      778.297      778.298      778.299
    70:      778.300      778.301      778.302      778.303      778.304
    75:      778.305      778.306      778.307      778.308      778.309
    80:      778.310      778.311      778.312      778.313      778.314
    85:      778.315      778.316      778.317      778.318      778.319
    90:      778.320      778.321      778.322      778.323      778.324
    95:      778.325      778.326      778.327      778.327      778.000
   100:      778.000      778.001      778.001      778.000      778.000
   105:     1254.001     1280.002     1282.003     1285.004     1289.005
   110:     1298.006     1301.007     1303.008     1307.009     1309.010
   115:     1311.011     1313.012     1315.013     1318.014     1323.015
   120:     1324.016     1335.017     1338.018     1343.019     1345.020
   125:     1348.021     1354.022     1361.023     1362.024     1363.025
   130:     1370.026     1372.027     1376.028     1377.029     1384.030
   135:     1387.031     1390.032     1390.032     1394.033     1440.000
   140:     1440.000     1900.001     1903.002     1960.003     1960.004
   145:     1963.005     1972.006     1974.007     1977.008     1979.009
   150:     1982.010     1984.011     1987.012     1991.013     1995.014
   155:     1997.015     2000.016     2024.017     2025.018     2032.019
   160:     2036.020     2038.021     2047.022     2049.023     2053.024
   165:     2053.024     2103.000     2103.000     2311.001     2315.002
   170:     2317.003     2377.004     2377.005     2379.006     2383.007
   175:     2388.008     2389.009     2394.010     2396.011     2400.012
   180:     2409.013     2412.014     2416.015     2418.016     2421.017
   185:     2445.018     2447.019     2456.020     2458.021     2462.022
   190:     2467.023     2468.024     2471.025     2473.026     2475.027
   195:     2487.028     2492.029     2494.030     2495.031     2500.032
   200:     2503.033     2505.034     2507.035     2511.036     2513.037
   205:     2516.038     2518.039     2521.040     2529.041     2531.042
   210:     2542.043     2544.044     2550.045     2554.046     2555.047
   215:     2556.048     2561.049     2566.050     2567.051     2568.052
   220:     2570.053     2576.054     2578.055     2580.056     2589.057
   225:     2591.058     2595.059     2608.060     2612.061     2616.062
   230:     2628.063     2633.064     2658.065     2660.066     2663.067
   235:     2669.068     2671.069     2678.070     2682.071     2683.072
   240:     2696.073     2703.074     2708.075     2710.076     2719.077
   245:     2719.077     2769.000     2769.000     3086.002     3093.004
   250:     3222.006     3223.008     3276.010     3276.012     3278.014
   255:     3289.016     3291.018     3293.020     3299.022     3301.024
   260:     3303.026     3305.028     3308.030     3312.032     3321.034
   265:     3323.036     3324.038     3331.040     3333.042     3335.044
   270:     3340.046     3346.048     3355.050     3359.052     3362.054
   275:     3370.056     3372.058     3373.060     3401.062     3403.064
   280:     3404.066     3412.068     3414.070     3416.072     3418.074
   285:     3430.076     3432.078     3443.080     3454.082     3464.084
   290:     3482.086     3484.088     3489.090     3490.092     3491.094
   295:     3498.096     3500.098     3502.100     3523.102     3526.104
   300:     3533.106     3535.108     3544.110     3566.112     3566.114
   305:     3568.116     3632.118     3634.120     3634.122     3638.124
   310:     3644.126     3646.128     3652.130     3662.132     3666.134
   315:     3674.136     3953.138     4183.140     4185.142     4194.144
   320:     4196.146     4199.148     4200.150     4214.152     4221.154
   325:     4233.156     4237.158     4246.160     4247.162     4266.164
   330:     4290.166     4292.168     4348.170     4452.172     4454.174
   335:     4481.176     4484.178     4495.180     7560.001     7560.001
   340:     7562.002     7610.000     7610.000     7995.001     7998.002
   345:     8005.003     8010.004     8012.005     8023.006     8029.007
   350:     8029.008     8030.009     8033.010     8040.011     8041.012
   355:     8044.013     8047.014     8049.015     8063.016     8065.017
   360:     8110.018     8115.019     8118.020     8120.021     8124.022
   365:     8132.023     8141.024     8145.025     8151.026     8179.027
   370:     8182.028     8185.029     8189.030     8197.031     8203.032
   375:     8209.033     8227.034     8227.034     8230.035     8277.000
   380:     8277.000     8873.001     8874.002     8875.003     8878.004
   385:     8879.005     8893.006     8894.006     8944.000     8944.000
   390:     9427.001     9450.002     9452.003     9453.004     9456.005
   395:     9460.006     9465.007     9470.008     9478.009     9481.010
   400:     9485.011     9507.012     9509.013     9517.014     9519.015
   405:     9521.016     9525.017     9527.018     9529.019     9552.020
   410:     9554.021     9555.022     9556.022     9606.000     9606.000
   415:    10198.001    10202.002    10203.003    10204.004    10243.005
   420:    10243.005    10293.000    10293.000    10664.001    10668.002
   425:    10671.003    10679.004    10680.005    10682.006    10689.007
   430:    10699.008    10736.009    10738.010    10738.011    10741.012
   435:    10744.013    10746.014    10746.015    10750.016    10756.017
   440:    10758.018    10760.019    10762.020    10766.021    10786.022
   445:    10787.023    10789.024    10794.025    10797.026    10800.027
   450:    10801.028    10804.029    10806.030    10810.031    10812.032
   455:    10839.033    10840.034    10843.035    10849.036    10852.037
   460:    10854.038    10856.039    10859.040    10861.041    10864.042
   465:    10884.043    10885.044    10887.045    10888.046    10893.047
   470:    10895.048    10902.049    10906.050    10906.050    10956.000
   475:    10956.000    11448.001    11452.002    11458.003    11464.004
   480:    11465.005    11470.006    11476.007    11481.008    11483.009
   485:    11486.010    11488.011    11505.012    11507.013    11514.014
   490:    11516.015    11518.016    11520.017    11524.018    11527.019
   495:    11528.020    11531.021    11535.022    11538.023    11547.024
   500:    11549.025    11554.026    11556.027    11581.028    11581.028
   505:    11631.000    11631.000    11982.002    11984.004    12040.006
   510:    12040.008    12042.010    12043.012    12049.014    12053.016
   515:    12054.018    12060.020    12062.022    12073.024    12074.026
   520:    12083.028    12087.030    12089.032    12092.034    12095.036
   525:    12100.038    12102.040    12121.042    12125.044    12126.046
   530:    12129.048    12133.050    12137.052    12140.054    12155.056
   535:    12158.058    12161.060    12163.062    12165.064    12173.066
   540:    12176.068    12182.070    12187.072    12193.074    12195.076
   545:    12197.078    12201.080    12202.082    12205.084    12209.086
   550:    12211.088    12213.090    12216.092    12218.094    12240.096
   555:    12242.098    12243.100    12248.102    12251.104    12254.106
   560:    12257.108    12260.110    12261.112    12264.114    12269.116
   565:    12290.118    12291.120    12294.122    12294.124    12296.126
   570:    12303.128    12305.130    12315.132    12319.134    12320.136
   575:    12323.138    12329.140    12330.142    12339.144    12341.146
   580:    12362.148    12366.150    12368.152    12382.154    12390.156
   585:    12394.158    12395.160    12398.162    12407.164    12409.166
   590:    12411.168    12417.170    12422.172    12436.174    12439.176
   595:    12444.178    12447.180    12450.182    12458.184    12466.186
   600:    12469.188    12472.190    12588.192    12591.194    12596.196
   605:    12618.198    12856.200    12860.202    12862.204    12866.206
   610:    12975.208    13045.210    13046.212    13048.214    13057.216
   615:    13063.218    13175.220    13190.222    13209.224    13379.226
   620:    13630.227    13768.228    13771.229    13774.230    13780.231
   625:    13781.232    13793.233    13795.234    13796.235    13857.236
   630:    13863.237    13866.238    13866.239    13867.240    13873.241
   635:    13878.242    13994.243    13996.244    13996.245    14000.246
   640:    14001.247    14007.248    14010.249    14024.250    14026.251
   645:    14030.252    14037.253    14039.254    14045.255    14059.256
   650:    14061.257    14063.258    14064.259    14070.260    14072.261
   655:    14074.262    14076.263    14079.264    14081.265    14087.266
   660:    14088.267    14090.268    14094.269    14097.270    14110.271
   665:    14111.272    14113.273    14118.274    14120.275    14123.276
   670:    14128.277    14132.278    14133.279    14144.280    14144.280
   675:    14145.281    14194.000    14194.000    14743.001    14748.002
   680:    14754.003    14755.004    14757.005    14760.006    14762.007
   685:    14770.008    14773.009    14776.010    14779.011    14794.012
   690:    14796.013    14801.014    14804.015    14806.016    14806.016
   695:    14856.000    14856.000    15273.001    15274.002    15291.003
   700:    15293.004    15298.005    15303.006    15310.007    15313.008
   705:    15318.009    15320.010    15323.011    15336.012    15343.013
   710:    15346.014    15363.015    15369.016    15373.017    15374.018
   715:    15377.019    15379.020    15391.021    15393.022    15396.023
   720:    15398.024    15405.025    15409.026    15411.027    15417.028
   725:    15420.029    15424.030    15436.031    15447.032    15448.033
   730:    15451.034    15457.035    15465.036    15467.037    15469.038
   735:    15469.038    15519.000    15519.000    15910.001    15911.002
   740:    15913.003    15957.004    15959.005    15961.006    15965.007
   745:    15980.008    15983.009    16002.010    16003.011    16011.012
   750:    16013.013    16015.014    16022.015    16037.016    16045.017
   755:    16046.018    16060.019    16065.020    16078.021    16080.022
   760:    16081.023    16087.024    16092.025    16100.026    16120.027
   765:    16122.028    16124.029    16124.030    16129.031    16133.032
   770:    16133.032    16183.000    16183.000    16767.001    16779.002
   775:    16781.003    16786.004    16793.005    16802.006    16802.006
   780:    16852.000    16852.000    16852.177    16852.178    16852.179
   785:    16852.180    16852.181    16852.182    16852.183    16852.184
   790:    16852.185    16852.186    16852.187    16852.188    16852.189
   795:    16852.190    16852.191    16852.192    16852.193    16852.194
   800:    16852.195    16852.196    16852.197    16852.198    16852.199
   805:    16852.200    16852.201    16852.202    16852.203    16852.204
   810:    16852.205    16852.206    16852.207    16852.208    16852.209
   815:    16852.210    16852.211    16852.212    16852.213    16852.214
   820:    16852.215    16852.216    16852.217    16852.218    16852.219
   825:    16852.220    16852.221    16852.222    16852.223    16852.224
   830:    16852.225    16852.226    16852.227    16852.228    16852.229
   835:    16852.230    16852.231    16852.232    16852.233    16852.234
   840:    16852.235    16852.236    16852.237    16852.237    16852.000
   845:    16852.000    17267.001    17269.002    17273.003    17277.004
   850:    17304.005    17307.006    17308.007    17311.008    17311.009
   855:    17312.010    17316.011    17321.012    17325.013    17327.014
   860:    17329.015    17335.016    17339.017    17341.018    17354.019
   865:    17354.020    17355.021    17362.022    17364.023    17367.024
   870:    17369.025    17373.026    17390.027    17392.028    17396.029
   875:    17402.030    17404.031    17406.032    17417.033    17420.034
   880:    17438.035    17440.036    17441.037    17442.038    17451.039
   885:    17454.040    17457.041    17470.042    17470.042    17520.000
   890:    17520.000    17863.001    17867.002    17870.003    17876.004
   895:    17901.005    17902.006    17905.007    17905.008    17912.009
   900:    17915.010    17916.011    17936.012    17939.013    17943.014
   905:    17949.015    17954.016    17956.017    17958.018    17967.019
   910:    17970.020    17977.021    17983.022    17987.023    17989.024
   915:    17993.025    18006.026    18009.027    18011.028    18013.029
   920:    18016.030    18021.031    18030.032    18033.033    18056.034
   925:    18058.035    18064.036    18065.037    18070.038    18072.039
   930:    18074.040    18113.041    18115.042    18123.043    18127.044
   935:    18130.045    18148.046    18148.046    18198.000    18198.000
   940:    18198.204    18198.206    18198.208    18198.210    18198.212
   945:    18198.214    18198.216    18198.218    18198.220    18198.222
   950:    18198.224    18198.226    18198.228    18198.230    18198.232
   955:    18198.234    18198.236    18198.238    18198.240    18198.242
   960:    18198.244    18198.246    18198.248    18198.250    18198.252
   965:    18198.254    18198.256    18198.258    18198.260    18198.262
   970:    18198.264    18198.266    18198.268    18198.270    18198.272
   975:    18198.274    18198.276    18198.278    18198.280    18198.282
   980:    18198.284    18198.286    18198.288    18198.290    18198.292
   985:    18198.294    18198.296    18198.298    18198.300    18198.302
   990:    18198.304    18198.306    18198.308    18198.310    18198.312
   995:    18198.314    18198.316    18198.318    18198.320    18198.322
  1000:    18198.324    18198.326    18198.328    18198.330    18198.332
  1005:    18198.334    18198.336    18198.338    18198.340    18198.342
  1010:    18198.344    18198.346    18198.348    18198.350    18198.352
  1015:    18198.354    18198.356    18198.358    18198.360    18198.362
  1020:    18198.364    18198.366    18198.368    18198.370    18198.372
