File: C:\MED-PC\Data\2018-05-14_10h55m_Subject M330.txt


Start Date: 05/14/18
End Date: 05/14/18
Subject: M330
Experiment: DOBLE_PICO_ACO 
Group: EXP
Box: 10
Start Time: 10:55:43
End Time: 12:09:08
MSN: IF_ACO_MULTIPLE_PICO
A:     391.000
B:      20.000
D:      21.000
I:       1.000
J:   18000.000
K:    5400.000
M:       0.000
N:      21.000
O:      21.000
P:     827.000
Q:       0.000
T:    1000.000
V:     600.000
W:      20.000
Z:       0.000
C:
     0:        0.120        0.120        0.120        0.120        0.120
     5:        0.120        0.120        0.120        0.120        0.120
    10:        0.120        0.120        0.120        0.120        0.120
    15:        0.120        0.120        0.120        0.120        0.120
    20:        0.120        0.120        0.120        0.510       38.110
    25:       46.120       83.120      109.120      133.110      135.110
    30:      145.110      151.110      157.110      159.110      187.110
    35:      195.110      200.110      211.120      229.110      237.110
    40:      245.120      263.110      269.110      272.110      282.110
    45:      283.110      290.110      297.110      305.110      307.110
    50:      312.110      343.110      346.110      366.110      367.110
    55:      370.110      378.110      387.110      393.110      415.110
    60:      418.110      429.110      431.110      448.110      449.110
    65:      452.110      472.110      485.110      486.110      490.110
    70:      502.120      530.120      541.120      560.110      560.210
    75:      564.120      610.120      610.310      647.120      699.120
    80:      710.510      743.120      745.120      773.120      775.120
    85:      781.120      831.120      833.120      835.120      836.120
    90:      836.120      846.120      848.120      890.120      928.120
    95:      975.120     1037.120     1105.120     1121.120     1154.120
   100:     1215.110     1236.110     1244.110     1248.110     1253.110
   105:     1253.210     1256.120     1303.310     1352.120     1354.120
   110:     1379.120     1403.510     1404.120     1439.120     1458.120
   115:     1462.120     1467.120     1467.120     1489.120     1502.120
   120:     1542.120     1550.120     1553.120     1555.120     1556.120
   125:     1585.120     1590.120     1592.120     1594.120     1706.120
   130:     1712.120     1715.120     1717.120     1758.120     1763.120
   135:     1767.120     1769.120     1770.120     1787.120     1803.110
   140:     1811.110     1822.110     1830.110     1838.120     1861.110
   145:     1865.110     1872.110     1874.110     1878.110     1886.110
   150:     1889.110     1899.110     1909.120     1941.110     1950.110
   155:     1950.210     1952.110     1957.120     2000.310     2036.120
   160:     2036.120     2100.500     2114.120     2151.120     2245.120
   165:     2251.120     2317.120     2321.120     2323.120     2379.120
   170:     2383.120     2410.120     2411.120     2414.120     2421.120
   175:     2447.120     2452.120     2467.120     2502.120     2555.120
   180:     2571.120     2588.120     2589.120     2591.120     2603.100
   185:     2606.100     2609.100     2617.100     2627.100     2630.100
   190:     2636.100     2639.120     2646.120     2668.120     2677.120
   195:     2710.100     2711.100     2712.100     2718.100     2727.100
   200:     2729.100     2735.100     2738.100     2742.100     2747.100
   205:     2755.100     2758.120     2770.200     2820.300     2871.120
   210:     2891.120     2900.120     2903.120     2920.500     2931.120
   215:     2932.120     2978.120     2979.120     2980.120     2981.120
   220:     2998.120     3022.120     3029.120     3031.120     3034.120
   225:     3036.120     3041.120     3042.120     3042.120     3044.120
   230:     3080.120     3082.120     3106.120     3108.120     3110.120
   235:     3112.120     3113.120     3113.120     3177.120     3222.120
   240:     3224.120     3226.120     3227.120     3261.100     3267.120
   245:     3271.120     3279.120     3287.120     3374.100     3385.120
   250:     3423.120     3470.100     3474.120     3513.100     3514.100
   255:     3519.100     3524.100     3527.100     3530.200     3531.100
   260:     3536.120     3580.300     3650.120     3680.510     3682.120
   265:     3702.120     3705.120     3920.120     3923.120     3973.120
   270:     3978.120     3980.120     4008.120     4009.120     4012.120
   275:     4013.120     4047.120     4052.120     4053.120     4061.120
   280:     4088.120     4097.120     4132.120     4178.110     4185.110
   285:     4188.110     4196.110     4202.110     4211.120     4212.120
   290:     4237.110     4243.110     4250.110     4255.110     4263.110
   295:     4274.110     4283.110     4285.110     4292.120     4316.120
   300:     4323.110     4327.110     4331.110     4337.110     4345.110
   305:     4347.110     4360.110     4368.110     4368.210     4370.110
   310:     4372.120     4418.310     4477.120     4478.120     4495.120
   315:     4495.120     4517.120     4518.500     4518.120     4539.120
   320:     4544.120     4547.120     4549.120     4550.120     4552.120
   325:     4553.120     4556.120     4557.120     4558.120     4560.120
   330:     4633.120     4635.120     4638.120     4640.120     4640.120
   335:     4641.120     4643.120     4644.120     4646.120     4647.120
   340:     4648.120     4650.120     4688.120     4745.120     4747.120
   345:     4749.120     4750.120     4753.120     4793.120     4796.120
   350:     4798.120     4850.120     4851.120     4853.120     4855.120
   355:     4856.120     4858.120     4860.120     4891.120     4893.120
   360:     4895.120     4897.120     4899.120     4900.120     4901.120
   365:     4902.120     4965.120     4997.120     5018.100     5024.100
   370:     5042.120     5079.100     5082.100     5088.120     5125.100
   375:     5138.100     5139.200     5145.120     5189.300     5249.120
   380:     5285.120     5286.120     5289.540     5325.120     5327.120
   385:     5328.120     5468.120     5524.120     5530.120     5533.120
   390:     5568.120     5569.120     5572.120     5573.120     5614.120
   395:     5615.120     5617.120     5638.120     5639.120     5641.120
   400:     5644.120     5752.120     5762.120     5773.110     5824.110
   405:     5830.110     5832.110     5847.110     5857.120     5876.110
   410:     5881.110     5886.110     5892.110     5896.110     5904.110
   415:     5912.110     5917.110     5921.110     5936.110     5938.110
   420:     5940.110     5948.110     5952.110     5954.110     5978.110
   425:     5995.110     6000.110     6001.110     6007.110     6013.110
   430:     6015.110     6018.110     6022.110     6026.110     6031.110
   435:     6034.110     6039.110     6044.110     6046.110     6052.110
   440:     6063.110     6064.110     6065.110     6067.110     6068.110
   445:     6069.110     6074.110     6078.110     6086.110     6095.110
   450:     6101.110     6103.110     6116.110     6133.120     6163.110
   455:     6166.110     6172.110     6178.110     6179.110     6181.110
   460:     6201.110     6204.110     6205.110     6208.110     6211.110
   465:     6215.120     6227.120     6250.120     6251.120     6259.120
   470:     6289.120     6291.120     6294.120     6299.120     6301.120
   475:     6302.120     6304.120     6305.120     6308.120     6309.120
   480:     6311.120     6314.120     6316.120     6352.120     6353.120
   485:     6355.120     6381.120     6382.120     6384.120     6413.120
   490:     6414.120     6416.120     6436.120     6437.120     6442.120
   495:     6445.120     6502.120     6506.120     6509.120     6538.120
   500:     6542.120     6586.110     6591.110     6608.120     6637.110
   505:     6645.110     6681.110     6686.110     6691.110     6697.110
   510:     6698.110     6752.110     6761.110     6774.110     6778.120
   515:     6802.110     6805.110     6820.110     6823.110     6882.110
   520:     6886.110     6890.110     6899.110     6908.110     6915.110
   525:     6985.110     6990.110     6998.120     7041.120     7083.120
   530:     7084.120     7086.120     7088.120     7089.120     7089.340
   535:     7097.120     7098.120     7189.500     7317.120     7324.120
   540:     7326.120     7328.120     7333.120     7336.120     7338.120
   545:     7340.120     7372.120     7374.120     7377.120     7379.120
   550:     7381.120     7382.120     7385.120     7385.120     7387.120
   555:     7420.100     7431.100     7436.120     7456.100     7466.100
   560:     7473.100     7477.100     7481.100     7494.120     7527.120
   565:     7547.100     7554.120     7556.120     7590.100     7592.100
   570:     7593.100     7600.100     7609.100     7616.100     7618.100
   575:     7625.100     7636.100     7641.100     7642.100     7645.100
   580:     7651.120     7690.120     7698.120     7705.120     7753.100
   585:     7756.100     7766.100     7771.100     7779.100     7782.100
   590:     7785.100     7789.100     7795.100     7799.100     7807.100
   595:     7813.200     7817.120     7863.300     7873.120     7908.120
   600:     7921.120     7948.120     7953.120     7962.120     7963.510
   605:     7992.120     7993.120     7993.120     7997.120     8001.120
   610:     8010.120     8013.120     8015.120     8016.120     8018.120
   615:     8020.120     8059.120     8061.120     8086.120     8088.120
   620:     8090.120     8092.120     8094.120     8129.120     8134.120
   625:     8137.120     8138.120     8140.120     8142.120     8172.120
   630:     8177.120     8178.120     8208.120     8211.120     8212.120
   635:     8214.120     8242.120     8243.120     8244.120     8246.120
   640:     8250.120     8290.120     8292.120     8293.120     8294.120
   645:     8330.120     8331.120     8334.120     8354.120     8356.120
   650:     8361.120     8362.120     8364.120     8387.120     8388.120
   655:     8390.120     8394.120     8395.120     8397.120     8399.120
   660:     8449.110     8455.110     8459.110     8466.110     8479.110
   665:     8480.110     8481.110     8486.110     8487.110     8489.110
   670:     8490.110     8497.110     8498.110     8515.110     8519.110
   675:     8527.110     8528.110     8536.110     8541.110     8546.110
   680:     8558.110     8560.110     8564.110     8571.110     8576.110
   685:     8582.110     8587.110     8589.110     8592.110     8628.110
   690:     8636.110     8639.110     8649.110     8649.210     8652.120
   695:     8699.310     8794.120     8799.510     8811.120     8815.120
   700:     8850.120     8860.120     8862.120     8868.120     8869.120
   705:     8870.120     8872.120     8877.120     8879.120     8892.120
   710:     8908.120     8910.120     8912.120     8924.120     8926.120
   715:     8929.120     8932.120     8941.120     8946.120     8956.120
   720:     8960.120     8962.120     8964.120     8965.120     8967.120
   725:     8969.120     9032.120     9036.120     9082.120     9085.120
   730:     9087.120     9088.120     9090.120     9120.120     9121.120
   735:     9126.120     9128.120     9195.120     9197.120     9201.120
   740:     9256.120     9279.120     9281.120     9321.120     9324.120
   745:     9325.120     9370.110     9378.110     9382.110     9391.110
   750:     9395.110     9400.110     9402.110     9404.110     9409.120
   755:     9435.110     9439.110     9442.110     9448.110     9451.110
   760:     9453.110     9458.110     9480.110     9480.210     9485.120
   765:     9530.310     9626.120     9630.500     9643.120     9662.120
   770:     9671.120     9677.120     9679.120     9679.120     9680.120
   775:     9684.120     9686.120     9688.120     9700.120     9701.120
   780:     9702.120     9704.120     9705.120     9707.120     9709.120
   785:     9718.120     9718.120     9720.120     9722.120     9736.120
   790:     9754.120     9756.120     9758.120     9759.120     9759.120
   795:     9762.120     9785.120     9786.120     9788.120     9790.120
   800:     9802.120     9821.120     9840.120     9842.120     9886.120
   805:     9893.120     9897.120     9899.120     9927.120     9935.120
   810:     9988.120     9990.120     9993.120     9995.120    10000.120
   815:    10036.120    10037.120    10042.120    10070.120    10071.120
   820:    10104.120    10106.120    10108.120    10109.120    10203.120
   825:    10255.120    10277.100    10281.120    10281.120    10302.120
   830:    10303.120    10315.120    10337.200    10341.120    10387.300
   835:    10478.120    10487.500    10518.120    10520.120    10550.120
   840:    10564.120    10567.120    10568.120    10574.120    10576.120
   845:    10578.120    10579.120    10580.120    10635.120    10704.120
   850:    10709.120    10710.120    10748.120    10754.120    10782.120
   855:    10785.120    10787.120    10788.120    10830.120    10831.120
   860:    10832.120    10857.120    10859.120    10860.120    10888.120
   865:    10889.120    10891.120    10892.120    10894.120    10920.120
   870:    10922.120    10924.120    10925.120    10963.120    10965.120
   875:    10967.120    11055.120    11084.120    11097.120    11159.100
   880:    11169.100    11175.100    11180.100    11187.100    11192.100
   885:    11203.100    11210.120    11219.200    11269.300    11333.120
   890:    11350.120    11352.120    11352.120    11353.120    11353.120
   895:    11357.120    11359.120    11360.120    11369.530    11379.120
   900:    11390.120    11412.120    11418.120    11420.120    11426.120
   905:    11428.120    11430.120    11489.120    11491.120    11495.120
   910:    11496.120    11511.120    11534.120    11535.120    11539.120
   915:    11541.120    11541.120    11542.120    11544.120    11545.120
   920:    11577.120    11580.120    11582.120    11611.120    11612.120
   925:    11614.120    11618.120    11619.120    11621.120    11688.120
   930:    11692.120    11694.120    11720.120    11723.120    11724.120
   935:    11793.120    11794.120    11796.120    11797.120    11827.120
   940:    11828.120    11830.120    11832.120    11882.120    11884.120
   945:    11885.120    11886.120    11946.120    11983.120    12003.120
   950:    12016.100    12018.100    12024.100    12029.120    12068.100
   955:    12069.100    12071.100    12075.100    12080.100    12084.100
   960:    12089.100    12095.100    12103.100    12107.100    12109.100
   965:    12110.100    12114.120    12130.120    12154.120    12171.100
   970:    12172.100    12174.100    12176.100    12184.100    12189.100
   975:    12194.100    12196.100    12203.100    12205.100    12216.100
   980:    12218.100    12222.100    12225.100    12228.100    12234.100
   985:    12240.100    12240.100    12241.100    12246.120    12278.120
   990:    12301.100    12304.100    12308.120    12381.120    12426.120
   995:    12433.120    12437.120    12444.120    12445.120    12447.120
  1000:    12449.120    12467.120    12469.120    12471.120    12473.120
  1005:    12474.120    12477.120    12479.120    12479.120    12500.120
  1010:    12503.120    12505.120    12506.120    12519.120    12520.120
  1015:    12522.120    12524.120    12526.120    12594.120    12596.120
  1020:    12598.120    12602.120    12617.120    12668.120    12704.100
  1025:    12709.120    12710.120    12722.120    12772.120    12773.120
  1030:    12777.120    12839.120    12840.120    12845.120    12848.120
  1035:    12852.120    12855.120    12857.120    12859.120    12861.120
  1040:    12905.120    12907.120    12910.120    12912.120    12914.120
  1045:    12935.120    12937.120    12939.120    12964.120    12970.120
  1050:    12993.100    13030.120    13047.120    13055.120    13060.120
  1055:    13063.120    13097.120    13100.120    13102.120    13104.120
  1060:    13139.120    13142.120    13168.120    13169.330    13178.120
  1065:    13187.120    13223.120    13227.120    13231.120    13269.510
  1070:    13381.110    13416.110    13421.110    13426.110    13441.110
  1075:    13443.110    13526.110    13529.110    13536.110    13544.110
  1080:    13549.110    13556.110    13559.110    13561.110    13563.110
  1085:    13576.110    13583.110    13587.110    13589.110    13592.110
  1090:    13594.110    13596.110    13613.110    13617.110    13620.110
  1095:    13620.110    13622.110    13625.110    13626.110    13627.110
  1100:    13631.110    13636.110    13639.110    13641.110    13649.110
  1105:    13656.110    13657.110    13668.110    13690.110    13695.110
  1110:    13697.110    13699.110    13701.110    13707.110    13708.110
  1115:    13714.110    13716.110    13717.110    13719.110    13723.110
  1120:    13735.120    13764.110    13765.110    13771.110    13775.110
  1125:    13785.110    13799.110    13804.110    13810.110    13815.110
  1130:    13818.110    13824.110    13834.110    13852.110    13857.110
  1135:    13862.110    13864.110    13866.110    13870.120    13889.120
  1140:    13891.120    13901.120    13902.120    13914.120    13924.120
  1145:    13929.120    13963.120    13967.120    14253.110    14253.210
  1150:    14257.120    14303.310    14356.120    14357.120    14403.500
  1155:    14419.120    14426.120    14443.120    14444.120    14461.120
  1160:    14463.120    14469.120    14471.120    14472.120    14474.120
  1165:    14478.120    14484.120    14540.120    14545.120    14547.120
  1170:    14553.120    14555.120    14586.120    14589.120    14589.120
  1175:    14621.120    14625.120    14626.120    14666.120    14669.120
  1180:    14671.120    14689.120    14690.120    14692.120    14704.120
  1185:    14706.120    14708.120    14709.120    14746.120    14749.120
  1190:    14764.120    14850.120    14852.120    14853.120    14855.120
  1195:    14882.100    14890.120    14916.100    14918.100    14920.100
  1200:    14925.100    14929.100    14934.100    14938.100    14942.100
  1205:    14946.100    14948.100    14951.120    15002.100    15006.200
  1210:    15010.120    15056.300    15120.120    15148.120    15156.510
  1215:    15156.120    15160.120    15167.120    15202.120    15204.120
  1220:    15205.120    15207.120    15216.120    15231.120    15235.120
  1225:    15237.120    15238.120    15239.120    15241.120    15246.120
  1230:    15261.120    15293.120    15323.120    15326.120    15328.120
  1235:    15346.120    15347.120    15351.120    15355.120    15396.120
  1240:    15398.120    15401.120    15428.120    15430.120    15431.120
  1245:    15433.120    15435.120    15437.120    15455.120    15457.120
  1250:    15461.120    15463.120    15464.120    15508.120    15510.120
  1255:    15512.120    15513.120    15549.120    15551.120    15552.120
  1260:    15553.120    15592.120    15593.120    15689.110    15755.110
  1265:    15757.110    15764.110    15772.110    15806.110    15812.110
  1270:    15817.110    15822.110    15825.110    15828.110    15831.110
  1275:    15847.110    15847.210    15852.120    15897.310    15997.500
  1280:    16025.120    16079.120    16189.120    16207.120    16217.120
  1285:    16242.120    16245.120    16246.120    16252.120    16284.120
  1290:    16288.120    16421.120    16426.120    16428.120    16518.120
  1295:    16519.120    16524.120    16552.120    16555.120    16557.120
  1300:    16576.120    16578.120    16580.120    16609.120    16610.120
  1305:    16611.120    16631.100    16634.100    16643.100    16651.100
  1310:    16655.100    16662.100    16669.120    16691.200    16741.300
  1315:    16799.120    16841.510    16855.120    16860.120    16865.120
  1320:    16867.120    16868.120    16876.120    16881.120    16882.120
  1325:    16883.120    16900.120    16900.120    16901.120    16903.120
  1330:    16915.120    16922.120    16923.120    16934.120    16935.120
  1335:    16940.120    16941.120    16943.120    16948.120    16951.120
  1340:    16995.120    17001.120    17026.120    17028.120    17032.120
  1345:    17034.120    17035.120    17068.120    17070.120    17072.120
  1350:    17076.120    17100.120    17103.120    17104.120    17106.120
  1355:    17108.120    17109.120    17139.120    17140.120    17142.120
  1360:    17145.120    17147.120    17178.120    17179.120    17183.120
  1365:    17185.120    17211.120    17213.120    17214.120    17216.120
  1370:    17252.120    17253.120    17256.120    17257.120    17260.120
  1375:    17261.120    17287.120    17289.120    17290.120    17292.120
  1380:    17325.110    17331.110    17341.110    17346.110    17351.110
  1385:    17358.110    17360.110    17372.120    17396.110    17399.110
  1390:    17408.110    17414.110    17420.110    17425.110    17433.110
  1395:    17440.110    17445.110    17448.110    17451.110    17454.110
  1400:    17456.110    17459.110    17463.110    17471.110    17474.110
  1405:    17478.110    17491.110    17501.120    17540.110    17540.210
  1410:    17544.120    17590.310    17658.120    17681.120    17685.120
  1415:    17686.120    17690.510    17702.120    17703.120    17703.120
  1420:    17712.120    17721.120    17722.120    17727.120    17867.120
  1425:    17868.120    17870.120    17924.120    17926.120    17935.120
  1430:    17980.120    18024.120    18027.120    18054.120    18056.120
  1435:    18057.120    18059.120    18060.120    18081.120    18082.120
  1440:    18084.120    18133.120    18134.120    18170.120    18194.110
  1445:    18246.110    18250.110    18253.110    18263.110    18286.120
  1450:    18305.110    18313.110    18318.110    18324.110    18328.110
  1455:    18334.110    18343.110    18359.110    18366.110    18372.110
  1460:    18372.210    18373.110    18377.120    18422.310    18511.120
  1465:    18522.500    18555.120    18744.120    18754.120    18778.120
  1470:    18781.120    18783.120    18795.120    18797.120    18810.120
  1475:    18811.120    18814.120    18823.120    18825.120    18830.120
  1480:    18834.120    18835.120    18838.120    18864.120    18865.120
  1485:    18867.120    18871.120    18890.120    18891.120    18893.120
  1490:    18895.120    18897.120    18969.120    18971.120    18972.120
  1495:    19022.120    19024.120    19061.100    19069.120    19112.100
  1500:    19113.100    19115.120    19148.100    19149.100    19156.100
  1505:    19165.100    19170.100    19172.200    19177.120    19222.300
  1510:    19298.120    19317.120    19319.120    19320.120    19322.510
  1515:    19329.120    19333.120    19333.120    19336.120    19342.120
  1520:    19349.120    19351.120    19352.120    19357.120    19366.120
  1525:    19395.120    19396.120    19401.120    19413.120    19430.120
  1530:    19448.120    19450.120    19452.120    19462.120    19464.120
  1535:    19475.120    19477.120    19479.120    19485.120    19493.120
  1540:    19495.120    19518.120    19531.120    19533.120    19551.120
  1545:    19552.120    19577.120    19583.120    19606.120    19621.120
  1550:    19636.120    19647.120    19649.120    19650.120    19652.120
  1555:    19682.120    19687.120    19688.120    19721.120    19726.120
  1560:    19759.120    19782.120    19784.120    19786.120    19805.120
  1565:    19807.120    19808.120    19826.120    19827.120    19829.120
  1570:    19848.120    19849.120    19871.110    19878.110    19889.110
  1575:    19897.110    19901.110    19909.110    19915.110    19917.110
  1580:    19924.120    19943.110    19945.110    19950.110    19953.110
  1585:    19960.110    19965.110    19967.110    19983.110    19988.110
  1590:    19992.110    19993.110    20003.110    20003.210    20009.120
  1595:    20053.310    20121.120    20153.500    20158.120    20172.120
  1600:    20174.120    20215.120    20230.120    20232.120    20331.120
  1605:    20332.120    20337.120    20338.120    20377.120    20379.120
  1610:    20384.120    20417.120    20418.120    20441.120    20443.120
  1615:    20445.120    20475.120    20478.120    20479.120    20511.120
  1620:    20513.120    20514.120    20517.120    20519.120    20552.120
  1625:    20553.120    20559.120    20598.120    20599.120    20600.120
  1630:    20642.120    20644.120    20645.120    20671.120    20673.120
  1635:    20674.120    20676.120    20697.120    20698.120    20700.120
  1640:    20702.120    20742.120    20743.120    20779.120    20783.120
  1645:    20838.120    20889.100    20901.100    20904.120    20939.100
  1650:    20940.100    20947.100    20949.200    20957.120    20999.300
  1655:    21066.120    21079.120    21090.120    21092.120    21093.120
  1660:    21099.510    21115.120    21121.120    21123.120    21176.120
  1665:    21178.120    21180.120    21194.120    21196.120    21207.120
  1670:    21217.120    21219.120    21223.120    21227.120    21228.120
  1675:    21230.120    21232.120    21267.120    21269.120    21271.120
  1680:    21272.120    21274.120    21295.120    21296.120    21298.120
  1685:    21300.120    21302.120    21337.120    21338.120    21340.120
  1690:    21358.120    21360.120    21362.120    21385.120    21386.120
  1695:    21388.120    21417.120    21419.120    21422.120    21423.120
  1700:    21485.120    21486.120    21487.120    21488.120    21504.120
  1705:    21506.120    21559.120    21561.120    21569.120    21594.120
  1710:    21616.110    21673.110    21678.110    21686.110    21688.110
  1715:    21694.110    21709.120    21738.110    21744.110    21748.110
  1720:    21756.110    21760.110    21769.110    21777.110    21779.110
  1725:    21795.110    21795.210    21801.120    21845.310    21908.120
  1730:    21909.120    21945.530    22052.120    22115.120    22130.120
  1735:    22135.120    22137.120    22148.120    22150.120    22155.120
  1740:    22161.120    22196.100    22201.100    22212.100    22218.100
  1745:    22229.120    22313.120    22315.120    22316.120    22320.120
  1750:    22321.120    22344.120    22346.120    22347.120    22349.120
  1755:    22351.120    22375.120    22376.120    22378.120    22379.120
  1760:    22439.100    22444.120    22487.100    22500.100    22506.100
  1765:    22510.100    22516.100    22524.100    22531.100    22538.100
  1770:    22542.120    22585.100    22587.100    22588.100    22596.100
  1775:    22603.100    22607.100    22611.100    22616.100    22618.100
  1780:    22624.100    22630.100    22634.100    22640.100    22643.100
  1785:    22651.100    22655.120    22719.100    22720.100    22730.120
  1790:    22777.100    22780.100    22790.100    22797.100    22810.100
  1795:    22811.120    22853.100    22862.100    22867.100    22875.120
  1800:    22914.120    23053.100    23129.100    23228.100    23232.100
  1805:    23249.120    23349.100    23357.100    23366.100    23369.120
  1810:    23398.120    23399.120    23484.120    23489.120    23493.120
  1815:    23498.120    23504.120    23533.100    23541.100    23568.100
  1820:    23620.100    23628.120    23688.100    23701.120    23713.120
  1825:    23729.120    23745.330    23845.510    23920.110    23928.110
  1830:    23934.110    23939.120    23952.120    23958.120    23964.120
  1835:    23966.120    23968.120    23968.120    23978.110    24006.110
  1840:    24008.110    24016.110    24020.120    24024.120    24028.120
  1845:    24039.120    24066.110    24073.110    24077.110    24079.110
  1850:    24111.110    24116.110    24120.110    24125.110    24132.110
  1855:    24142.110    24143.110    24146.110    24150.110    24151.110
  1860:    24153.110    24156.110    24160.110    24166.110    24169.110
  1865:    24170.110    24172.110    24186.110    24193.110    24197.110
  1870:    24198.110    24199.110    24201.110    24208.110    24223.110
  1875:    24224.110    24226.110    24226.110    24227.110    24228.110
  1880:    24229.110    24237.110    24246.110    24248.110    24256.110
  1885:    24258.110    24265.110    24273.110    24276.110    24290.110
  1890:    24312.110    24318.110    24319.110    24320.110    24329.110
  1895:    24335.110    24339.110    24343.110    24364.110    24376.110
  1900:    24383.110    24389.110    24391.110    24393.110    24403.110
  1905:    24422.110    24425.110    24429.110    24450.110    24472.110
  1910:    24477.110    24492.120    24497.120    24530.110    24530.210
  1915:    24533.120    24580.310    24630.120    24680.500    24689.120
  1920:    24691.120    24692.120    24709.120    24742.120    24745.120
  1925:    24755.120    24789.120    24790.120    24792.120    24794.120
  1930:    24815.120    24817.120    24820.120    24822.120    24856.120
  1935:    24858.120    24860.120    24862.120    24899.120    24900.120
  1940:    24904.120    24940.120    24944.120    24971.120    24973.120
  1945:    24974.120    24977.120    24978.120    24980.120    24982.120
  1950:    25024.120    25026.120    25027.120    25059.120    25062.120
  1955:    25119.120    25122.120    25165.120    25166.120    25215.120
  1960:    25245.100    25250.100    25256.120    25267.120    25271.120
  1965:    25273.120    25274.120    25299.100    25305.200    25309.120
  1970:    25355.300    25405.120    25442.120    25443.120    25444.120
  1975:    25455.500    25455.120    25460.120    25463.120    25464.120
  1980:    25466.120    25475.120    25481.120    25483.120    25485.120
  1985:    25491.120    25492.120    25501.120    25525.120    25527.120
  1990:    25559.100    25572.120    25573.120    25615.120    25627.120
  1995:    25639.120    25641.120    25653.120    25665.120    25715.120
  2000:    25722.120    25763.120    25817.120    25820.120    25822.120
  2005:    25847.120    25849.120    25851.120    25876.120    25879.120
  2010:    25881.120    25912.120    25915.120    25958.120    25959.120
  2015:    26063.100    26076.100    26081.100    26083.100    26089.100
  2020:    26104.100    26109.100    26113.120    26123.200    26173.300
  2025:    26225.120    26263.120    26267.120    26267.120    26273.540
  2030:    26277.120    26281.120    26438.120    26555.120    26585.120
  2035:    26612.120    26618.120    26637.120    26639.120    26641.120
  2040:    26642.120    26670.120    26675.120    26704.120    26708.120
  2045:    26723.120    26728.120    26749.120    26750.120    26785.120
  2050:    26787.120    26789.120    26789.120    26790.120    26798.110
  2055:    26806.110    26812.110    26827.110    26836.120    26855.110
  2060:    26859.110    26867.110    26869.110    26871.110    26873.110
  2065:    26875.110    26879.110    26889.110    26896.110    26901.110
  2070:    26903.110    26910.110    26917.110    26930.110    26932.110
  2075:    26937.110    26942.110    26943.110    26944.110    26945.110
  2080:    26946.110    26961.110    26964.110    26972.110    26979.110
  2085:    26987.110    26991.110    26992.110    26993.110    26994.110
  2090:    26995.110    27008.110    27014.110    27025.110    27027.110
  2095:    27029.110    27030.110    27055.110    27069.110    27075.110
  2100:    27081.110    27082.110    27083.110    27084.110    27095.110
  2105:    27126.110    27131.110    27135.110    27149.110    27157.110
  2110:    27179.120    27209.110    27224.110    27228.110    27233.110
  2115:    27251.110    27255.110    27262.110    27264.120    27278.120
  2120:    27280.120    27283.120    27287.120    27288.120    27290.120
  2125:    27292.120    27296.120    27306.120    27310.120    27315.120
  2130:    27318.120    27319.120    27320.120    27329.120    27331.120
  2135:    27332.120    27350.110    27356.110    27366.120    27375.120
  2140:    27377.120    27403.120    27407.120    27408.120    27417.120
  2145:    27419.120    27420.120    27436.120    27437.120    27440.120
  2150:    27488.120    27490.120    27491.120    27494.120    27500.120
  2155:    27524.120    27526.120    27547.120    27548.120    27550.120
  2160:    27552.120    27554.120    27593.120    27594.120    27596.120
  2165:    27611.120    27614.120    27616.120    27687.120    27689.120
  2170:    27708.120    27712.120    27727.120    27729.120    27731.120
  2175:    27732.120    27735.120    27736.120    27738.120    27740.120
  2180:    27790.120    27795.120    27840.120    27841.120    27844.120
  2185:    27845.120    27903.110    27913.110    27919.110    27922.110
  2190:    27925.110    27940.110    27943.110    27948.110    27957.110
  2195:    27965.110    27969.110    27971.110    27998.110    28003.110
  2200:    28004.110    28006.110    28010.110    28014.110    28018.110
  2205:    28056.110    28058.110    28063.110    28067.110    28073.340
  2210:    28097.120    28173.500    28279.100    28293.120    28312.120
  2215:    28323.100    28339.120    28368.100    28376.100    28382.100
  2220:    28385.100    28391.100    28393.100    28396.100    28401.100
  2225:    28407.100    28416.100    28417.120    28458.100    28461.100
  2230:    28464.100    28470.100    28474.100    28479.100    28483.100
  2235:    28491.100    28497.100    28506.100    28516.100    28520.100
  2240:    28522.100    28524.100    28527.100    28532.120    28577.100
  2245:    28579.100    28587.100    28593.100    28595.100    28596.100
  2250:    28602.100    28605.100    28612.100    28617.100    28625.100
  2255:    28629.100    28631.100    28633.100    28642.120    28664.120
  2260:    28693.100    28695.100    28703.100    28705.120    28775.120
  2265:    28817.100    28818.100    28822.100    28826.100    28830.100
  2270:    28841.100    28849.100    28851.100    28857.120    28877.200
  2275:    28927.300    29027.510    29141.120    29145.120    29158.120
  2280:    29193.120    29200.120    29201.120    29219.120    29258.120
  2285:    29263.120    29267.120    29269.120    29271.120    29272.120
  2290:    29300.120    29308.120    29310.120    29371.120    29377.120
  2295:    29378.120    29461.120    29462.120    29488.120    29491.120
  2300:    29523.120    29526.120    29528.120    29579.120    29602.110
  2305:    29607.110    29611.110    29612.110    29614.110    29627.110
  2310:    29631.120    29655.110    29659.110    29663.110    29668.110
  2315:    29675.110    29681.110    29701.110    29705.110    29707.110
  2320:    29712.110    29712.210    29713.110    29717.120    29762.310
  2325:    29862.510    29884.120    29917.120    29919.120    29921.120
  2330:    29923.120    29936.120    29952.120    29953.120    29954.120
  2335:    29960.120    29961.120    29985.120    29987.120    29987.120
  2340:    29990.120    29996.120    30026.120    30049.120    30059.120
  2345:    30065.120    30075.120    30077.120    30079.120    30104.120
  2350:    30105.120    30110.120    30117.120    30138.120    30144.120
  2355:    30146.120    30149.120    30184.120    30189.120    30191.120
  2360:    30249.120    30251.120    30253.120    30254.120    30256.120
  2365:    30256.120    30259.120    30303.120    30304.120    30333.120
  2370:    30335.120    30337.120    30340.120    30399.120    30401.120
  2375:    30402.120    30403.120    30405.120    30407.120    30455.120
  2380:    30474.110    30481.110    30499.110    30517.110    30521.110
  2385:    30528.110    30533.110    30544.110    30544.210    30546.110
  2390:    30550.120    30594.310    30681.120    30694.500    30748.120
  2395:    30753.120    30765.120    30770.120    30787.120    30796.120
  2400:    30819.120    30820.120    30824.120    30833.120    30836.120
  2405:    30839.120    30842.120    30845.120    30847.120    30870.120
  2410:    30873.120    30875.120    30905.120    30907.120    30909.120
  2415:    30910.120    30910.120    30915.120    30918.120    30953.120
  2420:    30966.120    30978.120    30980.120    30982.120    30985.120
  2425:    30987.120    31002.120    31012.120    31014.120    31047.120
  2430:    31069.120    31074.120    31074.120    31075.120    31087.100
  2435:    31094.100    31101.120    31184.100    31192.120    31223.100
  2440:    31228.100    31230.100    31238.120    31284.100    31287.100
  2445:    31292.100    31298.100    31303.100    31310.100    31319.100
  2450:    31326.100    31333.100    31339.100    31342.120    31344.200
  2455:    31394.300    31451.120    31486.120    31494.510    31508.120
  2460:    31510.120    31518.120    31520.120    31527.120    31528.120
  2465:    31529.120    31531.120    31533.120    31535.120    31536.120
  2470:    31537.120    31552.120    31554.120    31556.120    31558.120
  2475:    31559.120    31568.120    31577.120    31579.120    31581.120
  2480:    31583.120    31585.120    31624.120    31626.120    31628.120
  2485:    31630.120    31650.120    31655.120    31668.120    31673.120
  2490:    31675.120    31676.120    31679.120    31688.120    31690.120
  2495:    31692.120    31695.120    31733.120    31738.120    31741.120
  2500:    31745.120    31747.120    31748.120    31750.120    31773.120
  2505:    31775.120    31780.120    31782.120    31784.120    31816.120
  2510:    31817.120    31819.120    31823.120    31854.120    31855.120
  2515:    31857.120    31859.120    31861.120    31863.120    31911.120
  2520:    31912.120    31914.120    31916.120    31917.120    31981.120
  2525:    31982.120    31983.120    31985.120    31987.120    31989.120
  2530:    31990.120    32025.120    32028.120    32029.120    32031.120
  2535:    32033.120    32034.120    32065.120    32083.120    32085.120
  2540:    32086.120    32110.120    32112.120    32117.120    32149.120
  2545:    32151.120    32152.120    32153.120    32187.110    32187.210
  2550:    32191.120    32237.310    32290.120    32337.500    32355.120
  2555:    32357.120    32362.120    32366.120    32368.120    32375.120
  2560:    32376.120    32379.120    32388.120    32402.120    32404.120
  2565:    32419.120    32434.120    32435.120    32443.120    32445.120
  2570:    32454.120    32455.120    32463.120    32470.120    32491.120
  2575:    32492.120    32501.120    32506.120    32515.120    32521.120
  2580:    32523.120    32524.120    32526.120    32527.120    32529.120
  2585:    32531.120    32533.120    32539.120    32543.120    32544.120
  2590:    32563.120    32569.120    32570.120    32573.120    32575.120
  2595:    32577.120    32579.120    32583.120    32584.120    32586.120
  2600:    32586.120    32591.120    32591.120    32593.120    32595.120
  2605:    32598.120    32602.120    32605.120    32605.120    32607.120
  2610:    32611.120    32612.120    32618.120    32619.120    32624.120
  2615:    32629.120    32630.120    32632.120    32634.120    32635.120
  2620:    32637.120    32637.120    32644.120    32646.120    32647.120
  2625:    32649.120    32685.120    32687.120    32687.120    32689.120
  2630:    32691.120    32692.120    32695.120    32697.120    32733.120
  2635:    32736.120    32738.120    32740.120    32741.120    32743.120
  2640:    32745.120    32746.120    32748.120    32760.120    32762.120
  2645:    32763.120    32765.120    32767.120    32768.120    32770.120
  2650:    32772.120    32801.120    32802.120    32837.100    32842.120
  2655:    32881.100    32894.120    32934.100    32941.200    32945.120
  2660:    32991.300    33034.120    33034.120    33036.120    33039.120
  2665:    33048.120    33061.120    33075.120    33077.120    33079.120
  2670:    33083.120    33084.120    33091.510    33095.120    33096.120
  2675:    33099.120    33101.120    33107.120    33108.120    33124.120
  2680:    33134.120    33134.120    33144.120    33151.120    33155.120
  2685:    33163.120    33168.120    33173.120    33175.120    33176.120
  2690:    33180.120    33182.120    33190.120    33192.120    33198.120
  2695:    33200.120    33201.120    33203.120    33204.120    33205.120
  2700:    33207.120    33209.120    33210.120    33216.120    33217.120
  2705:    33219.120    33221.120    33223.120    33225.120    33227.120
  2710:    33249.120    33252.120    33254.120    33256.120    33257.120
  2715:    33266.120    33268.120    33269.120    33271.120    33273.120
  2720:    33283.120    33285.120    33286.120    33323.120    33324.120
  2725:    33328.120    33331.120    33334.120    33335.120    33337.120
  2730:    33342.120    33344.120    33345.120    33347.120    33349.120
  2735:    33351.120    33386.120    33388.120    33390.120    33391.120
  2740:    33455.120    33462.120    33467.120    33468.120    33523.120
  2745:    33525.120    33527.120    33528.120    33558.120    33559.120
  2750:    33605.120    33611.120    33640.120    33641.120    33642.120
  2755:    33644.120    33674.120    33676.120    33679.120    33712.120
  2760:    33741.110    33796.110    33796.210    33800.120    33846.310
  2765:    33907.120    33946.500    33951.120    33952.120    33953.120
  2770:    33954.120    33955.120    33958.120    33958.120    33959.120
  2775:    33966.120    33969.120    33976.120    33980.120    33998.120
  2780:    34000.120    34018.120    34018.120    34029.120    34032.120
  2785:    34062.120    34065.120    34087.120    34099.120    34100.120
  2790:    34104.120    34105.120    34107.120    34109.120    34119.120
  2795:    34121.120    34123.120    34142.120    34147.120    34149.120
  2800:    34153.120    34194.120    34218.120    34224.120    34227.120
  2805:    34274.120    34276.120    34292.120    34300.120    34311.120
  2810:    34319.120    34319.120    34321.120    34322.120    34332.120
  2815:    34338.120    34340.120    34388.120    34391.120    34396.120
  2820:    34401.120    34403.120    34465.120    34466.120    34468.120
  2825:    34470.120    34510.120    34513.120    34514.120    34537.120
  2830:    34538.120    34541.120    34543.120    34560.120    34563.120
  2835:    34565.120    34567.120    34622.120    34649.100    34669.120
  2840:    34699.100    34706.100    34709.200    34714.120    34759.300
  2845:    34837.120    34859.510    34906.120    34937.120    34941.120
  2850:    34950.120    34951.120    34956.120    34965.120    34980.120
  2855:    34989.120    34991.120    35009.120    35317.110    35320.110
  2860:    35341.120    35369.110    35377.110    35399.110    35410.120
  2865:    35425.110    35439.110    35444.110    35457.110    35474.110
  2870:    35479.110    35481.110    35485.110    35496.110    35502.110
  2875:    35506.110    35515.110    35518.110    35525.110    35549.110
  2880:    35549.210    35554.120    35599.310    35663.120    35699.500
  2885:    35708.120    35710.120    35715.120    35717.120    35722.120
  2890:    35730.120    35732.120    35736.120    35736.120    35749.120
  2895:    35749.120    35753.120    35756.120    35757.120    35758.120
  2900:    35760.120    35764.120    35768.120    35770.120    35793.120
  2905:    35794.120    35795.120    35797.120    35801.120    35804.120
  2910:    35805.120    35808.120    35824.120    35826.120    35828.120
  2915:    35834.120    35846.120    35850.120    35956.120    35959.120
  2920:    36053.120    36065.120    36081.120    36085.120    36087.120
  2925:    36094.120    36097.120    36112.120    36114.120    36116.120
  2930:    36126.120    36127.120    36129.120    36130.120    36132.120
  2935:    36142.120    36144.120    36146.120    36152.120    36154.120
  2940:    36156.120    36181.120    36182.120    36184.120    36198.120
  2945:    36250.120    36261.120    36307.120    36328.120    36353.100
  2950:    36360.100    36371.120    36402.100    36409.100    36413.200
  2955:    36416.100    36419.120    36463.300    36563.500    36563.120
  2960:    36585.120    36589.120    36591.120    36611.120    36612.120
  2965:    36613.120    36737.120    36783.120    36785.120    37336.100
  2970:    37349.100    37355.100    37359.100    37364.100    37367.100
  2975:    37370.100    37375.100    37383.120    37396.200    37446.300
  2980:    37489.120    37491.120    37498.120    37502.120    37507.120
  2985:    37509.120    37515.120    37517.120    37521.120    37526.120
  2990:    37546.510    37899.120    37936.110    37943.110    38002.110
  2995:    38004.110    38011.110    38017.110    38037.110    38042.110
  3000:    38044.110    38051.110    38061.110    38073.110    38075.110
  3005:    38078.110    38081.110    38094.110    38097.110    38112.110
  3010:    38117.110    38123.110    38126.110    38128.110    38138.110
  3015:    38150.110    38158.110    38161.110    38170.110    38179.110
  3020:    38197.110    38202.110    38203.110    38205.110    38213.110
  3025:    38219.110    38221.110    38224.110    38226.110    38226.210
  3030:    38230.120    38276.310    38345.120    38372.120    38376.500
  3035:    38534.120    38542.120    38555.120    38556.120    38557.120
  3040:    38559.120    38560.120    38562.120    38571.120    38573.120
  3045:    38578.120    38584.120    38586.120    38597.120    38598.120
  3050:    38600.120    38602.120    38603.120    38605.120    38611.120
  3055:    38612.120    38616.120    38618.120    38640.120    38642.120
  3060:    38645.120    38647.120    38671.120    38673.120    38677.120
  3065:    38678.120    38680.120    38682.120    38729.120    38732.120
  3070:    38781.120    38783.120    38786.120    38822.120    38829.120
  3075:    38874.120    38876.120    38880.120    38979.100    38986.120
  3080:    39015.100    39022.100    39025.100    39030.100    39033.100
  3085:    39039.200    39043.120    39089.300    39163.120    39164.120
  3090:    39182.120    39184.120    39189.510    39198.120    39204.120
  3095:    39205.120    39212.120    39214.120    39216.120    39218.120
  3100:    39232.120    39233.120    39239.120    39251.120    39382.120
  3105:    39385.120    39387.120    39395.120    39397.120    39398.120
  3110:    39408.120    39411.120    39416.120    39440.120    39445.120
  3115:    39446.120    39479.120    39531.120    39534.120    39562.120
  3120:    39566.120    39589.120    39591.120    39595.120    39596.120
  3125:    39628.120    39629.120    39652.120    39703.120    39747.110
  3130:    39749.110    39756.110    39769.120    39791.110    39803.110
  3135:    39805.110    39808.110    39812.110    39815.110    39819.110
  3140:    39821.110    39837.110    39842.120    39865.110    39869.110
  3145:    39869.210    39874.120    39919.310    39962.120    40019.510
  3150:    40029.120    40035.120    40036.120    40037.120    40043.120
  3155:    40044.120    40050.120    40097.120    40102.120    40108.120
  3160:    40112.120    40152.110    40301.110    40440.110    40445.110
  3165:    40447.110    40453.120    40487.110    40496.110    40557.110
  3170:    40597.110    40606.110    40609.110    40613.110    40618.120
  3175:    40619.120    40636.120    40637.120    40644.110    40651.110
  3180:    40657.110    40661.110    40671.110    40692.110    40696.110
  3185:    40701.110    40701.210    40705.120    40751.310    40802.120
  3190:    40851.500    40854.120    40867.120    40869.120    40889.120
  3195:    40898.120    40936.120    40938.120    40941.120    40943.120
  3200:    40950.120    40952.120    40953.120    40955.120    40978.120
  3205:    40989.120    41007.120    41008.120    41016.120    41017.120
  3210:    41070.120    41072.120    41082.120    41108.120    41111.120
  3215:    41115.120    41140.120    41146.120    41148.120    41184.120
  3220:    41188.120    41221.120    41222.120    41224.120    41226.120
  3225:    41230.120    41252.120    41253.120    41257.120    41259.120
  3230:    41280.120    41281.120    41304.120    41306.120    41308.120
  3235:    41333.100    41341.120    41369.100    41371.100    41383.100
  3240:    41392.100    41396.100    41409.120    41428.120    41441.100
  3245:    41444.100    41452.200    41455.120    41502.300    41567.120
  3250:    41598.120    41599.120    41601.120    41602.500    41603.120
  3255:    41605.120    41611.120    41612.120    41618.120    41619.120
  3260:    41622.120    41624.120    41629.120    41640.120    41644.120
  3265:    41650.120    41659.120    41668.120    41672.120    41675.120
  3270:    41676.120    41678.120    41686.120    41716.120    41718.120
  3275:    41720.120    41722.120    41724.120    41736.120    41737.120
  3280:    41739.120    41740.120    41761.120    41770.120    41773.120
  3285:    41786.120    41789.120    41794.120    41796.120    41797.120
  3290:    41801.120    41821.120    41827.120    41828.120    41830.120
  3295:    41832.120    41836.120    41838.120    41838.120    41840.120
  3300:    41844.120    41848.120    41853.120    41854.120    41858.120
  3305:    41860.120    41862.120    41863.120    41869.120    41873.120
  3310:    41875.120    41919.120    41921.120    41923.120    41948.120
  3315:    41949.120    41992.120    41995.120    41997.120    41999.120
E:
     0:     3320.000      364.000      719.000
F:
     0:       70.000       32.102       31.705
G:
     0:        1.000        1.000        1.000        1.000        1.000
     5:        1.000        1.000        1.000        1.000        0.000
H:
     0:        1.000        1.000        2.000        2.000
L:
     0:     6800.000     6206.000     6314.000     6341.000     7172.000
     5:     7418.000     6131.000     7036.000     6598.000     8061.000
    10:     6353.000     6785.000     7141.000     6595.000     6133.000
    15:     7727.000     7238.000     8430.000     6726.000     6111.000
R:
     0:        1.000        1.000        1.000        1.000        1.000
     5:        1.000        1.000        1.000        1.000        0.000
S:
     0:        1.000        1.000
U:
     0:     6800.000        0.000        0.000
X:
     0:        0.000      502.001      506.002      509.003      516.004
     5:      527.005      529.006      535.007      609.008      611.009
    10:      612.010      617.011      626.012      629.013      635.014
    15:      637.015      642.016      647.017      655.018      670.018
    20:      720.000      720.000     1060.001     1174.002     1270.003
    25:     1313.004     1314.005     1319.006     1324.007     1327.008
    30:     1330.008     1330.009     1380.000     1380.000     1880.001
    35:     1886.002     1941.003     1944.004     1987.005     2000.006
    40:     2001.006     2051.000     2051.000     2051.169     2051.170
    45:     2051.171     2051.172     2051.173     2051.174     2051.175
    50:     2051.176     2051.177     2051.178     2051.179     2051.180
    55:     2051.181     2051.182     2051.183     2051.184     2051.185
    60:     2051.186     2051.187     2051.188     2051.189     2051.190
    65:     2051.191     2051.192     2051.193     2051.194     2051.195
    70:     2051.196     2051.197     2051.198     2051.199     2051.199
    75:     2051.000     2051.000     2698.001     2758.001     2808.000
    80:     2808.000     3479.001     3489.002     3495.003     3501.004
    85:     3507.005     3512.006     3524.007     3539.007     3589.000
    90:     3589.000     4236.002     4238.004     4243.006     4288.008
    95:     4289.010     4290.012     4295.014     4299.016     4303.018
   100:     4308.020     4315.022     4322.024     4327.026     4328.028
   105:     4330.030     4390.032     4392.034     4394.036     4396.038
   110:     4403.040     4408.042     4414.044     4415.046     4423.048
   115:     4425.050     4435.052     4437.054     4441.056     4444.058
   120:     4447.060     4454.062     4459.064     4460.066     4461.068
   125:     4520.070     4523.072     4923.074     5212.076     7101.001
   130:     7135.002     7137.003     7140.004     7144.005     7149.006
   135:     7154.007     7158.008     7161.009     7166.010     7167.011
   140:     7221.012     7226.012     7276.000     7276.000     7909.001
   145:     7913.002     7921.003     7929.004     7933.005     7941.006
   150:     7969.006     8019.000     8019.000     8558.001     8608.002
   155:     8610.003     8644.004     8646.005     8653.006     8662.007
   160:     8667.008     8668.008     8718.000     8718.000     9454.001
   165:     9466.002     9504.003     9505.004     9512.005     9514.005
   170:     9564.000     9564.000     9815.002     9819.004     9830.006
   175:     9836.008    10057.010    10105.012    10118.014    10124.016
   180:    10128.018    10134.020    10142.022    10149.024    10156.026
   185:    10203.028    10205.030    10207.032    10214.034    10222.036
   190:    10226.038    10230.040    10234.042    10236.044    10242.046
   195:    10249.048    10252.050    10258.052    10261.054    10270.056
   200:    10337.058    10338.060    10395.062    10398.064    10408.066
   205:    10415.068    10429.070    10471.072    10480.074    10485.076
   210:    10672.078    10748.080    10846.082    10850.084    10967.086
   215:    10975.088    10984.090    11151.092    11160.094    11186.096
   220:    11238.098    11306.100    12863.001    12868.002    12917.003
   225:    12923.003    12973.000    12973.000    13076.001    13581.002
   230:    13593.003    13598.004    13601.005    13606.006    13622.007
   235:    13627.008    13641.008    13691.000    13691.000    13691.175
   240:    13691.176    13691.177    13691.178    13691.179    13691.180
   245:    13691.181    13691.182    13691.183    13691.184    13691.185
   250:    13691.186    13691.187    13691.188    13691.189    13691.190
   255:    13691.191    13691.192    13691.193    13691.194    13691.195
   260:    13691.196    13691.197    13691.198    13691.199    13691.200
   265:    13691.201    13691.202    13691.203    13691.204    13691.205
   270:    13691.206    13691.207    13691.208    13691.209    13691.210
   275:    13691.211    13691.212    13691.213    13691.214    13691.215
   280:    13691.216    13691.217    13691.218    13691.219    13691.220
   285:    13691.221    13691.222    13691.223    13691.224    13691.225
   290:    13691.226    13691.226    13691.000    13691.000    14084.001
   295:    14090.002    14180.003    14220.004    14224.005    14227.006
   300:    14280.007    14284.008    14289.009    14294.010    14300.011
   305:    14306.012    14315.013    14323.014    14330.015    14336.016
   310:    14340.016    14390.000    14390.000    14890.001    14933.002
   315:    14986.003    14993.003    15043.000    15043.000    15745.001
   320:    15795.002    15803.003    15805.003    15855.000    15855.000
   325:    16508.001    16516.002    16557.003    16564.004    16568.004
   330:    16571.005    16618.000    16618.000    17390.001    17404.002
   335:    17410.003    17414.004    17419.005    17422.006    17424.007
   340:    17429.008    17451.008    17501.000    17501.000    18103.001
   345:    18139.002    18146.003    18149.004    18154.005    18157.006
   350:    18163.006    18213.000    18213.000    18694.001    18731.002
   355:    18733.003    18745.004    18754.005    18758.006    18802.007
   360:    18806.008    18814.008    18864.000    18864.000
Y:
     0:        0.000       38.001      133.002      135.003      145.004
     5:      151.005      157.006      159.007      187.008      195.009
    10:      200.010      229.011      237.012      263.013      269.014
    15:      272.015      282.016      283.017      290.018      297.019
    20:      304.020      307.021      312.022      343.023      346.024
    25:      365.025      367.026      370.027      378.028      387.029
    30:      393.030      415.031      418.032      429.033      431.034
    35:      448.035      449.036      452.037      472.038      484.039
    40:      486.040      490.041      560.042      560.042      610.000
    45:      610.000     1114.001     1136.002     1143.003     1147.004
    50:     1152.005     1152.005     1202.000     1202.000     1602.001
    55:     1610.002     1621.003     1629.004     1659.005     1664.006
    60:     1670.007     1673.008     1677.009     1684.010     1687.011
    65:     1698.012     1740.013     1749.014     1749.014     1751.015
    70:     1799.000     1799.000     2296.001     2303.002     2306.003
    75:     2314.004     2320.005     2355.006     2361.007     2368.008
    80:     2373.009     2381.010     2392.011     2401.012     2403.013
    85:     2441.014     2445.015     2449.016     2455.017     2463.018
    90:     2465.019     2478.020     2486.021     2486.021     2488.022
    95:     2536.000     2536.000     3019.002     3071.004     3076.006
   100:     3079.008     3094.010     3123.012     3127.014     3133.016
   105:     3138.018     3142.020     3151.022     3159.024     3164.026
   110:     3168.028     3182.030     3184.032     3187.034     3194.036
   115:     3199.038     3200.040     3224.042     3241.044     3247.046
   120:     3248.048     3254.050     3260.052     3261.054     3264.056
   125:     3268.058     3273.060     3278.062     3280.064     3286.066
   130:     3290.068     3292.070     3299.072     3310.074     3311.076
   135:     3312.078     3314.080     3315.082     3316.084     3321.086
   140:     3325.088     3332.090     3342.092     3347.094     3349.096
   145:     3362.098     3410.100     3412.102     3418.104     3424.106
   150:     3426.108     3427.110     3448.112     3450.114     3451.116
   155:     3455.118     3458.120     3832.122     3838.124     3883.126
   160:     3891.128     3927.130     3933.132     3937.134     3944.136
   165:     3945.138     3998.140     4008.142     4021.144     4048.146
   170:     4051.148     4066.150     4070.152     4129.154     4132.156
   175:     4137.158     4145.160     4155.162     4161.164     4231.166
   180:     4236.168     5696.001     5701.002     5705.003     5713.004
   185:     5726.005     5727.006     5728.007     5732.008     5734.009
   190:     5735.010     5737.011     5743.012     5744.013     5762.014
   195:     5766.015     5773.016     5775.017     5782.018     5788.019
   200:     5792.020     5805.021     5807.022     5810.023     5817.024
   205:     5823.025     5829.026     5833.027     5835.028     5839.029
   210:     5874.030     5883.031     5886.032     5895.033     5895.033
   215:     5945.000     5945.000     6515.001     6524.002     6527.003
   220:     6537.004     6541.005     6546.006     6548.007     6550.008
   225:     6581.009     6585.010     6588.011     6593.012     6597.013
   230:     6599.014     6604.015     6626.016     6626.016     6676.000
   235:     6676.000     6676.077     6676.078     6676.079     6676.080
   240:     6676.081     6676.082     6676.083     6676.084     6676.085
   245:     6676.086     6676.087     6676.088     6676.089     6676.090
   250:     6676.091     6676.092     6676.093     6676.094     6676.095
   255:     6676.096     6676.097     6676.098     6676.099     6676.100
   260:     6676.101     6676.102     6676.103     6676.104     6676.105
   265:     6676.106     6676.107     6676.108     6676.109     6676.110
   270:     6676.111     6676.112     6676.113     6676.114     6676.115
   275:     6676.116     6676.117     6676.118     6676.119     6676.120
   280:     6676.121     6676.122     6676.123     6676.124     6676.125
   285:     6676.126     6676.127     6676.128     6676.129     6676.130
   290:     6676.131     6676.132     6676.133     6676.134     6676.135
   295:     6676.136     6676.137     6676.138     6676.139     6676.140
   300:     6676.141     6676.142     6676.143     6676.144     6676.144
   305:     6676.000     6676.000     7208.001     7275.002     7276.003
   310:     7283.004     7291.005     7325.006     7331.007     7336.008
   315:     7341.009     7344.010     7348.011     7350.012     7366.013
   320:     7367.013     7417.000     7417.000     7901.001     7906.002
   325:     7917.003     7922.004     7927.005     7934.006     7936.007
   330:     7972.008     7974.009     7983.010     7989.011     7996.012
   335:     8001.013     8009.014     8016.015     8021.016     8024.017
   340:     8026.018     8030.019     8031.020     8035.021     8038.022
   345:     8047.023     8050.024     8054.025     8067.026     8116.027
   350:     8116.027     8166.000     8166.000     8669.001     8721.002
   355:     8725.003     8728.004     8738.005     8780.006     8788.007
   360:     8793.008     8799.009     8803.010     8809.011     8818.012
   365:     8834.013     8841.014     8847.015     8847.015     8848.016
   370:     8897.000     8897.000     9446.001     9453.002     9464.003
   375:     9472.004     9476.005     9484.006     9490.007     9492.008
   380:     9518.009     9520.010     9524.011     9528.012     9535.013
   385:     9540.014     9542.015     9558.016     9563.017     9567.018
   390:     9568.019     9578.020     9578.020     9628.000     9628.000
   395:    10145.001    10202.002    10206.003    10215.004    10217.005
   400:    10222.006    10266.007    10273.008    10277.009    10284.010
   405:    10288.011    10298.012    10306.013    10307.014    10324.015
   410:    10324.015    10374.000    10374.000    10374.101    10374.102
   415:    10374.103    10374.104    10374.105    10374.106    10374.107
   420:    10374.108    10374.109    10374.110    10374.111    10374.112
   425:    10374.113    10374.114    10374.115    10374.116    10374.117
   430:    10374.118    10374.119    10374.120    10374.121    10374.122
   435:    10374.123    10374.124    10374.125    10374.126    10374.127
   440:    10374.128    10374.129    10374.130    10374.131    10374.132
   445:    10374.133    10374.134    10374.135    10374.136    10374.137
   450:    10374.138    10374.139    10374.140    10374.141    10374.142
   455:    10374.143    10374.144    10374.145    10374.146    10374.147
   460:    10374.148    10374.149    10374.150    10374.151    10374.152
   465:    10374.153    10374.154    10374.155    10374.156    10374.157
   470:    10374.158    10374.159    10374.160    10374.161    10374.162
   475:    10374.163    10374.164    10374.165    10374.166    10374.167
   480:    10374.168    10374.169    10374.170    10374.171    10374.172
   485:    10374.173    10374.173    10374.000    10374.000    10898.002
   490:    10907.004    10912.006    10927.008    10955.010    10959.012
   495:    10967.014    10969.016    10972.018    10973.020    10975.022
   500:    10979.024    10989.026    10996.028    11002.030    11003.032
   505:    11010.034    11017.036    11030.038    11032.040    11037.042
   510:    11042.044    11043.046    11044.048    11045.050    11046.052
   515:    11061.054    11064.056    11072.058    11079.060    11087.062
   520:    11091.064    11092.066    11093.068    11094.070    11095.072
   525:    11108.074    11114.076    11125.078    11127.080    11129.082
   530:    11130.084    11156.086    11169.088    11175.090    11181.092
   535:    11182.094    11183.096    11184.098    11195.100    11226.102
   540:    11231.104    11235.106    11249.108    11257.110    11309.112
   545:    11324.114    11328.116    11333.118    11351.120    11355.122
   550:    11362.124    11450.126    11457.128    12003.130    12013.132
   555:    12019.134    12022.136    12025.138    12040.140    12043.142
   560:    12048.144    12057.146    12065.148    12069.150    12071.152
   565:    12098.154    12103.156    12104.158    12106.160    12111.162
   570:    12115.164    12118.166    12156.168    12158.170    12163.172
   575:    12167.174    13702.001    13707.002    13711.003    13712.004
   580:    13714.005    13727.006    13755.007    13759.008    13763.009
   585:    13768.010    13775.011    13781.012    13801.013    13805.014
   590:    13807.015    13812.016    13812.016    13814.017    13862.000
   595:    13862.000    14473.001    14480.002    14498.003    14516.004
   600:    14521.005    14527.006    14532.007    14543.008    14544.008
   605:    14545.009    14594.000    14594.000    15287.001    15287.001
   610:    15337.000    15337.000    15986.001    16042.002    16042.002
   615:    16092.000    16092.000    16550.001    16553.002    16602.003
   620:    16610.004    16632.005    16658.006    16672.007    16677.008
   625:    16690.009    16707.010    16712.011    16714.012    16717.013
   630:    16729.014    16735.015    16739.016    16748.017    16751.018
   635:    16758.019    16782.020    16782.020    16832.000    16832.000
   640:    17222.001    17228.002    17287.003    17290.004    17297.005
   645:    17303.006    17322.007    17328.008    17330.009    17337.010
   650:    17346.011    17359.012    17360.013    17364.014    17367.015
   655:    17380.016    17383.017    17398.018    17402.019    17409.020
   660:    17412.021    17414.022    17424.023    17435.024    17443.025
   665:    17446.026    17455.027    17464.028    17483.029    17487.030
   670:    17489.031    17491.032    17498.033    17505.034    17507.035
   675:    17509.036    17512.037    17512.037    17562.000    17562.000
   680:    18119.001    18122.002    18129.003    18163.004    18175.005
   685:    18178.006    18181.007    18184.008    18188.009    18192.010
   690:    18194.011    18210.012    18238.013    18242.014    18242.014
   695:    18292.000    18292.000    18424.001    18573.002    18712.003
   700:    18717.004    18719.005    18759.006    18768.007    18829.008
   705:    18869.009    18878.010    18881.011    18885.012    18916.013
   710:    18923.014    18929.015    18933.016    18943.017    18964.018
   715:    18968.019    18973.020    18973.020    19023.000
