File: C:\MED-PC\Data\2018-05-25_12h59m_Subject M326.txt


Start Date: 05/25/18
End Date: 05/25/18
Subject: M326
Experiment: DOBLE_PICO_DEMORA
Group: EXP
Box: 9
Start Time: 12:59:32
End Time: 14:12:59
MSN: IF_ACO_MULTIPLE_PICO
A:     209.000
B:      20.000
D:      21.000
I:       1.000
J:   18000.000
K:    5400.000
M:       0.000
N:      21.000
O:      21.000
P:     451.000
Q:       0.000
T:    1000.000
V:     600.000
W:      20.000
Z:       0.000
C:
     0:        0.120        0.120        0.120        0.120        0.120
     5:        0.120        0.120        0.120        0.120        0.120
    10:        0.120        0.120        0.120        0.120        0.120
    15:        0.120        0.120        0.120        0.120        0.120
    20:        0.120        0.120        0.120        0.120        0.120
    25:        0.120        0.120        0.510       29.110       35.120
    30:      256.110      262.120      283.110      294.110      309.110
    35:      314.120      354.120      370.110      382.110      394.110
    40:      403.110      407.110      413.120      435.120      440.120
    45:      471.110      477.110      483.110      487.110      491.110
    50:      508.110      517.120      547.120      557.110      557.210
    55:      561.120      607.310      707.500      883.120      971.120
    60:      977.120     1027.120     1206.100     1214.120     1269.100
    65:     1275.100     1278.120     1283.120     1329.200     1379.300
    70:     1479.510     1631.120     1731.120     1810.120     1897.120
    75:     1982.120     2007.110     2024.110     2031.120     2057.110
    80:     2062.120     2140.110     2140.210     2144.120     2190.310
    85:     2290.500     2413.120     2520.120     2575.120     2606.120
    90:     2711.120     2862.100     2869.120     2872.120     2883.120
    95:     2885.120     2922.200     2972.300     3072.510     3202.120
   100:     3325.120     3389.120     3399.120     3552.120     3656.120
   105:     3706.110     3706.210     3710.120     3756.310     3856.510
   110:     3960.120     4029.120     4050.120     4109.120     4133.120
   115:     4139.120     4143.120     4147.120     4215.120     4313.110
   120:     4321.120     4417.110     4437.110     4451.110     4455.120
   125:     4542.110     4542.210     4546.120     4592.310     4692.500
   130:     4779.120     4877.120     4901.120     4911.120     4930.120
   135:     5281.120     5318.120     5365.120     5389.100     5395.100
   140:     5401.120     5406.120     5410.120     5419.120     5449.200
   145:     5499.300     5599.500     5703.120     5767.120     6007.120
   150:     6032.120     6043.120     6137.100     6149.120     6153.120
   155:     6227.120     6251.100     6259.100     6266.120     6311.200
   160:     6361.300     6461.510     6564.120     6651.120     6832.120
   165:     6832.120     6857.110     6867.110     6892.110     6899.120
   170:     6909.120     6928.120     7004.110     7010.110     7016.110
   175:     7022.110     7032.110     7039.120     7059.110     7069.110
   180:     7075.110     7083.110     7090.110     7101.110     7101.210
   185:     7106.120     7151.310     7251.510     7320.120     7368.120
   190:     7690.110     7696.120     7711.120     7722.120     7752.110
   195:     7756.110     7763.110     7778.120     7819.120     7857.110
   200:     7862.110     7884.120     7892.120     7926.120     7972.110
   205:     7972.210     7977.120     8022.310     8122.500     8254.120
   210:     8313.120     8333.120     8433.120     8633.120     8684.100
   215:     8691.100     8696.120     8744.200     8794.300     8894.540
   220:     8971.120     8972.120     9011.120     9028.120     9039.120
   225:     9311.120     9327.120     9495.120     9578.110     9588.110
   230:     9594.110     9602.110     9611.110     9613.110     9623.110
   235:     9627.120     9706.110     9713.110     9720.110     9725.110
   240:     9742.110     9753.110     9757.120     9828.120     9856.110
   245:     9859.110     9864.110     9872.120     9916.120     9962.120
   250:     9979.110     9982.110     9985.110     9998.110    10015.110
   255:    10020.110    10021.110    10024.110    10029.110    10036.110
   260:    10043.120    10047.120    10110.120    10218.120    10267.120
   265:    10283.110    10293.110    10305.110    10313.110    10323.110
   270:    10334.120    10395.120    10410.110    10470.110    10490.110
   275:    10496.110    10506.110    10517.110    10557.110    10568.110
   280:    10570.110    10578.110    10579.110    10584.120    10694.340
   285:    10705.120    10719.120    10779.120    10785.120    10794.530
   290:    10821.120    10895.120    10899.120    10970.120    10994.100
   295:    11182.120    11194.100    11206.120    11295.100    11307.120
   300:    11386.120    11401.120    11409.100    11419.100    11424.100
   305:    11429.100    11441.120    11550.100    11553.100    11567.100
   310:    11584.100    11591.100    11596.100    11602.100    11613.120
   315:    11709.100    11722.100    11740.120    11769.120    11776.120
   320:    11782.100    11789.100    11818.100    11827.120    11834.120
   325:    11865.120    11884.100    11909.100    11965.100    11979.100
   330:    12086.120    12132.100    12191.100    12200.100    12215.100
   335:    12227.120    12297.100    12298.100    12309.100    12320.100
   340:    12336.120    12426.120    12430.120    12445.100    12482.100
   345:    12511.100    12517.100    12529.120    12594.330    12604.120
   350:    12694.510    12930.110    12955.110    12961.110    12967.120
   355:    12994.110    13013.110    13024.110    13028.110    13034.110
   360:    13040.110    13045.110    13053.110    13057.120    13074.120
   365:    13075.120    13085.110    13101.110    13107.110    13116.110
   370:    13133.110    13150.110    13175.110    13177.110    13202.120
   375:    13225.110    13248.110    13252.110    13278.110    13298.110
   380:    13304.120    13351.110    13351.210    13355.120    13401.310
   385:    13501.500    13687.120    13778.120    13836.120    14134.120
   390:    14178.100    14192.100    14198.120    14238.200    14288.300
   395:    14388.510    14504.120    14504.120    14580.120    14590.120
   400:    14606.120    14692.120    14788.110    14796.120    14821.110
   405:    14839.110    14843.120    14905.110    14918.110    14925.110
   410:    14934.110    14951.110    14962.110    14968.120    15011.110
   415:    15017.110    15025.110    15025.210    15030.120    15075.310
   420:    15175.500    15347.120    15412.120    15441.120    15443.120
   425:    15889.100    15896.100    15907.120    15949.200    15999.300
   430:    16099.510    16166.120    16255.120    16313.120    16406.120
   435:    16532.110    16600.110    16606.120    16624.110    16635.110
   440:    16644.110    16651.110    16660.110    16663.120    16730.110
   445:    16737.110    16737.210    16742.120    16787.310    16887.500
   450:    17024.120    17025.120    17145.120    17363.120    17441.100
   455:    17501.200    17544.120    17551.300    17630.120    17651.500
   460:    17665.120    17934.120    18059.120    18080.100    18089.100
   465:    18093.120    18166.120    18185.100    18200.100    18204.120
   470:    18260.200    18310.300    18410.510    18509.120    18587.120
   475:    18611.120    18618.120    18705.120    18857.110    18864.120
   480:    18955.110    18973.110    18983.110    18994.110    18998.120
   485:    19038.110    19052.110    19052.210    19057.120    19102.310
   490:    19202.510    19378.120    19422.120    19466.120    19486.120
   495:    19632.120    19918.110    19918.210    19921.120    19968.310
   500:    20068.500    20263.120    20324.120    20439.120    20490.100
   505:    20521.120    20623.120    20650.100    20662.100    20668.120
   510:    20710.200    20760.300    20860.500    20946.120    20993.120
   515:    21012.120    21222.120    21360.100    21367.100    21371.120
   520:    21424.120    21527.100    21542.120    21587.200    21637.300
   525:    21737.540    21859.120    22075.120    22157.120    22167.110
   530:    22180.110    22193.110    22205.110    22214.110    22222.120
   535:    22240.110    22248.110    22255.110    22260.110    22279.120
   540:    22313.110    22320.110    22331.110    22335.110    22348.110
   545:    22359.120    22391.110    22394.120    22443.110    22473.110
   550:    22486.110    22493.120    22551.120    22566.120    22570.120
   555:    22598.110    22645.110    22654.120    22664.110    22671.110
   560:    22689.110    22723.110    22731.110    22742.110    22748.120
   565:    23121.110    23130.110    23140.110    23148.120    23201.110
   570:    23206.120    23246.120    23253.110    23264.110    23268.110
   575:    23286.110    23294.110    23302.110    23307.120    23350.120
   580:    23359.110    23373.110    23387.110    23408.110    23409.110
   585:    23416.110    23421.120    23474.110    23493.110    23501.110
   590:    23517.110    23537.340    23538.120    23637.510    23759.110
   595:    23768.120    23824.120    23835.120    23854.110    23862.110
   600:    23873.110    23889.110    23900.120    24092.110    24161.110
   605:    24290.110    24290.210    24294.120    24340.310    24440.500
   610:    24549.120    24585.120    24596.120    24673.120    24683.120
   615:    24738.100    24758.100    24766.100    24769.120    24936.100
   620:    24943.120    25080.120    25095.100    25108.120    25155.200
   625:    25205.300    25305.500    25447.120    25471.120    25514.120
   630:    25892.120    25988.120    26012.100    26014.100    26021.120
   635:    26072.200    26122.300    26222.510    26281.120    26378.120
   640:    26403.120    26598.120    26625.110    26633.120    26642.110
   645:    26658.110    26668.110    26677.120    26709.120    26745.110
   650:    26754.110    26761.110    26769.120    26778.110    26786.110
   655:    26799.110    26805.110    26812.110    26822.110    26826.120
   660:    26876.120    26893.110    26893.210    26898.120    26943.310
   665:    27043.510    27188.120    27254.120    27256.120    27290.120
   670:    27307.120    27380.120    27470.120    27536.120    27617.110
   675:    27671.110    27681.110    27692.110    27692.210    27696.120
   680:    27742.310    27842.500    27999.120    28054.120    28432.120
   685:    28447.100    28455.120    28460.120    28507.200    28557.300
   690:    28657.500    28798.120    28872.120    29037.100    29043.100
   695:    29046.100    29048.120    29133.100    29139.100    29141.120
   700:    29200.120    29223.100    29229.100    29236.100    29243.120
   705:    29245.120    29283.200    29333.300    29433.510    29562.120
   710:    29619.120    29723.120    29790.110    29798.120    29835.110
   715:    29843.110    29851.110    29855.120    29859.120    29872.110
   720:    29891.110    29907.120    29934.120    29947.110    29952.110
   725:    29958.110    29967.110    29973.110    29987.120    30022.120
   730:    30031.110    30037.110    30044.110    30049.110    30059.110
   735:    30068.110    30074.120    30131.120    30166.110    30166.210
   740:    30170.120    30216.310    30316.510    30393.120    30445.120
   745:    30664.120    30704.120    30809.110    30817.110    30825.110
   750:    30844.110    30849.110    30867.110    30871.120    30921.120
   755:    30928.110    30940.110    30944.110    30955.110    30968.110
   760:    30975.110    30980.120    30982.120    31031.110    31041.110
   765:    31051.110    31062.110    31073.110    31110.120    31268.110
   770:    31268.210    31272.120    31318.310    31418.500    31611.120
   775:    31688.120    31720.120    31750.120    31787.100    31797.100
   780:    31800.100    31822.100    31826.100    31856.120    31919.100
   785:    31928.100    31931.120    31997.100    32010.100    32013.120
   790:    32057.200    32107.300    32207.510    32322.120    32391.120
   795:    32602.110    32634.120    32646.110    32665.110    32676.110
   800:    32681.120    32714.110    32720.110    32729.110    32744.110
   805:    32754.120    32799.110    32811.110    32817.110    32832.110
   810:    32856.120    32910.110    32925.110    32935.110    32945.120
   815:    32955.120    32973.120    32982.120    32996.110    32996.210
   820:    33000.120    33046.310    33146.500    33251.120    33301.120
   825:    33491.120    33503.120    33512.100    33542.120    33584.120
   830:    33585.120    33595.100    33603.100    33619.120    33702.100
   835:    33712.100    33716.120    33762.200    33812.300    33912.510
   840:    33985.120    34031.120    34186.120    34237.110    34245.120
   845:    34252.110    34265.110    34406.110    34453.120    34475.120
   850:    34482.120    34526.110    34532.110    34538.110    34542.110
   855:    34550.110    34556.120    34570.120    34584.110    34589.110
   860:    34603.120    34649.110    34655.110    34662.110    34668.120
   865:    34677.120    34689.110    34689.210    34692.120    34739.310
   870:    34839.510    34934.120    35000.120    35205.120    35217.120
   875:    35319.120    35402.110    35410.110    35422.110    35429.110
   880:    35440.110    35444.120    35488.110    35496.110    35503.110
   885:    35508.110    35518.110    35520.110    35526.120    35532.120
   890:    35537.110    35550.110    35565.110    35575.110    35579.120
   895:    35626.120    35632.110    35632.210    35635.120    35682.310
   900:    35782.500    35895.120    35954.120    36122.120    36138.100
   905:    36171.100    36182.120    36239.120    36247.100    36258.120
   910:    36322.120    36335.100    36350.100    36356.100    36360.120
   915:    36362.120    36395.200    36445.300    36545.530    36624.120
   920:    36688.120    36955.120    36986.100    36998.100    37006.100
   925:    37009.120    37165.120    37172.100    37179.100    37181.100
   930:    37194.120    37266.100    37275.100    37281.100    37284.120
   935:    37349.120    37366.100    37379.100    37383.120    37462.120
   940:    37474.100    37487.100    37493.120    37531.100    37548.100
   945:    37555.120    37561.120    37663.100    37679.100    37685.120
   950:    37768.120    37783.100    37809.100    37815.100    37822.120
   955:    37883.100    37888.100    37894.100    37897.100    37901.100
   960:    37906.120    37911.120    38100.100    38110.100    38115.120
   965:    38122.120    38150.100    38162.100    38167.100    38173.120
   970:    38230.100    38246.100    38264.120    38272.120    38345.330
   975:    38445.510    38500.110    38505.120    38657.110    38667.110
   980:    38678.110    38687.110    38697.110    38712.110    38718.110
   985:    38731.110    38737.110    38747.110    38753.120    38768.110
   990:    38784.120    38797.120    38809.110    38817.110    38821.110
   995:    38831.110    38837.110    38853.110    38858.120    38869.120
  1000:    38882.120    38900.110    38917.110    38932.110    38951.110
  1005:    38954.120    38977.120    38994.110    39018.110    39026.110
  1010:    39048.110    39062.110    39075.120    39086.110    39112.110
  1015:    39125.110    39134.110    39139.110    39147.110    39154.120
  1020:    39186.110    39205.110    39209.110    39211.110    39224.110
  1025:    39224.210    39228.120    39274.310    39374.500    39456.120
  1030:    39501.120    39540.120    39598.120    39611.100    39619.100
  1035:    39627.120    39753.100    39762.120    39827.100    39838.100
  1040:    39841.120    39903.100    39979.120    40015.100    40023.100
  1045:    40026.120    40075.200    40125.300    40225.500    40328.120
  1050:    40394.120    40644.120    40662.100    40687.100    40697.120
  1055:    40774.100    40786.100    40789.100    40793.120    40834.200
  1060:    40884.300    40984.510    41099.120    41175.120    41193.120
  1065:    41281.110    41286.120    41323.110    41337.110    41343.120
  1070:    41364.110    41376.110    41397.110    41407.110    41472.110
  1075:    41486.110    41501.110    41516.110    41526.110    41532.120
  1080:    41587.110    41603.110    41613.120    41623.110    41631.110
  1085:    41638.110    41645.110    41657.120    41679.110    41693.110
  1090:    41696.120    41712.120    41729.110    41733.110    41738.110
  1095:    41740.110    41747.110    41759.110    41759.210    41763.120
  1100:    41809.310    41909.500
E:
     0:     1102.000      203.000      426.000
F:
     0:       70.000       28.852       34.455
G:
     0:        1.000        1.000        1.000        1.000        1.000
     5:        1.000        1.000        1.000        1.000        0.000
H:
     0:        1.000        1.000        2.000        2.000
L:
     0:     6319.000     6424.000     7670.000     7224.000     6321.000
     5:     7471.000     7845.000     6234.000     6190.000     6518.000
    10:     7376.000     7246.000     7770.000     6754.000     6356.000
    15:     6487.000     6257.000     6231.000     7111.000     6196.000
R:
     0:        1.000        1.000        1.000        1.000        1.000
     5:        1.000        1.000        1.000        1.000        0.000
S:
     0:        1.000        1.000
U:
     0:     7670.000        2.000        0.000
X:
     0:        0.000      499.001      561.002      568.003      621.003
     5:      671.000      671.000     1243.001     1303.001     1353.000
    10:     1353.000     2049.001     2055.002     2110.002     2160.000
    15:     2160.000     2697.001     2812.002     2819.003     2872.003
    20:     2922.000     2922.000     3484.001     3491.002     3544.002
    25:     3594.000     3594.000     3594.086     3594.088     3594.090
    30:     3594.092     3594.094     3594.096     3594.098     3594.100
    35:     3594.102     3594.104     3594.106     3594.108     3594.110
    40:     3594.112     3594.114     3594.116     3594.118     3594.120
    45:     3594.122     3594.124     3594.126     3594.128     3594.130
    50:     3594.132     3594.134     3594.136     3594.138     3594.140
    55:     3594.142     3594.144     3594.146     3594.148     3594.150
    60:     3594.152     3594.154     4271.001     4284.002     4331.002
    65:     4381.000     4381.000     5095.001     5102.002     5155.002
    70:     5205.000     5205.000     5758.001     5818.001     5868.000
    75:     5868.000     6297.001     6305.002     6401.003     6416.004
    80:     6477.004     6527.000     6527.000     6949.001     7108.002
    85:     7121.003     7168.003     7218.000     7218.000     7718.001
    90:     7724.002     7885.003     7945.003     7995.000     7995.000
    95:     8293.001     8313.002     8320.003     8490.004     8649.005
   100:     8709.005     8759.000     8759.000     9465.001     9468.002
   105:     9526.002     9576.000     9576.000    10181.001    10241.001
   110:    10291.000    10291.000    10671.001    10676.002    10679.003
   115:    10766.004    10772.005    10856.006    10862.007    10869.008
   120:    10916.008    10966.000    10966.000    11334.001    11344.002
   125:    11347.003    11369.004    11373.005    11466.006    11475.007
   130:    11544.008    11557.009    11604.009    11654.000    11654.000
   135:    12019.001    12102.002    12110.003    12209.004    12220.005
   140:    12269.005    12319.000    12319.000    12675.001    12708.002
   145:    12784.003    12872.004    12887.005    12893.006    12932.006
   150:    12982.000    12982.000    13423.002    13435.004    13442.006
   155:    13608.008    13615.010    13618.012    13703.014    13711.016
   160:    13718.018    13803.020    13815.022    13911.024    13924.026
   165:    13968.028    13984.030    14099.032    14116.034    14220.036
   170:    14246.038    14252.040    14319.042    14325.044    14330.046
   175:    14334.048    14337.050    14537.052    14547.054    14587.056
   180:    14599.058    14604.060    14666.062    14683.064    16048.001
   185:    16056.002    16190.003    16264.004    16274.005    16340.006
   190:    16451.007    16460.008    16512.008    16562.000    16562.000
   195:    16999.001    17024.002    17111.003    17123.004    17126.005
   200:    17171.005    17221.000    17221.000
Y:
     0:        0.000       29.001      256.002      283.003      294.004
     5:      309.005      370.006      382.007      393.008      403.009
    10:      407.010      471.011      476.012      482.013      487.014
    15:      491.015      508.016      557.017      557.017      607.000
    20:      607.000     1135.001     1152.002     1184.003     1268.004
    25:     1268.004     1318.000     1318.000     1951.001     1952.001
    30:     2002.000     2002.000     2458.001     2562.002     2582.003
    35:     2596.004     2687.005     2687.005     2737.000     2737.000
    40:     3132.001     3143.002     3167.003     3280.004     3285.005
    45:     3291.006     3297.007     3307.008     3334.009     3344.010
    50:     3350.011     3358.012     3365.013     3377.014     3377.014
    55:     3427.000     3427.000     3865.001     3927.002     3931.003
    60:     3938.004     4032.005     4037.006     4147.007     4147.007
    65:     4197.000     4197.000     4880.002     4890.004     4896.006
    70:     4904.008     4913.010     4916.012     4925.014     5009.016
    75:     5016.018     5022.020     5028.022     5044.024     5056.026
    80:     5158.028     5161.030     5166.032     5281.034     5284.036
    85:     5287.038     5300.040     5317.042     5322.044     5323.046
    90:     5326.048     5331.050     5338.052     5585.054     5595.056
    95:     5607.058     5615.060     5625.062     5712.064     5772.066
   100:     5792.068     5798.070     5808.072     5819.074     5859.076
   105:     5870.078     5872.080     5880.082     5881.084     8232.155
   110:     8257.156     8263.157     8296.158     8315.159     8326.160
   115:     8331.161     8336.162     8342.163     8347.164     8356.165
   120:     8387.166     8403.167     8409.168     8418.169     8435.170
   125:     8453.171     8477.172     8479.173     8527.174     8550.175
   130:     8554.176     8580.177     8600.178     8653.179     8654.179
   135:     8704.000     8704.000     9103.001     9136.002     9154.003
   140:     9220.004     9233.005     9240.006     9249.007     9266.008
   145:     9277.009     9326.010     9332.011     9340.012     9340.012
   150:     9390.000     9390.000     9822.001     9890.002     9915.003
   155:     9925.004     9934.005     9941.006     9950.007    10021.008
   160:    10027.009    10028.009    10078.000    10078.000    10524.001
   165:    10623.002    10641.003    10651.004    10662.005    10706.006
   170:    10720.007    10720.007    10770.000    10770.000    11485.001
   175:    11485.001    11535.000    11535.000    11964.002    11977.004
   180:    11991.006    12002.008    12011.010    12037.012    12045.014
   185:    12052.016    12057.018    12110.020    12118.022    12128.024
   190:    12132.026    12145.028    12188.030    12240.032    12270.034
   195:    12283.036    12396.038    12442.040    12461.042    12468.044
   200:    12486.046    12520.048    12528.050    12539.052    12918.054
   205:    12927.056    12937.058    12998.060    13050.062    13061.064
   210:    13065.066    13083.068    13091.070    13099.072    13156.074
   215:    13171.076    13184.078    13205.080    13206.082    13213.084
   220:    13271.086    13291.088    13298.090    13314.092    13557.093
   225:    13651.094    13659.095    13670.096    13686.097    13889.098
   230:    13958.099    14087.100    14087.100    14137.000    14137.000
   235:    14540.001    14557.002    14572.003    14582.004    14660.005
   240:    14668.006    14676.007    14693.008    14701.009    14713.010
   245:    14720.011    14727.012    14737.013    14808.014    14808.014
   250:    14858.000    14858.000    15431.001    15485.002    15495.003
   255:    15506.004    15506.004    15556.000    15556.000    15913.001
   260:    15958.002    15965.003    15973.004    15995.005    16013.006
   265:    16070.007    16075.008    16081.009    16090.010    16096.011
   270:    16154.012    16159.013    16167.014    16172.015    16181.016
   275:    16191.017    16289.018    16289.018    16339.000    16339.000
   280:    16832.001    16839.002    16848.003    16866.004    16872.005
   285:    16890.006    16950.007    16963.008    16967.009    16978.010
   290:    16991.011    16998.012    17054.013    17064.014    17073.015
   295:    17084.016    17096.017    17291.018    17291.018    17341.000
   300:    17341.000    17735.001    17779.002    17799.003    17809.004
   305:    17847.005    17853.006    17863.007    17877.008    17932.009
   310:    17945.010    17950.011    17965.012    18043.013    18059.014
   315:    18068.015    18130.016    18130.016    18180.000    18180.000
   320:    18504.001    18520.002    18533.003    18673.004    18793.005
   325:    18799.006    18805.007    18809.008    18818.009    18851.010
   330:    18857.011    18916.012    18923.013    18929.014    18956.015
   335:    18956.015    19006.000    19006.000    19569.001    19577.002
   340:    19588.003    19596.004    19607.005    19655.006    19663.007
   345:    19670.008    19675.009    19685.010    19687.011    19704.012
   350:    19717.013    19732.014    19742.015    19799.016    19799.016
   355:    19849.000    19849.000    19849.065    19849.066    19849.067
   360:    19849.068    19849.069    19849.070    19849.071    19849.072
   365:    19849.073    19849.074    19849.075    19849.076    19849.077
   370:    19849.078    19849.079    19849.080    19849.081    19849.082
   375:    19849.083    19849.084    19849.085    19849.086    19849.087
   380:    19849.088    19849.089    19849.090    19849.091    19849.092
   385:    19849.093    19849.094    19849.095    19849.096    19849.097
   390:    19849.098    19849.099    19849.100    19849.101    19849.102
   395:    19849.102    19849.000    19849.000    20145.001    20187.002
   400:    20202.003    20228.004    20240.005    20261.006    20271.007
   405:    20336.008    20350.009    20365.010    20380.011    20391.012
   410:    20451.013    20467.014    20488.015    20495.016    20502.017
   415:    20509.018    20543.019    20557.020    20593.021    20597.022
   420:    20602.023    20604.024    20611.025    20623.026    20623.026
   425:    20673.000
