File: C:\MED-PC\Data\2018-05-31_12h33m_Subject M333.txt


Start Date: 05/31/18
End Date: 05/31/18
Subject: M333
Experiment: DOBLE_PICO_ACO
Group: EXP
Box: 10
Start Time: 12:33:05
End Time: 13:46:31
MSN: IF_ACO_MULTIPLE_PICO
A:     233.000
B:      19.000
D:      20.000
I:       2.000
J:   18000.000
K:    5400.000
M:       2.000
N:      19.000
O:      21.000
P:     801.000
Q:       0.000
T:    1000.000
V:     600.000
W:      19.000
Z:       0.000
C:
     0:        0.120        0.120        0.120        0.120        0.120
     5:        0.120        0.120        0.120        0.120        0.120
    10:        0.120        0.120        0.120        0.120        0.120
    15:        0.120        0.120        0.120        0.120        0.120
    20:        0.120        0.120        0.120        0.120        0.120
    25:        0.120        0.120        0.120        0.120        0.120
    30:        0.120        0.120        0.120        0.120        0.120
    35:        0.120        0.510        6.120       53.110       58.120
    40:      108.110      110.120      135.120      136.120      162.120
    45:      202.110      206.120      218.110      221.120      305.110
    50:      328.120      362.120      369.110      465.110      469.110
    55:      474.120      477.120      516.110      525.110      531.120
    60:      570.110      570.210      574.120      620.120      620.310
    65:      684.120      715.120      720.510      982.110      987.110
    70:      991.110      996.120     1056.110     1061.110     1065.120
    75:     1116.110     1118.110     1121.110     1124.110     1127.110
    80:     1170.110     1174.110     1236.110     1242.110     1248.110
    85:     1253.120     1287.110     1287.210     1290.120     1337.310
    90:     1437.500     1737.120     1777.100     1787.120     1844.120
    95:     1882.120     1961.100     1969.100     1975.120     1982.100
   100:     2010.100     2024.100     2025.100     2028.100     2042.200
   105:     2043.100     2047.120     2092.300     2097.120     2192.500
   110:     2524.120     2803.120     3054.120     3075.120     3132.120
   115:     3196.100     3209.100     3216.100     3219.100     3226.100
   120:     3227.100     3230.100     3238.100     3256.200     3262.120
   125:     3306.300     3406.510     3448.120     3449.120     3514.120
   130:     3529.120     3530.120     3641.110     3644.120     3892.110
   135:     3896.120     3932.110     3935.120     3938.120     3969.120
   140:     3989.110     3995.120     4045.120     4046.120     4063.110
   145:     4063.210     4067.120     4113.310     4213.510     4237.120
   150:     4416.120     4497.110     4501.120     4542.120     4562.110
   155:     4565.120     4584.120     4585.120     4630.110     4636.120
   160:     4655.120     4668.110     4677.110     4725.110     4797.110
   165:     4803.110     4808.120     4837.110     4837.210     4841.120
   170:     4887.310     4987.120     4987.500     4997.120     5073.120
   175:     5105.120     5149.120     5241.100     5248.120     5279.120
   180:     5281.120     5282.120     5325.100     5330.100     5333.120
   185:     5408.100     5429.100     5437.100     5440.100     5448.100
   190:     5451.100     5456.120     5471.120     5478.100     5487.100
   195:     5505.100     5521.100     5526.100     5534.100     5537.100
   200:     5562.100     5570.100     5581.100     5586.120     5594.200
   205:     5601.120     5644.300     5744.510     5751.120     5752.120
   210:     5963.110     5967.120     5984.120     6011.110     6015.120
   215:     6038.120     6065.110     6069.120     6113.120     6132.120
   220:     6136.120     6143.110     6147.110     6149.110     6196.110
   225:     6199.110     6204.120     6251.110     6255.110     6260.120
   230:     6295.110     6302.110     6308.110     6309.110     6311.110
   235:     6316.110     6320.110     6332.110     6336.110     6345.120
   240:     6350.110     6354.110     6357.110     6360.110     6362.110
   245:     6362.210     6368.120     6412.310     6512.500     6556.120
   250:     6948.120     6955.100     6959.120     7025.100     7032.120
   255:     7078.100     7119.120     7138.200     7140.120     7188.300
   260:     7288.510     7295.120     7344.120     7371.120     7538.110
   265:     7583.120     7605.120     7606.120     7607.120     7610.120
   270:     7614.120     7625.120     7675.120     7732.110     7737.120
   275:     7779.120     7812.110     7856.110     7859.110     7863.120
   280:     7891.110     7899.110     7902.110     7905.110     7905.210
   285:     7910.120     7955.310     8055.540     8156.120     8191.120
   290:     8364.110     8367.120     8387.120     8402.120     8435.120
   295:     8436.120     8479.110     8483.120     8539.110     8543.120
   300:     8577.120     8594.110     8600.120     8643.110     8646.110
   305:     8652.120     8683.120     8696.110     8702.110     8707.110
   310:     8750.110     8754.110     8756.110     8759.110     8761.110
   315:     8764.110     8766.110     8774.120     8803.110     8807.110
   320:     8816.110     8818.110     8821.110     8824.110     8826.110
   325:     8827.110     8833.120     8874.110     8879.110     8884.110
   330:     8887.110     8894.110     8905.120     8930.110     8933.110
   335:     8938.110     8943.110     8944.110     8947.110     8950.110
   340:     8960.110     8966.110     8971.110     8972.110     8975.110
   345:     8977.110     9001.110     9025.110     9031.110     9035.110
   350:     9038.110     9042.110     9046.110     9050.110     9055.110
   355:     9058.110     9063.110     9065.110     9069.110     9072.110
   360:     9078.110     9124.110     9130.110     9137.120     9163.120
   365:     9165.120     9172.110     9179.110     9195.120     9210.120
   370:     9212.120     9223.110     9228.120     9252.120     9260.120
   375:     9261.120     9269.120     9270.120     9276.110     9280.120
   380:     9297.110     9302.110     9306.120     9312.110     9316.110
   385:     9318.110     9321.110     9322.110     9330.110     9333.110
   390:     9341.110     9348.110     9359.120     9367.110     9374.110
   395:     9415.120     9555.110     9679.120     9702.110     9706.120
   400:     9766.120     9790.120     9796.110     9800.120     9855.340
   405:     9861.120     9917.120     9931.120     9955.500     9958.120
   410:     9966.100     9969.120     9994.120     9996.120    10000.120
   415:    10176.120    10187.120    10189.120    10195.100    10201.120
   420:    10233.120    10239.120    10262.100    10312.120    10354.120
   425:    10357.120    10361.120    10367.120    10371.120    10383.100
   430:    10386.120    10424.120    10426.120    10450.100    10460.120
   435:    10514.100    10544.100    10557.100    10563.100    10566.100
   440:    10569.100    10574.120    10574.200    10624.300    10724.500
   445:    11009.120    11052.120    11053.120    11101.120    11144.120
   450:    11173.100    11182.120    11215.120    11269.100    11279.100
   455:    11297.100    11309.100    11317.100    11319.100    11321.100
   460:    11326.100    11329.200    11332.100    11334.120    11379.300
   465:    11479.500    11655.120    11678.120    11680.120    11709.120
   470:    12056.100    12059.120    12090.120    12116.200    12166.300
   475:    12266.510    12322.120    12326.120    12327.120    12328.120
   480:    12349.120    12749.110    12753.120    12772.120    12776.120
   485:    12782.120    12796.110    12809.120    12837.120    12837.120
   490:    12860.110    12863.110    12867.110    12880.110    12882.110
   495:    12882.210    12886.120    12932.310    13027.120    13029.120
   500:    13032.510    13060.120    13293.110    13297.120    13316.120
   505:    13385.110    13389.120    13414.120    13445.110    13448.120
   510:    13501.110    13505.120    13536.120    13545.120    13553.120
   515:    13583.110    13589.110    13592.110    13659.110    13665.110
   520:    13668.110    13673.120    13674.120    13675.120    13697.110
   525:    13704.110    13710.110    13712.110    13714.110    13723.110
   530:    13742.110    13750.110    13754.120    13777.110    13785.110
   535:    13786.110    13790.110    13803.110    13804.110    13809.120
   540:    13834.110    13838.110    13843.120    13877.110    13890.110
   545:    13899.110    13904.120    14015.110    14022.120    14028.110
   550:    14033.110    14035.110    14038.110    14041.110    14043.110
   555:    14048.110    14051.120    14072.120    14117.110    14117.210
   560:    14120.120    14167.310    14215.120    14267.500    14270.120
   565:    14285.120    14301.120    14316.120    14317.120    14810.120
   570:    14845.120    14892.120    14922.120    14935.120    14939.120
   575:    14950.100    14954.120    14988.120    15010.200    15010.120
   580:    15060.300    15065.120    15160.510    15168.120    15198.120
   585:    15200.120    15220.120    15283.110    15286.120    15303.120
   590:    15307.120    15309.120    15397.110    15401.120    15470.120
   595:    15509.110    15513.120    15578.110    15582.120    15603.120
   600:    15615.120    15625.120    15636.110    15641.110    15678.110
   605:    15684.110    15691.110    15695.120    15725.110    15731.110
   610:    15735.120    15770.120    15775.110    15777.110    15790.110
   615:    15794.110    15799.110    15809.110    15812.110    15854.110
   620:    15858.110    15868.110    15876.120    15898.110    15902.110
   625:    15905.110    15911.110    15913.110    15918.110    15923.120
   630:    15939.120    15948.110    15965.110    15975.110    15980.110
   635:    15982.110    15985.110    16009.110    16023.110    16030.110
   640:    16038.110    16055.120    16082.120    16087.110    16090.110
   645:    16094.120    16130.120    16130.120    16148.110    16154.120
   650:    16159.110    16164.110    16173.110    16177.110    16181.110
   655:    16183.110    16191.110    16194.110    16197.110    16261.110
   660:    16261.210    16264.120    16311.310    16399.120    16400.120
   665:    16411.530    16442.120    16469.100    16476.120    16611.120
   670:    16909.120    17010.120    17026.120    17070.100    17080.120
   675:    17141.100    17144.100    17157.100    17160.100    17173.100
   680:    17180.100    17183.100    17186.100    17199.120    17206.100
   685:    17217.100    17219.100    17231.100    17235.100    17238.100
   690:    17239.100    17242.100    17271.100    17280.120    17310.120
   695:    17310.120    17324.120    17333.120    17374.120    17408.120
   700:    17417.120    17421.120    17431.120    17435.120    17435.120
   705:    17521.120    17555.120    17574.120    17609.120    17715.100
   710:    17719.120    17759.120    17820.100    17827.120    17879.120
   715:    17896.120    17898.120    17904.120    17930.120    17932.120
   720:    17933.120    17943.120    18110.120    18128.120    18129.120
   725:    18193.100    18198.120    18211.330    18247.120    18307.120
   730:    18311.500    18317.120    18322.120    18333.120    18336.120
   735:    18352.120    18375.120    18398.120    18440.120    18462.120
   740:    18475.120    18482.100    18490.120    18513.120    18515.120
   745:    18586.120    18588.120    18600.120    18601.120    18601.120
   750:    18602.120    18605.120    18607.120    18621.120    18658.120
   755:    18674.100    18689.100    18699.120    18727.100    18764.100
   760:    18773.100    18777.100    18780.100    18786.100    18790.100
   765:    18794.100    18796.100    18802.120    18812.120    18818.100
   770:    18834.100    18847.100    18851.100    18853.100    18857.100
   775:    18861.100    18867.120    18877.120    18894.100    18911.200
   780:    18936.120    18961.300    18970.120    18971.120    18973.120
   785:    19030.120    19033.120    19034.120    19038.120    19040.120
   790:    19042.120    19061.510    19188.120    19193.120    19195.120
   795:    19206.120    19208.120    19225.110    19230.110    19233.120
   800:    19257.120    19560.110    19565.120    19575.120    19576.120
   805:    19598.110    19602.120    19632.120    19649.110    19652.120
   810:    19671.120    19699.110    19703.110    19713.110    19718.110
   815:    19723.120    19756.110    19760.110    19763.110    19815.110
   820:    19819.110    19824.120    19851.110    19854.110    19857.110
   825:    19866.110    19869.110    19873.110    19876.110    19878.110
   830:    19880.110    19882.110    19885.110    19891.110    19893.110
   835:    19896.110    19898.110    19899.110    19906.110    19919.120
   840:    19948.110    19951.110    19968.110    19971.110    19974.110
   845:    19979.110    19984.110    19987.110    19995.110    20010.110
   850:    20015.110    20018.110    20021.110    20024.110    20027.110
   855:    20029.110    20034.110    20058.110    20063.110    20065.110
   860:    20067.110    20072.110    20090.110    20102.110    20120.110
   865:    20122.110    20126.110    20127.110    20142.110    20142.210
   870:    20147.120    20192.310    20292.510    20926.110    20932.120
   875:    20963.110    20969.110    20976.110    20979.120    21016.110
   880:    21025.110    21026.110    21030.120    21063.110    21066.110
   885:    21071.120    21095.110    21098.110    21115.110    21121.110
   890:    21127.110    21132.120    21136.120    21167.110    21171.110
   895:    21178.110    21181.110    21184.110    21186.110    21188.110
   900:    21190.110    21195.110    21207.120    21212.120    21213.120
   905:    21215.120    21218.120    21220.120    21220.120    21221.120
   910:    21222.120    21223.120    21224.120    21226.120    21229.120
   915:    21234.120    21245.110    21252.110    21276.110    21285.110
   920:    21288.110    21289.110    21291.110    21293.110    21296.110
   925:    21299.110    21303.110    21311.110    21312.110    21320.110
   930:    21342.110    21354.110    21355.110    21358.110    21360.110
   935:    21366.110    21367.110    21367.210    21371.120    21417.310
   940:    21492.120    21517.510    21525.120    21564.120    21666.120
   945:    21672.120    21803.120    21804.120    21811.110    21815.120
   950:    21816.120    21818.120    21818.120    21861.120    21896.120
   955:    21925.120    21932.110    21936.120    21957.120    21959.120
   960:    21960.120    21962.120    21990.120    21999.120    22013.120
   965:    22038.120    22041.120    22124.110    22129.120    22168.110
   970:    22189.110    22197.120    22229.120    22258.110    22274.110
   975:    22326.110    22333.110    22338.110    22348.120    22379.110
   980:    22382.110    22387.120    22411.110    22420.110    22425.110
   985:    22429.110    22434.110    22436.110    22440.110    22446.110
   990:    22451.120    22479.110    22484.110    22504.110    22509.110
   995:    22511.110    22514.110    22516.110    22529.110    22535.110
  1000:    22546.120    22566.120    22573.110    22579.110    22587.110
  1005:    22591.110    22591.210    22593.110    22595.120    22641.310
  1010:    22741.500    22846.120    22847.120    23343.120    23363.120
  1015:    23381.120    23420.120    23445.120    23447.120    23476.100
  1020:    23487.120    23536.200    23542.120    23586.300    23686.500
  1025:    23701.120    23707.120    23999.100    24003.120    24020.120
  1030:    24051.120    24245.100    24252.120    24284.120    24286.120
  1035:    24295.120    24305.200    24354.120    24355.300    24455.500
  1040:    24937.120    24968.120    24972.120    24974.120    24978.120
  1045:    25018.100    25023.120    25078.200    25078.100    25083.120
  1050:    25124.120    25128.300    25228.500    25307.120    25307.120
  1055:    25309.120    25311.120    25329.120    25349.120    25361.120
  1060:    25379.120    25547.100    25623.120    25638.120    25640.120
  1065:    25642.120    25643.120    25644.120    25645.120    25646.120
  1070:    25650.120    25709.120    25727.120    25953.120    25997.120
  1075:    26043.100    26053.120    26086.100    26103.200    26108.120
  1080:    26153.300    26253.510    26265.120    26268.120    26270.120
  1085:    26272.120    26277.120    26285.120    26319.120    26324.120
  1090:    26333.120    26389.120    26638.110    26642.120    26664.120
  1095:    26670.120    26689.120    26713.120    26761.120    26762.120
  1100:    26764.120    26790.110    26793.120    26845.110    26848.120
  1105:    26863.120    26888.120    26891.120    26916.110    26919.120
  1110:    26960.110    26964.120    26990.120    27005.110    27009.120
  1115:    27042.120    27044.120    27045.120    27058.120    27081.110
  1120:    27143.110    27151.110    27158.120    27205.110    27210.120
  1125:    27231.110    27234.110    27241.120    27269.120    27276.110
  1130:    27287.110    27294.110    27297.110    27300.110    27302.110
  1135:    27303.110    27306.110    27311.110    27323.110    27351.110
  1140:    27351.210    27355.120    27401.310    27501.510    27582.120
  1145:    27587.120    27607.120    27608.120    27957.110    27962.120
  1150:    28009.120    28030.110    28034.120    28065.120    28082.110
  1155:    28088.110    28090.110    28101.120    28148.110    28148.210
  1160:    28152.120    28198.310    28298.500    28364.120    28394.120
  1165:    28513.120    28527.100    28539.120    28582.120    28881.100
  1170:    28887.120    28938.120    28940.120    28941.200    28944.120
  1175:    28991.300    29091.510    29490.110    29501.120    29524.120
  1180:    29552.120    29556.110    29563.120    29589.120    29600.120
  1185:    29604.120    29619.110    29627.110    29671.110    29674.110
  1190:    29678.120    29723.110    29723.210    29726.120    29773.310
  1195:    29873.510    30005.110    30009.120    30024.120    30032.120
  1200:    30032.120    30034.120    30042.120    30057.120    30061.120
  1205:    30068.120    30069.120    30127.110    30130.120    30157.120
  1210:    30171.120    30174.120    30178.120    30206.120    30239.120
  1215:    30244.110    30251.110    30254.120    30329.110    30362.120
  1220:    30368.120    30412.120    30420.120    30445.110    30450.110
  1225:    30454.120    30509.120    30520.110    30520.210    30523.120
  1230:    30570.310    30670.500    31059.120    31087.120    31088.120
  1235:    31097.120    31127.120    31131.120    31139.100    31142.120
  1240:    31209.100    31221.100    31226.120    31281.200    31287.120
  1245:    31331.300    31431.510    31438.120    31473.120    31751.110
  1250:    31756.120    31810.110    31813.120    31839.120    31841.120
  1255:    31891.110    31895.120    31939.120    31942.120    31943.120
  1260:    31952.120    31961.110    31971.110    31976.120    32010.120
  1265:    32013.120    32017.120    32022.120    32031.110    32037.110
  1270:    32041.120    32076.110    32076.210    32080.120    32126.310
  1275:    32226.530    32641.120    32664.120    32684.120    32713.120
  1280:    32716.120    32722.120    32794.100    32811.120    32825.120
  1285:    32866.100    32882.100    32893.100    32899.100    32901.100
  1290:    32905.100    32909.100    32912.100    32922.100    32930.100
  1295:    32933.100    32934.100    32939.100    32946.100    32951.100
  1300:    32970.120    32978.120    32987.120    33003.100    33008.120
  1305:    33041.120    33059.120    33066.100    33067.100    33100.120
  1310:    33282.120    33337.120    33341.120    33342.120    33382.120
  1315:    33388.120    33423.120    33424.120    33435.120    33469.120
  1320:    33474.120    33534.120    33544.120    33545.120    33595.120
  1325:    33597.120    33603.120    33636.100    33644.120    33689.120
  1330:    33700.120    33710.100    33723.100    33727.120    33757.120
  1335:    33760.120    33763.120    33779.100    33858.120    33871.120
  1340:    33885.120    33929.100    33937.120    33974.120    33976.120
  1345:    33979.120    33986.120    33990.120    34009.100    34021.120
  1350:    34026.330    34036.120    34047.120    34051.120    34069.120
  1355:    34073.120    34089.120    34126.540    34186.120    34193.120
  1360:    34215.110    34221.110    34226.120    34242.120    34248.120
  1365:    34253.120    34267.110    34298.110    34303.110    34307.110
  1370:    34312.110    34314.110    34316.110    34333.110    34358.110
  1375:    34364.110    34368.110    34374.110    34377.110    34378.110
  1380:    34387.110    34389.120    34392.120    34433.110    34438.110
  1385:    34445.110    34447.110    34449.110    34460.110    34465.110
  1390:    34473.110    34477.110    34479.110    34481.110    34483.110
  1395:    34486.110    34489.110    34491.110    34511.110    34513.110
  1400:    34515.110    34518.110    34520.110    34523.110    34525.110
  1405:    34527.110    34529.110    34535.110    34562.120    34587.110
  1410:    34594.110    34597.110    34601.120    34626.120    34642.110
  1415:    34648.110    34651.110    34659.110    34662.110    34664.110
  1420:    34669.110    34670.110    34680.110    34684.110    34686.110
  1425:    34688.110    34699.120    34736.110    34739.110    34742.110
  1430:    34751.110    34764.110    34769.110    34771.110    34775.110
  1435:    34779.110    34786.110    34798.110    34801.110    34803.110
  1440:    34809.110    34814.110    34819.110    34823.110    34841.110
  1445:    34854.110    34860.110    34863.110    34865.110    34872.110
  1450:    34889.110    34893.110    34901.110    34917.110    34962.110
  1455:    34963.110    35016.110    35017.110    35023.120    35041.110
  1460:    35048.110    35055.110    35058.110    35062.110    35067.110
  1465:    35086.110    35089.110    35096.110    35100.110    35104.110
  1470:    35107.110    35120.110    35122.110    35125.110    35127.110
  1475:    35136.110    35139.110    35319.110    35329.120    35376.110
  1480:    35381.110    35385.120    35415.120    35436.110    35439.120
  1485:    35492.120    35500.120    35530.110    35535.120    35563.120
  1490:    35575.110    35582.110    35589.120    35629.120    35631.120
  1495:    35635.120    35698.120    35740.120    35743.120    35765.120
  1500:    35769.120    35777.110    35782.110    35786.120    35799.120
  1505:    35803.120    35847.110    35853.110    35856.120    35875.120
  1510:    35883.120    35926.340    36026.500    36076.120    36090.120
  1515:    36103.120    36106.120    36140.120    36148.100    36152.100
  1520:    36156.120    36198.120    36216.100    36226.120    36250.120
  1525:    36305.120    36356.100    36372.100    36377.100    36385.120
  1530:    36419.100    36431.100    36440.100    36473.100    36493.100
  1535:    36502.100    36509.100    36516.120    36526.100    36547.100
  1540:    36550.100    36552.100    36563.100    36566.100    36572.100
  1545:    36575.100    36585.100    36595.100    36597.100    36605.100
  1550:    36609.100    36617.100    36621.100    36632.200    36640.120
  1555:    36682.300    36782.500    36871.120    36880.120    36890.120
  1560:    36892.120    36893.120    36895.120    36896.120    36898.120
  1565:    36900.120    36901.120    36903.120    36913.120    36926.120
  1570:    36927.120    36930.120    36941.120    37077.120    37085.120
  1575:    37086.120    37088.120    37098.120    37099.120    37100.120
  1580:    37101.120    37103.120    37118.120    37145.120    37146.120
  1585:    37152.120    37169.120    37170.120    37174.120    37199.120
  1590:    37204.120    37225.120    37246.120    37248.120    37257.100
  1595:    37261.120    37267.120    37269.120    37351.120    37414.100
  1600:    37420.100    37428.120    37474.200    37478.120    37524.300
  1605:    37529.120    37624.500    38133.120    38141.100    38146.120
  1610:    38180.120    38206.120    38229.100    38258.100    38273.100
  1615:    38278.100    38283.120    38289.200    38293.120    38339.300
  1620:    38341.120    38439.510    39048.110    39056.120    39060.120
  1625:    39065.120    39072.110    39072.210    39075.120    39122.310
  1630:    39222.510    39375.120    39665.110    39674.120    39683.120
  1635:    39688.110    39695.110    39699.110    39702.120    39729.110
  1640:    39736.110    39741.120    39760.120    39766.120    39772.110
  1645:    39777.110    39780.110    39822.110    39827.110    39830.110
  1650:    39839.110    39844.120    39865.110    39865.210    39868.120
  1655:    39915.310    40015.500    40398.120    40438.100    40460.120
  1660:    40534.100    40550.100    40555.100    40560.120    40610.100
  1665:    40620.100    40625.100    40631.120    40645.100    40670.200
  1670:    40675.120    40720.300    40820.510    41182.110    41188.110
  1675:    41192.120    41208.120    41210.120    41218.120    41232.110
  1680:    41238.110    41246.110    41250.120    41273.110    41276.110
  1685:    41278.110    41286.110    41292.110    41299.110    41301.120
  1690:    41321.110    41326.110    41330.110    41340.110    41343.110
  1695:    41349.110    41352.110    41357.110    41361.110    41363.110
  1700:    41364.110    41372.110    41393.110    41398.110    41404.120
  1705:    41417.120    41425.110    41429.110    41431.110    41445.110
  1710:    41451.110    41455.110    41461.110    41461.210    41465.120
  1715:    41511.310    41611.510    41660.120    41876.110    41880.120
  1720:    41885.120    41938.110    41942.120    41963.120    41964.120
E:
     0:     1725.000      243.000      666.000
F:
     0:       70.000       29.205       34.768
G:
     0:        1.000        1.000        1.000        1.000        1.000
     5:        1.000        1.000        1.000        1.000        0.000
H:
     0:        1.000        1.000        2.000        2.000
L:
     0:     6154.000    10737.000     6168.000     6355.000     6288.000
     5:     6151.000     6463.000     7530.000     6101.000     8051.000
    10:     6283.000     6333.000     8846.000     6532.000     6219.000
    15:     6164.000     7019.000     6755.000     6652.000
R:
     0:        1.000        1.000        1.000        1.000        1.000
     5:        1.000        1.000        1.000        1.000        0.000
S:
     0:        1.000        1.000
U:
     0:     6355.000        3.000        0.000
X:
     0:        0.000      340.001      524.002      531.003      545.004
     5:      573.005      587.006      588.007      591.008      605.008
    10:      605.009      655.000      655.000     1658.001     1671.002
    15:     1679.003     1681.004     1688.005     1689.006     1692.007
    20:     1700.008     1718.008     1768.000     1768.000     2021.001
    25:     2105.002     2110.003     2188.004     2209.005     2217.006
    30:     2220.007     2228.008     2231.009     2258.010     2267.011
    35:     2285.012     2301.013     2306.014     2314.015     2317.016
    40:     2342.017     2350.018     2361.019     2374.019     2424.000
    45:     2424.000     2866.001     2936.002     2989.003     3049.003
    50:     3099.000     3099.000     3099.159     3099.160     3099.161
    55:     3099.162     3099.163     3099.164     3099.165     3099.166
    60:     3099.167     3099.168     3099.169     3099.169     3099.000
    65:     3099.000     3099.001     3099.002     3099.003     3099.004
    70:     3099.005     3099.006     3099.007     3099.008     3099.009
    75:     3099.009     3099.010     3099.000     3099.000     3099.001
    80:     3099.001     3099.000     3099.000     3781.001     3842.001
    85:     3892.000     3892.000     3950.002     4551.004     4622.006
    90:     4625.008     4637.010     4641.012     4654.014     4661.016
    95:     4664.018     4667.020     4687.022     4698.024     4700.026
   100:     4712.028     4716.030     4719.032     4720.034     4723.036
   105:     4752.038     5196.040     5301.042     5674.044     5963.045
   110:     6155.046     6169.047     6208.048     6245.049     6254.050
   115:     6258.051     6261.052     6267.053     6271.054     6275.055
   120:     6277.056     6299.057     6315.058     6328.059     6332.060
   125:     6334.061     6338.062     6342.063     6375.064     6392.064
   130:     6442.000     6442.000     7177.001     7237.001     7287.000
   135:     7287.000     7599.001     7845.002     7905.002     7955.000
   140:     7955.000     8518.001     8578.001     8578.002     8628.000
   145:     8628.000     8947.001     9442.002     9485.003     9502.003
   150:     9552.000     9552.000     9780.001    10135.002    10195.002
   155:    10245.000    10245.000    10713.001    10784.002    10796.003
   160:    10856.003    10906.000    10906.000    11474.002    11546.004
   165:    11562.006    11573.008    11578.010    11581.012    11585.014
   170:    11589.016    11592.018    11602.020    11609.022    11613.024
   175:    11614.026    11619.028    11626.030    11631.032    11683.034
   180:    11746.036    11747.038    12316.040    12389.042    12403.044
   185:    12458.046    12609.048    12689.050    14828.285    14832.286
   190:    14895.287    15036.288    15052.289    15057.290    15099.291
   195:    15111.292    15120.293    15153.294    15173.295    15181.296
   200:    15189.297    15206.298    15227.299    15229.300    15232.301
   205:    15243.302    15245.303    15252.304    15254.305    15264.306
   210:    15275.307    15277.308    15285.309    15289.310    15297.311
   215:    15301.312    15312.312    15362.000    15362.000    15836.001
   220:    15993.002    16000.003    16053.003    16103.000    16103.000
   225:    16620.001    16708.002    16736.003    16752.004    16756.005
   230:    16768.005    16818.000    16818.000    17240.001    17336.002
   235:    17352.003    17357.004    17413.005    17422.006    17427.007
   240:    17448.008    17473.008    17523.000
Y:
     0:        0.000       53.001      108.002      201.003      218.004
     5:      305.005      369.006      465.007      469.008      516.009
    10:      525.010      570.011      570.011      620.000      620.000
    15:      882.001      887.002      890.003      955.004      960.005
    20:     1015.006     1017.007     1020.008     1023.009     1027.010
    25:     1069.011     1073.012     1136.013     1141.014     1148.015
    30:     1186.016     1186.016     1236.000     1236.000     1471.001
    35:     1721.002     1761.003     1818.004     1892.005     1893.005
    40:     1943.000     1943.000     2226.001     2291.002     2360.003
    45:     2397.004     2407.005     2454.006     2527.007     2533.008
    50:     2567.009     2567.009     2617.000     2617.000     2835.001
    55:     2883.002     2937.003     3015.004     3019.005     3021.006
    60:     3068.007     3072.008     3123.009     3127.010     3167.011
    65:     3174.012     3180.013     3181.014     3184.015     3188.016
    70:     3193.017     3205.018     3208.019     3222.020     3226.021
    75:     3229.022     3232.023     3235.024     3235.024     3285.000
    80:     3285.000     3534.001     3729.002     3808.003     3852.004
    85:     3856.005     3888.006     3895.007     3899.008     3902.009
    90:     3902.009     3952.000     3952.000     4260.002     4375.004
    95:     4435.006     4490.008     4539.010     4542.012     4592.014
   100:     4598.016     4603.018     4646.020     4650.022     4652.024
   105:     4655.026     4657.028     4660.030     4662.032     4699.034
   110:     4703.036     4712.038     4714.040     4717.042     4720.044
   115:     4722.046     4723.048     4770.050     4775.052     4780.054
   120:     4783.056     4790.058     4826.060     4829.062     4834.064
   125:     4839.066     4840.068     4843.070     4846.072     4856.074
   130:     4862.076     4867.078     4868.080     4871.082     4873.084
   135:     4897.086     4921.088     4927.090     4931.092     4934.094
   140:     4938.096     4942.098     4946.100     4951.102     4954.104
   145:     4959.106     4961.108     4965.110     4968.112     4974.114
   150:     5020.116     5026.118     5068.120     5075.122     5119.124
   155:     5172.126     5193.128     5198.130     5208.132     5212.134
   160:     5214.136     5217.138     5218.140     5226.142     5229.144
   165:     5237.146     5244.148     5263.150     5270.152     5451.154
   170:     5598.156     5692.158     8645.001     8692.002     8756.003
   175:     8759.004     8763.005     8776.006     8778.007     8778.007
   180:     8828.000     8828.000     9089.001     9181.002     9240.003
   185:     9296.004     9379.005     9384.006     9387.007     9454.008
   190:     9460.009     9463.010     9492.011     9499.012     9505.013
   195:     9507.014     9509.015     9518.016     9538.017     9545.018
   200:     9573.019     9580.020     9581.021     9585.022     9598.023
   205:     9600.024     9630.025     9633.026     9673.027     9685.028
   210:     9694.029     9810.030     9823.031     9828.032     9831.033
   215:     9833.034     9836.035     9838.036     9843.037     9912.038
   220:     9912.038     9962.000     9962.000    10085.001    10198.002
   225:    10311.003    10380.004    10437.005    10443.006    10480.007
   230:    10486.008    10493.009    10527.010    10532.011    10577.012
   235:    10579.013    10592.014    10596.015    10601.016    10610.017
   240:    10614.018    10656.019    10660.020    10670.021    10700.022
   245:    10704.023    10707.024    10712.025    10715.026    10720.027
   250:    10750.028    10767.029    10776.030    10782.031    10784.032
   255:    10787.033    10811.034    10825.035    10832.036    10839.037
   260:    10889.038    10892.039    10950.040    10961.041    10966.042
   265:    10975.043    10979.044    10983.045    10985.046    10993.047
   270:    10996.048    10999.049    11062.050    11063.050    11113.000
   275:    11113.000    11277.001    11282.002    11612.003    11650.004
   280:    11700.005    11750.006    11755.007    11765.008    11770.009
   285:    11808.010    11812.011    11815.012    11867.013    11871.014
   290:    11903.015    11906.016    11909.017    11918.018    11921.019
   295:    11925.020    11928.021    11930.022    11932.023    11934.024
   300:    11937.025    11943.026    11945.027    11948.028    11950.029
   305:    11950.030    11958.031    12000.032    12003.033    12020.034
   310:    12023.035    12025.036    12031.037    12036.038    12038.039
   315:    12047.040    12062.041    12066.042    12070.043    12072.044
   320:    12075.045    12079.046    12080.047    12086.048    12110.049
   325:    12115.050    12117.051    12119.052    12124.053    12142.054
   330:    12154.055    12171.056    12174.057    12178.058    12179.059
   335:    12194.060    12194.060    12244.000    12244.000    12877.001
   340:    12914.002    12920.003    12927.004    12967.005    12976.006
   345:    12977.007    13014.008    13017.009    13046.010    13049.011
   350:    13066.012    13072.013    13078.014    13118.015    13122.016
   355:    13129.017    13132.018    13135.019    13137.020    13139.021
   360:    13141.022    13146.023    13196.024    13203.025    13227.026
   365:    13236.027    13239.028    13240.029    13242.030    13244.031
   370:    13247.032    13250.033    13254.034    13262.035    13263.036
   375:    13271.037    13293.038    13305.039    13306.040    13309.041
   380:    13311.042    13317.043    13318.044    13318.044    13368.000
   385:    13368.000    13661.001    13782.002    13974.003    14018.004
   390:    14039.005    14108.006    14124.007    14177.008    14183.009
   395:    14189.010    14229.011    14233.012    14261.013    14270.014
   400:    14275.015    14279.016    14284.017    14287.018    14291.019
   405:    14296.020    14329.021    14335.022    14354.023    14359.024
   410:    14361.025    14364.026    14367.027    14379.028    14385.029
   415:    14423.030    14429.031    14438.032    14442.033    14442.033
   420:    14443.034    14492.000    14492.000    14877.001    15029.002
   425:    15084.003    15155.004    15198.005    15244.006    15320.007
   430:    15382.008    15390.009    15444.010    15470.011    15473.012
   435:    15515.013    15526.014    15533.015    15536.016    15539.017
   440:    15540.018    15542.019    15545.020    15550.021    15562.022
   445:    15590.023    15590.023    15640.000    15640.000    16096.001
   450:    16168.002    16221.003    16226.004    16229.005    16287.006
   455:    16287.006    16337.000    16337.000    16735.001    16802.002
   460:    16864.003    16872.004    16916.005    16920.006    16968.007
   465:    16968.007    17018.000    17018.000    17149.001    17271.002
   470:    17388.003    17395.004    17474.005    17589.006    17594.007
   475:    17664.008    17664.008    17714.000    17714.000    18033.001
   480:    18092.002    18173.003    18243.004    18253.005    18313.006
   485:    18319.007    18358.008    18358.008    18408.000    18408.000
   490:    18408.052    18408.054    18408.056    18408.058    18408.060
   495:    18408.062    18408.064    18408.066    18408.068    18408.070
   500:    18408.072    18408.074    18408.076    18408.078    18408.080
   505:    18408.082    18408.084    18408.086    18408.088    18408.090
   510:    18408.092    18408.094    18408.096    18408.098    18408.100
   515:    18408.102    18408.104    18408.106    18408.108    18408.110
   520:    18408.112    18408.114    18408.116    18408.118    18408.120
   525:    18408.122    18408.124    18408.126    18408.128    18408.130
   530:    18408.132    18408.134    18408.136    18408.138    18408.140
   535:    18408.142    18408.144    18408.146    18408.148    18408.150
   540:    18408.152    18408.154    18408.156    18408.158    18408.160
   545:    18408.162    18408.164    18408.166    18408.168    18408.170
   550:    18408.172    18408.174    18408.176    18408.178    18408.180
   555:    18408.182    18408.184    18408.186    18408.188    18408.190
   560:    18408.192    18408.194    18408.196    18408.198    18408.200
   565:    18408.202    18408.204    18408.206    18408.208    18408.210
   570:    18408.212    18408.214    18408.216    18408.218    18408.220
   575:    18408.222    18408.224    18408.226    18408.228    18408.230
   580:    18408.232    18408.234    18408.236    18408.238    18408.240
   585:    18408.242    18408.244    18408.246    18408.248    18408.250
   590:    18408.252    18408.254    18408.256    18408.258    18408.260
   595:    18408.262    18408.264    18408.266    18408.268    18408.270
   600:    18408.272    18408.274    18408.276    18408.278    18408.280
   605:    18408.282    18408.284    19016.001    19040.002    19040.002
   610:    19090.000    19090.000    19533.001    19556.002    19563.003
   615:    19566.004    19597.005    19604.006    19640.007    19645.008
   620:    19648.009    19690.010    19695.011    19698.012    19707.013
   625:    19733.014    19733.014    19783.000    19783.000    20144.001
   630:    20150.002    20194.003    20200.004    20208.005    20235.006
   635:    20238.007    20240.008    20248.009    20254.010    20261.011
   640:    20283.012    20288.013    20292.014    20302.015    20305.016
   645:    20311.017    20314.018    20319.019    20323.020    20325.021
   650:    20326.022    20334.023    20355.024    20360.025    20387.026
   655:    20391.027    20393.028    20407.029    20413.030    20417.031
   660:    20423.032    20423.032    20473.000    20473.000    20737.001
   665:    20799.002
