File: C:\MED-PC\Data\2018-05-25_11h38m_Subject M330.txt


Start Date: 05/25/18
End Date: 05/25/18
Subject: M330
Experiment: DOBLE_PICO_DEMORA
Group: EXP
Box: 10
Start Time: 11:38:55
End Time: 12:53:05
MSN: IF_ACO_MULTIPLE_PICO
A:     421.000
B:      20.000
D:      19.000
I:       2.000
J:   18000.000
K:    5400.000
M:       3.000
N:      20.000
O:      20.000
P:     859.000
Q:       0.000
T:    1000.000
V:     600.000
W:      20.000
Z:       0.000
C:
     0:        0.120        0.120        0.120        0.120        0.120
     5:        0.120        0.120        0.120        0.120        0.120
    10:        0.120        0.120        0.120        0.120        0.120
    15:        0.120        0.120        0.120        0.120        0.120
    20:        0.120        0.120        0.120        0.120        0.120
    25:        0.120        0.120        0.120        0.120        0.120
    30:        0.120        0.120        0.120        0.120        0.120
    35:        0.120        0.120        0.120        0.120        0.120
    40:        0.120        0.120        0.120        0.120        0.120
    45:        0.120        0.120        0.120        0.120        0.120
    50:        0.120        0.120        0.120        0.120        0.120
    55:        0.120        0.120        0.120        0.510       48.110
    60:       52.120       57.120       59.120       63.120      127.120
    65:      159.120      167.120      194.120      212.120      260.110
    70:      265.110      270.120      277.120      283.120      288.120
    75:      293.120      294.120      305.110      311.110      320.110
    80:      379.110      385.110      390.110      397.110      404.110
    85:      412.110      431.110      436.110      441.110      447.110
    90:      451.110      457.110      482.120      490.110      494.110
    95:      497.110      505.110      507.110      513.110      534.110
   100:      540.110      540.210      543.120      590.310      690.540
   105:      733.120      766.120      768.120      774.120      775.120
   110:      777.120      782.120      808.120      822.120      849.120
   115:      852.120      856.120      857.120      868.120      921.120
   120:      953.120      962.120      971.120     1005.120     1046.120
   125:     1115.120     1145.120     1147.120     1148.120     1155.120
   130:     1157.120     1171.120     1180.120     1190.120     1195.120
   135:     1199.120     1201.120     1202.120     1204.120     1207.120
   140:     1208.120     1210.120     1214.120     1216.120     1224.120
   145:     1226.120     1228.120     1229.120     1234.120     1235.120
   150:     1237.120     1243.120     1244.120     1246.120     1264.120
   155:     1268.120     1296.120     1309.120     1313.120     1381.120
   160:     1385.120     1387.120     1389.120     1427.120     1463.110
   165:     1469.120     1507.110     1513.110     1516.110     1519.110
   170:     1524.110     1526.110     1575.110     1582.110     1589.110
   175:     1590.110     1593.110     1615.110     1642.110     1643.110
   180:     1648.110     1650.110     1654.110     1655.110     1661.110
   185:     1664.110     1668.110     1670.110     1675.110     1684.110
   190:     1695.120     1706.120     1712.110     1716.110     1719.110
   195:     1723.110     1730.110     1736.110     1745.110     1755.110
   200:     1758.110     1767.110     1772.110     1784.110     1793.110
   205:     1798.110     1809.120     1813.120     1828.110     1836.110
   210:     1838.110     1849.110     1852.110     1857.110     1862.110
   215:     1869.110     1871.110     1917.110     1926.110     1936.110
   220:     1942.110     1961.110     1972.120     1986.120     2020.110
   225:     2029.110     2038.110     2042.110     2045.110     2048.110
   230:     2055.110     2059.120     2094.120     2110.110     2119.110
   235:     2125.120     2131.120     2135.120     2140.120     2143.120
   240:     2144.120     2146.120     2152.120     2158.120     2159.120
   245:     2324.120     2332.120     2354.120     2361.120     2365.120
   250:     2367.120     2382.120     2387.120     2389.120     2390.120
   255:     2418.120     2461.120     2468.120     2490.340     2521.120
   260:     2566.120     2573.120     2578.120     2590.510     2615.120
   265:     2682.120     2691.120     2695.120     2700.120     2774.120
   270:     2815.120     2903.110     2910.110     2915.110     2919.110
   275:     2926.120     2930.120     2941.120     2962.110     2969.110
   280:     2972.110     2978.110     2985.110     2989.110     2991.110
   285:     2997.110     3001.110     3012.110     3014.110     3019.110
   290:     3024.110     3034.120     3040.120     3048.110     3054.110
   295:     3058.110     3066.110     3068.110     3073.110     3122.110
   300:     3129.110     3138.110     3138.210     3142.120     3188.310
   305:     3288.530     3400.120     3606.120     3608.120     3616.120
   310:     3617.120     3622.120     3647.120     3705.120     3706.120
   315:     3732.120     3746.120     3814.120     3815.120     3822.120
   320:     3823.120     3843.120     3844.120     3869.120     3873.120
   325:     3875.120     3891.120     3898.120     3919.120     3920.120
   330:     3934.120     3937.120     3943.120     3957.120     3958.120
   335:     3960.120     3962.120     3964.120     3966.120     4003.120
   340:     4012.120     4014.120     4051.120     4052.120     4054.120
   345:     4058.120     4112.120     4119.120     4162.120     4163.120
   350:     4165.120     4200.100     4204.120     4234.100     4244.100
   355:     4251.100     4256.100     4265.120     4291.100     4300.100
   360:     4301.100     4304.100     4309.100     4316.100     4326.120
   365:     4357.100     4359.100     4365.100     4375.100     4379.100
   370:     4381.100     4389.100     4395.100     4407.120     4441.120
   375:     4450.100     4452.100     4456.120     4467.120     4552.120
   380:     4555.120     4577.120     4580.120     4582.120     4628.120
   385:     4635.120     4662.120     4667.120     4668.120     4709.120
   390:     4710.120     4714.120     4716.120     4764.120     4771.120
   395:     4774.120     4775.120     4797.120     4798.120     4828.120
   400:     4831.120     4833.120     4899.120     4909.120     4963.120
   405:     4966.120     4966.120     5003.120     5045.120     5052.120
   410:     5088.330     5104.120     5109.120     5111.120     5113.120
   415:     5116.120     5120.120     5188.500     5329.120     5340.120
   420:     5344.120     5366.120     5372.120     5374.120     5442.120
   425:     5446.120     5453.120     5489.120     5506.120     5564.120
   430:     5589.120     5589.120     5591.120     5595.120     5644.100
   435:     5647.120     5653.120     5696.120     5731.100     5738.100
   440:     5742.100     5745.100     5749.100     5755.100     5761.100
   445:     5768.120     5791.200     5841.300     5941.510     5972.120
   450:     5973.120     5990.120     5994.120     5999.120     6063.120
   455:     6079.120     6081.120     6083.120     6095.120     6396.110
   460:     6456.120     6476.120     6477.120     6488.110     6493.110
   465:     6506.110     6510.110     6514.110     6516.110     6520.120
   470:     6529.120     6546.110     6553.110     6557.110     6557.210
   475:     6563.120     6607.310     6707.500     6843.120     7176.120
   480:     7239.120     7247.120     7283.120     7291.120     7292.120
   485:     7293.120     7332.120     7378.100     7383.100     7388.120
   490:     7412.100     7416.100     7421.100     7423.100     7434.100
   495:     7437.100     7438.100     7438.200     7444.120     7488.300
   500:     7588.500     7632.120     7632.120     7694.120     7696.120
   505:     7698.120     7702.120     7703.120     7708.120     7710.120
   510:     7711.120     7714.120     7716.120     7718.120     7720.120
   515:     7724.120     7725.120     7731.120     7740.120     7774.120
   520:     7966.120     7967.120     8023.120     8050.120     8080.120
   525:     8122.120     8162.120     8208.120     8240.120     8243.120
   530:     8259.120     8269.120     8303.120     8370.120     8420.120
   535:     8421.120     8466.100     8468.100     8473.100     8476.100
   540:     8480.100     8484.100     8488.100     8489.100     8490.100
   545:     8492.100     8496.100     8505.100     8508.120     8526.200
   550:     8528.120     8576.300     8670.120     8676.510     8700.120
   555:     8860.120     8864.120     8868.120     8895.120     8903.120
   560:     8904.120     8913.120     8928.120     8949.120     8954.120
   565:     8957.120     8958.120     8971.120     8988.120     8997.120
   570:     9003.120     9053.120     9063.120     9167.110     9173.110
   575:     9232.120     9234.120     9238.120     9252.120     9264.120
   580:     9286.110     9292.110     9292.210     9296.120     9342.310
   585:     9427.120     9442.500     9456.120     9525.120     9527.120
   590:     9529.120     9801.120     9807.120     9812.120     9821.120
   595:     9823.120     9839.120     9840.120     9850.120     9854.120
   600:     9867.120     9871.120     9899.120     9959.120    10008.120
   605:    10053.120    10126.120    10151.100    10159.120    10183.100
   610:    10187.100    10189.100    10192.100    10195.100    10202.100
   615:    10206.100    10211.100    10211.200    10217.120    10261.300
   620:    10361.510    10396.120    10397.120    10397.120    10398.120
   625:    10431.120    10815.110    10841.110    10846.110    10859.120
   630:    10880.120    10894.110    10906.110    10922.110    10927.110
   635:    10953.120    10985.110    10985.210    10989.120    11035.310
   640:    11135.510    11169.120    11170.120    11184.120    11685.110
   645:    11696.120    11698.120    11699.120    11729.110    11735.110
   650:    11739.110    11746.110    11754.110    11754.210    11757.120
   655:    11804.310    11904.500    11918.120    11919.120    11984.120
   660:    11985.120    12398.120    12434.100    12437.100    12441.120
   665:    12469.100    12471.100    12474.100    12476.100    12480.100
   670:    12485.100    12486.100    12497.100    12502.100    12507.100
   675:    12514.100    12516.120    12529.200    12579.300    12679.510
   680:    12687.120    12714.120    12763.120    12791.120    12793.120
   685:    12832.120    12853.120    12856.120    12865.120    12871.120
   690:    12880.120    12881.120    12888.120    12916.120    12923.120
   695:    12925.120    12933.120    12938.120    12942.120    12943.120
   700:    12952.120    12955.120    12958.120    12982.120    12988.120
   705:    12989.120    13003.120    13005.120    13007.120    13008.120
   710:    13011.120    13013.120    13014.120    13023.120    13025.120
   715:    13027.120    13028.120    13030.120    13064.120    13071.120
   720:    13113.120    13118.120    13162.110    13248.110    13262.110
   725:    13267.110    13278.110    13285.110    13305.110    13305.210
   730:    13311.120    13355.310    13455.500    13473.120    13509.120
   735:    13513.120    13515.120    13517.120    13519.120    13539.120
   740:    13552.120    13559.120    13561.120    13563.120    13585.120
   745:    13589.120    13620.120    13687.120    13708.120    13717.120
   750:    13781.120    13809.120    13816.120    13818.120    13823.120
   755:    13825.120    13882.120    13889.120    13931.120    13936.120
   760:    13947.120    13950.120    13972.120    13983.120    13985.120
   765:    14028.120    14063.100    14067.120    14082.100    14085.100
   770:    14090.100    14095.100    14099.100    14112.120    14123.200
   775:    14173.300    14268.120    14273.510    14355.120    14357.120
   780:    14359.120    14364.120    14366.120    14367.120    14367.120
   785:    14370.120    14372.120    14375.120    14379.120    14383.120
   790:    14384.120    14393.120    14398.120    14400.120    14402.120
   795:    14410.120    14412.120    14417.120    14418.120    14453.120
   800:    14464.120    14476.120    14478.120    14512.120    14520.120
   805:    14524.120    14526.120    14528.120    14530.120    14538.120
   810:    14539.120    14540.120    14543.120    14591.120    14598.120
   815:    14622.120    14625.120    14683.120    14835.120    14869.120
   820:    14901.120    14913.120    14916.120    14917.120    14924.120
   825:    14948.110    14948.210    14953.120    14998.310    15037.120
   830:    15067.120    15098.500    15120.120    15141.120    15144.120
   835:    15540.120    15540.120    15566.120    15579.120    15623.100
   840:    15625.100    15628.100    15636.100    15637.100    15645.120
   845:    15676.100    15693.100    15700.100    15702.100    15707.100
   850:    15711.100    15721.120    15736.200    15781.120    15786.300
   855:    15817.120    15818.120    15886.500    15902.120    15910.120
   860:    15915.120    15963.120    15964.120    15975.120    16072.120
   865:    16079.120    16081.120    16095.120    16096.120    16105.120
   870:    16117.120    16128.120    16138.120    16141.120    16143.120
   875:    16145.120    16148.120    16154.120    16155.120    16157.120
   880:    16167.120    16207.120    16235.120    16236.120    16258.120
   885:    16261.120    16268.120    16299.120    16310.120    16369.120
   890:    16379.120    16414.120    16433.120    16442.120    16479.100
   895:    16494.100    16499.100    16502.100    16509.100    16518.120
   900:    16539.200    16541.120    16589.300    16689.510    16708.120
   905:    16736.120    16738.120    16740.120    16741.120    16752.120
   910:    16753.120    16779.120    16790.120    16791.120    16802.120
   915:    16803.120    16818.120    16819.120    16824.120    16834.120
   920:    16844.120    16846.120    16876.120    16878.120    16896.120
   925:    16906.120    16917.120    16927.120    16930.120    16940.120
   930:    16942.120    16945.120    16948.120    16957.120    16958.120
   935:    16962.120    16964.120    16968.120    16969.120    16978.120
   940:    16985.120    16986.120    16988.120    17013.120    17014.120
   945:    17016.120    17018.120    17021.120    17035.120    17046.120
   950:    17052.120    17055.120    17072.120    17082.120    17090.120
   955:    17111.120    17113.120    17131.120    17165.110    17175.110
   960:    17179.110    17188.110    17194.110    17202.110    17204.110
   965:    17212.110    17217.110    17218.110    17219.110    17225.110
   970:    17247.110    17250.110    17256.110    17257.110    17261.110
   975:    17265.110    17272.110    17273.110    17284.110    17300.110
   980:    17304.110    17304.210    17308.120    17354.310    17439.120
   985:    17454.500    17466.120    17468.120    17469.120    17474.120
   990:    17478.120    17487.120    17489.120    17611.120    17630.120
   995:    17635.120    17647.120    17660.120    17666.120    17684.120
  1000:    17694.120    17720.120    17721.120    17743.120    17767.120
  1005:    17792.100    17800.100    17806.100    17812.100    17821.100
  1010:    17827.120    17864.100    17873.100    17876.100    17882.100
  1015:    17887.100    17896.100    17900.100    17905.120    17960.120
  1020:    18007.100    18019.100    18024.100    18029.100    18031.100
  1025:    18032.100    18047.120    18067.200    18117.300    18141.120
  1030:    18217.510    18270.120    18302.120    18332.120    18334.120
  1035:    18366.120    18430.120    18431.120    18456.120    18458.120
  1040:    18466.120    18469.120    18475.120    18477.120    18479.120
  1045:    18481.120    18483.120    18490.120    18531.120    18541.120
  1050:    18546.120    18562.120    18649.120    18655.120    18660.120
  1055:    18670.120    18676.120    18678.120    18685.120    18691.120
  1060:    18693.120    18694.120    18712.120    18736.120    18745.120
  1065:    18752.120    18757.120    18773.120    18819.110    18823.110
  1070:    18835.120    18905.120    18931.120    18945.110    18945.210
  1075:    18949.120    18995.310    19067.120    19095.500    19167.120
  1080:    19175.120    19179.120    19180.120    19230.120    19248.120
  1085:    19263.120    19297.120    19312.120    19313.120    19315.120
  1090:    19389.100    19400.100    19421.120    19463.100    19467.120
  1095:    19509.100    19518.100    19526.120    19572.120    19594.100
  1100:    19600.100    19605.100    19607.100    19609.100    19614.100
  1105:    19621.100    19627.100    19630.120    19661.100    19663.100
  1110:    19668.100    19672.100    19676.100    19692.100    19696.100
  1115:    19698.100    19700.100    19708.100    19716.120    19721.200
  1120:    19771.300    19796.120    19856.120    19871.120    19871.540
  1125:    19884.120    19905.120    19954.120    19983.120    19993.120
  1130:    19997.120    20003.120    20005.120    20009.120    20011.120
  1135:    20015.120    20016.120    20019.120    20026.120    20028.120
  1140:    20032.120    20033.120    20035.120    20045.120    20052.120
  1145:    20056.120    20059.120    20061.120    20089.120    20098.120
  1150:    20110.120    20115.120    20140.120    20181.120    20213.120
  1155:    20268.120    20268.120    20335.110    20357.120    20398.110
  1160:    20403.110    20407.110    20412.110    20417.110    20421.120
  1165:    20435.120    20440.120    20447.110    20453.110    20461.110
  1170:    20465.110    20468.110    20472.110    20476.110    20490.110
  1175:    20493.110    20512.110    20513.110    20517.110    20524.110
  1180:    20526.110    20527.110    20530.110    20536.110    20553.110
  1185:    20557.110    20558.110    20559.110    20560.110    20561.110
  1190:    20563.110    20576.110    20579.110    20593.110    20598.110
  1195:    20603.110    20607.110    20615.120    20633.110    20642.110
  1200:    20653.110    20654.110    20661.110    20687.110    20715.110
  1205:    20719.110    20721.110    20723.110    20737.120    20752.120
  1210:    20757.110    20776.110    20781.110    20797.110    20802.110
  1215:    20811.110    20815.110    20822.110    20981.110    20989.120
  1220:    21023.120    21034.120    21042.120    21051.110    21158.110
  1225:    21262.110    21338.120    21341.120    21349.120    21356.120
  1230:    21374.120    21378.120    21380.120    21426.120    21433.120
  1235:    21509.110    21518.110    21522.110    21525.110    21531.110
  1240:    21534.110    21540.120    21573.110    21577.110    21586.110
  1245:    21594.110    21598.110    21603.120    21605.120    21614.120
  1250:    21656.110    21671.340    21671.110    21771.510    21810.120
  1255:    21813.120    21823.120    21835.120    21867.120    22165.110
  1260:    22180.110    22187.110    22193.110    22199.110    22203.110
  1265:    22213.110    22221.110    22224.110    22232.110    22237.110
  1270:    22243.110    22248.110    22260.110    22264.110    22281.110
  1275:    22285.110    22289.110    22290.110    22292.110    22293.110
  1280:    22296.110    22298.110    22303.110    22305.110    22309.110
  1285:    22314.110    22316.110    22321.110    22322.110    22323.110
  1290:    22337.110    22346.120    22368.110    22382.110    22386.110
  1295:    22386.210    22395.120    22436.310    22536.500    22844.120
  1300:    22848.120    22857.120    22858.120    22862.120    22886.120
  1305:    22892.120    22962.120    23012.120    23042.100    23046.120
  1310:    23074.100    23082.100    23086.100    23097.100    23100.100
  1315:    23102.100    23110.120    23129.120    23139.100    23141.100
  1320:    23142.200    23146.120    23192.300    23292.500    23302.120
  1325:    23350.120    23352.120    23354.120    23356.120    23357.120
  1330:    23361.120    23362.120    23364.120    23368.120    23372.120
  1335:    23374.120    23686.120    23687.120    23720.120    23759.120
  1340:    23792.120    23830.120    23835.120    23875.100    23883.100
  1345:    23886.100    23890.100    23898.120    23921.100    23923.100
  1350:    23928.120    23935.200    23985.300    24085.510    24090.120
  1355:    24091.120    24123.120    24126.120    24128.120    24130.120
  1360:    24132.120    24136.120    24138.120    24139.120    24145.120
  1365:    24149.120    24253.120    24261.120    24275.120    24290.120
  1370:    24295.120    24296.120    24332.120    24339.120    24355.120
  1375:    24360.120    24362.120    24480.120    24486.120    24495.120
  1380:    24497.120    24499.120    24503.120    24505.120    24545.120
  1385:    24548.120    24549.120    24578.120    24596.120    24630.110
  1390:    24636.110    24642.110    24649.110    24651.110    24663.120
  1395:    24674.110    24679.110    24683.110    24684.110    24686.110
  1400:    24691.110    24697.110    24703.110    24703.210    24707.120
  1405:    24753.310    24853.500    24928.120    24930.120    24982.120
  1410:    24985.120    24999.120    25001.120    25003.120    25105.100
  1415:    25113.100    25159.120    25159.120    25217.120    25233.120
  1420:    25288.120    25336.120    25374.100    25382.100    25388.100
  1425:    25392.100    25403.100    25413.120    25445.100    25460.100
  1430:    25463.200    25468.120    25513.300    25584.120    25613.510
  1435:    25623.120    25624.120    25627.120    25629.120    25645.120
  1440:    25646.120    25648.120    25838.120    25848.120    25850.120
  1445:    25861.120    25886.120    25936.120    26001.120    26002.120
  1450:    26048.120    26071.120    26115.120    26151.110    26156.110
  1455:    26159.110    26163.110    26174.110    26183.110    26197.110
  1460:    26201.110    26203.110    26205.110    26206.110    26221.110
  1465:    26225.110    26233.110    26240.110    26246.110    26253.110
  1470:    26281.110    26287.110    26289.110    26295.110    26300.110
  1475:    26305.110    26307.110    26308.110    26309.110    26311.110
  1480:    26330.110    26338.110    26348.110    26350.110    26372.120
  1485:    26381.110    26381.210    26386.120    26431.310    26498.120
  1490:    26499.120    26524.120    26531.500    26572.120    26576.120
  1495:    26582.120    26583.120    26600.120    26602.120    26999.120
  1500:    27020.100    27025.100    27035.120    27086.100    27101.120
  1505:    27125.100    27131.100    27136.100    27140.100    27146.200
  1510:    27151.120    27196.300    27272.120    27273.120    27273.120
  1515:    27293.120    27294.120    27295.120    27296.510    27297.120
  1520:    27365.120    27419.120    27433.120    27436.120    27440.120
  1525:    27442.120    27448.120    27450.120    27451.120    27453.120
  1530:    27455.120    27457.120    27459.120    27469.120    27470.120
  1535:    27474.120    27478.120    27479.120    27481.120    27483.120
  1540:    27483.120    27485.120    27492.120    27493.120    27495.120
  1545:    27498.120    27500.120    27506.120    27508.120    27516.120
  1550:    27519.120    27533.120    27543.120    27545.120    27547.120
  1555:    27604.120    27729.110    27735.110    27743.110    27749.110
  1560:    27761.110    27787.120    27806.110    27811.110    27819.110
  1565:    27824.110    27832.110    27849.110    27863.120    27886.110
  1570:    27893.110    27903.110    27905.110    27911.110    27931.110
  1575:    27934.110    27941.110    27954.120    27962.110    27964.110
  1580:    27970.110    27973.110    27976.110    27980.110    27981.110
  1585:    27982.110    27994.110    28002.110    28010.110    28013.110
  1590:    28014.110    28015.110    28017.110    28019.110    28025.110
  1595:    28030.110    28034.110    28045.110    28047.110    28053.110
  1600:    28064.110    28066.110    28067.110    28068.110    28072.110
  1605:    28097.110    28100.110    28104.110    28107.110    28111.110
  1610:    28117.110    28128.110    28137.120    28174.110    28177.110
  1615:    28192.110    28209.110    28225.110    28280.110    28280.210
  1620:    28281.110    28285.120    28330.310    28427.120    28430.510
  1625:    28451.120    28493.120    28497.120    28499.120    28530.120
  1630:    28531.120    28540.120    28542.120    28551.120    28568.120
  1635:    28573.120    28575.120    28577.120    28583.120    28587.120
  1640:    28590.120    28597.120    28601.120    28633.120    28635.120
  1645:    28637.120    28640.120    28674.120    28676.120    28678.120
  1650:    28679.120    28721.120    28724.120    28727.120    28756.120
  1655:    28757.120    28759.120    28761.120    28762.120    28791.120
  1660:    28792.120    28794.120    28862.120    28865.120    28867.120
  1665:    28887.120    28891.120    28916.120    28921.120    28953.120
  1670:    28956.120    28980.110    28990.120    29010.110    29025.110
  1675:    29036.110    29046.120    29053.120    29073.120    29079.110
  1680:    29088.110    29092.110    29097.110    29103.110    29106.120
  1685:    29127.120    29135.110    29149.110    29151.110    29152.110
  1690:    29160.110    29172.110    29182.110    29195.110    29197.110
  1695:    29201.110    29206.110    29207.110    29226.110    29226.210
  1700:    29230.120    29276.310    29376.500    29378.120    29456.120
  1705:    29839.120    29884.100    29891.100    29901.100    29907.100
  1710:    29913.120    29951.100    29960.100    29964.100    29971.100
  1715:    29974.100    29981.100    29984.100    29991.100    29995.100
  1720:    29999.100    30002.120    30011.200    30061.300    30066.120
  1725:    30161.530    30162.120    30198.120    30200.120    30201.120
  1730:    30205.120    30207.120    30208.120    30210.120    30212.120
  1735:    30216.120    30234.120    30235.120    30247.120    30464.120
  1740:    30517.100    30521.100    30524.100    30529.100    30532.100
  1745:    30533.100    30537.100    30544.120    30568.100    30582.100
  1750:    30586.100    30594.100    30599.100    30606.100    30612.100
  1755:    30614.120    30649.120    30673.120    30680.100    30690.100
  1760:    30693.100    30695.100    30705.100    30714.100    30715.100
  1765:    30717.100    30727.100    30731.120    30791.120    30796.120
  1770:    30805.120    30907.120    30971.100    30980.100    30984.100
  1775:    31021.100    31028.120    31050.120    31074.100    31083.100
  1780:    31091.100    31093.100    31097.100    31107.100    31114.100
  1785:    31118.100    31122.100    31125.100    31133.100    31145.100
  1790:    31148.100    31151.120    31169.120    31186.120    31263.120
  1795:    31298.120    31304.120    31306.120    31317.120    31319.120
  1800:    31321.120    31339.120    31341.120    31343.120    31345.120
  1805:    31347.120    31350.120    31363.120    31449.120    31477.120
  1810:    31497.100    31510.100    31513.100    31518.100    31551.100
  1815:    31560.120    31600.100    31606.100    31612.100    31632.100
  1820:    31636.100    31638.100    31640.100    31641.100    31643.100
  1825:    31652.100    31654.100    31693.100    31696.120    31744.100
  1830:    31750.100    31757.100    31760.100    31767.100    31778.100
  1835:    31781.100    31789.100    31797.120    31892.120    31943.120
  1840:    31961.330    31983.120    31992.120    32061.510    32143.110
  1845:    32152.120    32272.110    32278.110    32290.110    32291.110
  1850:    32299.120    32308.120    32317.110    32322.110    32329.110
  1855:    32331.110    32334.110    32339.110    32341.110    32349.110
  1860:    32369.110    32374.110    32380.110    32384.110    32395.110
  1865:    32436.110    32440.110    32445.110    32449.110    32452.110
  1870:    32456.110    32467.110    32472.110    32475.110    32486.110
  1875:    32489.110    32497.110    32508.110    32512.110    32513.110
  1880:    32515.110    32516.110    32523.110    32532.110    32540.110
  1885:    32542.110    32565.110    32570.110    32576.110    32577.110
  1890:    32583.110    32589.110    32591.110    32599.110    32605.110
  1895:    32608.110    32610.110    32633.110    32635.110    32639.110
  1900:    32641.110    32645.110    32654.110    32663.110    32677.110
  1905:    32680.110    32681.110    32682.110    32684.110    32684.110
  1910:    32690.110    32694.110    32700.110    32702.110    32707.120
  1915:    32732.110    32742.110    32755.120    32772.110    32784.110
  1920:    32808.110    32826.110    32841.110    32841.210    32845.120
  1925:    32891.310    32991.510    32994.120    33030.120    33044.120
  1930:    33086.120    33129.120    33136.120    33140.120    33142.120
  1935:    33149.120    33163.120    33165.120    33181.120    33190.120
  1940:    33344.120    33348.120    33350.120    33400.120    33401.120
  1945:    33403.120    33429.120    33431.120    33433.120    33472.120
  1950:    33475.120    33494.120    33497.120    33499.120    33545.120
  1955:    33553.120    33577.110    33579.110    33587.110    33591.110
  1960:    33597.110    33603.120    33627.110    33635.110    33644.110
  1965:    33650.110    33657.110    33666.110    33670.110    33675.110
  1970:    33681.110    33682.110    33686.110    33688.110    33694.110
  1975:    33698.110    33705.110    33708.110    33728.110    33733.110
  1980:    33734.110    33735.110    33736.110    33737.110    33745.110
  1985:    33752.110    33756.110    33758.110    33759.110    33766.110
  1990:    33776.110    33776.210    33780.120    33826.310    33921.120
  1995:    33926.500    33967.120    33970.120    33971.120    34125.120
  2000:    34146.120    34151.120    34154.120    34172.120    34174.120
  2005:    34176.120    34178.120    34201.120    34202.120    34204.120
  2010:    34206.120    34253.120    34254.120    34256.120    34257.120
  2015:    34274.120    34276.120    34278.120    34336.120    34360.120
  2020:    34377.120    34380.120    34382.120    34431.120    34433.120
  2025:    34435.120    34476.120    34509.100    34514.120    34532.100
  2030:    34536.100    34539.100    34542.100    34544.100    34547.100
  2035:    34550.100    34553.100    34563.120    34569.200    34619.300
  2040:    34623.120    34719.500    34727.120    34759.120    34764.120
  2045:    34950.120    34952.120    34962.120    34991.120    34993.120
  2050:    34995.120    35008.120    35014.120    35084.120    35087.120
  2055:    35110.120    35111.120    35115.120    35149.120    35156.120
  2060:    35160.120    35164.120    35196.120    35208.120    35255.100
  2065:    35274.120    35294.100    35300.100    35305.100    35307.100
  2070:    35311.100    35324.120    35346.100    35354.200    35359.120
  2075:    35404.300    35504.510    35547.120    35548.120    35599.120
  2080:    35840.120    35843.120    35844.120    35877.120    35899.120
  2085:    35902.120    35915.120    35921.120    35923.120    35925.120
  2090:    35954.120    35956.120    36027.120    36030.120    36033.120
  2095:    36088.120    36121.110    36127.110    36132.110    36141.110
  2100:    36149.110    36154.110    36158.110    36171.110    36172.110
  2105:    36177.120    36189.110    36191.110    36194.110    36198.110
  2110:    36201.110    36219.110    36223.110    36240.110    36246.110
  2115:    36248.110    36251.110    36258.110    36262.110    36276.110
  2120:    36281.110    36283.110    36298.120    36320.110    36320.210
  2125:    36324.120    36370.310    36470.510    36508.120    36508.120
  2130:    36537.120    36539.120    36541.120    36542.120    36548.120
  2135:    36550.120    36554.120    36555.120    36557.120    36563.120
  2140:    36565.120    36583.120    36585.120    36595.120    36670.120
  2145:    36674.120    36676.120    36683.120    36684.120    36697.120
  2150:    36699.120    36706.120    36713.120    36718.120    36719.120
  2155:    36721.120    36725.120    36727.120    36730.120    36732.120
  2160:    36745.120    36757.120    36768.120    36793.120    36795.120
  2165:    36797.120    36811.120    36813.120    36816.120    36818.120
  2170:    36821.120    36823.120    36826.120    36828.120    36830.120
  2175:    36832.120    36833.120    36836.120    36837.120    36843.120
  2180:    36849.120    36897.120    36898.120    36901.120    36902.120
  2185:    36904.120    36915.120    36919.120    36949.120    36950.120
  2190:    36952.120    36957.120    36966.120    36968.120    37022.120
  2195:    37058.110    37065.110    37077.120    37102.120    37122.110
  2200:    37131.110    37139.110    37141.120    37180.110    37184.110
  2205:    37193.110    37219.120    37244.110    37246.110    37252.110
  2210:    37252.210    37254.120    37302.310    37402.500    37414.120
  2215:    37439.120    37441.120    37443.120    37444.120    37447.120
  2220:    37448.120    37453.120    37455.120    37457.120    37459.120
  2225:    37461.120    37464.120    37484.120    37487.120    37540.100
  2230:    37545.100    37550.100    37557.120    37584.100    37622.100
  2235:    37628.100    37632.120    37661.120    37669.120    37723.100
  2240:    37729.100    37736.100    37747.100    37749.100    37752.100
  2245:    37755.120    37779.100    37782.100    37789.100    37804.100
  2250:    37808.100    37813.100    37817.100    37822.100    37825.120
  2255:    37848.100    37849.100    37853.100    37863.100    37871.100
  2260:    37884.100    37890.100    37893.100    37896.100    37901.100
  2265:    37904.120    37949.120    37971.100    37975.100    37986.100
  2270:    37997.120    38031.200    38081.300    38174.120    38175.120
  2275:    38181.500    38202.120    38229.120    38235.120    38241.120
  2280:    38254.120    38260.120    38264.120    38266.120    38269.120
  2285:    38271.120    38274.120    38304.120    38306.120    38316.120
  2290:    38318.120    38365.120    38367.120    38374.120    38375.120
  2295:    38378.120    38381.120    38396.120    38398.120    38402.120
  2300:    38406.120    38407.120    38409.120    38413.120    38415.120
  2305:    38427.120    38429.120    38438.120    38441.120    38444.120
  2310:    38452.120    38462.120    38486.120    38488.120    38490.120
  2315:    38492.120    38529.120    38530.120    38532.120    38536.120
  2320:    38557.120    38563.120    38564.120    38566.120    38722.120
  2325:    38733.120    38767.100    38772.100    38777.100    38781.100
  2330:    38782.100    38786.100    38790.100    38800.100    38802.120
  2335:    38820.100    38822.100    38824.100    38824.100    38827.200
  2340:    38831.120    38877.300    38955.120    38956.120    38977.540
  2345:    38998.120    39003.120    39020.120    39028.120    39029.120
  2350:    39036.120    39037.120    39047.120    39233.120    39236.120
  2355:    39245.120    39249.120    39250.120    39255.120    39272.120
  2360:    39275.120    39278.120    39303.120    39310.120    39313.120
  2365:    39337.120    39342.120    39371.120    39375.120    39393.120
  2370:    39397.120    39398.120    39435.120    39441.120    39471.120
  2375:    39494.120    39498.120    39517.120    39554.110    39559.110
  2380:    39563.110    39566.110    39580.110    39585.110    39587.110
  2385:    39590.110    39595.120    39616.110    39618.110    39619.110
  2390:    39622.110    39624.110    39628.110    39630.110    39645.110
  2395:    39648.110    39652.110    39653.110    39656.110    39673.110
  2400:    39679.110    39684.110    39687.110    39694.110    39700.110
  2405:    39722.110    39727.110    39729.110    39731.110    39743.110
  2410:    39749.110    39751.110    39753.110    39767.120    39774.110
  2415:    39779.110    39786.110    39790.110    39794.110    39799.110
  2420:    39804.110    39815.110    39817.110    39828.120    39851.110
  2425:    39862.110    39865.110    39872.110    39880.110    39892.110
  2430:    39918.110    39923.110    39929.110    39932.110    39933.110
  2435:    39938.110    39942.110    39947.110    39950.110    39952.110
  2440:    39957.110    39982.110    39994.110    39996.110    39999.110
  2445:    40010.120    40028.120    40044.110    40052.110    40054.110
  2450:    40058.110    40065.110    40074.110    40081.120    40118.110
  2455:    40123.110    40130.110    40144.110    40153.120    40155.120
  2460:    40158.120    40183.110    40191.110    40199.120    40241.120
  2465:    40258.110    40266.110    40269.120    40295.110    40351.120
  2470:    40358.120    40393.110    40396.110    40408.110    40432.110
  2475:    40437.110    40514.110    40777.340    40833.120    40877.500
  2480:    40963.100    40967.120    41000.120    41014.120    41067.120
  2485:    41068.120    41078.120    41120.100    41141.100    41144.120
  2490:    41166.100    41258.120    41299.100    41303.100    41306.100
  2495:    41311.100    41314.100    41322.100    41328.100    41331.100
  2500:    41339.120    41378.100    41381.100    41390.100    41391.100
  2505:    41397.100    41401.120    41425.100    41428.100    41432.100
  2510:    41434.100    41436.100    41445.100    41449.100    41456.100
  2515:    41463.100    41467.100    41475.100    41476.100    41485.200
  2520:    41485.120    41535.300    41622.120    41635.510    41669.120
  2525:    41685.120    41688.120    41689.120    41693.120    41886.110
  2530:    41902.120    41926.120    41950.110    41954.110    41962.120
  2535:    41995.120
E:
     0:     2536.000      395.000      700.000
F:
     0:       70.000       31.887       32.080
G:
     0:        1.000        1.000        1.000        1.000        1.000
     5:        1.000        1.000        1.000        1.000        0.000
H:
     0:        1.000        1.000        2.000        2.000
L:
     0:     6130.000     7409.000     9472.000     7788.000     6352.000
     5:     6774.000     6471.000     6635.000     6237.000     6360.000
    10:     6164.000     6528.000     6207.000     6247.000     6449.000
    15:     6534.000     6453.000     6396.000     6554.000     6182.000
R:
     0:        1.000        1.000        1.000        1.000        1.000
     5:        1.000        1.000        1.000        1.000        0.000
S:
     0:        1.000        1.000
U:
     0:     7788.000        3.000        0.000
X:
     0:        0.000      911.002      946.004      956.006      962.008
     5:      967.010     1002.012     1011.014     1013.016     1016.018
    10:     1021.020     1027.022     1068.024     1070.026     1076.028
    15:     1086.030     1091.032     1092.034     1101.036     1107.038
    20:     1162.040     1164.042     2355.043     2442.044     2450.045
    25:     2454.046     2457.047     2461.048     2466.049     2472.050
    30:     2503.050     2553.000     2553.000     3223.001     3228.002
    35:     3257.003     3261.004     3266.005     3268.006     3279.007
    40:     3282.008     3283.009     3283.009     3333.000     3333.000
    45:     4210.001     4212.002     4217.003     4220.004     4224.005
    50:     4228.006     4232.007     4233.008     4235.009     4236.010
    55:     4240.011     4249.012     4270.012     4320.000     4320.000
    60:     5028.001     5060.002     5064.003     5066.004     5069.005
    65:     5073.006     5079.007     5084.008     5088.009     5088.009
    70:     5138.000     5138.000     5668.001     5671.002     5703.003
    75:     5705.004     5708.005     5710.006     5713.007     5718.008
    80:     5720.009     5730.010     5735.011     5741.012     5748.013
    85:     5763.013     5813.000     5813.000     6420.001     6439.002
    90:     6442.003     6447.004     6452.005     6456.006     6480.006
    95:     6530.000     6530.000     7054.001     7056.002     7059.003
   100:     7067.004     7068.005     7107.006     7124.007     7131.008
   105:     7133.009     7138.010     7142.011     7167.011     7217.000
   110:     7217.000     7810.001     7825.002     7830.003     7832.004
   115:     7840.005     7870.005     7920.000     7920.000     8258.001
   120:     8265.002     8272.003     8277.004     8287.005     8329.006
   125:     8339.007     8342.008     8347.009     8353.010     8362.011
   130:     8366.012     8473.013     8484.014     8489.015     8495.016
   135:     8497.017     8498.018     8533.018     8583.000     8583.000
   140:     8876.001     8888.002     8950.003     8997.004     9006.005
   145:     9082.006     9088.007     9092.008     9095.009     9097.010
   150:     9102.011     9108.012     9114.013     9148.014     9151.015
   155:     9156.016     9160.017     9164.018     9180.019     9184.020
   160:     9185.021     9188.022     9196.023     9209.023     9259.000
   165:     9259.000     9765.001     9796.002     9805.003     9809.004
   170:     9820.005     9822.006     9825.007     9861.008     9864.009
   175:     9865.009     9915.000     9915.000    10497.001    10505.002
   180:    10509.003    10512.004    10543.005    10545.006    10557.006
   185:    10607.000    10607.000    10859.001    10867.002    11128.003
   190:    11136.004    11142.005    11146.006    11157.007    11199.008
   195:    11214.009    11217.009    11267.000    11267.000    11755.001
   200:    11761.002    11821.003    11860.004    11866.005    11871.006
   205:    11876.007    11881.007    11931.000    11931.000    12439.001
   210:    12446.002    12455.003    12462.004    12505.005    12515.006
   215:    12518.007    12526.008    12529.009    12535.010    12539.011
   220:    12546.012    12549.013    12554.014    12565.014    12615.000
   225:    12615.000    12971.002    12975.004    12978.006    12983.008
   230:    12985.010    12987.012    12991.014    13022.016    13036.018
   235:    13040.020    13048.022    13053.024    13059.026    13066.028
   240:    13134.030    13144.032    13147.034    13149.036    13159.038
   245:    13168.040    13169.042    13170.044    13181.046    13425.048
   250:    13434.050    13438.052    13475.054    13528.056    13536.058
   255:    13545.060    13547.062    13551.064    13561.066    13568.068
   260:    13572.070    13575.072    13579.074    13587.076    13599.078
   265:    13602.080    13951.082    13963.084    13967.086    13972.088
   270:    14005.090    14054.092    14060.094    14066.096    14085.098
   275:    14090.100    14092.102    14094.104    14095.106    14097.108
   280:    14106.110    14108.112    14147.114    14198.116    14204.118
   285:    14211.120    14214.122    14221.124    14231.126    14235.128
   290:    14243.130    16963.001    16986.002    16989.003    16992.004
   295:    16995.005    16998.006    17001.007    17004.008    17007.009
   300:    17023.009    17073.000    17073.000    17608.001    17648.002
   305:    17653.003    17658.004    17660.005    17664.006    17699.007
   310:    17708.007    17758.000    17758.000    17895.001    17901.002
   315:    17906.003    17939.004    17978.005    17983.006    18079.007
   320:    18085.008    18091.009    18103.010    18105.011    18107.012
   325:    18135.013    18138.014    18144.015    18160.016    18164.017
   330:    18169.018    18173.019    18178.020    18204.021    18205.022
   335:    18209.023    18219.024    18227.025    18240.026    18246.027
   340:    18248.028    18251.029    18257.030    18327.031    18331.032
   345:    18342.033    18387.033    18437.000    18437.000    19022.001
   350:    19027.002    19032.003    19036.004    19037.005    19041.006
   355:    19045.007    19056.008    19075.009    19077.010    19079.011
   360:    19080.012    19082.012    19132.000    19132.000    19132.171
   365:    19132.172    19132.173    19132.174    19132.175    19132.176
   370:    19132.177    19132.178    19132.179    19132.180    19132.181
   375:    19132.182    19132.183    19132.184    19132.185    19132.186
   380:    19132.187    19132.188    19132.189    19132.190    19132.191
   385:    19132.192    19132.193    19132.194    19132.195    19132.196
   390:    19132.197    19132.198    19132.199    19132.199    19132.000
Y:
     0:        0.000       48.001      259.002      265.003      305.004
     5:      310.005      320.006      379.007      385.008      390.009
    10:      397.010      404.011      412.012      431.013      436.014
    15:      441.015      447.016      451.017      457.018      490.019
    20:      493.020      497.021      504.022      507.023      513.024
    25:      534.025      540.026      540.026      590.000      590.000
    30:     1362.002     1406.004     1413.006     1415.008     1419.010
    35:     1423.012     1426.014     1474.016     1482.018     1488.020
    40:     1489.022     1493.024     1514.026     1541.028     1543.030
    45:     1547.032     1549.034     1553.036     1554.038     1560.040
    50:     1563.042     1567.044     1569.046     1575.048     1584.050
    55:     1611.052     1616.054     1618.056     1622.058     1629.060
    60:     1635.062     1645.064     1654.066     1657.068     1666.070
    65:     1671.072     1683.074     1693.076     1697.078     1727.080
    70:     1735.082     1738.084     1748.086     1751.088     1757.090
    75:     1762.092     1768.094     1770.096     1816.098     1825.100
    80:     1835.102     1841.104     1861.106     1919.108     1929.110
    85:     1937.112     1942.114     1944.116     1948.118     1954.120
    90:     2009.122     2018.124     2802.125     2810.126     2814.127
    95:     2818.128     2861.129     2869.130     2871.131     2877.132
   100:     2884.133     2889.134     2890.135     2896.136     2900.137
   105:     2912.138     2914.139     2918.140     2923.141     2947.142
   110:     2953.143     2958.144     2966.145     2967.146     2973.147
   115:     3022.148     3029.149     3037.150     3037.150     3087.000
   120:     3087.000     3541.001     3634.002     3639.003     3651.004
   125:     3655.005     3659.006     3662.007     3692.008     3698.009
   130:     3703.010     3703.010     3753.000     3753.000     4244.001
   135:     4250.002     4363.003     4369.004     4369.004     4419.000
   140:     4419.000     4873.001     4899.002     4904.003     4952.004
   145:     4963.005     4980.006     4985.007     5042.008     5042.008
   150:     5092.000     5092.000     5641.001     5686.002     5692.003
   155:     5696.004     5703.005     5710.006     5710.006     5760.000
   160:     5760.000     6242.001     6328.002     6343.003     6347.004
   165:     6359.005     6365.006     6386.007     6386.007     6436.000
   170:     6436.000     7111.001     7111.001     7161.000     7161.000
   175:     7637.001     7646.002     7650.003     7660.004     7666.005
   180:     7674.006     7676.007     7683.008     7689.009     7690.010
   185:     7691.011     7696.012     7718.013     7722.014     7727.015
   190:     7729.016     7733.017     7736.018     7743.019     7744.020
   195:     7756.021     7772.022     7775.023     7775.023     7825.000
   200:     7825.000     8426.001     8430.002     8552.003     8552.003
   205:     8602.000     8602.000     9065.002     9129.004     9133.006
   210:     9137.008     9143.010     9148.012     9177.014     9184.016
   215:     9192.018     9196.020     9199.022     9203.024     9207.026
   220:     9221.028     9223.030     9243.032     9244.034     9248.036
   225:     9255.038     9256.040     9258.042     9261.044     9267.046
   230:     9283.048     9288.050     9289.052     9290.054     9291.056
   235:     9292.058     9293.060     9307.062     9310.064     9324.066
   240:     9329.068     9333.070     9338.072     9364.074     9373.076
   245:     9384.078     9385.080     9392.082     9418.084     9446.086
   250:     9449.088     9452.090     9454.092     9488.094     9507.096
   255:     9512.098     9528.100     9533.102     9542.104     9546.106
   260:     9553.108     9712.110     9782.112     9889.114     9993.116
   265:    10240.118    10248.120    10253.122    10255.124    10262.126
   270:    10265.128    10303.130    10308.132    10317.134    10325.136
   275:    10328.138    10386.140    10402.141    10896.142    10911.143
   280:    10917.144    10923.145    10930.146    10934.147    10944.148
   285:    10952.149    10955.150    10963.151    10967.152    10974.153
   290:    10979.154    10991.155    10995.156    11012.157    11016.158
   295:    11020.159    11021.160    11023.161    11024.162    11026.163
   300:    11028.164    11034.165    11035.166    11040.167    11045.168
   305:    11047.169    11052.170    11053.171    11054.172    11068.173
   310:    11099.174    11112.175    11117.176    11117.176    11167.000
   315:    11167.000    11712.001    11718.002    11723.003    11731.004
   320:    11732.005    11755.006    11760.007    11765.008    11765.009
   325:    11767.010    11773.011    11778.012    11784.013    11784.013
   330:    11834.000    11834.000    12371.001    12376.002    12380.003
   335:    12383.004    12395.005    12403.006    12417.007    12421.008
   340:    12424.009    12425.010    12426.011    12441.012    12445.013
   345:    12453.014    12460.015    12466.016    12473.017    12501.018
   350:    12507.019    12509.020    12515.021    12520.022    12526.023
   355:    12527.024    12528.025    12530.026    12531.027    12550.028
   360:    12558.029    12568.030    12570.031    12601.032    12601.032
   365:    12651.000    12651.000    13084.001    13090.002    13098.003
   370:    13104.004    13116.005    13161.006    13166.007    13174.008
   375:    13178.009    13187.010    13203.011    13241.012    13247.013
   380:    13257.014    13259.015    13265.016    13285.017    13288.018
   385:    13296.019    13317.020    13318.021    13325.022    13327.023
   390:    13331.024    13334.025    13335.026    13336.027    13349.028
   395:    13357.029    13365.030    13367.031    13369.032    13370.033
   400:    13372.034    13374.035    13380.036    13384.037    13388.038
   405:    13399.039    13401.040    13408.041    13419.042    13420.043
   410:    13421.044    13422.045    13427.046    13452.047    13455.048
   415:    13459.049    13462.050    13465.051    13471.052    13482.053
   420:    13528.054    13531.055    13547.056    13564.057    13580.058
   425:    13634.059    13634.059    13636.060    13684.000    13684.000
   430:    14234.001    14264.002    14279.003    14290.004    14332.005
   435:    14341.006    14346.007    14351.008    14357.009    14388.010
   440:    14403.011    14405.012    14406.013    14413.014    14426.015
   445:    14436.016    14449.017    14451.018    14455.019    14460.020
   450:    14461.021    14480.022    14480.022    14530.000    14530.000
   455:    14530.131    14530.132    14530.133    14530.134    14530.135
   460:    14530.136    14530.137    14530.138    14530.139    14530.140
   465:    14530.141    14530.142    14530.143    14530.144    14530.145
   470:    14530.146    14530.147    14530.148    14530.149    14530.150
   475:    14530.151    14530.152    14530.153    14530.154    14530.155
   480:    14530.156    14530.157    14530.158    14530.159    14530.160
   485:    14530.161    14530.162    14530.163    14530.164    14530.165
   490:    14530.166    14530.167    14530.168    14530.169    14530.170
   495:    14530.171    14530.172    14530.173    14530.174    14530.175
   500:    14530.176    14530.177    14530.178    14530.179    14530.180
   505:    14530.181    14530.182    14530.183    14530.184    14530.185
   510:    14530.186    14530.187    14530.188    14530.189    14530.190
   515:    14530.191    14530.192    14530.193    14530.194    14530.195
   520:    14530.196    14530.197    14530.198    14530.199    14530.200
   525:    14530.201    14530.202    14530.203    14530.204    14530.204
   530:    14530.000    14530.000    14530.001    14530.002    14530.003
   535:    14530.004    14530.005    14530.006    14530.007    14530.008
   540:    14530.009    14530.010    14530.011    14530.012    14530.013
   545:    14530.014    14530.015    14530.016    14530.017    14530.018
   550:    14530.019    14530.020    14530.021    14530.022    14530.023
   555:    14530.024    14530.025    14530.026    14530.027    14530.028
   560:    14530.029    14530.030    14530.031    14530.032    14530.033
   565:    14530.034    14530.034    14530.000    14530.000    15146.001
   570:    15152.002    15157.003    15167.004    15174.005    15179.006
   575:    15183.007    15196.008    15197.009    15214.010    15216.011
   580:    15219.012    15224.013    15227.014    15244.015    15248.016
   585:    15265.017    15272.018    15273.019    15276.020    15283.021
   590:    15287.022    15301.023    15306.024    15308.025    15345.026
   595:    15345.026    15395.000    15395.000    15982.001    15989.002
   600:    16046.003    16055.004    16063.005    16105.006    16109.007
   605:    16118.008    16168.009    16170.010    16176.011    16176.011
   610:    16226.000    16226.000    16803.002    16808.004    16812.006
   615:    16815.008    16829.010    16834.012    16836.014    16838.016
   620:    16864.018    16866.020    16868.022    16871.024    16872.026
   625:    16877.028    16879.030    16894.032    16897.034    16901.036
   630:    16902.038    16905.040    16922.042    16927.044    16933.046
   635:    16935.048    16943.050    16949.052    16971.054    16976.056
   640:    16977.058    16979.060    16992.062    16998.064    17000.066
   645:    17002.068    17023.070    17028.072    17035.074    17038.076
   650:    17043.078    17048.080    17053.082    17063.084    17066.086
   655:    17099.088    17111.090    17113.092    17121.094    17129.096
   660:    17140.098    17167.100    17172.102    17178.104    17181.106
   665:    17182.108    17187.110    17191.112    17195.114    17199.116
   670:    17201.118    17206.120    17231.122    17243.124    17245.126
   675:    17247.128    17292.130    17301.132    17303.134    17307.136
   680:    17314.138    17323.140    17367.142    17372.144    17378.146
   685:    17393.148    17432.150    17440.152    17507.154    17515.156
   690:    17544.158    17641.160    17645.162    17657.164    17681.166
   695:    17685.168    17763.170    19135.001    19199.002    19203.003
