File: C:\MED-PC\Data\2018-05-14_10h55m_Subject M329.txt


Start Date: 05/14/18
End Date: 05/14/18
Subject: M329
Experiment: DOBLE_PICO_ACO 
Group: EXP
Box: 9
Start Time: 10:55:43
End Time: 12:09:06
MSN: IF_ACO_MULTIPLE_PICO
A:     519.000
B:      20.000
D:      21.000
I:       1.000
J:   18000.000
K:    5400.000
M:       0.000
N:      21.000
O:      21.000
P:     614.000
Q:       0.000
T:    1000.000
V:     600.000
W:      20.000
Z:       0.000
C:
     0:        0.120        0.120        0.120        0.120        0.120
     5:        0.120        0.120        0.120        0.120        0.120
    10:        0.120        0.120        0.120        0.120        0.120
    15:        0.120        0.120        0.120        0.120        0.120
    20:        0.120        0.120        0.120        0.510       13.120
    25:       14.120       38.120       45.120       56.120       80.120
    30:       91.120      102.110      108.120      125.120      159.120
    35:      169.110      173.110      177.120      192.110      195.110
    40:      201.120      213.120      218.120      223.120      237.120
    45:      240.120      248.110      260.110      266.110      267.110
    50:      272.120      277.120      280.120      307.120      314.110
    55:      322.110      331.110      398.110      405.110      406.110
    60:      411.110      413.120      418.120      435.120      453.120
    65:      478.110      485.110      490.110      496.110      506.110
    70:      511.110      514.110      517.110      521.110      531.110
    75:      531.120      571.120      579.110      579.210      583.120
    80:      629.310      729.510      974.120     1010.120     1078.120
    85:     1085.120     1096.110     1099.110     1103.110     1105.120
    90:     1115.120     1122.120     1131.110     1140.110     1143.110
    95:     1147.110     1170.110     1173.110     1179.110     1184.120
   100:     1228.120     1236.120     1242.110     1247.110     1250.110
   105:     1254.110     1256.120     1256.120     1272.120     1276.120
   110:     1288.120     1293.110     1293.210     1298.120     1343.310
   115:     1443.510     1781.120     1783.120     1832.120     1846.120
   120:     1855.120     1862.110     1879.110     1957.120     1968.110
   125:     1975.120     1983.120     1994.120     2000.110     2000.210
   130:     2004.120     2050.310     2150.500     2393.120     2471.120
   135:     2471.120     2639.100     2648.100     2650.100     2656.100
   140:     2663.120     2672.120     2684.120     2692.120     2707.100
   145:     2710.100     2714.100     2718.100     2726.120     2729.120
   150:     2736.120     2740.120     2756.120     2757.120     2767.200
   155:     2817.300     2917.530     3229.120     3251.120     3300.120
   160:     3360.120     3366.120     3459.100     3463.100     3465.100
   165:     3469.100     3472.100     3475.100     3479.120     3492.120
   170:     3507.100     3510.100     3518.100     3523.100     3537.120
   175:     3543.120     3544.120     3549.120     3550.120     3563.120
   180:     3588.100     3592.100     3594.100     3600.100     3606.100
   185:     3620.120     3630.120     3634.120     3648.100     3651.100
   190:     3653.100     3655.100     3658.100     3660.100     3662.100
   195:     3664.100     3672.120     3683.120     3696.120     3716.100
   200:     3719.100     3721.100     3723.100     3726.100     3729.100
   205:     3734.100     3738.100     3754.100     3757.100     3760.120
   210:     3762.120     3763.120     3774.120     3775.120     3796.120
   215:     3826.100     3830.100     3832.100     3837.100     3838.100
   220:     3897.100     3902.100     3903.100     3905.100     3910.100
   225:     3919.100     3921.100     3932.120     3952.120     4021.120
   230:     4037.120     4108.100     4120.100     4122.100     4127.100
   235:     4130.100     4134.120     4152.120     4154.120     4224.120
   240:     4230.120     4369.100     4384.100     4387.100     4390.100
   245:     4394.100     4397.100     4402.100     4404.100     4407.100
   250:     4411.100     4417.100     4462.100     4463.100     4467.100
   255:     4575.120     4591.100     4598.120     4717.330     4717.100
   260:     4817.500     4884.100     4979.120     4996.120     5009.120
   265:     5041.120     5043.120     5058.120     5062.120     5062.120
   270:     5118.120     5147.120     5147.120     5148.120     5211.100
   275:     5216.120     5231.120     5243.100     5244.100     5248.100
   280:     5250.100     5253.100     5262.100     5288.120     5301.120
   285:     5322.120     5333.120     5334.120     5355.100     5360.100
   290:     5363.100     5366.100     5367.100     5370.100     5373.120
   295:     5389.120     5399.120     5420.200     5427.120     5470.300
   300:     5570.500     5822.120     5834.120     5872.120     5957.120
   305:     5968.100     6032.100     6036.100     6038.100     6041.100
   310:     6056.120     6066.120     6084.100     6087.100     6089.100
   315:     6093.100     6095.100     6109.120     6121.120     6135.100
   320:     6138.100     6140.100     6148.100     6159.120     6159.120
   325:     6167.120     6183.120     6187.120     6195.200     6245.300
   330:     6345.510     6675.120     6689.120     6702.110     6712.120
   335:     6834.120     6846.120     6853.110     6855.110     6858.110
   340:     6861.110     6864.120     6882.120     6892.120     6902.110
   345:     6908.110     6912.110     6916.110     6918.110     6920.110
   350:     6923.120     6931.120     6951.110     6959.110     6963.110
   355:     6966.110     6968.110     6971.110     6977.120     6995.120
   360:     7020.110     7020.210     7024.120     7070.310     7170.510
   365:     7526.120     7776.120     7790.120     7799.120     7809.110
   370:     7809.210     7814.120     7859.310     7959.510     8142.120
   375:     8173.120     8178.120     8286.120     8298.120     8299.120
   380:     8305.110     8311.120     8323.120     8329.120     8343.110
   385:     8388.110     8395.110     8398.110     8405.120     8415.120
   390:     8434.110     8436.110     8438.110     8440.110     8443.110
   395:     8444.110     8447.110     8451.120     8464.120     8482.120
   400:     8487.110     8490.110     8492.110     8495.110     8499.120
   405:     8517.120     8534.120     8538.120     8538.120     8548.110
   410:     8557.110     8560.110     8562.110     8564.110     8567.110
   415:     8569.110     8574.120     8611.120     8615.120     8617.120
   420:     8624.120     8628.120     8640.120     8649.110     8649.210
   425:     8653.120     8699.310     8799.500     9108.120     9110.120
   430:     9315.120     9332.100     9342.100     9346.100     9350.100
   435:     9354.120     9360.120     9364.120     9380.100     9384.100
   440:     9386.100     9391.100     9399.120     9402.200     9452.300
   445:     9552.500     9904.120     9976.120    10103.100    10108.100
   450:    10111.100    10114.100    10118.100    10121.100    10124.120
   455:    10129.120    10135.120    10141.120    10146.120    10147.120
   460:    10163.200    10173.120    10213.300    10313.510    10507.120
   465:    10628.120    10904.120    10917.120    10926.110    10931.110
   470:    10933.110    10937.110    10938.120    10943.120    10961.110
   475:    10961.210    10965.120    11011.310    11111.500    11277.120
   480:    11291.120    11297.120    11312.120    11322.120    11497.120
   485:    11503.120    11507.120    11508.120    11528.100    11532.100
   490:    11541.100    11545.100    11549.100    11554.120    11563.120
   495:    11577.120    11592.100    11596.100    11598.100    11600.100
   500:    11605.120    11610.120    11618.120    11629.120    11630.120
   505:    11641.120    11653.120    11663.100    11667.100    11668.100
   510:    11672.100    11676.120    11689.120    11709.100    11714.100
   515:    11716.100    11718.100    11722.100    11723.200    11728.120
   520:    11773.300    11873.510    12274.120    12322.120    12322.120
   525:    12395.120    12413.120    12484.120    12488.120    12491.120
   530:    12493.120    12500.120    12542.120    12551.120    12571.110
   535:    12571.210    12576.120    12621.310    12721.500    12931.120
   540:    13031.120    13035.120    13061.100    13065.100    13071.100
   545:    13074.100    13078.120    13083.120    13091.120    13120.100
   550:    13123.100    13126.100    13132.100    13137.120    13146.120
   555:    13167.120    13175.100    13179.100    13180.100    13182.100
   560:    13186.100    13204.120    13216.120    13237.120    13253.120
   565:    13263.100    13265.100    13270.100    13278.100    13286.100
   570:    13291.120    13299.120    13305.120    13308.120    13323.200
   575:    13373.300    13473.540    13798.120    13798.120    13982.120
   580:    14009.110    14017.120    14023.120    14029.120    14052.110
   585:    14059.110    14064.110    14071.120    14078.120    14082.120
   590:    14085.120    14093.110    14097.110    14100.110    14103.110
   595:    14105.120    14113.120    14133.120    14145.110    14151.110
   600:    14152.110    14154.110    14157.110    14159.110    14162.110
   605:    14164.120    14187.120    14205.120    14232.110    14236.110
   610:    14238.110    14240.110    14245.110    14248.110    14251.110
   615:    14252.110    14264.110    14267.110    14271.110    14276.110
   620:    14279.110    14283.120    14322.110    14325.110    14326.110
   625:    14331.110    14346.110    14348.110    14353.110    14356.110
   630:    14360.110    14363.110    14372.120    14385.120    14395.110
   635:    14398.110    14400.110    14403.110    14413.110    14416.110
   640:    14422.120    14470.120    14475.120    14492.120    14501.110
   645:    14515.110    14518.110    14520.110    14525.110    14528.110
   650:    14529.120    14568.120    14573.120    14634.120    14642.120
   655:    14735.110    14738.110    14753.110    14757.110    14793.110
   660:    14800.120    14902.110    14905.110    14912.110    14918.110
   665:    14930.110    14935.110    14936.110    14970.120    14976.120
   670:    14989.110    15005.110    15110.110    15115.110    15124.120
   675:    15162.120    15218.120    15221.120    15234.120    15244.120
   680:    15248.120    15255.120    15273.340    15295.120    15373.510
   685:    15512.120    15529.110    15534.110    15540.120    15701.120
   690:    15713.110    15723.110    15726.110    15730.120    15756.120
   695:    15761.120    15770.110    15776.110    15780.110    15783.120
   700:    15865.120    15867.120    15874.110    15883.110    15893.110
   705:    15896.110    15899.120    15937.110    15940.110    15942.110
   710:    15945.110    15948.110    15951.110    15957.120    15964.120
   715:    15999.110    15999.210    16003.120    16049.310    16149.500
   720:    16372.120    16372.120    16442.120    16539.120    16558.100
   725:    16561.100    16563.100    16565.100    16568.100    16573.120
   730:    16582.120    16601.100    16604.100    16606.100    16608.100
   735:    16610.100    16613.100    16618.100    16622.120    16625.120
   740:    16626.120    16636.120    16657.100    16660.100    16662.100
   745:    16665.100    16671.120    16683.120    16703.100    16707.100
   750:    16708.100    16711.100    16712.100    16720.120    16734.120
   755:    16735.120    16763.200    16768.120    16813.300    16913.510
   760:    17185.120    17265.120    17440.120    17456.120    17496.110
   765:    17500.110    17511.110    17518.120    17546.120    17553.110
   770:    17553.210    17558.120    17603.310    17703.500    17836.120
   775:    17913.120    17926.120    18043.120    18056.120    18079.120
   780:    18090.120    18155.120    18166.100    18170.100    18237.120
   785:    18245.100    18249.100    18250.100    18253.100    18257.120
   790:    18266.120    18281.120    18291.100    18295.100    18301.100
   795:    18305.200    18310.120    18355.300    18455.510    18894.120
   800:    18916.120    18917.120    19065.120    19137.120    19143.120
   805:    19157.110    19157.210    19162.120    19207.310    19307.500
   810:    19666.120    19842.120    19860.120    19868.100    19872.100
   815:    19874.100    19877.100    19883.100    19887.120    19890.120
   820:    19904.120    19915.100    19919.100    19921.100    19924.100
   825:    19928.200    19933.120    19978.300    20078.500    20374.120
   830:    20376.120    20387.120    20449.120    20580.120    20591.120
   835:    20596.120    20597.120    20614.120    20622.120    20632.100
   840:    20636.100    20638.100    20641.100    20645.100    20648.100
   845:    20650.100    20653.100    20655.120    20666.120    20690.100
   850:    20692.200    20694.100    20697.120    20742.300    20842.510
   855:    20999.120    21149.120    21426.120    21442.120    21447.110
   860:    21454.120    21463.120    21471.120    21479.110    21479.210
   865:    21483.120    21529.310    21629.500    21853.120    21888.120
   870:    22051.100    22054.100    22062.100    22065.100    22067.100
   875:    22071.100    22074.100    22076.100    22080.120    22094.120
   880:    22109.100    22114.100    22118.100    22126.100    22134.120
   885:    22144.120    22160.100    22163.100    22173.100    22190.120
   890:    22200.120    22200.120    22212.120    22233.200    22234.120
   895:    22283.300    22383.540    22760.120    22858.120    22958.120
   900:    22966.120    22983.110    22988.110    22991.110    22993.120
   905:    23001.120    23002.120    23011.120    23018.110    23022.110
   910:    23024.110    23029.120    23053.110    23061.110    23063.110
   915:    23065.110    23066.110    23068.110    23070.110    23073.110
   920:    23076.110    23079.120    23085.120    23101.120    23111.110
   925:    23120.110    23122.110    23123.110    23125.110    23130.110
   930:    23133.110    23136.110    23138.110    23142.110    23145.110
   935:    23148.120    23151.120    23162.120    23179.110    23185.110
   940:    23188.110    23189.110    23191.110    23195.110    23198.110
   945:    23203.110    23206.110    23209.110    23213.110    23217.120
   950:    23222.120    23235.120    23245.120    23247.120    23255.110
   955:    23259.110    23269.110    23274.110    23277.110    23279.110
   960:    23282.110    23286.120    23321.120    23355.120    23367.120
   965:    23403.120    23432.120    23440.120    23452.110    23461.110
   970:    23464.110    23740.110    23748.110    23754.120    23974.120
   975:    23985.110    23999.120    24017.120    24030.110    24034.110
   980:    24046.110    24053.120    24066.120    24078.110    24149.110
   985:    24156.110    24159.110    24163.110    24171.120    24183.340
   990:    24283.530    24340.120    24346.100    24350.100    24352.100
   995:    24355.100    24357.100    24360.100    24364.120    24366.120
  1000:    24374.120    24392.100    24396.100    24398.100    24401.100
  1005:    24404.100    24408.120    24444.100    24447.100    24451.120
  1010:    24468.120    24480.120    24482.120    24505.120    24522.120
  1015:    24543.120    24554.100    24557.100    24560.100    24562.100
  1020:    24566.100    24569.100    24571.100    24576.120    24585.120
  1025:    24586.120    24603.120    24605.120    24625.120    24659.100
  1030:    24742.100    24898.100    25001.100    25007.100    25010.100
  1035:    25016.100    25021.100    25024.120    25055.100    25058.100
  1040:    25060.100    25062.100    25065.100    25069.120    25125.120
  1045:    25132.120    25137.120    25166.100    25171.100    25174.100
  1050:    25175.100    25178.100    25181.100    25186.100    25188.100
  1055:    25194.120    25202.120    25231.100    25234.100    25243.120
  1060:    25304.100    25308.100    25314.120    25335.100    25341.100
  1065:    25346.120    25353.120    25388.120    25389.120    25416.120
  1070:    25435.120    25450.120    25469.120    25532.120    25541.100
  1075:    25547.100    25557.100    25559.100    25570.100    25572.100
  1080:    25575.100    25619.100    25622.100    25624.100    25627.100
  1085:    25663.100    25753.100    25754.100    25783.100    25786.100
  1090:    25791.100    25794.100    25800.100    25804.120    26006.120
  1095:    26015.100    26083.330    26183.510    26344.110    26348.110
  1100:    26350.110    26354.110    26357.120    26368.120    26385.110
  1105:    26388.110    26390.110    26392.110    26395.110    26400.110
  1110:    26404.120    26416.120    26435.110    26438.110    26441.110
  1115:    26444.110    26450.110    26451.110    26454.110    26456.110
  1120:    26460.110    26463.110    26467.120    26480.120    26490.120
  1125:    26500.110    26543.110    26556.120    26575.110    26578.110
  1130:    26581.110    26585.110    26591.110    26594.120    26604.120
  1135:    26618.120    26642.110    26644.110    26646.110    26650.110
  1140:    26652.110    26655.120    26662.120    26678.120    26694.110
  1145:    26702.110    26704.110    26705.110    26776.110    26779.110
  1150:    26781.110    26785.120    26810.120    26820.110    26820.210
  1155:    26824.120    26870.310    26970.500    27303.120    27349.120
  1160:    27352.120    27353.120    27537.120    27545.120    27558.100
  1165:    27562.100    27564.100    27567.100    27572.100    27580.120
  1170:    27581.120    27584.120    27589.120    27592.120    27615.100
  1175:    27618.200    27622.120    27668.300    27768.510    28210.120
  1180:    28231.120    28253.110    28308.110    28312.110    28316.120
  1185:    28336.120    28344.110    28347.110    28350.110    28352.110
  1190:    28359.110    28360.110    28363.110    28367.120    28372.120
  1195:    28378.120    28389.110    28397.110    28397.210    28401.120
  1200:    28447.310    28547.500    28784.120    28786.120    28919.120
  1205:    28926.120    28931.120    28936.120    28936.120    28938.120
  1210:    28955.100    28958.100    28961.100    28965.100    28975.100
  1215:    28980.100    28983.100    28989.120    28992.120    28997.120
  1220:    29020.100    29024.100    29030.100    29034.100    29036.100
  1225:    29041.120    29045.120    29054.120    29072.100    29078.100
  1230:    29081.100    29090.100    29092.100    29098.100    29102.120
  1235:    29111.120    29118.120    29130.120    29144.100    29150.200
  1240:    29156.120    29184.120    29200.300    29300.510    29556.120
  1245:    29565.120    29608.120    29884.120    29896.120    29902.110
  1250:    29911.120    29923.120    29938.110    29938.210    29942.120
  1255:    29988.310    30088.510    30249.120    30269.120    30512.120
  1260:    30528.110    30531.110    30536.120    30545.120    30557.110
  1265:    30561.110    30563.110    30568.120    30581.120    30593.110
  1270:    30597.120    30609.120    30628.120    30642.110    30649.110
  1275:    30651.110    30653.110    30659.110    30660.110    30663.110
  1280:    30670.110    30674.120    30688.120    30703.110    30712.110
  1285:    30713.110    30715.110    30754.110    30754.210    30759.120
  1290:    30804.310    30904.500    31087.120    31163.120    31165.120
  1295:    31229.120    31318.100    31325.120    31359.100    31366.100
  1300:    31370.100    31371.100    31374.120    31393.120    31441.120
  1305:    31449.100    31453.100    31456.100    31458.100    31460.100
  1310:    31462.100    31467.100    31472.100    31478.120    31490.120
  1315:    31494.120    31509.100    31509.200    31514.120    31559.300
  1320:    31659.510    31986.120    32021.120    32200.120    32204.120
  1325:    32210.110    32219.110    32224.110    32228.120    32234.120
  1330:    32250.110    32254.110    32256.110    32262.120    32274.120
  1335:    32288.110    32288.210    32292.120    32338.310    32438.500
  1340:    32707.120    32743.120    32953.120    32966.120    32995.120
  1345:    33006.100    33009.100    33012.100    33014.100    33018.100
  1350:    33020.100    33024.100    33026.100    33030.100    33035.120
  1355:    33038.120    33062.100    33066.200    33067.100    33071.120
  1360:    33116.300    33216.510    33355.120    33479.120    33693.110
  1365:    33700.110    33705.110    33710.120    33719.120    33723.120
  1370:    33734.110    33742.110    33744.110    33746.110    33749.110
  1375:    33752.110    33754.110    33760.120    33774.120    33783.110
  1380:    33786.110    33789.110    33790.110    33793.110    33797.110
  1385:    33802.110    33807.120    33814.120    33833.120    33839.110
  1390:    33842.110    33845.110    33845.210    33851.120    33895.310
  1395:    33995.500    34030.120    34227.120    34229.120    34286.120
  1400:    34291.120    34525.100    34528.100    34530.100    34535.100
  1405:    34538.100    34543.120    34547.120    34570.100    34573.100
  1410:    34576.100    34580.100    34583.100    34587.100    34592.120
  1415:    34593.120    34594.120    34596.120    34598.200    34600.120
  1420:    34600.120    34626.120    34648.300    34748.510    34850.120
  1425:    34942.120    34943.120    34944.120    34964.120    34971.120
  1430:    35041.110    35052.120    35087.120    35099.120    35142.120
  1435:    35144.120    35153.120    35165.110    35169.110    35176.110
  1440:    35182.120    35191.120    35205.120    35213.110    35221.110
  1445:    35222.110    35224.110    35226.110    35230.120    35244.120
  1450:    35248.120    35263.110    35270.110    35272.110    35274.110
  1455:    35276.110    35280.110    35282.110    35284.110    35287.110
  1460:    35291.110    35294.120    35296.120    35310.120    35324.110
  1465:    35327.110    35329.110    35333.110    35335.110    35338.110
  1470:    35343.110    35351.110    35368.120    35369.120    35384.120
  1475:    35391.110    35391.210    35395.120    35441.310    35541.500
  1480:    35830.120    35841.120    35843.120    35858.120    36031.100
  1485:    36035.100    36043.100    36045.100    36050.100    36056.120
  1490:    36085.100    36088.100    36090.100    36095.100    36098.100
  1495:    36102.120    36104.120    36113.120    36132.120    36145.200
  1500:    36148.120    36195.300    36295.540    36505.120    36510.120
  1505:    36776.120    36782.120    36789.120    36798.110    36802.110
  1510:    36806.120    36817.120    36823.120    36842.120    36850.110
  1515:    36853.110    36858.120    36864.120    36870.120    36892.110
  1520:    36896.110    36900.110    36901.110    36905.120    36950.120
  1525:    36966.110    36973.110    36976.110    36988.120    37000.120
  1530:    37012.120    37013.120    37022.110    37028.110    37033.110
  1535:    37037.110    37039.110    37054.120    37065.120    37085.120
  1540:    37094.110    37103.110    37106.110    37110.110    37116.120
  1545:    37126.120    37140.120    37145.110    37149.110    37151.110
  1550:    37164.110    37167.110    37172.110    37175.110    37178.110
  1555:    37183.120    37186.120    37225.120    37238.110    37245.110
  1560:    37249.110    37250.110    37253.110    37713.120    37959.120
  1565:    37966.120    37971.120    38095.340    38115.120    38195.510
  1570:    38296.120    38316.110    38321.110    38325.110    38330.120
  1575:    38350.120    38360.110    38363.110    38365.110    38369.120
  1580:    38383.120    38396.110    38400.110    38406.120    38420.120
  1585:    38444.110    38452.110    38454.110    38456.110    38459.110
  1590:    38468.110    38471.110    38473.110    38514.120    38519.120
  1595:    38526.110    38531.110    38535.110    38539.110    38542.120
  1600:    38554.120    38583.120    38597.110    38602.110    38604.110
  1605:    38610.110    38614.110    38619.120    38626.120    38662.120
  1610:    38679.110    38687.110    38693.110    38695.110    38778.110
  1615:    38783.110    38787.110    38792.110    38852.120    39175.110
  1620:    39175.210    39180.120    39225.310    39325.500    39503.120
  1625:    39591.120    39772.100    39775.100    39778.100    39784.100
  1630:    39787.100    39791.100    39793.120    39798.120    39816.100
  1635:    39820.100    39822.100    39831.120    39834.120    39837.120
  1640:    39854.120    39868.120    39876.100    39881.100    39884.100
  1645:    39888.100    39892.120    39901.120    39921.120    39936.200
  1650:    39937.120    39986.300    40086.500    40247.120    40319.120
  1655:    40320.120    40450.120    40459.120    40464.120    40500.120
  1660:    40515.120    40517.120    40520.120    40521.120    40522.120
  1665:    40544.100    40549.100    40555.100    40558.100    40560.100
  1670:    40561.120    40566.120    40568.120    40573.120    40591.100
  1675:    40596.100    40598.100    40600.100    40604.100    40606.100
  1680:    40612.100    40616.120    40618.120    40624.120    40656.100
  1685:    40661.100    40662.100    40666.100    40668.100    40670.100
  1690:    40675.100    40676.100    40682.120    40685.120    40699.120
  1695:    40716.200    40718.120    40766.300    40866.510    41152.120
  1700:    41186.120    41216.110    41278.110    41288.110    41294.120
  1705:    41322.120    41337.110    41346.110    41347.110    41363.110
  1710:    41370.120    41370.120    41399.120    41402.120    41414.110
  1715:    41419.110    41421.110    41423.110    41426.120    41430.120
  1720:    41433.120    41443.120    41449.120    41466.110    41470.110
  1725:    41477.110    41483.110    41485.110    41490.120    41513.110
  1730:    41513.210    41517.120    41563.310    41663.500    41872.120
  1735:    41934.120
E:
     0:     1736.000      448.000      520.000
F:
     0:       70.000       25.812       37.320
G:
     0:        1.000        1.000        1.000        1.000        1.000
     5:        1.000        1.000        1.000        1.000        0.000
H:
     0:        1.000        1.000        2.000        2.000
L:
     0:     6265.000     6139.000     6346.000     6127.000     6217.000
     5:     6229.000     6111.000     6237.000     6123.000     6306.000
    10:     6245.000     6137.000     6579.000     6131.000     6151.000
    15:     6380.000     6130.000     6138.000     6210.000     6405.000
R:
     0:        1.000        1.000        1.000        1.000        1.000
     5:        1.000        1.000        1.000        1.000        0.000
S:
     0:        1.000        1.000
U:
     0:     6265.000        0.000        0.000
X:
     0:        0.000      489.001      498.002      500.003      505.004
     5:      556.005      559.006      563.007      567.008      616.008
    10:      666.000      666.000     1207.002     1212.004     1214.006
    15:     1218.008     1221.010     1224.012     1256.014     1259.016
    20:     1267.018     1272.020     1337.022     1341.024     1343.026
    25:     1349.028     1354.030     1397.032     1400.034     1402.036
    30:     1404.038     1407.040     1409.042     1411.044     1413.046
    35:     1464.048     1468.050     1470.052     1472.054     1475.056
    40:     1478.058     1483.060     1487.062     1503.064     1506.066
    45:     1575.068     1579.070     1581.072     1586.074     1587.076
    50:     1646.078     1651.080     1652.082     1654.084     1659.086
    55:     1668.088     1670.090     1857.092     1869.094     1871.096
    60:     1875.098     1879.100     2118.102     2132.104     2136.106
    65:     2139.108     2143.110     2146.112     2151.114     2153.116
    70:     2156.118     2160.120     2166.122     2211.124     2212.126
    75:     2216.128     2340.130     2466.131     2633.132     2960.133
    80:     2992.134     2993.135     2996.136     2999.137     3002.138
    85:     3011.139     3104.140     3109.141     3112.142     3114.143
    90:     3116.144     3119.145     3169.145     3219.000     3219.000
    95:     3616.001     3680.002     3684.003     3686.004     3689.005
   100:     3732.006     3735.007     3737.008     3741.009     3743.010
   105:     3783.011     3786.012     3788.013     3796.014     3843.014
   110:     3893.000     3893.000     4426.001     4435.002     4440.003
   115:     4444.004     4474.005     4477.006     4480.007     4485.008
   120:     4495.008     4545.000     4545.000     5096.001     5101.002
   125:     5104.003     5107.004     5110.005     5114.006     5156.006
   130:     5206.000     5206.000     5623.001     5627.002     5636.003
   135:     5640.004     5644.005     5687.006     5691.007     5692.008
   140:     5695.009     5758.010     5762.011     5763.012     5767.013
   145:     5803.014     5809.015     5811.016     5813.017     5817.018
   150:     5818.018     5868.000     5868.000     6207.001     6211.002
   155:     6217.003     6220.004     6266.005     6269.006     6272.007
   160:     6278.008     6321.009     6325.010     6326.011     6328.012
   165:     6332.013     6409.014     6411.015     6416.016     6424.017
   170:     6432.018     6469.018     6519.000     6519.000     6927.001
   175:     6930.002     6932.003     6935.004     6937.005     6971.006
   180:     6974.007     6976.008     6977.009     6980.010     6982.011
   185:     6987.012     7026.013     7029.014     7031.015     7035.016
   190:     7072.017     7076.018     7077.019     7080.020     7082.021
   195:     7132.021     7182.000     7182.000     7645.001     7648.002
   200:     7724.003     7727.004     7729.005     7731.006     7770.007
   205:     7774.008     7779.009     7784.009     7834.000     7834.000
   210:     8394.001     8398.002     8400.003     8403.004     8409.005
   215:     8441.006     8445.007     8447.008     8451.009     8454.009
   220:     8504.000     8504.000     9058.001     9061.002     9063.003
   225:     9067.004     9070.005     9073.006     9076.007     9079.008
   230:     9115.009     9118.009     9119.010     9168.000     9168.000
   235:     9589.001     9592.002     9601.003     9603.004     9605.005
   240:     9609.006     9612.007     9614.008     9647.009     9652.010
   245:     9657.011     9665.012     9698.013     9701.014     9711.015
   250:     9771.015     9821.000     9821.000     9821.118     9821.120
   255:     9821.122     9821.124     9821.126     9821.128     9821.130
   260:     9821.132     9821.134     9821.136     9821.138     9821.140
   265:     9821.142     9821.144     9821.146     9821.148     9821.150
   270:     9821.152     9821.154     9821.156     9821.158     9821.160
   275:     9821.162     9821.164     9821.166     9821.168     9821.170
   280:     9821.172     9821.174     9821.176     9821.178     9821.180
   285:     9821.182     9821.184     9821.186     9821.188     9821.190
   290:     9821.192     9821.194     9821.196     9821.198     9821.200
   295:     9821.202     9821.204     9821.206     9821.208     9821.210
   300:     9821.212     9821.214     9821.216     9821.218     9821.220
   305:     9821.222     9821.224     9821.226     9821.228     9821.230
   310:     9821.232     9821.234     9821.236     9821.238     9821.240
   315:     9821.242     9821.244     9821.246     9821.248     9821.250
   320:    10408.001    10412.002    10415.003    10417.004    10422.005
   325:    10465.006    10468.006    10518.000    10518.000    10926.001
   330:    10929.002    10932.003    10936.004    10946.005    10951.006
   335:    10954.007    10991.008    10994.009    11001.010    11005.011
   340:    11007.012    11043.013    11049.014    11052.015    11061.016
   345:    11063.017    11068.018    11115.019    11121.019    11171.000
   350:    11171.000    11584.001    11626.002    11632.003    11637.004
   355:    11637.005    11716.006    11719.007    11723.008    11724.009
   360:    11726.010    11729.011    11734.012    11739.013    11776.014
   365:    11776.014    11826.000    11826.000    12393.001    12397.002
   370:    12400.003    12402.004    12405.005    12408.006    12412.007
   375:    12414.008    12418.009    12449.010    12454.010    12455.011
   380:    12504.000    12504.000    13033.001    13036.002    13038.003
   385:    13043.004    13046.005    13078.006    13081.007    13084.008
   390:    13088.009    13091.010    13095.011    13107.011    13157.000
   395:    13157.000    13646.001    13650.002    13658.003    13660.004
   400:    13665.005    13700.006    13704.007    13706.008    13710.009
   405:    13713.010    13760.010    13810.000    13810.000    14256.001
   410:    14260.002    14263.003    14269.004    14272.005    14276.006
   415:    14301.007    14305.008    14307.009    14360.010    14365.011
   420:    14368.012    14373.013    14421.013    14471.000    14471.000
   425:    14929.001    14934.002    14940.003    14943.004    14945.005
   430:    14976.006    14981.007    14983.008    14985.009    14988.010
   435:    14991.011    14997.012    15041.013    15046.014    15047.015
   440:    15051.016    15053.017    15055.018    15060.019    15061.020
   445:    15101.020    15151.000    15151.000
Y:
     0:        0.000      102.001      169.002      173.003      192.004
     5:      195.005      248.006      260.007      266.008      267.009
    10:      314.010      322.011      331.012      398.013      405.014
    15:      406.015      411.016      478.017      485.018      489.019
    20:      496.020      506.021      511.022      514.023      517.024
    25:      521.025      531.026      579.027      579.027      629.000
    30:      629.000      995.001      999.002     1002.003     1031.004
    35:     1039.005     1043.006     1047.007     1069.008     1073.009
    40:     1078.010     1141.011     1146.012     1149.013     1153.014
    45:     1193.015     1193.015     1243.000     1243.000     1661.001
    50:     1678.002     1767.003     1799.004     1799.004     1849.000
    55:     1849.000     2206.001     2356.002     2358.003     2361.004
    60:     2365.005     2405.006     2412.007     2415.008     2419.009
    65:     2422.010     2423.011     2455.012     2462.013     2466.014
    70:     2469.015     2472.016     2475.017     2523.018     2523.018
    75:     2573.000     2573.000     3212.001     3212.001     3262.000
    80:     3262.000     3607.001     3645.002     3690.003     3697.004
    85:     3700.005     3736.006     3738.007     3740.008     3742.009
    90:     3745.010     3746.011     3749.012     3789.013     3792.014
    95:     3794.015     3797.016     3850.017     3859.018     3862.019
   100:     3864.020     3866.021     3869.022     3871.023     3951.024
   105:     3951.024     4001.000     4001.000     4613.001     4618.002
   110:     4620.003     4624.004     4648.005     4648.005     4698.000
   115:     4698.000     5395.001     5396.001     5446.000     5446.000
   120:     5982.002     6025.004     6032.006     6037.008     6066.010
   125:     6070.012     6073.014     6076.016     6118.018     6124.020
   130:     6125.022     6127.024     6130.026     6132.028     6135.030
   135:     6205.032     6208.034     6210.036     6213.038     6218.040
   140:     6221.042     6224.044     6225.046     6237.048     6240.050
   145:     6244.052     6249.054     6252.056     6295.058     6298.060
   150:     6299.062     6303.064     6319.066     6321.068     6326.070
   155:     6329.072     6333.074     6336.076     6368.078     6371.080
   160:     6373.082     6376.084     6386.086     6389.088     6474.090
   165:     6488.092     6491.094     6493.096     6498.098     6500.100
   170:     6708.102     6711.104     6726.106     6730.108     6766.110
   175:     6875.112     6878.114     6885.116     6891.118     6903.120
   180:     6908.122     6909.124     6962.126     6978.128     7083.130
   185:     7088.132     7502.133     7506.134     7686.135     7696.136
   190:     7699.137     7743.138     7749.139     7753.140     7847.141
   195:     7856.142     7866.143     7869.144     7910.145     7913.146
   200:     7915.147     7918.148     7921.149     7924.150     7972.151
   205:     7972.151     8022.000     8022.000     8605.001     8608.002
   210:     8619.003     8662.004     8662.004     8712.000     8712.000
   215:     9413.001     9413.001     9463.000     9463.000    10067.001
   220:    10099.002    10099.002    10149.000    10149.000    10749.002
   225:    10754.004    10757.006    10784.008    10788.010    10790.012
   230:    10819.014    10827.016    10829.018    10830.020    10832.022
   235:    10834.024    10835.026    10839.028    10842.030    10877.032
   240:    10885.034    10887.036    10889.038    10890.040    10895.042
   245:    10899.044    10902.046    10904.048    10908.050    10911.052
   250:    10944.054    10951.056    10953.058    10955.060    10957.062
   255:    10960.064    10963.066    10969.068    10972.070    10975.072
   260:    10979.074    11021.076    11025.078    11035.080    11040.082
   265:    11043.084    11045.086    11048.088    11217.090    11227.092
   270:    11230.094    11506.096    11514.098    11751.100    11796.102
   275:    11800.104    11812.106    11844.108    11914.110    11922.112
   280:    11925.114    11928.116    14110.251    14113.252    14116.253
   285:    14120.254    14150.255    14154.256    14156.257    14158.258
   290:    14160.259    14165.260    14201.261    14204.262    14207.263
   295:    14210.264    14215.265    14217.266    14220.267    14222.268
   300:    14226.269    14228.270    14266.271    14308.272    14341.273
   305:    14344.274    14346.275    14351.276    14357.277    14407.278
   310:    14410.279    14412.280    14415.281    14418.282    14460.283
   315:    14467.284    14469.285    14471.286    14541.287    14544.288
   320:    14547.289    14586.290    14586.290    14636.000    14636.000
   325:    15120.001    15175.002    15179.003    15212.004    15215.005
   330:    15218.006    15219.007    15226.008    15227.009    15231.010
   335:    15257.011    15264.012    15264.012    15314.000    15314.000
   340:    15916.001    15952.002    15952.002    16002.000    16002.000
   345:    16441.001    16444.002    16470.003    16474.004    16476.005
   350:    16506.006    16555.007    16562.008    16564.009    16566.010
   355:    16572.011    16573.012    16576.013    16583.014    16616.015
   360:    16625.016    16626.017    16628.018    16667.019    16667.019
   365:    16717.000    16717.000    17268.001    17276.002    17281.003
   370:    17307.004    17311.005    17313.006    17345.007    17345.007
   375:    17395.000    17395.000    17872.001    17879.002    17883.003
   380:    17913.004    17920.005    17923.006    17924.007    17927.008
   385:    17930.009    17932.010    17962.011    17965.012    17967.013
   390:    17969.014    17972.015    17976.016    17981.017    18017.018
   395:    18020.019    18024.020    18024.020    18074.000    18074.000
   400:    18367.001    18490.002    18494.003    18501.004    18538.005
   405:    18546.006    18547.007    18549.008    18551.009    18588.010
   410:    18595.011    18597.012    18599.013    18601.014    18605.015
   415:    18607.016    18609.017    18612.018    18616.019    18649.020
   420:    18652.021    18654.022    18658.023    18660.024    18663.025
   425:    18668.026    18676.027    18716.028    18716.028    18766.000
   430:    18766.000    19269.002    19273.004    19320.006    19324.008
   435:    19363.010    19367.012    19370.014    19371.016    19437.018
   440:    19443.020    19447.022    19493.024    19498.026    19504.028
   445:    19508.030    19510.032    19565.034    19573.036    19576.038
   450:    19581.040    19616.042    19619.044    19621.046    19634.048
   455:    19637.050    19642.052    19646.054    19648.056    19709.058
   460:    19716.060    19719.062    19720.064    19723.066    20786.067
   465:    20791.068    20796.069    20831.070    20833.071    20836.072
   470:    20866.073    20870.074    20914.075    20922.076    20924.077
   475:    20926.078    20930.079    20938.080    20941.081    20944.082
   480:    20997.083    21001.084    21005.085    21010.086    21067.087
   485:    21072.088    21075.089    21080.090    21085.091    21150.092
   490:    21158.093    21164.094    21165.095    21248.096    21254.097
   495:    21258.098    21263.099    21645.100    21645.100    21695.000
   500:    21695.000    22045.001    22106.002    22117.003    22165.004
   505:    22174.005    22175.006    22191.007    22243.008    22247.009
   510:    22249.010    22251.011    22295.012    22298.013    22306.014
   515:    22311.015    22313.016    22341.017    22342.017    22392.000
