File: C:\MED-PC\Data\2018-05-04_11h21m_Subject M328.txt


Start Date: 05/04/18
End Date: 05/04/18
Subject: M328
Experiment: DOBLE_PICO_DEMORA
Group: EXP
Box: 8
Start Time: 11:21:21
End Time: 12:35:01
MSN: IF_ACO_MULTIPLE_PICO
A:     343.000
B:      20.000
D:      22.000
I:       2.000
J:   18000.000
K:    5400.000
M:       0.000
N:      20.000
O:      22.000
P:     457.000
Q:       0.000
T:    1000.000
V:     600.000
W:      20.000
Z:       0.000
C:
     0:        0.120        0.120        0.120        0.120        0.120
     5:        0.120        0.120        0.120        0.120        0.120
    10:        0.120        0.120        0.120        0.120        0.120
    15:        0.120        0.120        0.120        0.120        0.120
    20:        0.120        0.120        0.120        0.120        0.120
    25:        0.120        0.120        0.120        0.120        0.120
    30:        0.120        0.120        0.120        0.120        0.120
    35:        0.120        0.120        0.120        0.120        0.120
    40:        0.120        0.510       18.120       28.110       32.120
    45:       55.120      115.120      120.120      126.110      214.110
    50:      227.110      234.120      257.110      264.110      270.110
    55:      275.120      279.120      291.120      317.110      323.110
    60:      328.120      368.110      373.110      381.120      392.120
    65:      393.120      410.110      422.110      427.120      447.120
    70:      451.110      457.120      491.110      497.120      519.110
    75:      530.110      547.110      547.210      551.120      597.310
    80:      697.510      713.120      859.120      942.120      964.120
    85:      966.120      967.120      979.120      993.120      998.120
    90:     1006.120     1007.120     1013.120     1014.120     1022.110
    95:     1071.110     1076.120     1080.120     1103.120     1109.120
   100:     1127.120     1157.120     1159.120     1164.110     1173.110
   105:     1188.110     1253.120     1258.110     1258.210     1265.120
   110:     1308.310     1408.510     1568.120     1864.120     1882.120
   115:     1901.120     1903.120     1923.120     1926.120     1927.120
   120:     1931.120     1937.110     2002.110     2002.210     2009.120
   125:     2052.310     2152.500     2223.120     2225.120     2423.120
   130:     2429.100     2434.100     2437.120     2454.120     2491.120
   135:     2632.120     2647.100     2649.100     2652.120     2696.120
   140:     2714.100     2715.100     2718.120     2759.120     2761.120
   145:     2774.200     2783.120     2824.300     2924.500     2985.120
   150:     2987.120     2989.120     2993.120     3014.120     3048.120
   155:     3471.120     3488.100     3492.120     3548.200     3598.300
   160:     3698.510     3789.120     3791.120     3805.120     3848.120
   165:     3853.120     3872.120     3882.120     4026.120     4311.120
   170:     4353.120     4371.120     4426.120     4465.120     4477.120
   175:     4496.120     4536.110     4536.210     4543.120     4586.310
   180:     4592.120     4686.500     4756.120     4780.120     4784.120
   185:     4819.120     4826.120     4837.100     4940.100     4946.120
   190:     5123.100     5125.100     5128.120     5141.120     5175.100
   195:     5176.100     5179.120     5229.120     5260.100     5263.100
   200:     5265.100     5268.100     5271.120     5320.200     5370.300
   205:     5470.510     5478.120     5494.120     5521.120     5551.120
   210:     5554.120     5556.120     5566.120     5613.120     6001.110
   215:     6006.120     6072.120     6075.120     6088.110     6098.120
   220:     6105.120     6118.120     6151.110     6151.210     6161.110
   225:     6170.110     6173.110     6180.120     6201.310     6301.500
   230:     6330.120     6333.120     6338.120     6362.120     6367.120
   235:     6380.120     6402.120     6432.100     6440.120     6449.120
   240:     6511.100     6517.100     6520.120     6530.120     6540.120
   245:     6546.120     6547.120     6582.120     6587.120     6588.120
   250:     6601.100     6602.100     6607.120     6614.120     6670.100
   255:     6674.100     6676.100     6679.100     6680.120     6718.120
   260:     6741.100     6745.100     6746.100     6753.100     6756.100
   265:     6761.120     6794.120     6818.120     6861.100     6864.100
   270:     6867.120     6881.120     6921.200     6931.100     6937.100
   275:     6939.100     6943.120     6971.300     6983.120     7071.500
   280:     7107.120     7108.120     7327.120     7335.120     7349.100
   285:     7353.120     7802.100     7812.100     7816.120     7849.100
   290:     7854.120     7862.200     7912.300     8012.510     8046.120
   295:     8105.120     8216.120     8246.120     8258.120     8288.120
   300:     8295.110     8385.110     8389.120     8429.120     8434.110
   305:     8441.120     8526.110     8535.110     8567.110     8573.120
   310:     8588.110     8598.110     8603.110     8619.110     8627.110
   315:     8632.110     8635.110     8641.110     8652.120     8667.120
   320:     8685.120     8718.110     8718.210     8723.120     8768.310
   325:     8868.510     8898.120     8899.120     9146.120     9234.120
   330:     9259.120     9355.110     9369.120     9377.120     9377.120
   335:     9385.120     9422.120     9481.120     9486.110     9493.110
   340:     9496.110     9502.110     9502.210     9508.120     9552.310
   345:     9652.500     9659.120     9890.120     9901.100     9905.120
   350:     9964.120     9997.100    10063.100    10069.100    10072.120
   355:    10116.120    10154.100    10158.100    10159.100    10163.120
   360:    10188.100    10193.100    10194.100    10198.120    10232.120
   365:    10234.120    10247.120    10251.120    10253.200    10303.300
   370:    10403.500    10465.120    10486.120    10496.120    10501.120
   375:    10517.120    10635.100    10639.120    10653.120    10667.100
   380:    10673.120    10771.100    10774.100    10778.120    10809.100
   385:    10813.100    10816.120    10850.100    10905.100    10911.120
   390:    10982.100    10983.100    10987.120    11015.120    11039.120
   395:    11042.200    11042.120    11092.300    11095.120    11181.120
   400:    11192.500    11339.120    11448.120    11456.120    11499.120
   405:    11520.120    11526.120    11551.100    11556.120    11583.120
   410:    11627.100    11633.100    11635.100    11638.120    11679.120
   415:    11683.100    11689.100    11690.100    11692.100    11695.100
   420:    11699.100    11701.100    11705.120    11777.120    11807.120
   425:    11828.100    11829.100    11833.100    11834.120    11841.120
   430:    11841.120    11862.120    11884.100    11885.100    11888.200
   435:    11890.120    11938.300    12038.510    12062.120    12114.120
   440:    12121.120    12129.110    12137.120    12295.120    12312.110
   445:    12316.120    12328.120    12344.120    12349.110    12373.120
   450:    12382.120    12404.120    12408.120    12410.120    12414.120
   455:    12421.110    12427.110    12430.110    12436.110    12443.120
   460:    12457.120    12488.110    12495.110    12501.110    12507.120
   465:    12518.120    12542.110    12549.110    12554.120    12558.120
   470:    12560.120    12588.110    12592.120    12607.110    12611.110
   475:    12618.110    12624.110    12625.110    12632.120    12658.120
   480:    12723.120    12748.110    12748.210    12756.120    12798.310
   485:    12898.510    12907.120    12942.120    12944.120    12948.120
   490:    12950.120    13151.120    13158.120    13159.120    13162.120
   495:    13241.120    13300.120    13303.120    13310.110    13317.120
   500:    13319.120    13333.120    13337.120    13343.110    13360.110
   505:    13364.110    13370.120    13384.110    13389.110    13395.120
   510:    13398.120    13407.120    13426.110    13435.110    13437.110
   515:    13442.120    13444.120    13463.120    13474.120    13475.120
   520:    13477.120    13482.110    13488.120    13497.120    13513.120
   525:    13516.120    13520.110    13526.110    13529.110    13531.110
   530:    13535.110    13535.210    13543.120    13585.310    13685.530
   535:    13740.120    14272.100    14278.100    14283.120    14358.100
   540:    14362.100    14367.120    14386.120    14387.120    14414.100
   545:    14418.100    14420.100    14424.120    14453.120    14476.100
   550:    14482.120    14493.120    14506.100    14508.100    14512.120
   555:    14550.120    14608.100    14609.100    14617.120    14628.120
   560:    14642.100    14647.120    14658.120    14707.100    14725.100
   565:    14730.120    14761.120    14851.120    14870.100    14872.100
   570:    14876.120    14906.120    14910.120    14913.120    14929.100
   575:    14934.120    14949.120    14995.100    14997.100    15001.100
   580:    15002.120    15060.120    15074.100    15080.100    15081.100
   585:    15087.100    15088.120    15136.100    15485.330    15585.540
   590:    15718.110    15724.120    15731.120    15734.120    15749.110
   595:    15756.110    15759.120    15790.110    15798.110    15800.110
   600:    15812.120    15812.120    15814.120    15825.120    15835.110
   605:    15844.120    15856.120    15865.110    15871.120    15900.120
   610:    15924.110    15930.120    15948.120    15955.110    15965.110
   615:    15968.110    15971.110    15976.110    15978.110    15980.110
   620:    15990.110    16009.110    16013.120    16035.120    16041.120
   625:    16048.110    16060.110    16067.120    16117.110    16123.120
   630:    16139.120    16146.120    16151.110    16161.110    16175.110
   635:    16176.110    16193.110    16200.120    16228.120    16237.110
   640:    16249.110    16251.110    16258.120    16268.120    16274.110
   645:    16286.110    16289.110    16292.110    16297.110    16299.110
   650:    16308.120    16382.120    16397.110    16407.120    16416.120
   655:    16418.120    16440.120    16576.120    16645.120    16655.110
   660:    16662.120    16673.120    16679.120    16721.120    16725.120
   665:    16732.110    16745.110    16747.110    16749.110    16756.110
   670:    16760.120    16772.120    16786.110    16792.120    16806.120
   675:    16815.120    16823.110    16826.110    16836.110    16838.110
   680:    16841.110    16846.120    16871.120    16874.120    16881.120
   685:    16887.110    16893.120    16910.120    16917.110    16923.120
   690:    16952.110    16959.110    16961.110    16965.110    17000.110
   695:    17009.110    17014.110    17016.110    17020.110    17036.110
   700:    17040.120    17067.120    17068.120    17074.110    17080.120
   705:    17090.120    17093.120    17143.120    17172.110    17181.110
   710:    17185.110    17191.120    17208.120    17234.110    17243.110
   715:    17245.110    17248.110    17259.110    17265.120    17274.120
   720:    17290.110    17301.110    17304.110    17385.340    17417.120
   725:    17485.510    17542.120    17547.120    17552.120    17557.120
   730:    17560.120    17562.120    17570.110    17586.120    17601.120
   735:    17609.120    17615.120    17622.120    17628.110    17632.120
   740:    17636.120    17642.120    17848.120    17872.120    17881.110
   745:    17886.120    17910.120    17914.120    17920.120    17926.110
   750:    17933.110    17936.110    17990.110    17997.120    18012.120
   755:    18018.120    18025.110    18031.110    18038.110    18050.110
   760:    18056.120    18082.110    18085.120    18098.120    18103.110
   765:    18111.110    18121.120    18133.120    18163.120    18179.110
   770:    18179.210    18185.120    18229.310    18329.500    18791.100
   775:    18798.100    18802.120    18839.120    18882.100    18886.120
   780:    18904.120    18924.100    18931.120    18942.200    18947.100
   785:    18951.120    18992.300    18997.120    19092.500    19265.120
   790:    19277.120    19357.100    19361.120    19491.100    19501.100
   795:    19505.120    19533.100    19540.100    19543.120    19564.120
   800:    19575.120    19613.120    19622.100    19624.100    19627.100
   805:    19628.120    19648.120    19665.120    19681.120    19682.120
   810:    19709.120    19736.100    19738.100    19742.100    19743.120
   815:    19755.120    19796.200    19804.100    19805.100    19811.120
   820:    19846.300    19946.500    20518.120    20579.100    20585.120
   825:    20612.100    20617.100    20621.120    20633.120    20639.200
   830:    20689.300    20699.120    20789.510    20871.120    20881.120
   835:    20883.120    21039.120    21047.110    21188.120    21260.120
   840:    21261.120    21274.120    21297.120    21303.120    21308.110
   845:    21317.110    21360.110    21365.120    21393.110    21404.110
   850:    21409.120    21422.120    21441.120    21445.120    21455.110
   855:    21455.210    21462.120    21505.310    21605.510    21650.120
   860:    21702.120    21752.120    21752.120    21754.120    21768.120
   865:    21847.110    21849.120    21877.120    21898.120    22001.110
   870:    22006.120    22047.110    22056.120    22104.120    22122.110
   875:    22128.110    22133.110    22138.120    22144.120    22148.110
   880:    22152.120    22156.120    22180.120    22182.120    22191.110
   885:    22195.120    22207.120    22218.120    22222.110    22231.120
   890:    22243.120    22271.120    22297.110    22297.210    22301.120
   895:    22347.310    22447.510    22607.120    22626.120    22627.120
   900:    22628.120    22680.120    22697.120    22708.120    22721.120
   905:    22766.120    22767.120    22772.120    22777.110    22786.120
   910:    22813.110    22822.110    22828.110    22833.110    22840.120
   915:    22848.120    22869.120    22875.110    22878.120    22900.110
   920:    22907.110    22911.110    22914.110    22919.120    22942.120
   925:    22944.120    22947.120    22952.110    22956.120    22963.120
   930:    22978.120    22984.110    22987.120    22999.120    23021.110
   935:    23033.120    23053.110    23061.120    23071.120    23080.110
   940:    23086.110    23088.110    23097.110    23097.210    23101.120
   945:    23105.120    23147.310    23247.510    23334.120    23340.120
   950:    23341.120    23344.120    23346.120    23380.120    23381.120
   955:    23385.120    24227.110    24227.210    24235.120    24277.310
   960:    24377.500    24518.120    24554.100    24557.120    24621.100
   965:    24625.120    24709.120    24720.100    24734.100    24737.120
   970:    24752.120    24776.100    24778.100    24782.120    24831.100
   975:    24831.100    24836.120    24850.120    24882.120    24906.100
   980:    24906.100    24908.100    24913.120    24952.120    24976.120
   985:    24995.100    24997.100    25002.120    25028.120    25053.120
   990:    25055.200    25065.120    25105.300    25205.500    25600.120
   995:    25619.120    25673.100    25679.100    25684.120    25721.100
  1000:    25724.100    25728.120    25763.100    25767.100    25769.100
  1005:    25770.100    25775.120    25797.120    25800.120    25821.120
  1010:    25823.200    25825.120    25834.100    25835.100    25839.100
  1015:    25839.120    25873.300    25973.510    26107.120    26174.120
  1020:    26175.120    26202.120    26218.110    26222.120    26709.120
  1025:    26729.120    26768.110    26768.210    26775.120    26818.310
  1030:    26918.500    26927.120    27024.120    27029.120    27030.120
  1035:    27033.120    27058.100    27062.120    27091.120    27096.120
  1040:    27098.120    27161.100    27166.120    27201.120    27279.100
  1045:    27283.120    27301.120    27317.120    27325.100    27327.100
  1050:    27330.120    27354.120    27377.100    27382.120    27400.120
  1055:    27435.100    27443.100    27449.120    27465.120    27486.100
  1060:    27489.100    27503.100    27509.100    27509.120    27523.120
  1065:    27546.200    27554.100    27561.100    27563.100    27569.120
  1070:    27596.300    27604.120    27696.540    27763.120    27814.120
  1075:    27816.120    27820.120    27830.110    28449.120    28472.110
  1080:    28477.110    28481.110    28482.110    28486.110    28491.120
  1085:    28523.110    28532.120    28556.110    28567.110    28576.120
  1090:    28602.120    28620.110    28627.110    28635.110    28636.110
  1095:    28646.120    28656.120    28671.120    28677.110    28682.120
  1100:    28694.120    28700.110    28709.120    28734.120    28752.110
  1105:    28757.120    28769.120    28797.120    28817.110    28826.110
  1110:    28833.120    28847.120    28860.120    28873.120    28884.120
  1115:    28888.120    28888.120    28893.110    28897.120    28952.110
  1120:    28957.120    28996.110    29017.110    29066.110    29071.120
  1125:    29101.110    29105.110    29111.120    29127.120    29130.120
  1130:    29144.110    29154.110    29156.110    29159.110    29171.110
  1135:    29176.120    29207.120    29211.120    29217.110    29310.120
  1140:    29462.120    29496.340    29504.120    29515.120    29571.120
  1145:    29596.500    29645.120    29655.100    29661.100    29667.120
  1150:    29700.100    29706.120    29743.120    29754.100    29756.100
  1155:    29760.120    29780.120    29784.120    29795.100    29796.100
  1160:    29801.120    29822.120    29840.120    29844.120    29851.100
  1165:    29853.100    29856.100    29858.120    29879.120    29887.100
  1170:    29889.100    29895.120    29912.120    29938.100    29939.100
  1175:    29944.120    29958.120    29971.120    29981.100    29982.100
  1180:    29989.120    30023.100    30025.100    30033.120    30049.120
  1185:    30051.120    30070.120    30113.100    30115.100    30119.100
  1190:    30121.100    30122.100    30127.120    30146.120    30176.120
  1195:    30187.100    30195.100    30201.120    30212.120    30226.120
  1200:    30247.200    30252.100    30254.100    30262.120    30297.300
  1205:    30397.510    30434.120    30441.120    30443.120    30444.120
  1210:    30490.120    30498.120    30500.120    30915.110    30919.120
  1215:    30941.120    30947.110    30955.110    30959.110    30961.110
  1220:    30968.110    30979.120    30993.110    31002.110    31004.110
  1225:    31012.120    31020.120    31022.120    31040.110    31057.110
  1230:    31057.210    31061.120    31107.310    31207.500    31331.120
  1235:    31338.120    31340.120    31526.100    31532.120    31564.100
  1240:    31569.100    31570.100    31573.120    31596.120    31620.100
  1245:    31624.100    31626.100    31631.120    31662.100    31667.100
  1250:    31669.100    31671.100    31675.120    31690.120    31705.120
  1255:    31718.100    31719.100    31727.100    31732.120    31760.120
  1260:    31786.100    31788.100    31793.120    31824.120    31845.120
  1265:    31846.200    31857.100    31863.120    31896.300    31903.120
  1270:    31996.500    32018.120    32304.100    32309.120    32350.120
  1275:    32354.120    32365.100    32368.120    32387.120    32402.100
  1280:    32406.100    32408.100    32414.120    32448.100    32453.100
  1285:    32453.120    32476.100    32481.120    32494.120    32504.100
  1290:    32509.100    32510.120    32533.100    32535.100    32538.100
  1295:    32543.120    32549.120    32573.100    32579.120    32586.120
  1300:    32598.200    32648.300    32748.510    32775.120    32844.120
  1305:    32847.120    32855.110    33045.120    33065.110    33069.120
  1310:    33139.120    33143.120    33150.120    33155.110    33161.110
  1315:    33165.110    33176.110    33185.120    33202.120    33208.110
  1320:    33211.120    33285.110    33291.120    33302.120    33308.110
  1325:    33315.110    33319.110    33321.110    33324.110    33329.110
  1330:    33333.120    33347.120    33363.110    33374.110    33384.120
  1335:    33399.120    33403.110    33403.210    33408.120    33453.310
  1340:    33553.510    33612.120    33613.120    33830.120    33908.120
  1345:    33908.120    33910.120    33911.120    33922.110    33926.120
  1350:    33930.120    33945.120    33951.120    33979.120    33989.120
  1355:    34079.110    34087.110    34091.110    34095.110    34098.110
  1360:    34102.120    34128.120    34132.120    34135.120    34143.110
  1365:    34146.110    34151.110    34164.110    34167.110    34171.120
  1370:    34182.120    34188.120    34192.110    34192.210    34198.120
  1375:    34242.310    34342.530    34534.120    34550.120    34552.120
  1380:    34686.100    34698.100    34702.120    34741.100    34744.120
  1385:    34765.120    34769.120    34786.100    34795.100    34798.100
  1390:    34800.120    34826.100    34830.100    34834.120    34853.120
  1395:    34879.120    34883.120    34885.120    34896.100    34903.100
  1400:    34905.100    34909.120    34967.120    34999.100    35001.100
  1405:    35006.120    35044.100    35049.120    35084.100    35087.100
  1410:    35091.120    35120.120    35123.120    35154.120    35176.120
  1415:    35188.120    35197.100    35202.100    35204.100    35205.100
  1420:    35213.100    35217.100    35223.120    35239.120    35281.100
  1425:    35287.120    35333.120    35374.100    35384.120    35429.100
  1430:    35430.100    35436.120    35458.120    35472.120    35498.100
  1435:    35499.100    35504.100    35505.120    35692.120    35716.100
  1440:    35721.120    36051.120    36072.100    36079.100    36080.120
  1445:    36117.120    36120.120    36122.120    36141.120    36142.330
  1450:    36157.120    36176.120    36180.120    36242.510    36263.110
  1455:    36267.120    36274.120    36404.110    36411.110    36414.120
  1460:    36445.120    36449.120    36453.120    36453.120    36457.120
  1465:    36463.110    36471.110    36475.110    36478.120    36486.120
  1470:    36488.120    36495.110    36506.110    36509.110    36518.120
  1475:    36535.120    36536.120    36539.120    36545.120    36555.110
  1480:    36561.110    36572.110    36576.120    36590.120    36592.120
  1485:    36594.120    36598.110    36606.110    36609.110    36616.110
  1490:    36625.110    36628.110    36636.110    36641.110    36647.120
  1495:    36672.110    36678.110    36684.110    36689.110    36697.120
  1500:    36707.120    36721.120    36724.120    36732.110    36739.110
  1505:    36744.120    36760.120    36768.110    36776.110    36779.110
  1510:    36787.110    36803.110    36808.120    36845.110    36851.120
  1515:    36895.120    36900.110    36900.210    36906.120    36950.310
  1520:    37050.500    37092.120    37215.120    37243.120    37343.100
  1525:    37348.120    37401.100    37404.100    37408.100    37408.120
  1530:    37426.120    37430.120    37443.100    37447.100    37452.120
  1535:    37516.100    37519.120    37542.120    37543.120    37544.120
  1540:    37546.120    37554.100    37558.100    37559.120    37580.120
  1545:    37581.120    37592.100    37594.100    37598.100    37598.120
  1550:    37608.120    37626.120    37630.120    37642.100    37643.100
  1555:    37649.120    37652.200    37702.300    37802.500    37823.120
  1560:    37893.120    37901.120    37902.120    38007.120    38011.120
  1565:    38012.120    38014.120    38026.120    38074.120    38122.120
  1570:    38129.120    38136.120    38195.100    38199.120    38211.120
  1575:    38222.100    38228.100    38230.100    38235.120    38260.120
  1580:    38263.120    38266.120    38276.100    38281.120    38288.120
  1585:    38312.120    38320.100    38328.120    38365.120    38399.120
  1590:    38423.100    38434.120    38459.120    38466.120    38475.120
  1595:    38483.200    38533.300    38633.510    38646.120    38650.120
  1600:    38652.120    38655.120    38657.120    38662.120    38664.120
  1605:    38668.120    39132.120    39156.110    39161.120    39213.110
  1610:    39221.110    39225.110    39231.120    39258.120    39262.110
  1615:    39268.120    39289.110    39289.210    39296.120    39339.310
  1620:    39439.510    39561.120    39567.120    39779.120    39781.120
  1625:    39798.120    39807.120    39815.120    39834.120    39867.120
  1630:    39920.110    39933.110    39939.120    39965.110    39972.110
  1635:    39975.110    39978.110    39983.110    39989.120    40035.120
  1640:    40046.120    40059.110    40066.110    40070.110    40082.120
  1645:    40084.120    40091.120    40106.120    40127.110    40127.210
  1650:    40132.120    40177.310    40252.120    40277.500    40362.120
  1655:    40364.120    40368.120    40369.120    40373.120    40555.120
  1660:    40663.120    40673.120    40686.100    40690.120    40742.120
  1665:    40750.100    40755.100    40756.100    40759.100    40760.120
  1670:    40795.120    40804.100    40808.120    40815.120    40821.120
  1675:    40834.120    40837.120    40848.100    40851.100    40854.100
  1680:    40857.100    40858.120    40870.120    40887.120    40898.100
  1685:    40902.100    40903.120    40908.200    40958.300    41044.120
  1690:    41058.510    41093.120    41098.120    41103.120    41104.120
  1695:    41340.110    41344.120    41386.110    41419.120    41447.120
  1700:    41469.120    41472.120    41478.110    41485.110    41492.110
  1705:    41494.120    41500.120    41518.120    41522.120    41528.120
  1710:    41536.110    41538.110    41540.110    41542.110    41555.110
  1715:    41559.120    41580.120    41587.120    41592.110    41599.120
  1720:    41604.110    41605.110    41610.110    41611.110    41615.110
  1725:    41619.110    41625.120    41633.120    41653.120    41653.120
  1730:    41658.110    41664.120    41677.110    41683.110    41690.120
  1735:    41710.110    41710.210    41717.120    41760.310    41860.540
  1740:    41874.120
E:
     0:     1741.000      345.000      421.000
F:
     0:       70.000       34.352       29.118
G:
     0:        1.000        1.000        1.000        1.000        1.000
     5:        1.000        1.000        1.000        1.000        0.000
H:
     0:        1.000        1.000        2.000        2.000
L:
     0:     6316.000     6345.000     6441.000     6303.000     8005.000
     5:     6109.000     6490.000     7062.000     6223.000     7144.000
    10:     7034.000     6880.000     6287.000     6383.000     6603.000
    15:     6496.000     6116.000     6122.000     6904.000     6407.000
R:
     0:        1.000        1.000        1.000        1.000        1.000
     5:        1.000        1.000        1.000        1.000        0.000
S:
     0:        1.000        0.000
U:
     0:     6303.000        3.000        0.000
X:
     0:        0.000      276.001      281.002      495.003      497.004
     5:      561.005      563.006      621.006      671.000      671.000
    10:     1235.001     1295.001     1345.000     1345.000     1496.001
    15:     1599.002     1782.003     1784.004     1834.005     1835.006
    20:     1919.007     1922.008     1924.009     1927.010     1979.010
    25:     2029.000     2029.000     2159.001     2238.002     2244.003
    30:     2329.004     2330.005     2397.006     2402.007     2403.008
    35:     2407.009     2468.010     2472.011     2473.012     2480.013
    40:     2483.014     2589.015     2591.016     2649.016     2659.017
    45:     2664.018     2666.019     2699.000     2699.000     2976.001
    50:     3429.002     3439.003     3476.004     3489.004     3539.000
    55:     3539.000     3788.001     3884.002     3950.003     3955.004
    60:     4040.005     4045.006     4046.007     4075.008     4079.009
    65:     4081.010     4139.010     4189.000     4189.000     4421.001
    70:     4453.002     4556.003     4560.004     4595.005     4599.006
    75:     4636.007     4691.008     4767.009     4769.010     4828.010
    80:     4878.000     4878.000     5237.001     5313.002     5319.003
    85:     5321.004     5369.005     5375.006     5376.007     5378.008
    90:     5381.009     5385.010     5387.011     5514.012     5515.013
    95:     5519.014     5569.015     5571.016     5574.016     5624.000
   100:     5624.000     6210.002     6217.004     6296.006     6301.008
   105:     6352.010     6356.012     6358.014     6414.016     6444.018
   110:     6447.020     6546.022     6548.024     6581.026     6645.028
   115:     6663.030     6808.032     6810.034     6868.036     6933.038
   120:     6935.040     6939.042     7012.044     7018.046     7020.048
   125:     7025.050     7074.052    10729.001    10737.002    10820.003
   130:    10863.004    10880.004    10885.005    10930.000    10930.000
   135:    11195.001    11329.002    11339.003    11371.004    11378.005
   140:    11460.006    11462.007    11465.008    11574.009    11576.010
   145:    11580.011    11634.011    11641.012    11643.013    11684.000
   150:    11684.000    12317.001    12350.002    12355.003    12377.003
   155:    12427.000    12427.000    12604.001    12671.002    12770.003
   160:    12783.004    12826.005    12828.006    12880.007    12881.008
   165:    12956.009    12956.010    12958.011    13044.012    13047.013
   170:    13105.013    13155.000    13155.000    13622.001    13629.002
   175:    13671.003    13674.004    13713.005    13717.006    13719.007
   180:    13720.008    13773.008    13784.009    13785.010    13788.011
   185:    13823.000    13823.000    13963.001    14066.002    14183.003
   190:    14230.004    14231.005    14282.006    14339.007    14347.008
   195:    14391.009    14393.010    14407.011    14413.012    14451.012
   200:    14458.013    14466.014    14468.015    14501.000    14501.000
   205:    14501.063    14501.064    14501.065    14501.066    14501.067
   210:    14501.068    14501.069    14501.070    14501.071    14501.072
   215:    14501.073    14501.074    14501.075    14501.076    14501.077
   220:    14501.078    14501.079    14501.080    14501.081    14501.082
   225:    14501.083    14501.084    14501.085    14501.086    14501.087
   230:    14501.087    14501.088    14501.089    14501.000    14501.000
   235:    14820.001    14857.002    14863.003    14864.004    14914.005
   240:    14918.006    14920.007    14955.008    14961.009    14963.010
   245:    14965.011    15012.012    15013.013    15020.014    15080.015
   250:    15081.016    15140.016    15150.017    15190.000    15190.000
   255:    15497.001    15558.002    15595.003    15599.004    15601.005
   260:    15641.006    15646.007    15669.008    15697.009    15702.010
   265:    15726.011    15728.012    15731.013    15766.014    15791.014
   270:    15841.000    15841.000    16184.002    16196.004    16239.006
   275:    16284.008    16293.010    16296.012    16324.014    16329.016
   280:    16394.018    16402.020    16403.022    16498.024    16500.026
   285:    16543.028    16583.030    16585.032    16695.034    16700.036
   290:    16702.038    16704.040    16711.042    16716.044    16779.046
   295:    16872.048    16927.050    16928.052    16996.054    16997.056
   300:    17002.058    17214.060    17571.062    17577.064    18842.001
   305:    18899.002    18902.003    18906.004    18941.005    18945.006
   310:    19014.007    19052.008    19057.009    19091.010    19093.011
   315:    19096.012    19140.013    19142.014    19151.014    19201.000
   320:    19201.000    19593.001    19620.002    19626.003    19628.004
   325:    19674.005    19718.006    19821.007    19881.007    19931.000
   330:    19931.000    20339.001    20404.002    20408.003    20409.004
   335:    20413.005    20457.006    20501.007    20505.008    20507.009
   340:    20511.010    20551.011    20555.012    20561.012    20611.000
Y:
     0:        0.000       28.001      126.002      214.003      227.004
     5:      257.005      264.006      270.007      317.008      323.009
    10:      368.010      373.011      410.012      422.013      451.014
    15:      491.015      519.016      530.017      547.018      547.018
    20:      597.000      597.000      921.001      971.002     1064.003
    25:     1072.004     1088.005     1158.006     1158.006     1208.000
    30:     1208.000     1736.001     1801.002     1801.002     1851.000
    35:     1851.000     2688.001     2688.001     2738.000     2738.000
    40:     3268.001     3355.002     3419.003     3419.003     3429.004
    45:     3438.005     3440.006     3469.000     3469.000     3752.001
    50:     3841.002     3891.003     3983.004     3992.005     4024.006
    55:     4044.007     4055.008     4060.009     4076.010     4084.011
    60:     4089.012     4091.013     4097.014     4174.015     4174.015
    65:     4224.000     4224.000     4711.001     4842.002     4849.003
    70:     4852.004     4858.005     4858.005     4908.000     4908.000
    75:     4998.001     5182.002     5219.003     5290.004     5297.005
    80:     5299.006     5306.007     5357.008     5365.009     5370.010
    85:     5412.011     5418.012     5458.013     5477.014     5481.015
    90:     5488.016     5494.017     5495.018     5618.019     5618.019
    95:     5668.000     5668.000     6080.001     6112.002     6129.003
   100:     6133.004     6153.005     6159.006     6195.007     6205.008
   105:     6207.009     6251.010     6289.011     6295.012     6298.013
   110:     6301.014     6305.015     6305.015     6355.000     6355.000
   115:     6355.054     6355.056     6355.058     6355.060     6355.062
   120:     6355.064     6355.066     6355.068     6355.070     6355.072
   125:     6355.074     6355.076     6355.078     6355.080     6355.082
   130:     6355.084     6355.086     6355.088     6355.090     6355.092
   135:     6355.094     6355.096     6355.098     6355.100     6355.102
   140:     6355.104     6355.106     6355.108     6355.110     6355.112
   145:     6355.114     6355.116     6355.118     6355.120     6355.122
   150:     6355.124     6355.126     6355.128     6355.130     6355.132
   155:     6355.134     6355.136     6355.138     6355.140     6355.142
   160:     6355.144     6355.146     6355.148     6355.150     6355.152
   165:     6355.154     6355.156     6355.158     6355.160     6355.162
   170:     6355.164     6355.166     6355.168     6355.170     6355.172
   175:     6355.174     6355.176     6355.178     6355.180     6355.182
   180:     6355.184     6355.186     6355.188     6355.190     6355.192
   185:     6355.194     6355.196     6355.197     6355.198     6355.199
   190:     6355.200     6355.201     6355.202     6355.203     6355.204
   195:     6355.205     6355.206     6355.207     6355.208     6355.209
   200:     6355.210     6355.211     6355.211     6355.000     6355.000
   205:     6612.001     6873.002     6882.003     6925.004     6958.005
   210:     6969.006     7020.007     7020.007     7070.000     7070.000
   215:     7311.001     7466.002     7512.003     7586.004     7593.005
   220:     7598.006     7613.007     7656.008     7687.009     7762.010
   225:     7762.010     7812.000     7812.000     8142.001     8177.002
   230:     8186.003     8193.004     8198.005     8239.006     8264.007
   235:     8272.008     8275.009     8278.010     8317.011     8348.012
   240:     8386.013     8417.014     8444.015     8451.016     8453.017
   245:     8461.018     8461.018     8511.000     8511.000     9490.001
   250:     9490.001     9540.000     9540.000     9784.001    10334.002
   255:    10334.002    10384.000    10384.000    10517.002    11160.004
   260:    11164.006    11168.008    11169.010    11173.012    11211.014
   265:    11243.016    11254.018    11307.020    11314.022    11322.024
   270:    11323.026    11364.028    11387.030    11439.032    11504.034
   275:    11513.036    11580.038    11639.040    11683.042    11704.044
   280:    11753.046    11788.048    11792.050    11831.052    11841.054
   285:    11843.056    11846.058    11858.060    11904.062    13602.001
   290:    13634.002    13642.003    13647.004    13648.005    13655.006
   295:    13680.007    13689.008    13692.009    13727.010    13744.011
   300:    13744.011    13794.000    13794.000    13900.001    14111.002
   305:    14200.003    14206.004    14211.005    14222.006    14253.007
   310:    14331.008    14354.009    14361.010    14364.011    14366.012
   315:    14370.013    14374.014    14408.015    14420.016    14448.017
   320:    14449.017    14499.000    14499.000    14867.001    15025.002
   325:    15033.003    15036.004    15040.005    15044.006    15088.007
   330:    15092.008    15096.009    15110.010    15113.011    15138.012
   335:    15138.012    15188.000    15188.000    15188.065    15188.066
   340:    15188.067    15188.068    15188.069    15188.070    15188.071
   345:    15188.072    15188.073    15188.074    15188.075    15188.076
   350:    15188.077    15188.078    15188.079    15188.080    15188.081
   355:    15188.082    15188.083    15188.084    15188.085    15188.086
   360:    15188.087    15188.088    15188.089    15188.090    15188.091
   365:    15188.092    15188.093    15188.094    15188.095    15188.096
   370:    15188.097    15188.097    15188.000    15188.000    15711.001
   375:    15768.002    15776.003    15779.004    15817.005    15844.006
   380:    15844.006    15894.000    15894.000    16374.001    16387.002
   385:    16419.003    16426.004    16429.005    16432.006    16437.007
   390:    16513.008    16520.009    16524.010    16581.011    16581.011
   395:    16631.000    16631.000    16913.001    16958.002    17050.003
   400:    17058.004    17065.005    17108.006    17111.007    17113.008
   405:    17114.009    17128.010    17165.011    17177.012    17178.013
   410:    17182.014    17184.015    17187.016    17192.017    17231.018
   415:    17249.019    17255.020    17282.021    17282.021    17332.000
   420:    17332.000
