File: C:\MED-PC\Data\2018-05-22_12h07m_Subject M331.txt


Start Date: 05/22/18
End Date: 05/22/18
Subject: M331
Experiment: DOBLE_PICO_ACO
Group: EXP
Box: 8
Start Time: 12:07:44
End Time: 13:21:01
MSN: IF_ACO_MULTIPLE_PICO
A:     571.000
B:      22.000
D:      21.000
I:       2.000
J:   18000.000
K:    5400.000
M:       0.000
N:      22.000
O:      22.000
P:     793.000
Q:       0.000
T:    1000.000
V:     600.000
W:      22.000
Z:       0.000
C:
     0:        0.120        0.120        0.120        0.120        0.510
     5:      159.120      171.110      174.110      178.110      184.120
    10:      216.110      219.110      231.110      241.110      244.120
    15:      278.110      337.110      342.110      344.110      347.110
    20:      368.110      377.110      385.110      392.110      398.110
    25:      408.110      426.110      473.110      481.110      491.110
    30:      500.110      506.110      519.110      540.110      594.110
    35:      594.210      598.120      644.310      744.510      823.110
    40:      839.120      846.120      872.110      926.110      987.110
    45:      991.110     1019.120     1029.110     1061.110     1115.110
    50:     1120.110     1124.110     1129.110     1134.120     1144.110
    55:     1148.110     1151.110     1181.110     1269.120     1278.110
    60:     1285.110     1285.210     1289.120     1335.310     1382.120
    65:     1383.120     1385.120     1391.120     1397.120     1402.120
    70:     1404.120     1406.120     1411.120     1435.500     1606.120
    75:     1624.120     1639.120     1654.120     1662.100     1669.100
    80:     1675.120     1696.120     1703.120     1707.120     1717.120
    85:     1743.120     1762.100     1765.100     1768.100     1782.100
    90:     1785.100     1791.100     1802.100     1806.100     1808.100
    95:     1812.100     1819.100     1822.100     1827.100     1831.100
   100:     1845.100     1850.100     1853.100     1858.100     1859.120
   105:     1869.100     1871.100     1881.100     1890.100     1897.100
   110:     1903.100     1911.100     1918.100     1924.100     1929.100
   115:     1952.100     1956.100     1958.100     1963.100     1965.100
   120:     1970.100     1975.120     1983.100     1991.100     2001.100
   125:     2005.100     2007.100     2015.100     2037.100     2043.200
   130:     2044.100     2050.120     2093.300     2151.120     2154.120
   135:     2156.120     2157.120     2159.120     2163.120     2165.120
   140:     2169.120     2170.120     2174.120     2176.120     2177.120
   145:     2180.120     2193.510     2236.120     2249.120     2271.110
   150:     2456.110     2463.110     2465.110     2471.110     2474.120
   155:     2481.120     2497.110     2501.120     2522.110     2524.110
   160:     2528.110     2542.120     2550.120     2553.120     2565.110
   165:     2568.110     2583.110     2591.120     2603.110     2606.110
   170:     2610.110     2621.110     2625.120     2644.110     2651.110
   175:     2662.110     2668.110     2672.110     2675.110     2685.110
   180:     2688.110     2698.110     2702.110     2710.110     2716.120
   185:     2722.120     2735.110     2746.120     2757.110     2761.110
   190:     2766.110     2769.110     2782.110     2785.110     2798.110
   195:     2801.110     2806.110     2809.110     2823.110     2823.210
   200:     2828.120     2873.310     2932.120     2933.120     2937.120
   205:     2942.120     2943.120     2946.120     2951.120     2953.120
   210:     2954.120     2955.120     2960.120     2962.120     2964.120
   215:     2969.120     2972.120     2973.500     2977.120     2978.120
   220:     2980.120     2985.120     3009.120     3011.120     3295.100
   225:     3356.120     3373.100     3376.100     3383.100     3385.100
   230:     3388.100     3390.100     3393.100     3397.100     3406.100
   235:     3410.100     3414.100     3417.100     3427.100     3434.100
   240:     3440.100     3452.100     3463.100     3476.100     3496.100
   245:     3499.100     3505.100     3509.100     3510.120     3521.100
   250:     3524.100     3527.100     3534.100     3536.100     3547.100
   255:     3564.100     3567.100     3569.100     3576.120     3581.200
   260:     3585.120     3631.300     3686.120     3731.510     3755.120
   265:     3756.120     3775.110     4240.110     4245.110     4256.110
   270:     4262.110     4264.110     4267.110     4271.110     4281.110
   275:     4287.110     4289.110     4296.110     4307.110     4312.110
   280:     4317.110     4324.110     4327.110     4339.110     4347.120
   285:     4355.110     4355.210     4359.120     4405.310     4439.120
   290:     4441.120     4443.120     4445.120     4446.120     4449.120
   295:     4453.120     4456.120     4459.120     4463.120     4466.120
   300:     4470.120     4473.120     4477.120     4479.120     4483.120
   305:     4488.120     4489.120     4495.120     4497.120     4503.120
   310:     4505.510     4506.120     4512.120     4516.120     4517.120
   315:     4522.120     4553.120     4676.110     4689.120     4711.110
   320:     4949.110     4952.110     4965.110     4974.110     4978.110
   325:     4987.110     4996.110     5005.110     5016.110     5027.110
   330:     5037.110     5044.120     5057.110     5060.110     5066.110
   335:     5072.110     5075.110     5079.110     5092.110     5112.110
   340:     5129.110     5129.210     5134.120     5179.310     5188.120
   345:     5188.120     5190.120     5192.120     5193.120     5193.120
   350:     5195.120     5196.120     5199.120     5204.120     5207.120
   355:     5212.120     5217.120     5220.120     5224.120     5226.120
   360:     5231.120     5241.120     5245.120     5250.120     5258.120
   365:     5264.120     5265.120     5267.120     5270.120     5273.120
   370:     5274.120     5275.120     5276.120     5277.120     5279.500
   375:     5281.120     5283.120     5288.120     5289.120     5290.120
   380:     5299.120     5381.120     5425.120     5655.120     5669.100
   385:     5729.120     5739.100     5746.100     5751.100     5754.100
   390:     5757.100     5768.100     5775.100     5779.100     5786.100
   395:     5796.100     5801.100     5804.100     5815.100     5820.100
   400:     5822.100     5829.100     5840.100     5849.100     5864.100
   405:     5871.100     5880.200     5886.120     5930.300     5969.120
   410:     5971.120     5972.120     5974.120     5976.120     5980.120
   415:     5983.120     5988.120     5993.120     5997.120     6000.120
   420:     6004.120     6006.120     6013.120     6017.120     6021.120
   425:     6024.120     6026.120     6027.120     6030.500     6033.120
   430:     6036.120     6043.120     6051.120     6062.120     6063.120
   435:     6065.120     6121.120     6124.120     6163.120     6559.100
   440:     6566.100     6574.100     6576.100     6580.100     6591.100
   445:     6597.100     6620.100     6625.100     6627.100     6631.100
   450:     6634.200     6634.100     6639.120     6684.300     6692.120
   455:     6692.120     6695.120     6697.120     6699.120     6700.120
   460:     6704.120     6705.120     6707.120     6712.120     6715.120
   465:     6716.120     6722.120     6724.120     6731.120     6735.120
   470:     6735.120     6739.120     6741.120     6749.120     6753.120
   475:     6758.120     6761.120     6768.120     6771.120     6777.120
   480:     6780.120     6781.120     6784.500     6787.120     6790.120
   485:     6794.120     6799.120     6802.120     6803.120     6807.120
   490:     6810.120     7187.120     7202.100     7210.100     7213.100
   495:     7218.100     7222.100     7225.100     7233.100     7243.100
   500:     7245.100     7251.100     7257.100     7268.100     7273.100
   505:     7285.100     7291.100     7294.100     7298.100     7301.100
   510:     7309.100     7318.100     7341.120     7348.100     7358.100
   515:     7364.100     7368.100     7386.100     7390.100     7397.100
   520:     7403.100     7408.200     7413.120     7458.300     7515.120
   525:     7519.120     7523.120     7524.120     7527.120     7530.120
   530:     7532.120     7539.120     7544.120     7546.120     7551.120
   535:     7554.120     7558.500     7564.120     7571.120     7827.120
   540:     8227.120     8248.100     8263.100     8266.100     8278.100
   545:     8282.100     8284.100     8289.100     8304.120     8308.200
   550:     8358.300     8368.120     8375.120     8382.120     8384.120
   555:     8385.120     8389.120     8396.120     8397.120     8399.120
   560:     8404.120     8406.120     8407.120     8412.120     8413.120
   565:     8414.120     8415.120     8419.120     8422.120     8429.120
   570:     8430.120     8438.120     8458.510     8522.110     8756.110
   575:     8771.110     8776.120     8809.120     8828.110     8831.110
   580:     8839.110     8845.110     8854.110     8859.120     8874.110
   585:     8876.110     9021.110     9024.110     9032.110     9036.110
   590:     9046.110     9048.110     9051.110     9067.110     9077.110
   595:     9086.120     9102.110     9102.210     9107.120     9152.310
   600:     9155.120     9161.120     9165.120     9169.120     9173.120
   605:     9175.120     9180.120     9183.120     9184.120     9190.120
   610:     9196.120     9201.120     9204.120     9210.120     9213.120
   615:     9220.120     9225.120     9226.120     9233.120     9238.120
   620:     9241.120     9246.120     9248.120     9252.540     9256.120
   625:     9262.120     9264.120     9269.120     9277.120     9280.120
   630:     9283.120     9286.120     9290.120     9295.120     9708.110
   635:     9714.110     9721.120     9747.110     9749.110     9765.110
   640:     9766.110     9771.120     9804.110     9806.110     9812.110
   645:     9816.110     9821.110     9827.110     9836.110     9897.110
   650:     9904.110     9907.110     9910.110     9913.110     9929.110
   655:     9936.110     9946.110     9950.110     9953.120     9981.110
   660:     9988.110     9994.110     9997.110    10001.110    10007.110
   665:    10009.110    10027.110    10033.110    10041.110    10043.110
   670:    10050.110    10065.110    10068.110    10073.110    10084.110
   675:    10087.110    10100.110    10104.110    10107.110    10119.110
   680:    10121.110    10123.110    10132.110    10138.120    10143.120
   685:    10149.110    10153.110    10169.110    10173.110    10179.110
   690:    10201.110    10205.110    10218.110    10223.110    10228.120
   695:    10242.110    10248.110    10249.110    10257.110    10260.110
   700:    10288.110    10292.110    10304.110    10318.110    10321.110
   705:    10327.110    10329.110    10333.110    10380.120    10389.110
   710:    10498.120    10513.110    10527.120    10532.120    10555.120
   715:    10761.110    10764.110    10776.120    10811.120    10832.120
   720:    10834.120    10840.120    10891.110    10896.110    10902.110
   725:    10904.110    11031.110    11036.110    11042.110    11052.340
   730:    11124.120    11152.510    11253.110    11257.110    11262.120
   735:    11299.110    11303.110    11364.110    11368.110    11370.110
   740:    11375.120    11764.110    11766.110    11770.110    11770.210
   745:    11775.120    11820.310    11839.120    11842.120    11845.120
   750:    11848.120    11852.120    11856.120    11858.120    11861.120
   755:    11866.120    11869.120    11873.120    11876.120    11877.120
   760:    11882.120    11884.120    11890.120    11893.120    11893.120
   765:    11898.120    11903.120    11906.120    11915.120    11920.530
   770:    11926.120    11999.120    12260.120    12284.100    12294.100
   775:    12295.100    12302.100    12306.100    12311.100    12316.100
   780:    12320.100    12324.120    12345.100    12348.100    12359.100
   785:    12363.100    12364.100    12369.100    12373.100    12374.100
   790:    12378.100    12382.100    12390.100    12397.100    12410.100
   795:    12438.100    12441.100    12448.120    12472.100    12477.100
   800:    12483.100    12493.100    12498.100    12547.100    12553.100
   805:    12565.100    12572.100    12576.100    12584.100    12586.100
   810:    12591.100    12594.120    12598.120    12656.100    12667.100
   815:    12721.100    12737.120    12809.120    13049.100    13062.120
   820:    13174.120    13177.120    13225.120    13245.120    13279.100
   825:    13285.100    13302.120    13326.120    13367.120    13430.120
   830:    13720.330    13820.500    14040.100    14051.100    14054.100
   835:    14058.100    14059.100    14076.100    14086.100    14092.100
   840:    14097.100    14101.100    14118.100    14122.100    14125.100
   845:    14129.100    14145.100    14148.100    14153.100    14175.100
   850:    14179.100    14186.100    14192.100    14199.100    14201.100
   855:    14205.100    14210.120    14230.120    14807.100    14818.100
   860:    14823.100    14826.100    14830.100    14840.100    14846.100
   865:    14850.100    14863.100    14866.100    14867.200    14872.120
   870:    14917.300    14952.120    14960.120    14965.120    14966.120
   875:    14969.120    14975.120    14982.120    14983.120    14991.120
   880:    14995.120    14996.120    15002.120    15017.510    15371.110
   885:    15374.110    15378.120    15391.110    15394.110    15397.110
   890:    15403.120    15434.110    15436.110    15456.110    15462.110
   895:    15465.110    15484.110    15494.110    15500.110    15505.110
   900:    15510.110    15517.110    15520.110    15525.110    15534.110
   905:    15541.120    15554.110    15556.110    15559.110    15568.110
   910:    15580.110    15583.110    15599.110    15603.110    15614.110
   915:    15621.120    15625.120    15632.120    15642.110    15642.210
   920:    15647.120    15692.310    15698.120    15700.120    15701.120
   925:    15702.120    15704.120    15709.120    15710.120    15720.120
   930:    15726.120    15734.120    15738.120    15744.120    15749.120
   935:    15753.120    15756.120    15762.120    15765.120    15770.120
   940:    15774.120    15779.120    15783.120    15791.120    15792.500
   945:    15796.120    15798.120    15802.120    15806.120    15812.120
   950:    15813.120    15814.120    15819.120    15823.120    15827.120
   955:    15828.120    15835.120    15894.120    16427.100    16431.100
   960:    16442.100    16446.100    16454.100    16459.100    16463.100
   965:    16466.100    16468.100    16479.100    16485.100    16487.200
   970:    16493.120    16537.300    16540.120    16542.120    16543.120
   975:    16544.120    16548.120    16549.120    16550.120    16552.120
   980:    16555.120    16558.120    16560.120    16564.120    16567.120
   985:    16571.120    16574.120    16580.120    16584.120    16584.120
   990:    16587.120    16592.120    16598.120    16601.120    16605.120
   995:    16607.120    16612.120    16615.120    16620.120    16622.120
  1000:    16626.120    16631.120    16636.120    16637.500    16644.120
  1005:    16645.120    16652.120    16653.120    16658.120    16658.120
  1010:    16660.120    16665.120    16667.120    16668.120    16671.120
  1015:    16671.120    16675.120    16677.120    16679.120    16685.120
  1020:    16687.120    16693.120    16695.120    16697.120    16698.120
  1025:    16699.120    17039.100    17048.100    17051.100    17054.100
  1030:    17059.100    17066.100    17072.100    17088.100    17095.120
  1035:    17104.100    17107.100    17112.100    17119.100    17131.100
  1040:    17137.100    17141.100    17143.100    17158.100    17161.100
  1045:    17169.100    17182.100    17185.120    17190.100    17202.100
  1050:    17205.100    17223.100    17230.100    17233.100    17236.100
  1055:    17242.200    17245.120    17292.300    17302.120    17304.120
  1060:    17310.120    17311.120    17312.120    17317.120    17320.120
  1065:    17325.120    17327.120    17333.120    17336.120    17341.120
  1070:    17343.120    17348.120    17349.120    17354.120    17358.120
  1075:    17362.120    17368.120    17372.120    17376.120    17380.120
  1080:    17381.120    17385.120    17388.120    17391.120    17392.510
  1085:    17395.120    17397.120    17402.120    17403.120    17408.120
  1090:    17409.120    17416.120    17418.120    17420.120    17421.120
  1095:    17431.120    17500.110    17507.120    17526.120    17755.120
  1100:    17787.110    17914.110    17921.110    17924.110    17935.110
  1105:    17939.110    17942.110    17949.110    17953.110    17960.110
  1110:    17963.110    17966.110    17970.110    17987.110    17992.110
  1115:    17994.110    17996.110    18009.110    18014.120    18023.110
  1120:    18023.210    18029.120    18073.310    18078.120    18079.120
  1125:    18080.120    18085.120    18088.120    18092.120    18094.120
  1130:    18098.120    18099.120    18108.120    18113.120    18114.120
  1135:    18120.120    18122.120    18128.120    18131.120    18140.120
  1140:    18150.120    18155.120    18159.120    18162.120    18163.120
  1145:    18168.120    18169.120    18173.510    18535.110    18540.110
  1150:    18548.110    18555.120    18569.110    18572.110    18588.110
  1155:    18597.110    18603.110    18610.110    18621.110    18624.110
  1160:    18629.110    18632.110    18636.120    18645.110    18648.110
  1165:    18666.110    18669.110    18681.110    18684.110    18692.110
  1170:    18698.120    18717.110    18734.110    18742.110    18746.110
  1175:    18750.110    18752.110    18754.110    18758.110    18768.110
  1180:    18782.120    18813.110    18813.210    18818.120    18863.310
  1185:    18867.120    18868.120    18874.120    18875.120    18883.120
  1190:    18884.120    18892.120    18899.120    18900.120    18907.120
  1195:    18911.120    18912.120    18919.120    18923.120    18926.120
  1200:    18928.120    18932.120    18933.120    18946.120    18947.120
  1205:    18948.120    18960.120    18963.500    18963.120    18969.120
  1210:    18970.120    19038.120    19041.120    19057.120    19459.120
  1215:    19463.120    19792.120    19816.100    19836.100    19840.100
  1220:    19843.100    19846.100    19861.100    19867.100    19876.200
  1225:    19876.120    19926.300    19977.120    19984.120    19995.120
  1230:    20002.120    20003.120    20006.120    20008.120    20013.120
  1235:    20015.120    20020.120    20022.120    20026.510    20037.120
  1240:    20056.120    20376.110    20477.110    20481.110    20491.110
  1245:    20497.110    20502.110    20506.110    20511.110    20513.110
  1250:    20521.110    20527.110    20538.110    20547.110    20554.120
  1255:    20564.110    20567.110    20573.110    20576.110    20581.110
  1260:    20590.110    20592.110    20597.110    20602.110    20612.110
  1265:    20614.110    20621.110    20625.110    20634.110    20639.120
  1270:    20650.110    20650.210    20655.120    20700.310    20708.120
  1275:    20710.120    20724.120    20734.120    20742.120    20747.120
  1280:    20750.120    20757.120    20760.120    20764.120    20770.120
  1285:    20774.120    20779.120    20784.120    20787.120    20796.120
  1290:    20800.500    20803.120    20807.120    20815.120    20821.120
  1295:    20828.120    20829.120    20834.120    20836.120    20838.120
  1300:    20839.120    20843.120    20845.120    20847.120    20848.120
  1305:    20855.120    20856.120    20861.120    20862.120    20863.120
  1310:    21247.120    21271.100    21283.100    21288.100    21292.120
  1315:    21329.100    21334.100    21340.100    21343.100    21346.100
  1320:    21350.100    21354.100    21359.120    21375.100    21386.100
  1325:    21394.100    21400.100    21403.200    21410.120    21453.300
  1330:    21457.120    21459.120    21460.120    21465.120    21470.120
  1335:    21476.120    21480.120    21483.120    21492.120    21499.120
  1340:    21503.120    21504.120    21511.120    21512.120    21517.120
  1345:    21520.120    21522.120    21525.120    21528.120    21531.120
  1350:    21532.120    21533.120    21541.120    21553.510    21558.120
  1355:    21559.120    21561.120    21563.120    21566.120    21566.120
  1360:    21569.120    21953.110    21958.120    22001.110    22019.110
  1365:    22183.110    22183.210    22188.120    22233.310    22241.120
  1370:    22244.120    22249.120    22253.120    22254.120    22260.120
  1375:    22261.120    22263.120    22267.120    22333.530    22586.120
  1380:    22739.100    22744.100    22753.120    22807.120    22826.100
  1385:    22831.100    22838.100    22844.100    22850.100    22853.100
  1390:    22855.100    22865.100    22875.100    22880.100    22888.100
  1395:    22892.100    22894.100    22901.100    22908.100    22918.120
  1400:    22945.100    22977.100    22983.100    22986.100    22994.100
  1405:    22998.100    23005.100    23010.100    23017.120    23017.120
  1410:    23033.120    23055.100    23063.100    23071.100    23162.120
  1415:    23400.100    23484.120    23788.120    23797.100    23808.100
  1420:    23814.100    23820.120    23860.100    23868.100    23889.100
  1425:    23911.100    23957.100    24051.100    24055.100    24133.330
  1430:    24233.510    24368.110    24375.110    24379.110    24387.110
  1435:    24395.120    24501.110    24505.110    24510.110    24516.110
  1440:    24521.110    24524.110    24532.110    24538.110    24541.110
  1445:    24559.110    24568.110    24581.110    24585.110    24589.110
  1450:    24594.110    24613.110    24619.110    24626.110    24641.120
  1455:    24655.110    24663.110    24669.110    24672.110    24676.110
  1460:    24759.110    24765.110    24790.110    24795.110    24801.110
  1465:    24804.110    24825.110    24833.110    24844.120    24870.120
  1470:    24888.110    24888.210    24893.120    24938.310    24981.120
  1475:    25032.120    25038.500    25448.120    25666.100    25726.200
  1480:    25736.120    25776.300    25790.120    25791.120    25802.120
  1485:    25810.120    25814.120    25821.120    25822.120    25827.120
  1490:    25836.120    25842.120    25843.120    25845.120    25847.120
  1495:    25852.120    25853.120    25858.120    25866.120    25874.120
  1500:    25876.510    25877.120    25879.120    25880.120    25880.120
  1505:    25882.120    25883.120    25884.120    26272.120    26282.110
  1510:    26294.110    26300.110    26364.110    26370.110    26374.110
  1515:    26378.110    26382.110    26397.110    26399.110    26406.110
  1520:    26409.110    26419.110    26435.110    26439.110    26444.110
  1525:    26452.110    26465.110    26472.110    26479.110    26484.120
  1530:    26493.110    26493.210    26498.120    26543.310    26554.120
  1535:    26561.120    26561.120    26567.120    26571.120    26577.120
  1540:    26581.120    26587.120    26589.120    26590.120    26593.120
  1545:    26598.120    26602.120    26607.120    26611.120    26612.120
  1550:    26614.120    26621.120    26624.120    26626.120    26628.120
  1555:    26633.120    26634.120    26634.120    26636.120    26637.120
  1560:    26638.120    26639.120    26643.540    26646.120    26647.120
  1565:    26648.120    26649.120    26653.120    26659.120    26664.120
  1570:    26665.120    26666.120    26667.120    26693.120    26694.120
  1575:    26703.120    27049.110    27058.110    27067.110    27073.110
  1580:    27075.110    27082.110    27091.110    27094.110    27098.110
  1585:    27100.110    27104.110    27110.110    27121.110    27127.110
  1590:    27145.120    27167.110    27173.110    27186.110    27192.110
  1595:    27200.110    27203.110    27214.110    27217.110    27221.110
  1600:    27224.110    27233.120    27247.110    27252.110    27265.110
  1605:    27272.110    27306.110    27309.110    27313.110    27316.110
  1610:    27342.110    27361.120    27556.120    27947.110    27955.110
  1615:    27959.120    27972.110    28089.110    28092.110    28100.110
  1620:    28105.110    28115.110    28124.110    28131.110    28137.110
  1625:    28140.110    28143.110    28148.110    28153.110    28159.110
  1630:    28163.110    28171.110    28174.110    28181.110    28186.110
  1635:    28192.110    28198.110    28210.110    28215.120    28225.110
  1640:    28228.110    28231.110    28238.110    28242.110    28257.110
  1645:    28261.110    28265.110    28274.110    28278.110    28293.110
  1650:    28299.110    28308.110    28310.110    28314.110    28317.120
  1655:    28329.110    28332.110    28338.110    28351.110    28354.110
  1660:    28359.110    28369.110    28391.110    28400.120    28418.110
  1665:    28427.110    28443.340    28543.500    28612.120    28996.120
  1670:    29007.100    29134.100    29149.100    29161.100    29164.100
  1675:    29167.100    29175.120    29191.100    29194.200    29200.120
  1680:    29244.300    29252.120    29255.120    29261.120    29262.120
  1685:    29268.120    29272.120    29277.120    29280.120    29281.120
  1690:    29281.120    29283.120    29289.120    29290.120    29291.120
  1695:    29299.120    29301.120    29306.120    29310.120    29315.120
  1700:    29317.120    29319.120    29320.120    29324.120    29330.120
  1705:    29331.120    29333.120    29334.120    29341.120    29343.120
  1710:    29344.120    29344.500    29349.120    29352.120    29358.120
  1715:    29400.120    29869.120    29889.100    29901.100    29904.100
  1720:    29910.100    29913.100    29919.100    29925.100    29941.100
  1725:    29949.200    29954.120    29999.300    30009.120    30010.120
  1730:    30012.120    30016.120    30016.120    30020.120    30026.120
  1735:    30030.120    30036.120    30041.120    30045.120    30050.120
  1740:    30053.120    30053.120    30061.120    30067.120    30069.120
  1745:    30072.120    30076.120    30080.120    30084.120    30088.120
  1750:    30089.120    30089.120    30090.120    30092.120    30098.120
  1755:    30099.510    30100.120    30101.120    30103.120    30104.120
  1760:    30110.120    30142.120    30153.120    30167.120    30202.120
  1765:    30217.110    30222.120    30252.110    30526.110    30530.110
  1770:    30535.110    30540.120    30549.110    30555.110    30558.110
  1775:    30564.110    30567.110    30573.110    30579.110    30587.110
  1780:    30590.110    30596.110    30605.110    30609.110    30620.110
  1785:    30624.120    30636.110    30640.110    30647.110    30648.110
  1790:    30655.110    30674.110    30678.110    30684.110    30692.120
  1795:    30700.110    30703.110    30717.110    30717.210    30722.120
  1800:    30767.310    30784.120    30791.120    30796.120    30800.120
  1805:    30806.120    30813.120    30822.120    30828.120    30833.120
  1810:    30834.120    30839.120    30841.120    30850.120    30856.120
  1815:    30867.510    31301.110    31307.120    31324.110    31327.110
  1820:    31331.110    31333.110    31342.110    31350.110    31377.110
  1825:    31384.110    31388.110    31407.120    31423.110    31426.110
  1830:    31429.110    31433.110    31436.110    31443.110    31446.110
  1835:    31453.120    31462.110    31464.110    31466.110    31473.110
  1840:    31477.110    31479.110    31479.210    31486.120    31529.310
  1845:    31535.120    31545.120    31553.120    31562.120    31567.120
  1850:    31569.120    31576.120    31582.120    31586.120    31590.120
  1855:    31596.120    31597.120    31601.120    31606.120    31608.120
  1860:    31611.120    31617.120    31619.120    31622.120    31629.500
  1865:    31721.120    31768.120    32030.100    32037.100    32040.100
  1870:    32043.100    32046.100    32055.100    32059.100    32069.100
  1875:    32072.100    32078.100    32083.100    32092.100    32094.100
  1880:    32100.100    32109.100    32116.100    32125.100    32127.100
  1885:    32133.120    32137.120    32146.100    32165.100    32186.100
  1890:    32190.100    32208.100    32218.100    32220.100    32239.100
  1895:    32245.100    32246.200    32253.120    32296.300    32305.120
  1900:    32315.120    32318.120    32321.120    32326.120    32329.120
  1905:    32338.120    32342.120    32345.120    32350.120    32353.120
  1910:    32355.120    32360.120    32363.120    32365.120    32373.120
  1915:    32373.120    32377.120    32378.120    32379.120    32396.500
  1920:    32401.120    32423.120    32672.120    32829.100    32904.120
  1925:    32914.100    32918.100    32928.100    32933.100    32938.100
  1930:    32947.100    32953.100    32965.100    32971.100    32978.100
  1935:    32984.100    32995.100    32998.200    33004.120    33048.300
  1940:    33057.120    33057.120    33057.120    33066.120    33067.120
  1945:    33071.120    33072.120    33075.120    33079.120    33082.120
  1950:    33087.120    33089.120    33090.120    33095.120    33102.120
  1955:    33104.120    33105.120    33106.120    33112.120    33118.120
  1960:    33120.120    33123.120    33124.120    33124.120    33129.120
  1965:    33134.120    33136.120    33137.120    33148.510    33158.120
  1970:    33170.120    33222.110    33469.110    33472.110    33547.110
  1975:    33556.110    33561.110    33565.110    33576.110    33581.110
  1980:    33585.110    33588.110    33595.110    33603.120    33609.110
  1985:    33621.110    33634.110    33636.110    33643.110    33648.110
  1990:    33654.110    33662.110    33664.110    33666.110    33671.110
  1995:    33681.110    33688.110    33694.120    33700.120    33706.110
  2000:    33709.110    33711.110    33722.110    33740.110    33752.110
  2005:    33757.110    33768.110    33768.210    33772.120    33818.310
  2010:    33827.120    33834.120    33837.120    33853.120    33858.120
  2015:    33861.120    33867.120    33890.120    33898.120    33907.120
  2020:    33912.120    33915.120    33918.510    33921.120    33922.120
  2025:    33923.120    33929.120    33968.120    34425.110    34429.110
  2030:    34435.110    34443.120    34454.110    34461.110    34465.120
  2035:    34472.120    34485.120    34498.110    34500.110    34504.110
  2040:    34510.110    34513.110    34516.110    34518.110    34526.110
  2045:    34536.110    34536.210    34541.120    34586.310    34594.120
  2050:    34606.120    34610.120    34614.120    34617.120    34621.120
  2055:    34624.120    34629.120    34632.120    34637.120    34640.120
  2060:    34644.120    34648.120    34652.120    34656.120    34659.120
  2065:    34660.120    34665.120    34667.120    34672.120    34677.120
  2070:    34678.120    34681.120    34686.510    34687.120    34688.120
  2075:    34688.120    34689.120    34691.120    34699.120    34701.120
  2080:    34702.120    34703.120    35182.110    35189.120    35259.110
  2085:    35266.110    35273.110    35279.110    35281.110    35285.110
  2090:    35304.110    35304.210    35309.120    35354.310    35355.120
  2095:    35362.120    35371.120    35377.120    35379.120    35385.120
  2100:    35391.120    35397.120    35399.120    35400.120    35401.120
  2105:    35454.500    35455.120    35455.120    35467.120    35468.120
  2110:    35490.120    36282.100    36284.100    36285.100    36291.100
  2115:    36302.100    36307.100    36312.100    36319.100    36323.120
  2120:    36342.200    36344.120    36392.300    36402.120    36408.120
  2125:    36413.120    36414.120    36415.120    36417.120    36420.120
  2130:    36421.120    36422.120    36427.120    36428.120    36429.120
  2135:    36435.120    36435.120    36441.120    36486.120    36492.500
  2140:    36715.120    36891.100    36895.100    36899.100    36904.100
  2145:    36906.100    36914.100    36920.100    36927.100    36928.100
  2150:    36939.100    36945.100    36953.100    36958.100    36960.100
  2155:    36964.100    36974.100    36989.100    36992.100    36992.100
  2160:    36999.100    37010.100    37016.100    37022.100    37026.100
  2165:    37036.100    37043.100    37054.120    37070.100    37084.100
  2170:    37093.120    37096.200    37146.300    37168.120    37171.120
  2175:    37175.120    37246.500    37599.120    37650.120    37665.100
  2180:    37673.100    37677.100    37678.100    37685.100    37692.100
  2185:    37703.100    37707.100    37711.100    37730.120    37769.100
  2190:    37772.100    37779.100    37793.100    37797.100    37800.100
  2195:    37807.100    37811.100    37828.100    37831.100    37834.100
  2200:    37836.100    37853.200    37865.120    37903.300    37910.120
  2205:    37918.120    37925.120    37932.120    37937.120    37940.120
  2210:    37944.120    37944.120    37945.120    37946.120    37952.120
  2215:    37954.120    37958.120    37960.120    37963.120    37965.120
  2220:    37994.120    38003.510    38012.120    38500.110    38511.110
  2225:    38516.110    38523.110    38525.110    38533.110    38536.110
  2230:    38554.110    38559.110    38566.110    38574.120    38585.110
  2235:    38590.110    38595.110    38598.110    38606.110    38613.110
  2240:    38617.110    38617.210    38622.120    38667.310    38690.120
  2245:    38694.120    38697.120    38699.120    38704.120    38705.120
  2250:    38706.120    38706.120    38709.120    38710.120    38711.120
  2255:    38718.120    38721.120    38724.120    38726.120    38732.120
  2260:    38733.120    38735.120    38740.120    38740.120    38742.120
  2265:    38747.120    38753.120    38767.510    38796.120    38805.120
  2270:    39199.110    39207.110    39213.110    39223.110    39234.110
  2275:    39242.110    39246.120    39252.110    39257.110    39263.110
  2280:    39271.110    39277.110    39287.110    39290.110    39295.110
  2285:    39303.110    39308.120    39322.110    39327.110    39333.110
  2290:    39338.110    39343.110    39353.110    39356.110    39365.110
  2295:    39372.110    39386.110    39386.210    39391.120    39436.310
  2300:    39443.120    39451.120    39457.120    39473.120    39475.120
  2305:    39483.120    39491.120    39496.120    39499.120    39508.120
  2310:    39512.120    39517.120    39520.120    39523.120    39524.120
  2315:    39526.120    39527.120    39536.500    39574.120    39997.120
  2320:    40059.120    40068.100    40072.100    40078.100    40083.100
  2325:    40088.100    40088.100    40093.100    40107.100    40110.100
  2330:    40113.100    40125.100    40128.100    40131.100    40137.120
  2335:    40138.200    40184.120    40187.120    40188.300    40189.120
  2340:    40191.120    40194.120    40198.120    40199.120    40202.120
  2345:    40206.120    40209.120    40212.120    40215.120    40288.500
  2350:    40552.100    40560.120    40574.100    40577.100    40587.120
  2355:    40603.100    40606.100    40611.100    40616.100    40619.100
  2360:    40629.100    40632.100    40636.100    40645.100    40657.100
  2365:    40662.100    40668.100    40673.100    40687.100    40695.120
  2370:    40717.120    40728.100    40731.100    40747.100    40749.100
  2375:    40751.100    40755.100    40759.120    40774.100    40782.100
  2380:    40806.100    40811.100    40813.100    40817.100    40823.100
  2385:    40850.100    40854.100    40858.100    40867.120    40910.200
  2390:    40915.120    40960.300    41002.120    41007.120    41060.500
  2395:    41219.100    41273.120    41642.100    41648.100    41654.100
  2400:    41656.100    41659.100    41662.100    41675.100    41682.100
  2405:    41685.100    41692.100    41694.100    41695.100    41702.200
  2410:    41708.120    41752.300    41757.120    41762.120    41768.120
  2415:    41772.120    41774.120    41777.120    41780.120    41785.120
  2420:    41788.120    41790.120    41796.120    41801.120    41804.120
  2425:    41807.120    41809.120    41810.120    41814.120    41816.120
  2430:    41821.120    41822.120    41828.120    41832.120    41838.120
  2435:    41845.120    41852.510    41854.120    41855.120    41856.120
  2440:    41857.120    41861.120    41863.120    41870.120
E:
     0:     2444.000      556.000      696.000
F:
     0:       70.000       31.877       31.425
G:
     0:        1.000        1.000        1.000        1.000        1.000
     5:        1.000        1.000        1.000        1.000        0.000
H:
     0:        1.000        1.000        2.000        2.000
L:
     0:     6188.000     6177.000     6106.000     6139.000     6340.000
     5:     7607.000    10565.000     7053.000     6150.000     9229.000
    10:     6124.000     6984.000     6606.000     6150.000     6263.000
    15:     6125.000     8980.000     6140.000     6171.000     6123.000
    20:     6321.000     6518.000
R:
     0:        1.000        1.000        1.000        1.000        1.000
     5:        1.000        1.000        1.000        1.000        0.000
S:
     0:        1.000        1.000
U:
     0:     6106.000        2.000        0.000
X:
     0:        0.000      227.001      234.002      327.003      330.004
     5:      333.005      347.006      350.007      356.008      367.009
    10:      371.010      373.011      377.012      384.013      386.014
    15:      392.015      396.016      410.017      415.018      418.019
    20:      423.020      434.021      436.022      446.023      455.024
    25:      461.025      468.026      476.027      483.028      489.029
    30:      494.030      517.031      521.032      523.033      528.034
    35:      530.035      535.036      548.037      556.038      566.039
    40:      570.040      572.041      580.042      602.043      608.043
    45:      609.044      658.000      658.000      979.001     1057.002
    50:     1060.003     1067.004     1069.005     1072.006     1074.007
    55:     1077.008     1081.009     1091.010     1095.011     1098.012
    60:     1102.013     1112.014     1118.015     1125.016     1136.017
    65:     1147.018     1160.019     1180.020     1184.021     1189.022
    70:     1193.023     1205.024     1208.025     1212.026     1219.027
    75:     1221.028     1231.029     1248.030     1252.031     1254.032
    80:     1265.032     1315.000     1315.000     1705.001     1774.002
    85:     1781.003     1786.004     1789.005     1792.006     1803.007
    90:     1810.008     1814.009     1821.010     1832.011     1836.012
    95:     1839.013     1851.014     1855.015     1857.016     1864.017
   100:     1875.018     1884.019     1899.020     1906.021     1915.021
   105:     1965.000     1965.000     2493.001     2501.002     2508.003
   110:     2511.004     2514.005     2525.006     2532.007     2554.008
   115:     2559.009     2561.010     2566.011     2568.011     2568.012
   120:     2618.000     2618.000     3036.001     3043.002     3046.003
   125:     3052.004     3055.005     3058.006     3066.007     3077.008
   130:     3079.009     3085.010     3091.011     3102.012     3106.013
   135:     3119.014     3125.015     3128.016     3132.017     3135.018
   140:     3143.019     3152.020     3181.021     3191.022     3197.023
   145:     3202.024     3220.025     3223.026     3231.027     3236.028
   150:     3242.028     3292.000     3292.000     3982.001     3997.002
   155:     4000.003     4012.004     4016.005     4018.006     4023.007
   160:     4042.007     4092.000     4092.000     4455.002     4465.004
   165:     4466.006     4473.008     4477.010     4482.012     4487.014
   170:     4491.016     4516.018     4519.020     4530.022     4534.024
   175:     4535.026     4540.028     4544.030     4545.032     4549.034
   180:     4553.036     4561.038     4568.040     4581.042     4609.044
   185:     4612.046     4643.048     4648.050     4654.052     4664.054
   190:     4669.056     4718.058     4724.060     4736.062     4743.064
   195:     4747.066     4755.068     4757.070     4762.072     4827.074
   200:     4838.076     4892.078     5220.080     5450.082     5456.084
   205:     6211.085     6222.086     6225.087     6229.088     6230.089
   210:     6247.090     6257.091     6263.092     6268.093     6272.094
   215:     6289.095     6293.096     6296.097     6300.098     6316.099
   220:     6319.100     6324.101     6346.102     6350.103     6357.104
   225:     6363.105     6370.106     6372.107     6376.108     6978.109
   230:     6989.110     6994.111     6997.112     7001.113     7011.114
   235:     7017.115     7021.116     7034.117     7037.118     7038.118
   240:     7088.000     7088.000     7723.001     7726.002     7737.003
   245:     7741.004     7749.005     7755.006     7758.007     7761.008
   250:     7764.009     7774.010     7780.011     7783.011     7833.000
   255:     7833.000     8234.001     8243.002     8246.003     8249.004
   260:     8254.005     8261.006     8267.007     8283.008     8299.009
   265:     8302.010     8307.011     8314.012     8326.013     8332.014
   270:     8336.015     8338.016     8353.017     8356.018     8364.019
   275:     8377.020     8385.021     8397.022     8400.023     8418.024
   280:     8425.025     8428.026     8431.027     8438.027     8488.000
   285:     8488.000     9340.001     9360.002     9364.003     9367.004
   290:     9371.005     9385.006     9391.007     9400.007     9450.000
   295:     9450.000     9920.001     9932.002     9937.003     9978.004
   300:     9983.005     9989.006     9992.007     9995.008     9999.009
   305:    10003.010    10024.011    10035.012    10043.013    10049.014
   310:    10052.014    10102.000    10102.000    10508.002    10512.004
   315:    10594.006    10599.008    10607.010    10612.012    10618.014
   320:    10621.016    10623.018    10633.020    10644.022    10648.024
   325:    10657.026    10660.028    10662.030    10669.032    10676.034
   330:    10713.036    10746.038    10751.040    10754.042    10762.044
   335:    10767.046    10773.048    10779.050    10824.052    10831.054
   340:    10839.056    11168.058    11565.060    11576.062    11582.064
   345:    11629.066    11637.068    11657.070    11679.072    11725.074
   350:    11819.076    11823.078    13434.001    13494.001    13544.000
   355:    13544.000    13544.165    13544.166    13544.167    13544.168
   360:    13544.169    13544.170    13544.171    13544.171    13544.000
   365:    13544.000    13544.001    13544.002    13544.003    13544.004
   370:    13544.005    13544.006    13544.007    13544.008    13544.008
   375:    13544.000    13544.000    13944.001    13951.002    13954.003
   380:    13957.004    13960.005    13969.006    13973.007    13983.008
   385:    13986.009    13992.010    13997.011    14006.012    14008.013
   390:    14014.014    14023.015    14030.016    14039.017    14041.018
   395:    14060.019    14079.020    14100.021    14104.022    14122.023
   400:    14132.024    14134.025    14153.026    14159.027    14160.027
   405:    14210.000    14210.000    14643.001    14727.002    14732.003
   410:    14741.004    14747.005    14752.006    14761.007    14767.008
   415:    14779.009    14784.010    14792.011    14798.012    14809.013
   420:    14812.013    14862.000    14862.000    15689.001    15692.002
   425:    15693.003    15699.004    15710.005    15715.006    15720.007
   430:    15727.008    15750.008    15800.000    15800.000    16199.001
   435:    16203.002    16207.003    16212.004    16214.005    16221.006
   440:    16228.007    16234.008    16236.009    16247.010    16253.011
   445:    16261.012    16265.013    16268.014    16272.015    16281.016
   450:    16297.017    16299.018    16300.019    16306.020    16317.021
   455:    16324.022    16330.023    16333.024    16343.025    16351.026
   460:    16377.027    16391.028    16404.028    16454.000    16454.000
   465:    16873.001    16881.002    16884.003    16886.004    16893.005
   470:    16900.006    16911.007    16915.008    16918.009    16977.010
   475:    16980.011    16987.012    17001.013    17005.014    17008.015
   480:    17014.016    17019.017    17036.018    17038.019    17042.020
   485:    17044.021    17061.021    17111.000    17111.000    17643.001
   490:    17647.002    17653.003    17658.004    17662.005    17663.006
   495:    17668.007    17682.008    17684.009    17688.010    17700.011
   500:    17703.012    17706.013    17713.013    17763.000    17763.000
   505:    18027.001    18048.002    18051.003    18077.004    18080.005
   510:    18086.006    18091.007    18094.008    18103.009    18107.010
   515:    18110.011    18119.012    18131.013    18137.014    18142.015
   520:    18147.016    18161.017    18202.018    18206.019    18221.020
   525:    18223.021    18226.022    18229.023    18249.024    18256.025
   530:    18281.026    18286.027    18288.028    18291.029    18298.030
   535:    18325.031    18329.032    18332.033    18385.033    18435.000
   540:    18435.000    18593.001    19016.002    19022.003    19028.004
   545:    19030.005    19034.006    19036.007    19049.008    19057.009
   550:    19060.010    19066.011    19068.012    19069.013    19076.013
   555:    19126.000
Y:
     0:        0.000      171.001      174.002      178.003      216.004
     5:      219.005      231.006      241.007      278.008      337.009
    10:      342.010      343.011      347.012      368.013      377.014
    15:      385.015      392.016      398.017      408.018      426.019
    20:      473.020      480.021      491.022      500.023      506.024
    25:      519.025      540.026      594.027      594.027      644.000
    30:      644.000      722.001      771.002      826.003      886.004
    35:      891.005      929.006      961.007     1015.008     1020.009
    40:     1024.010     1028.011     1044.012     1047.013     1051.014
    45:     1081.015     1178.016     1184.017     1184.017     1234.000
    50:     1234.000     1311.001     1496.002     1503.003     1505.004
    55:     1511.005     1537.006     1562.007     1564.008     1568.009
    60:     1605.010     1608.011     1623.012     1643.013     1646.014
    65:     1650.015     1661.016     1684.017     1691.018     1702.019
    70:     1708.020     1712.021     1715.022     1725.023     1728.024
    75:     1738.025     1742.026     1750.027     1775.028     1797.029
    80:     1801.030     1806.031     1809.032     1822.033     1825.034
    85:     1838.035     1841.036     1846.037     1849.038     1863.039
    90:     1863.039     1913.000     1913.000     1957.001     2422.002
    95:     2427.003     2438.004     2443.005     2446.006     2449.007
   100:     2452.008     2463.009     2468.010     2471.011     2477.012
   105:     2489.013     2494.014     2498.015     2506.016     2509.017
   110:     2521.018     2536.019     2536.019     2586.000     2586.000
   115:     2757.001     2792.002     3030.003     3033.004     3046.005
   120:     3055.006     3059.007     3068.008     3077.009     3086.010
   125:     3097.011     3108.012     3118.013     3138.014     3141.015
   130:     3147.016     3153.017     3156.018     3160.019     3173.020
   135:     3192.021     3210.022     3210.022     3260.000     3260.000
   140:     3323.001     3557.002     3572.003     3629.004     3632.005
   145:     3640.006     3646.007     3655.008     3675.009     3677.010
   150:     3822.011     3825.012     3833.013     3837.014     3847.015
   155:     3849.016     3852.017     3868.018     3878.019     3903.020
   160:     3903.020     3953.000     3953.000     4408.002     4415.004
   165:     4448.006     4450.008     4465.010     4467.012     4504.014
   170:     4506.016     4513.018     4517.020     4522.022     4528.024
   175:     4537.026     4598.028     4605.030     4608.032     4611.034
   180:     4614.036     4629.038     4637.040     4647.042     4650.044
   185:     4682.046     4689.048     4694.050     4698.052     4702.054
   190:     4707.056     4709.058     4727.060     4734.062     4742.064
   195:     4743.066     4751.068     4765.070     4769.072     4773.074
   200:     4784.076     4787.078     4801.080     4805.082     4808.084
   205:     4819.086     4822.088     4824.090     4833.092     4850.094
   210:     4853.096     4870.098     4874.100     4880.102     4902.104
   215:     4905.106     4919.108     4923.110     4943.112     4948.114
   220:     4950.116     4957.118     4961.120     4988.122     4992.124
   225:     5004.126     5018.128     5022.130     5027.132     5030.134
   230:     5033.136     5090.138     5214.140     5462.142     5464.144
   235:     5592.146     5597.148     5602.150     5605.152     5732.154
   240:     5737.156     5742.158     5953.159     5957.160     6000.161
   245:     6004.162     6064.163     6068.164     6071.165     6464.166
   250:     6467.167     6471.168     6471.168     6521.000     6521.000
   255:     6874.001     6877.002     6895.003     6898.004     6901.005
   260:     6938.006     6940.007     6959.008     6965.009     6968.010
   265:     6987.011     6998.012     7004.013     7009.014     7014.015
   270:     7020.016     7023.017     7028.018     7038.019     7057.020
   275:     7060.021     7063.022     7071.023     7083.024     7087.025
   280:     7103.026     7106.027     7117.028     7146.029     7146.029
   285:     7196.000     7196.000     7303.001     7590.002     7717.003
   290:     7724.004     7727.005     7738.006     7742.007     7745.008
   295:     7752.009     7756.010     7763.011     7766.012     7769.013
   300:     7773.014     7790.015     7795.016     7797.017     7799.018
   305:     7812.019     7826.020     7827.020     7877.000     7877.000
   310:     8238.001     8243.002     8251.003     8272.004     8275.005
   315:     8291.006     8300.007     8306.008     8313.009     8324.010
   320:     8327.011     8332.012     8335.013     8348.014     8351.015
   325:     8369.016     8372.017     8384.018     8387.019     8395.020
   330:     8420.021     8437.022     8445.023     8449.024     8453.025
   335:     8455.026     8457.027     8461.028     8471.029     8516.030
   340:     8516.030     8566.000     8566.000     8915.001     9016.002
   345:     9020.003     9030.004     9036.005     9041.006     9045.007
   350:     9050.008     9052.009     9060.010     9066.011     9077.012
   355:     9086.013     9104.014     9106.015     9112.016     9116.017
   360:     9121.018     9129.019     9131.020     9137.021     9141.022
   365:     9151.023     9154.024     9160.025     9164.026     9174.027
   370:     9190.028     9190.028     9240.000     9240.000     9639.001
   375:     9688.002     9705.003     9870.004     9870.004     9920.000
   380:     9920.000     9920.079     9920.080     9920.081     9920.082
   385:     9920.083     9920.084     9920.085     9920.086     9920.087
   390:     9920.088     9920.089     9920.090     9920.091     9920.092
   395:     9920.093     9920.094     9920.095     9920.096     9920.097
   400:     9920.098     9920.099     9920.100     9920.101     9920.102
   405:     9920.103     9920.104     9920.105     9920.106     9920.107
   410:     9920.108     9920.109     9920.110     9920.111     9920.112
   415:     9920.113     9920.114     9920.114     9920.000     9920.000
   420:    10325.001    10338.002    10343.003    10408.004    10413.005
   425:    10417.006    10422.007    10426.008    10441.009    10443.010
   430:    10449.011    10452.012    10463.013    10479.014    10483.015
   435:    10488.016    10495.017    10509.018    10515.019    10522.020
   440:    10537.021    10537.021    10587.000    10587.000    10992.002
   445:    11001.004    11010.006    11016.008    11018.010    11025.012
   450:    11034.014    11037.016    11041.018    11043.020    11047.022
   455:    11053.024    11064.026    11070.028    11110.030    11116.032
   460:    11129.034    11135.036    11143.038    11146.040    11157.042
   465:    11160.044    11164.046    11167.048    11190.050    11195.052
   470:    11208.054    11215.056    11249.058    11252.060    11256.062
   475:    11259.064    11285.066    11890.068    11898.070    11915.072
   480:    12032.074    12035.076    12043.078    12049.080    12058.082
   485:    12067.084    12074.086    12080.088    12083.090    12086.092
   490:    12091.094    12096.096    12102.098    12106.100    12114.102
   495:    12117.104    12124.106    12129.108    12135.110    12141.112
   500:    12153.114    12169.116    12171.118    12174.120    12181.122
   505:    12186.124    12200.126    12204.128    12209.130    12217.132
   510:    12221.134    12236.136    12243.138    12251.140    12253.142
   515:    12257.144    12272.146    12275.148    12281.150    12295.152
   520:    12298.154    12302.156    12312.158    12334.160    12362.162
   525:    12370.164    14160.001    14195.002    14469.003    14473.004
   530:    14478.005    14492.006    14498.007    14501.008    14507.009
   535:    14510.010    14516.011    14522.012    14530.013    14533.014
   540:    14539.015    14548.016    14552.017    14563.018    14579.019
   545:    14583.020    14590.021    14592.022    14599.023    14618.024
   550:    14621.025    14628.026    14643.027    14647.028    14660.029
   555:    14660.029    14710.000    14710.000    15144.001    15166.002
   560:    15169.003    15173.004    15175.005    15184.006    15192.007
   565:    15219.008    15226.009    15230.010    15265.011    15268.012
   570:    15271.013    15275.014    15278.015    15285.016    15288.017
   575:    15304.018    15307.019    15309.020    15315.021    15319.022
   580:    15322.023    15322.023    15372.000    15372.000    15445.001
   585:    15692.002    15695.003    15770.004    15779.005    15784.006
   590:    15788.007    15799.008    15805.009    15808.010    15812.011
   595:    15819.012    15832.013    15845.014    15857.015    15860.016
   600:    15866.017    15872.018    15877.019    15885.020    15887.021
   605:    15889.022    15894.023    15904.024    15911.025    15929.026
   610:    15932.027    15934.028    15945.029    15963.030    15975.031
   615:    15980.032    15991.033    15991.033    16041.000    16041.000
   620:    16547.001    16552.002    16558.003    16577.004    16584.005
   625:    16621.006    16623.007    16627.008    16633.009    16636.010
   630:    16639.011    16641.012    16649.013    16659.014    16659.014
   635:    16709.000    16709.000    17205.001    17281.002    17289.003
   640:    17296.004    17301.005    17304.006    17307.007    17326.008
   645:    17326.008    17376.000    17376.000    17873.001    17884.002
   650:    17889.003    17896.004    17898.005    17906.006    17908.007
   655:    17927.008    17932.009    17939.010    17958.011    17962.012
   660:    17967.013    17970.014    17979.015    17985.016    17990.017
   665:    17990.017    18040.000    18040.000    18471.001    18479.002
   670:    18485.003    18495.004    18506.005    18514.006    18525.007
   675:    18529.008    18535.009    18543.010    18549.011    18559.012
   680:    18562.013    18567.014    18575.015    18594.016    18599.017
   685:    18605.018    18610.019    18615.020    18625.021    18628.022
   690:    18638.023    18644.024    18658.025    18658.025    18708.000
   695:    18708.000
