File: C:\MED-PC\Data\2018-05-10_11h08m_Subject M329.txt


Start Date: 05/10/18
End Date: 05/10/18
Subject: M329
Experiment: DOBLE_PICO_ACO
Group: EXP
Box: 9
Start Time: 11:08:25
End Time: 12:21:45
MSN: IF_ACO_MULTIPLE_PICO
A:     428.000
B:      21.000
D:      21.000
I:       2.000
J:   18000.000
K:    5400.000
M:       5.000
N:      21.000
O:      22.000
P:     411.000
Q:       0.000
T:    1000.000
V:     600.000
W:      21.000
Z:       0.000
C:
     0:        0.120        0.120        0.120        0.120        0.120
     5:        0.120        0.120        0.120        0.120        0.120
    10:        0.120        0.120        0.120        0.120        0.120
    15:        0.120        0.120        0.120        0.120        0.120
    20:        0.510       28.120       33.120       40.120       41.120
    25:       49.110      102.120      166.110      172.120      193.110
    30:      200.110      202.110      207.120      218.120      234.120
    35:      249.120      258.110      266.110      269.110      271.110
    40:      277.110      287.120      296.120      322.110      333.110
    45:      343.110      346.110      348.110      350.110      355.120
    50:      362.120      382.110      386.120      428.120      437.110
    55:      443.110      447.110      478.110      481.110      483.110
    60:      487.110      548.110      548.210      552.120      598.310
    65:      698.500     1189.120     1239.120     1242.120     1253.100
    70:     1258.100     1262.100     1266.120     1277.120     1284.120
    75:     1285.120     1288.120     1295.120     1296.120     1305.100
    80:     1312.100     1313.200     1317.120     1363.300     1463.530
    85:     1661.120     1687.120     1689.120     1692.120     1714.100
    90:     1721.100     1729.120     1733.120     1742.120     1755.100
    95:     1759.100     1762.100     1768.100     1770.100     1774.120
   100:     1792.120     1802.120     1808.100     1811.100     1814.100
   105:     1815.100     1818.100     1821.100     1825.100     1825.120
   110:     1828.120     1834.120     1858.100     1864.100     1873.120
   115:     1884.120     1895.120     1911.100     1915.100     1917.100
   120:     1924.100     1931.100     1936.120     1960.120     1966.120
   125:     1981.100     1984.100     1988.100     2004.120     2013.120
   130:     2027.120     2038.100     2042.100     2045.100     2049.100
   135:     2078.100     2081.100     2084.100     2086.100     2088.100
   140:     2093.100     2097.100     2100.100     2110.100     2113.100
   145:     2115.100     2117.100     2122.100     2126.100     2128.100
   150:     2168.100     2171.100     2182.120     2186.120     2202.120
   155:     2222.120     2228.120     2230.120     2231.120     2247.100
   160:     2256.100     2259.100     2264.100     2268.120     2352.100
   165:     2360.100     2365.120     2389.120     2407.100     2451.100
   170:     2459.100     2462.100     2466.100     2474.120     2476.120
   175:     2532.100     2560.120     2564.120     2577.120     2590.120
   180:     2592.120     2594.120     2635.120     2654.100     2711.100
   185:     2717.100     2719.100     2721.100     2725.100     2733.120
   190:     2738.120     2781.120     2792.100     2797.100     2800.100
   195:     2802.100     2854.100     2862.120     2920.120     2976.120
   200:     2988.100     3111.100     3116.100     3120.120     3133.120
   205:     3263.330     3363.510     3412.120     3420.120     3426.120
   210:     3453.110     3460.120     3464.120     3523.120     3535.110
   215:     3541.120     3573.110     3625.110     3627.110     3632.120
   220:     3635.120     3635.120     3642.120     3703.110     3706.110
   225:     3709.110     3711.110     3713.110     3718.120     3719.120
   230:     3720.120     3781.110     3786.110     3790.110     3795.120
   235:     3796.120     3797.120     3811.120     3817.120     3826.110
   240:     3829.110     3832.110     3835.110     3837.110     3840.120
   245:     3842.120     3848.120     3864.120     3868.120     3876.110
   250:     3884.110     3887.110     3890.110     3892.110     3897.110
   255:     3900.120     3904.120     3913.120     3938.110     3944.110
   260:     3946.110     3949.110     3950.110     3952.110     3954.110
   265:     3957.110     3959.110     3962.110     3985.120     3995.120
   270:     4015.110     4015.210     4019.120     4065.310     4165.510
   275:     4617.120     4680.120     4734.120     4900.120     4910.110
   280:     4910.210     4915.120     4960.310     5060.510     5345.120
   285:     5363.120     5368.120     5380.120     5458.120     5478.110
   290:     5484.120     5496.120     5500.120     5511.120     5523.110
   295:     5567.110     5571.110     5576.120     5588.120     5608.120
   300:     5614.110     5621.110     5629.110     5633.120     5643.120
   305:     5655.110     5662.110     5665.110     5666.110     5672.120
   310:     5680.120     5690.120     5700.110     5700.210     5705.120
   315:     5750.310     5850.500     6341.120     6349.120     6417.120
   320:     6468.100     6476.100     6479.100     6485.100     6488.100
   325:     6492.120     6505.120     6519.100     6523.100     6525.100
   330:     6528.200     6530.100     6533.120     6578.300     6678.500
   335:     7037.120     7053.120     7166.120     7176.120     7195.100
   340:     7198.100     7201.100     7203.100     7206.100     7216.100
   345:     7217.100     7226.120     7239.120     7243.120     7243.120
   350:     7254.100     7256.100     7259.100     7263.100     7266.100
   355:     7270.100     7281.100     7286.120     7298.120     7307.120
   360:     7308.120     7314.200     7364.300     7464.510     7726.120
   365:     7990.110     7996.120     8001.120     8018.110     8024.110
   370:     8027.120     8044.120     8053.110     8061.110     8063.110
   375:     8066.110     8069.110     8071.110     8076.120     8110.120
   380:     8114.120     8125.110     8125.210     8129.120     8175.310
   385:     8275.500     8475.120     8505.120     8533.120     8791.120
   390:     8804.100     8807.100     8813.100     8816.100     8820.100
   395:     8827.120     8845.120     8865.100     8868.100     8872.100
   400:     8874.100     8876.200     8882.120     8926.300     9026.500
   405:     9207.120     9229.120     9481.120     9492.100     9496.100
   410:     9498.100     9501.100     9507.100     9514.120     9520.120
   415:     9535.120     9538.120     9545.100     9548.100     9566.120
   420:     9577.120     9580.120     9589.120     9601.120     9609.100
   425:     9615.100     9616.100     9619.100     9622.100     9649.120
   430:     9659.120     9669.200     9719.300     9819.510    10011.120
   435:    10191.120    10206.120    10212.120    10266.120    10286.120
   440:    10299.110    10307.120    10405.120    10413.120    10423.110
   445:    10436.110    10440.110    10444.110    10444.210    10448.120
   450:    10494.310    10594.510    10839.120    10855.120    10931.120
   455:    10937.120    11086.120    11095.120    11099.120    11106.120
   460:    11107.120    11117.110    11125.110    11131.110    11132.120
   465:    11142.120    11148.120    11165.110    11171.110    11176.110
   470:    11179.120    11200.110    11203.110    11206.110    11208.110
   475:    11210.110    11212.110    11215.110    11221.120    11231.120
   480:    11232.120    11235.120    11244.120    11251.120    11261.110
   485:    11261.210    11266.120    11311.310    11411.500    11622.120
   490:    11661.120    11886.120    11902.120    11906.120    11926.120
   495:    11937.100    11942.100    11947.100    11951.100    11954.100
   500:    11958.100    11964.100    11965.120    11974.120    11986.120
   505:    11996.100    11999.100    12003.100    12007.120    12009.120
   510:    12014.200    12016.120    12064.300    12164.540    12542.120
   515:    12552.120    12555.120    12559.120    12784.110    12791.120
   520:    12798.120    12816.110    12824.110    12828.110    12830.110
   525:    12832.110    12833.110    12838.120    12850.120    12870.110
   530:    12876.110    12878.110    12880.110    12881.110    12883.110
   535:    12885.110    12887.110    12888.110    12895.110    12897.110
   540:    12900.110    12903.120    12908.120    12934.120    12942.110
   545:    12948.110    12950.110    12951.110    12953.110    12955.110
   550:    12960.110    12966.120    12973.120    12995.110    13002.110
   555:    13005.110    13007.110    13010.110    13014.110    13017.110
   560:    13020.110    13022.110    13025.110    13028.110    13034.120
   565:    13041.120    13059.120    13061.120    13067.120    13068.120
   570:    13080.110    13087.110    13093.110    13096.110    13100.110
   575:    13106.110    13107.110    13110.110    13113.120    13135.110
   580:    13149.110    13152.110    13161.120    13460.110    13465.120
   585:    13494.120    13529.120    13544.110    13554.110    13645.110
   590:    13647.110    13758.110    13764.110    13767.120    13853.120
   595:    13857.120    13857.120    13868.120    13881.120    13886.120
   600:    13890.120    13905.120    13909.120    13926.110    13933.110
   605:    13946.120    13964.340    14064.500    14307.120    14316.100
   610:    14327.100    14328.100    14331.100    14336.100    14389.120
   615:    14401.100    14405.100    14408.100    14410.100    14413.100
   620:    14420.120    14429.120    14437.120    14439.120    14445.120
   625:    14458.100    14464.100    14479.100    14485.120    14511.120
   630:    14516.120    14524.120    14541.100    14549.100    14551.100
   635:    14575.100    14578.100    14585.120    14597.120    14607.120
   640:    14610.120    14614.120    14617.120    14627.120    14628.120
   645:    14664.120    14680.100    14692.100    14694.100    14696.100
   650:    14740.200    14747.120    14790.300    14890.510    15077.120
   655:    15132.120    15195.120    15357.110    15431.120    15442.110
   660:    15449.110    15453.110    15455.110    15461.110    15466.110
   665:    15472.120    15472.120    15477.120    15484.120    15492.120
   670:    15493.120    15499.110    15505.110    15510.110    15515.110
   675:    15519.120    15532.120    15558.110    15558.210    15563.120
   680:    15608.310    15708.500    16029.120    16030.120    16175.120
   685:    16193.100    16195.100    16198.100    16200.100    16203.100
   690:    16210.120    16218.120    16229.120    16237.120    16244.100
   695:    16248.100    16250.100    16254.100    16259.100    16269.120
   700:    16280.120    16295.120    16310.200    16310.100    16315.120
   705:    16360.300    16460.500    16861.120    16906.120    16921.120
   710:    16951.120    17011.120    17055.120    17061.120    17077.120
   715:    17077.120    17085.120    17086.120    17136.120    17150.100
   720:    17153.100    17156.100    17160.120    17162.120    17175.120
   725:    17193.100    17197.100    17206.100    17210.200    17215.120
   730:    17260.300    17360.510    17760.120    17783.120    17806.120
   735:    17959.120    17965.120    17981.110    17986.110    17986.210
   740:    17990.110    17990.120    18036.310    18136.510    18351.120
   745:    18352.120    18378.120    18598.110    18603.120    18666.120
   750:    18669.120    18676.120    18682.110    18692.120    18701.120
   755:    18704.120    18710.120    18711.120    18717.110    18724.110
   760:    18726.110    18730.110    18731.110    18735.110    18740.110
   765:    18743.110    18746.120    18756.120    18768.120    18774.120
   770:    18780.110    18782.110    18785.110    18787.110    18789.110
   775:    18790.110    18794.110    18804.110    18813.110    18816.120
   780:    18819.120    18826.120    18844.110    18844.210    18849.120
   785:    18894.310    18994.500    19230.120    19231.120    19298.120
   790:    19398.100    19409.120    19424.120    19425.120    19426.120
   795:    19429.120    19437.100    19443.100    19446.100    19448.100
   800:    19460.100    19462.120    19470.120    19481.120    19485.120
   805:    19498.100    19503.100    19506.100    19507.100    19510.100
   810:    19527.120    19535.120    19546.120    19557.100    19569.100
   815:    19584.100    19589.120    19597.120    19602.120    19611.120
   820:    19617.200    19667.300    19767.500    20152.120    20419.120
   825:    20450.100    20455.100    20459.100    20462.120    20468.120
   830:    20471.120    20483.120    20493.100    20498.100    20500.100
   835:    20502.100    20506.100    20510.200    20513.120    20560.300
   840:    20660.510    20800.120    20811.120    20986.120    21231.120
   845:    21238.120    21250.110    21313.120    21325.110    21333.110
   850:    21336.110    21338.110    21340.110    21342.110    21347.110
   855:    21351.120    21356.120    21357.120    21370.120    21377.110
   860:    21377.210    21381.120    21406.120    21427.310    21527.510
   865:    22053.120    22081.120    22363.120    22385.110    22385.210
   870:    22390.120    22435.310    22535.500    22732.120    22745.120
   875:    22747.120    22748.120    22973.120    22987.120    23004.120
   880:    23012.100    23017.120    23024.120    23034.120    23040.120
   885:    23057.120    23071.100    23074.100    23076.100    23077.100
   890:    23083.120    23092.120    23125.120    23130.120    23136.200
   895:    23139.120    23186.300    23286.510    23652.120    23938.120
   900:    23969.120    23977.110    23977.210    23981.120    24027.310
   905:    24127.510    24463.120    24546.120    24558.120    24562.120
   910:    24736.110    24742.110    24747.120    24759.120    24769.110
   915:    24780.120    24785.120    24797.120    24815.110    24815.210
   920:    24820.120    24865.310    24965.500    25064.120    25097.120
   925:    25101.120    25111.120    25171.120    25181.120    25226.120
   930:    25419.100    25425.100    25428.100    25434.100    25438.100
   935:    25440.100    25443.100    25447.120    25462.100    25466.100
   940:    25470.100    25474.100    25475.120    25477.120    25479.120
   945:    25482.120    25487.120    25498.120    25502.120    25509.100
   950:    25512.100    25513.100    25514.100    25521.100    25524.100
   955:    25529.100    25531.120    25540.120    25553.120    25566.120
   960:    25568.120    25569.200    25570.120    25571.120    25619.300
   965:    25719.510    25797.120    25840.120    26229.120    26245.120
   970:    26252.110    26278.110    26286.120    26300.120    26311.110
   975:    26316.110    26322.120    26325.120    26331.120    26348.110
   980:    26353.110    26355.110    26357.110    26360.120    26405.120
   985:    26409.120    26418.110    26418.210    26422.120    26468.310
   990:    26568.500    26847.120    26865.120    27243.120    27319.100
   995:    27325.100    27329.100    27332.100    27339.100    27344.120
  1000:    27347.120    27354.120    27366.100    27370.100    27371.100
  1005:    27379.200    27384.120    27429.300    27529.500    27816.120
  1010:    27895.120    27985.120    28009.120    28013.120    28017.120
  1015:    28028.120    28035.120    28057.120    28068.100    28070.100
  1020:    28076.100    28087.100    28091.120    28096.120    28130.200
  1025:    28149.120    28168.120    28180.300    28280.540    28388.120
  1030:    28529.120    28580.120    28852.120    28893.120    28901.110
  1035:    28930.120    28995.120    29002.120    29004.120    29005.120
  1040:    29020.110    29027.110    29033.110    29035.120    29048.120
  1045:    29057.120    29068.110    29070.110    29073.110    29075.110
  1050:    29078.110    29081.110    29086.120    29092.120    29102.120
  1055:    29109.120    29113.120    29119.110    29122.110    29127.110
  1060:    29130.120    29139.120    29160.120    29162.120    29170.110
  1065:    29176.110    29178.110    29180.110    29183.110    29185.110
  1070:    29186.110    29191.110    29193.110    29200.110    29206.110
  1075:    29209.110    29212.120    29227.120    29245.110    29249.110
  1080:    29252.110    29254.110    29256.110    29259.110    29264.120
  1085:    29268.120    29269.120    29293.120    29297.120    29300.120
  1090:    29306.120    29315.120    29326.110    29341.110    29346.110
  1095:    29351.110    29362.120    29362.120    29443.110    29467.110
  1100:    29470.110    29476.120    29785.120    29797.110    29806.120
  1105:    29920.110    29945.110    30080.340    30180.500    30193.120
  1110:    30198.120    30207.120    30235.120    30239.120    30264.120
  1115:    30278.100    30285.100    30287.100    30290.100    30295.120
  1120:    30300.120    30308.120    30313.120    30344.100    30351.100
  1125:    30354.100    30356.100    30358.100    30361.100    30364.100
  1130:    30365.120    30374.120    30395.100    30400.100    30402.100
  1135:    30405.100    30407.100    30409.100    30415.120    30427.100
  1140:    30429.100    30431.100    30436.100    30438.100    30454.120
  1145:    30456.120    30462.120    30473.120    30501.120    30521.100
  1150:    30525.100    30527.100    30530.100    30602.120    30667.100
  1155:    30669.100    30696.100    30702.100    30736.100    30741.100
  1160:    30748.120    30753.120    30760.120    30796.200    30845.120
  1165:    30846.300    30946.510    31101.120    31350.120    31378.110
  1170:    31404.110    31415.120    31429.120    31445.110    31458.110
  1175:    31471.120    31498.120    31507.110    31546.110    31553.110
  1180:    31554.110    31561.110    31567.110    31571.120    31575.120
  1185:    31588.120    31593.120    31594.120    31600.120    31658.110
  1190:    31658.210    31662.120    31708.310    31808.530    31961.120
  1195:    32023.120    32030.120    32033.120    32042.120    32071.120
  1200:    32118.120    32118.120    32183.120    32225.120    32238.120
  1205:    32241.120    32262.120    32266.120    32293.120    32299.120
  1210:    32303.120    32324.120    32335.100    32456.100    32461.100
  1215:    32464.120    32499.120    32507.100    32512.100    32514.100
  1220:    32515.100    32519.100    32522.100    32528.100    32537.120
  1225:    32544.120    32551.120    32589.100    32593.100    32615.100
  1230:    32618.100    32623.100    32641.100    32655.120    32664.120
  1235:    32691.100    32700.100    32706.100    32710.100    32713.100
  1240:    32719.120    32744.120    32745.120    32752.120    32809.120
  1245:    32892.120    32945.120    32969.120    33332.120    33371.100
  1250:    33379.100    33384.100    33389.120    33395.120    33419.120
  1255:    33420.120    33450.100    33455.100    33457.100    33459.100
  1260:    33461.100    33469.100    33475.120    33479.120    33488.120
  1265:    33498.120    33555.120    33608.330    33626.120    33708.510
  1270:    34004.110    34009.110    34015.120    34058.120    34065.120
  1275:    34076.110    34080.110    34082.110    34085.110    34088.120
  1280:    34094.120    34098.120    34100.120    34104.120    34114.120
  1285:    34115.120    34125.120    34138.110    34144.110    34147.110
  1290:    34150.110    34152.110    34165.110    34168.110    34170.110
  1295:    34176.120    34177.120    34241.120    34249.120    34261.110
  1300:    34286.110    34294.110    34334.110    34334.210    34339.120
  1305:    34384.310    34484.510    34761.120    34779.120    35024.120
  1310:    35079.120    35086.110    35092.120    35102.120    35110.110
  1315:    35110.210    35115.120    35160.310    35260.510    35579.120
  1320:    35614.120    35616.120    35871.120    35885.120    35895.110
  1325:    35895.210    35900.120    35945.310    36045.500    36444.120
  1330:    36462.120    36557.120    36576.120    36579.120    36589.100
  1335:    36594.100    36597.100    36600.100    36606.120    36609.120
  1340:    36613.120    36618.120    36637.120    36649.200    36651.120
  1345:    36699.300    36799.500    37118.120    37119.120    37142.120
  1350:    37142.120    37371.100    37381.120    37383.120    37396.120
  1355:    37415.100    37426.100    37428.100    37430.100    37431.200
  1360:    37434.100    37436.120    37481.300    37581.510    38165.120
  1365:    38170.120    38181.110    38186.110    38189.110    38194.120
  1370:    38201.120    38211.120    38218.110    38218.210    38223.120
  1375:    38268.310    38368.510    38533.120    38811.120    38821.120
  1380:    38832.110    38839.120    38856.120    38863.110    38866.110
  1385:    38870.110    38871.110    38876.110    38878.110    38880.120
  1390:    38896.120    38921.110    38925.110    38929.110    38933.110
  1395:    38935.120    38942.120    38947.120    38967.120    38979.110
  1400:    38984.110    38984.210    38989.120    39034.310    39134.500
  1405:    39404.120    39605.120    39636.100    39644.100    39648.100
  1410:    39658.100    39664.100    39730.120    39752.100    39756.100
  1415:    39758.100    39760.100    39761.100    39767.100    39768.120
  1420:    39772.120    39794.120    39812.120    39812.200    39862.300
  1425:    39962.500    40207.120    40465.100    40470.100    40475.120
  1430:    40492.120    40505.100    40508.100    40510.100    40513.100
  1435:    40518.120    40523.120    40528.120    40532.120    40532.120
  1440:    40548.120    40560.100    40563.100    40565.200    40566.100
  1445:    40570.120    40615.300    40715.500    40947.120    41151.120
  1450:    41157.120    41162.120    41216.120    41219.120    41219.120
  1455:    41316.120    41329.120    41338.100    41342.100    41344.100
  1460:    41346.100    41353.100    41353.120    41356.120    41363.120
  1465:    41367.120    41380.100    41383.100    41386.100    41390.100
  1470:    41391.120    41394.120    41398.200    41401.120    41448.300
  1475:    41548.510    41692.120    41926.110    41930.110    41938.120
  1480:    41960.110    41964.110    41966.110    41970.120    41972.120
E:
     0:     1485.000      390.000      377.000
F:
     0:       70.000       36.458       27.848
G:
     0:        1.000        1.000        1.000        1.000        1.000
     5:        1.000        1.000        1.000        1.000        0.000
H:
     0:        1.000        1.000        2.000        2.000
L:
     0:     6246.000     6879.000     6453.000     6113.000     6522.000
     5:     6123.000     6868.000     6116.000     7605.000     6326.000
    10:     7533.000     6110.000     6134.000     8211.000     6104.000
    15:     6266.000     6135.000     6418.000     6881.000     6126.000
    20:     6934.000
R:
     0:        1.000        1.000        1.000        1.000        1.000
     5:        1.000        1.000        1.000        1.000        0.000
S:
     0:        1.000        1.000
U:
     0:     6113.000        3.000        0.000
X:
     0:        0.000      554.001      560.002      564.003      607.004
     5:      613.005      614.005      664.000      664.000      915.002
    10:      922.004      956.006      960.008      963.010      968.012
    15:      971.014     1009.016     1012.018     1014.020     1016.022
    20:     1019.024     1022.026     1025.028     1058.030     1065.032
    25:     1111.034     1115.036     1117.038     1125.040     1132.042
    30:     1181.044     1185.046     1189.048     1239.050     1243.052
    35:     1246.054     1250.056     1278.058     1282.060     1285.062
    40:     1287.064     1289.066     1294.068     1298.070     1301.072
    45:     1311.074     1314.076     1316.078     1318.080     1323.082
    50:     1326.084     1329.086     1369.088     1372.090     1448.092
    55:     1457.094     1460.096     1465.098     1553.100     1561.102
    60:     1608.104     1651.106     1660.108     1663.110     1667.112
    65:     1733.114     1855.116     1912.118     1917.120     1919.122
    70:     1922.124     1925.126     1993.128     1998.130     2001.132
    75:     2003.134     2055.136     2189.138     2312.140     2316.142
    80:     5669.001     5677.002     5680.003     5686.004     5689.005
    85:     5720.006     5723.007     5726.008     5729.008     5730.009
    90:     5779.000     5779.000     6295.001     6298.002     6301.003
    95:     6304.004     6306.005     6316.006     6318.007     6354.008
   100:     6356.009     6359.010     6364.011     6366.012     6371.013
   105:     6381.014     6414.014     6464.000     6464.000     6993.001
   110:     6996.002     7002.003     7005.004     7009.005     7053.006
   115:     7056.007     7060.008     7062.009     7065.009     7115.000
   120:     7115.000     7580.001     7584.002     7586.003     7589.004
   125:     7595.005     7633.006     7636.007     7697.008     7703.009
   130:     7704.010     7707.011     7710.012     7757.012     7807.000
   135:     7807.000     8333.001     8338.002     8342.003     8346.004
   140:     8349.005     8353.006     8359.007     8391.008     8394.009
   145:     8399.010     8409.010     8459.000     8459.000     8459.115
   150:     8459.116     8459.117     8459.118     8459.119     8459.120
   155:     8459.121     8459.122     8459.123     8459.124     8459.125
   160:     8459.126     8459.127     8459.128     8459.129     8459.130
   165:     8459.131     8459.132     8459.133     8459.134     8459.135
   170:     8459.136     8459.136     8459.000     8459.000     8943.001
   175:     8946.002     8948.003     8951.004     8953.005     8995.006
   180:     8998.007     9000.008     9005.009     9009.010     9060.010
   185:     9061.011     9110.000     9110.000     9800.001     9803.002
   190:     9806.003     9843.004     9847.005     9856.006     9860.006
   195:     9910.000     9910.000    10313.001    10352.002    10358.003
   200:    10361.004    10363.005    10375.006    10413.007    10418.008
   205:    10421.009    10422.010    10425.011    10472.012    10484.013
   210:    10499.014    10532.014    10582.000    10582.000    11265.001
   215:    11269.002    11273.003    11308.004    11312.005    11314.006
   220:    11316.007    11321.008    11325.008    11375.000    11375.000
   225:    11851.001    11910.002    11913.003    11915.004    11917.005
   230:    11976.005    12026.000    12026.000    12479.001    12485.002
   235:    12488.003    12494.004    12498.005    12500.006    12503.007
   240:    12522.008    12526.009    12531.010    12534.011    12569.012
   245:    12572.013    12573.014    12574.015    12581.016    12584.017
   250:    12590.018    12629.018    12679.000    12679.000    13430.001
   255:    13435.002    13439.003    13442.004    13449.005    13476.006
   260:    13480.007    13482.008    13490.008    13540.000    13540.000
   265:    14078.001    14080.002    14086.003    14097.004    14140.004
   270:    14190.000    14190.000    14190.083    14190.084    14190.085
   275:    14190.086    14190.087    14190.088    14190.089    14190.090
   280:    14190.091    14190.092    14190.093    14190.094    14190.095
   285:    14190.096    14190.097    14190.098    14190.099    14190.100
   290:    14190.101    14190.102    14190.103    14190.104    14190.105
   295:    14190.106    14190.107    14190.108    14190.109    14190.110
   300:    14190.111    14190.112    14190.113    14190.114    14190.114
   305:    14190.000    14190.000    14717.002    14837.004    14842.006
   310:    14889.008    14894.010    14896.012    14897.014    14901.016
   315:    14904.018    14910.020    14971.022    14975.024    14997.026
   320:    15000.028    15005.030    15023.032    15073.034    15081.036
   325:    15088.038    15092.040    15094.042    15752.044    15761.046
   330:    15765.048    15832.050    15836.052    15839.054    15841.056
   335:    15843.058    15851.060    18971.001    18976.002    18979.003
   340:    18981.004    19031.004    19081.000    19081.000    19652.001
   345:    19697.002    19707.003    19709.004    19711.005    19712.005
   350:    19715.006    19762.000    19762.000    20263.001    20271.002
   355:    20275.003    20285.004    20291.005    20380.006    20383.007
   360:    20385.008    20387.009    20389.010    20395.011    20440.011
   365:    20490.000    20490.000    20992.001    20997.002    21032.003
   370:    21035.004    21038.005    21041.006    21087.007    21091.008
   375:    21092.008    21093.009    21142.000    21142.000    21765.001
   380:    21769.002    21771.003    21773.004    21779.005    21806.006
   385:    21809.007    21813.008    21816.009    21825.009    21875.000
Y:
     0:        0.000       49.001      166.002      193.003      200.004
     5:      202.005      258.006      265.007      269.008      271.009
    10:      276.010      322.011      333.012      342.013      346.014
    15:      347.015      350.016      382.017      437.018      443.019
    20:      447.020      478.021      481.022      482.023      487.024
    25:      548.025      548.025      598.000      598.000      598.143
    30:      598.144      598.145      598.146      598.147      598.148
    35:      598.149      598.150      598.151      598.152      598.153
    40:      598.154      598.155      598.156      598.157      598.158
    45:      598.159      598.160      598.161      598.162      598.163
    50:      598.164      598.165      598.166      598.167      598.168
    55:      598.169      598.170      598.171      598.172      598.173
    60:      598.174      598.175      598.176      598.177      598.177
    65:      598.000      598.000      598.001      598.001      598.000
    70:      598.000      598.001      598.002      598.003      598.004
    75:      598.005      598.006      598.007      598.008      598.009
    80:      598.010      598.011      598.012      598.012      598.000
    85:      598.000     1123.001     1152.002     1157.003     1187.004
    90:     1195.005     1197.006     1200.007     1203.008     1205.009
    95:     1259.010     1259.010     1309.000     1309.000     1789.001
   100:     1913.002     1926.003     1930.004     1934.005     1934.005
   105:     1984.000     1984.000     2506.001     2514.002     2520.003
   110:     2554.004     2560.005     2565.006     2589.007     2592.008
   115:     2595.009     2597.010     2599.011     2601.012     2604.013
   120:     2650.014     2650.014     2700.000     2700.000     3319.002
   125:     3351.004     3360.006     3364.008     3366.010     3368.012
   130:     3369.014     3406.016     3412.018     3414.020     3416.022
   135:     3417.024     3419.026     3420.028     3422.030     3424.032
   140:     3431.034     3432.036     3436.038     3478.040     3483.042
   145:     3485.044     3487.046     3488.048     3490.050     3496.052
   150:     3531.054     3538.056     3541.058     3543.060     3546.062
   155:     3550.064     3553.066     3556.068     3558.070     3561.072
   160:     3564.074     3616.076     3623.078     3628.080     3632.082
   165:     3636.084     3642.086     3643.088     3646.090     3670.092
   170:     3685.094     3688.096     3995.098     4079.100     4090.102
   175:     4181.104     4182.106     4293.108     4299.110     4462.112
   180:     4469.114     5893.001     5977.002     5985.003     5989.004
   185:     5991.005     5997.006     6002.007     6035.008     6041.009
   190:     6046.010     6050.011     6094.012     6094.012     6144.000
   195:     6144.000     6764.001     6769.002     6769.002     6773.003
   200:     6819.000     6819.000     7280.001     7365.002     7400.003
   205:     7406.004     7408.005     7413.006     7414.007     7418.008
   210:     7422.009     7425.010     7462.011     7465.012     7467.013
   215:     7470.014     7471.015     7473.016     7476.017     7487.018
   220:     7495.019     7527.020     7527.020     7577.000     7577.000
   225:     8166.001     8241.002     8249.003     8252.004     8254.005
   230:     8256.006     8258.007     8263.008     8293.009     8293.009
   235:     8343.000     8343.000     9201.001     9201.001     9251.000
   240:     9251.000     9941.001     9941.001     9991.000     9991.000
   245:    10600.001    10605.002    10633.003    10679.004    10679.004
   250:    10729.000    10729.000    11262.001    11288.002    11321.003
   255:    11326.004    11357.005    11362.006    11365.007    11367.008
   260:    11428.009    11428.009    11478.000    11478.000    12099.002
   265:    12218.004    12225.006    12231.008    12265.010    12268.012
   270:    12271.014    12273.016    12275.018    12279.020    12317.022
   275:    12320.024    12325.026    12368.028    12374.030    12376.032
   280:    12378.034    12381.036    12382.038    12384.040    12389.042
   285:    12391.044    12398.046    12403.048    12407.050    12443.052
   290:    12447.054    12449.056    12452.058    12454.060    12457.062
   295:    12524.064    12538.066    12544.068    12549.070    12640.072
   300:    12665.074    12668.076    12995.078    13118.080    13143.082
   305:    14575.001    14602.002    14643.003    14656.004    14705.005
   310:    14744.006    14750.007    14752.008    14759.009    14765.010
   315:    14856.011    14856.011    14906.000    14906.000    14906.061
   320:    14906.062    14906.063    14906.064    14906.065    14906.066
   325:    14906.067    14906.068    14906.069    14906.070    14906.071
   330:    14906.072    14906.073    14906.074    14906.075    14906.076
   335:    14906.077    14906.078    14906.078    14906.000    14906.000
   340:    14906.001    14906.002    14906.002    14906.000    14906.000
   345:    14906.001    14906.001    14906.000    14906.000    15506.001
   350:    15511.002    15513.003    15543.004    15543.004    15593.000
   355:    15593.000    16057.001    16087.002    16090.003    16094.004
   360:    16095.005    16100.006    16102.007    16145.008    16149.009
   365:    16153.010    16157.011    16204.012    16208.013    16208.013
   370:    16258.000    16258.000    16635.001    16639.002    16669.003
   375:    16673.004    16675.005
