File: C:\MED-PC\Data\2018-05-29_12h33m_Subject M331.txt


Start Date: 05/29/18
End Date: 05/29/18
Subject: M331
Experiment: DOBLE_PICO_ACO
Group: EXP
Box: 8
Start Time: 12:33:41
End Time: 13:47:02
MSN: IF_ACO_MULTIPLE_PICO
A:     427.000
B:      18.000
D:      20.000
I:       2.000
J:   18000.000
K:    5400.000
M:     174.000
N:      18.000
O:      20.000
P:     930.000
Q:       0.000
T:    1000.000
V:     600.000
W:      18.000
Z:       0.000
C:
     0:        0.120        0.120        0.120        0.120        0.120
     5:        0.510        6.110       12.110       38.120       50.110
    10:       65.110      185.110      212.110      219.110      240.120
    15:      252.110      255.110      257.110      273.110      282.110
    20:      291.110      297.120      306.120      321.110      325.110
    25:      332.110      344.110      359.110      362.110      387.120
    30:      412.110      422.110      441.110      443.110      453.110
    35:      456.120      490.110      502.120      517.110      520.110
    40:      523.110      530.110      572.110      572.210      575.120
    45:      622.310      722.500      991.120     1099.120     1107.100
    50:     1128.120     1144.120     1153.120     1165.120     1184.100
    55:     1215.120     1226.120     1248.120     1257.120     1261.120
    60:     1300.120     1310.100     1315.120     1321.120     1322.120
    65:     1323.120     1334.100     1338.100     1343.100     1349.100
    70:     1352.100     1358.100     1370.200     1376.120     1420.300
    75:     1431.120     1432.120     1435.120     1437.120     1440.120
    80:     1443.120     1448.120     1520.510     2006.110     2010.110
    85:     2016.120     2035.110     2050.110     2061.110     2076.110
    90:     2086.110     2129.110     2154.110     2159.110     2173.110
    95:     2176.110     2186.110     2186.210     2191.120     2236.310
   100:     2244.120     2249.120     2251.120     2252.120     2256.120
   105:     2261.120     2266.120     2336.500     2400.120     2411.120
   110:     2485.120     2501.100     2701.120     2714.120     2724.100
   115:     2735.100     2740.100     2742.100     2749.100     2751.100
   120:     2755.120     2764.100     2773.100     2777.100     2780.100
   125:     2783.100     2790.100     2802.100     2806.100     2808.100
   130:     2814.100     2821.100     2824.120     2842.100     2888.100
   135:     2897.100     2901.100     2905.100     2907.100     2919.100
   140:     2922.100     2926.100     2948.200     2948.100     2955.120
   145:     2998.300     3005.120     3007.120     3010.120     3015.120
   150:     3018.120     3021.120     3025.120     3031.120     3035.120
   155:     3035.120     3039.120     3039.120     3041.120     3046.120
   160:     3049.120     3058.120     3098.510     3150.120     3152.120
   165:     3417.120     3425.110     3434.120     3605.110     3613.110
   170:     3624.110     3651.110     3656.110     3658.110     3662.110
   175:     3670.110     3678.110     3687.110     3695.110     3698.110
   180:     3708.110     3715.110     3722.110     3726.110     3734.120
   185:     3740.110     3743.110     3745.110     3749.110     3756.110
   190:     3756.210     3761.120     3806.310     3823.120     3835.120
   195:     3836.120     3843.120     3845.120     3850.120     3906.540
   200:     4389.110     4408.110     4417.110     4420.110     4436.110
   205:     4447.110     4450.110     4452.110     4476.110     4479.110
   210:     4483.110     4491.110     4510.120     4519.110     4522.110
   215:     4526.110     4536.110     4549.110     4559.110     4562.110
   220:     4567.110     4582.110     4587.110     4592.110     4598.110
   225:     4613.110     4620.120     4623.120     4631.110     4635.110
   230:     4643.110     4653.110     4663.110     4674.110     4689.110
   235:     4696.120     4728.110     4798.110     4806.110     4810.110
   240:     4825.110     4832.110     4841.110     4856.110     4865.110
   245:     4870.110     4873.110     4882.110     4903.110     4936.110
   250:     4939.110     4993.120     5011.110     5014.110     5020.110
   255:     5054.110     5274.110     5278.110     5287.120     5338.110
   260:     5346.110     5353.110     5362.120     5429.110     5457.120
   265:     5673.110     5679.110     5706.340     5806.500     5927.120
   270:     5938.100     5946.100     5952.100     5953.100     5958.100
   275:     5969.100     5974.120     5993.100     5995.100     6001.100
   280:     6004.100     6008.100     6017.100     6021.100     6029.120
   285:     6044.100     6051.100     6061.100     6067.120     6098.100
   290:     6100.100     6104.100     6109.100     6111.100     6115.100
   295:     6118.100     6121.100     6148.100     6154.100     6159.120
   300:     6206.100     6215.100     6228.100     6233.100     6239.100
   305:     6251.100     6260.120     6781.100     6784.100     6788.100
   310:     6794.120     6815.120     6841.200     6891.300     6902.120
   315:     6924.120     6956.120     6963.120     6973.120     6991.500
   320:     6998.100     7009.100     7014.120     7177.120     7185.120
   325:     7345.120     7358.100     7463.100     7469.100     7472.100
   330:     7475.100     7477.100     7487.100     7492.100     7501.100
   335:     7506.120     7734.100     7750.100     7758.120     7762.120
   340:     7794.200     7798.120     7844.300     7852.120     7857.120
   345:     7860.120     7860.120     7862.120     7863.120     7865.120
   350:     7867.120     7870.120     7871.120     7875.120     7876.120
   355:     7878.120     7944.510     7976.120     7996.110     8248.110
   360:     8253.120     8295.110     8297.110     8300.110     8304.110
   365:     8317.110     8327.110     8330.110     8340.110     8343.110
   370:     8348.110     8359.110     8361.110     8370.110     8372.110
   375:     8379.110     8384.120     8402.110     8406.110     8412.110
   380:     8427.110     8479.110     8483.110     8487.110     8493.110
   385:     8507.110     8516.110     8523.110     8533.110     8538.110
   390:     8543.110     8561.110     8563.110     8577.110     8595.110
   395:     8609.110     8609.210     8614.120     8659.310     8666.120
   400:     8667.120     8670.120     8679.120     8681.120     8683.120
   405:     8685.120     8686.120     8692.120     8694.120     8695.120
   410:     8696.120     8701.120     8702.120     8703.120     8705.120
   415:     8707.120     8709.120     8712.120     8716.120     8721.120
   420:     8722.120     8759.510     8899.110     8904.120     8943.110
   425:     8947.110     9077.110     9082.120     9299.110     9308.110
   430:     9318.110     9324.110     9334.110     9353.110     9365.110
   435:     9368.110     9370.110     9376.120     9384.110     9384.210
   440:     9389.120     9434.310     9442.120     9443.120     9446.120
   445:     9447.120     9450.120     9452.120     9453.120     9455.120
   450:     9456.120     9459.120     9461.120     9462.120     9465.120
   455:     9534.500     9552.120     9565.120     9959.120     9972.100
   460:     9977.100     9985.100     9988.100     9995.100    10001.100
   465:    10007.100    10017.100    10023.120    10036.100    10039.100
   470:    10049.100    10054.100    10060.120    10084.120    10090.100
   475:    10101.100    10103.100    10107.100    10110.100    10115.100
   480:    10138.100    10142.100    10150.200    10156.120    10200.300
   485:    10207.120    10210.120    10212.120    10214.120    10217.120
   490:    10220.120    10223.120    10225.120    10227.120    10231.120
   495:    10232.120    10233.120    10235.120    10238.120    10240.120
   500:    10243.120    10245.120    10247.120    10251.120    10254.120
   505:    10258.120    10261.120    10267.120    10268.120    10269.120
   510:    10271.120    10275.120    10277.120    10277.120    10281.120
   515:    10282.120    10285.120    10294.120    10300.510    10355.110
   520:    10361.120    10364.120    10505.110    10511.120    10613.110
   525:    10648.110    10654.110    10924.110    10924.210    10930.120
   530:    10974.310    10983.120    10989.120    10991.120    10994.120
   535:    10996.120    10998.120    10999.120    11074.530    11251.120
   540:    11382.100    11453.100    11467.100    11468.100    11472.100
   545:    11476.100    11483.100    11488.120    11496.120    11508.100
   550:    11511.100    11514.100    11527.100    11529.100    11539.100
   555:    11547.100    11553.100    11561.100    11567.100    11571.100
   560:    11576.100    11583.100    11585.100    11588.100    11605.100
   565:    11611.100    11614.100    11622.100    11625.100    11630.100
   570:    11634.100    11635.100    11641.120    11655.120    11664.100
   575:    11681.100    11687.100    11691.120    11724.100    11748.100
   580:    11753.100    11758.120    11763.120    11840.100    11888.120
   585:    11936.120    11977.100    11986.120    11996.120    12070.120
   590:    12249.120    12296.120    12491.120    12529.120    12596.120
   595:    12749.120    12761.100    12874.330    12974.510    12977.120
   600:    12993.110    13040.110    13045.110    13068.110    13099.110
   605:    13105.120    13128.110    13130.110    13132.110    13136.110
   610:    13147.110    13151.110    13155.110    13216.110    13223.110
   615:    13231.110    13238.110    13246.110    13249.110    13251.110
   620:    13259.110    13270.110    13274.110    13282.110    13291.110
   625:    13294.110    13301.110    13311.110    13317.110    13318.110
   630:    13323.110    13330.110    13344.110    13350.110    13351.110
   635:    13356.110    13369.110    13390.110    13404.110    13408.110
   640:    13416.110    13428.110    13430.110    13437.110    13442.110
   645:    13451.110    13471.110    13483.110    13493.110    13505.110
   650:    13518.110    13524.110    13543.110    13545.110    13571.110
   655:    13577.110    13582.120    13587.120    13597.110    13597.210
   660:    13601.120    13647.310    13659.120    13660.120    13661.120
   665:    13662.120    13666.120    13666.120    13668.120    13669.120
   670:    13672.120    13674.120    13678.120    13679.120    13681.120
   675:    13682.120    13685.120    13686.120    13689.120    13690.120
   680:    13694.120    13698.120    13701.120    13702.120    13704.120
   685:    13707.120    13707.120    13708.120    13709.120    13713.120
   690:    13714.120    13716.120    13716.120    13717.120    13718.120
   695:    13719.120    13720.120    13723.120    13723.120    13725.120
   700:    13747.510    13790.120    14242.110    14247.120    14267.110
   705:    14270.110    14274.110    14294.110    14300.110    14306.110
   710:    14313.110    14320.110    14322.110    14325.110    14328.110
   715:    14348.120    14354.110    14356.110    14363.110    14372.110
   720:    14372.210    14376.120    14422.310    14431.120    14434.120
   725:    14436.120    14442.120    14444.120    14446.120    14447.120
   730:    14448.120    14449.120    14450.120    14454.120    14455.120
   735:    14457.120    14461.120    14462.120    14464.120    14467.120
   740:    14469.120    14472.120    14473.120    14474.120    14475.120
   745:    14479.120    14479.120    14481.120    14482.120    14483.120
   750:    14485.120    14486.120    14488.120    14491.120    14493.120
   755:    14496.120    14498.120    14499.120    14501.120    14502.120
   760:    14505.120    14519.120    14522.500    14522.120    14525.120
   765:    14529.120    14531.120    14536.120    14537.120    14655.120
   770:    14916.120    14927.100    14948.100    14954.100    14963.120
   775:    15007.120    15028.120    15040.100    15045.100    15053.100
   780:    15056.100    15077.100    15081.100    15090.100    15098.100
   785:    15103.100    15106.100    15113.100    15119.100    15125.100
   790:    15131.120    15134.120    15137.200    15141.120    15187.300
   795:    15194.120    15194.120    15197.120    15199.120    15202.120
   800:    15203.120    15207.120    15208.120    15210.120    15287.500
   805:    15551.120    15649.120    15841.120    15859.100    15874.100
   810:    15880.100    15883.100    15891.100    15895.100    15899.100
   815:    15906.100    15910.100    15915.120    15919.200    15969.300
   820:    15977.120    15978.120    15983.120    15990.120    15997.120
   825:    16000.120    16001.120    16003.120    16069.510    16302.110
   830:    16631.110    16637.110    16642.110    16652.110    16659.110
   835:    16664.110    16667.110    16669.110    16675.110    16679.110
   840:    16686.110    16703.110    16703.210    16709.120    16753.310
   845:    16761.120    16762.120    16765.120    16768.120    16770.120
   850:    16778.120    16780.120    16787.120    16791.120    16794.120
   855:    16797.120    16805.120    16809.120    16810.120    16811.120
   860:    16817.120    16821.120    16825.120    16829.120    16831.120
   865:    16839.120    16840.120    16841.120    16853.500    17068.120
   870:    17093.120    17101.120    17229.120    17246.100    17270.100
   875:    17276.100    17294.120    17303.120    17312.100    17315.100
   880:    17318.100    17332.100    17348.100    17352.100    17360.100
   885:    17367.100    17372.120    17391.120    17405.100    17419.100
   890:    17423.100    17425.100    17429.100    17436.100    17444.100
   895:    17455.100    17465.200    17467.100    17474.120    17515.300
   900:    17526.120    17529.120    17531.120    17534.120    17535.120
   905:    17536.120    17537.120    17541.120    17543.120    17546.120
   910:    17547.120    17548.120    17552.120    17554.120    17559.120
   915:    17559.120    17560.120    17566.120    17575.120    17576.120
   920:    17579.120    17582.120    17585.120    17586.120    17590.120
   925:    17590.120    17615.500    17657.120    17661.120    17752.120
   930:    17958.120    18098.120    18171.120    18181.100    18188.100
   935:    18196.100    18209.100    18213.100    18227.100    18233.120
   940:    18241.200    18245.120    18291.300    18298.120    18301.120
   945:    18307.120    18310.120    18312.120    18314.120    18315.120
   950:    18318.120    18321.120    18324.120    18332.120    18335.120
   955:    18336.120    18339.120    18342.120    18345.120    18347.120
   960:    18358.120    18359.120    18364.120    18391.510    18461.120
   965:    18872.110    18878.120    18893.110    18902.110    18909.110
   970:    18913.110    18917.110    18943.110    18947.110    18953.120
   975:    18960.110    18963.110    18965.110    18967.110    18971.110
   980:    18974.110    18976.110    18985.110    19003.110    19005.110
   985:    19016.110    19016.210    19021.120    19066.310    19075.120
   990:    19078.120    19081.120    19084.120    19091.120    19098.120
   995:    19105.120    19109.120    19113.120    19120.120    19128.120
  1000:    19141.120    19147.120    19150.120    19154.120    19156.120
  1005:    19163.120    19166.510    19231.120    19456.120    19477.110
  1010:    19484.110    19489.120    19495.120    19517.110    19522.110
  1015:    19668.120    19685.110    19689.110    19693.110    19704.110
  1020:    19708.120    19725.110    19733.110    19737.110    19742.110
  1025:    19751.110    19753.110    19764.110    19767.110    19776.110
  1030:    19783.110    19788.110    19788.210    19793.120    19838.310
  1035:    19846.120    19868.120    19875.120    19877.120    19880.120
  1040:    19882.120    19885.120    19888.120    19892.120    19895.120
  1045:    19905.120    19907.120    19910.120    19911.120    19938.500
  1050:    19961.120    19965.120    20079.120    20299.120    20436.120
  1055:    20447.120    20455.100    20460.100    20466.100    20469.100
  1060:    20473.100    20478.100    20489.100    20497.100    20501.100
  1065:    20505.120    20522.100    20524.100    20529.100    20531.100
  1070:    20538.200    20546.120    20588.300    20615.120    20618.120
  1075:    20621.120    20627.120    20688.530    21050.120    21077.100
  1080:    21081.100    21090.100    21093.100    21097.100    21106.100
  1085:    21108.100    21110.100    21130.100    21136.120    21153.100
  1090:    21155.100    21164.100    21166.100    21173.100    21179.100
  1095:    21192.100    21201.100    21209.120    21227.120    21239.100
  1100:    21254.100    21257.100    21272.100    21278.100    21279.100
  1105:    21288.120    21298.120    21362.120    21396.100    21400.100
  1110:    21402.100    21412.100    21417.100    21424.100    21499.120
  1115:    21546.100    21611.100    21708.100    21715.100    21798.100
  1120:    21809.100    21832.100    21835.100    21840.120    21866.120
  1125:    21877.100    21889.100    21892.100    21899.100    21901.100
  1130:    21904.100    21907.120    21919.120    21944.100    21955.100
  1135:    21959.100    21961.100    21964.100    21972.100    21979.100
  1140:    21983.120    22488.330    22493.120    22588.540    22745.110
  1145:    22751.120    22813.110    22827.110    22845.110    22853.110
  1150:    22856.110    22860.110    22866.110    22869.110    22871.110
  1155:    22875.110    22967.110    22971.110    22984.110    22992.110
  1160:    22994.110    23009.110    23015.110    23028.110    23038.110
  1165:    23046.120    23048.120    23056.110    23141.110    23144.110
  1170:    23440.110    23449.120    23456.110    23895.110    23899.110
  1175:    23904.110    23917.110    23924.110    23930.110    23935.110
  1180:    23954.110    23959.110    23964.110    23967.110    23971.110
  1185:    23977.110    23981.110    23986.120    23996.110    24000.110
  1190:    24006.110    24019.110    24022.110    24024.110    24026.110
  1195:    24029.110    24037.120    24055.110    24068.120    24077.110
  1200:    24087.110    24094.110    24098.110    24102.110    24184.110
  1205:    24189.110    24194.120    24388.340    24478.120    24488.510
  1210:    24770.120    24782.110    24789.110    24894.120    24908.110
  1215:    24910.110    24916.110    24919.120    24942.110    24944.110
  1220:    24960.120    24988.110    25003.110    25013.110    25021.110
  1225:    25025.110    25037.110    25041.120    25060.110    25062.110
  1230:    25078.110    25082.110    25086.120    25090.120    25113.120
  1235:    25265.110    25265.210    25268.120    25315.310    25376.120
  1240:    25378.120    25415.500    25868.120    25890.100    25902.100
  1245:    25910.100    25911.100    25921.100    25924.100    25932.100
  1250:    25935.100    25940.120    25962.120    25971.100    25974.100
  1255:    25984.100    25990.100    25994.100    26009.100    26012.100
  1260:    26014.100    26020.120    26031.200    26034.120    26081.300
  1265:    26092.120    26095.120    26097.120    26103.120    26108.120
  1270:    26114.120    26116.120    26123.120    26181.510    26209.120
  1275:    26580.110    26584.120    26623.120    26635.110    26639.110
  1280:    26644.110    26648.120    26649.120    26667.110    26670.110
  1285:    26672.110    26678.110    26691.110    26702.110    26716.110
  1290:    26723.110    26728.110    26733.110    26739.110    26746.110
  1295:    26751.110    26768.110    26770.110    26772.110    26782.110
  1300:    26789.110    26795.120    26801.110    26804.110    26804.210
  1305:    26809.120    26854.310    26867.120    26871.120    26878.120
  1310:    26880.120    26886.120    26889.120    26894.120    26898.120
  1315:    26902.120    26903.120    26908.120    26910.120    26914.120
  1320:    26917.120    26920.120    26922.120    26923.120    26928.120
  1325:    26933.120    26940.120    26954.500    26988.120    27080.120
  1330:    27447.100    27455.100    27457.100    27458.100    27466.100
  1335:    27472.120    27487.120    27497.100    27499.100    27502.100
  1340:    27509.100    27511.100    27513.100    27522.100    27525.100
  1345:    27538.100    27540.100    27549.100    27551.100    27555.120
  1350:    27557.200    27607.300    27614.120    27616.120    27618.120
  1355:    27620.120    27625.120    27707.510    27707.120    27856.120
  1360:    27998.110    28004.120    28127.120    28139.110    28143.120
  1365:    28167.110    28172.120    28175.120    28189.110    28196.110
  1370:    28203.110    28209.110    28212.110    28225.110    28227.110
  1375:    28233.110    28240.110    28247.110    28250.110    28253.110
  1380:    28259.110    28268.120    28274.110    28278.110    28286.110
  1385:    28298.110    28305.120    28310.110    28313.110    28317.110
  1390:    28323.110    28343.110    28343.210    28348.120    28393.310
  1395:    28405.120    28414.120    28417.120    28421.120    28425.120
  1400:    28432.120    28439.120    28441.120    28447.120    28493.500
  1405:    28496.120    28503.120    29006.120    29017.100    29032.100
  1410:    29042.100    29054.100    29059.120    29073.120    29085.100
  1415:    29087.100    29094.100    29102.200    29108.120    29152.300
  1420:    29252.500    30090.120    30109.100    30110.100    30118.100
  1425:    30121.100    30131.100    30141.100    30144.100    30159.100
  1430:    30165.120    30169.200    30219.300    30319.510    30336.120
  1435:    30344.120    30357.120    30416.120    30625.120    30645.120
  1440:    30725.120    30733.110    30738.110    30741.110    30946.110
  1445:    30946.210    30951.120    30996.310    31080.120    31096.500
  1450:    31101.120    31573.120    31582.100    31657.120    31677.120
  1455:    31686.100    31695.100    31707.100    31712.100    31717.100
  1460:    31722.100    31726.100    31741.100    31746.200    31746.120
  1465:    31796.300    31896.500    32072.120    32491.120    32501.120
  1470:    32514.100    32525.100    32534.100    32538.100    32541.100
  1475:    32545.100    32550.100    32554.120    32574.100    32574.200
  1480:    32581.120    32624.300    32724.510    32726.120    32745.120
  1485:    32750.120    33166.120    33181.120    33195.110    33200.120
  1490:    33217.110    33219.110    33223.110    33231.110    33238.110
  1495:    33252.110    33264.110    33268.110    33275.110    33278.110
  1500:    33283.110    33285.110    33287.110    33303.110    33306.110
  1505:    33311.110    33322.110    33332.120    33338.110    33343.110
  1510:    33354.110    33354.210    33359.120    33404.310    33418.120
  1515:    33429.120    33504.510    33955.120    33966.110    33969.110
  1520:    33974.110    33981.110    33985.120    34001.110    34006.110
  1525:    34013.110    34019.110    34028.110    34037.110    34050.110
  1530:    34059.110    34066.110    34077.110    34093.110    34099.110
  1535:    34111.120    34119.110    34123.110    34124.110    34129.110
  1540:    34138.110    34155.110    34166.110    34170.110    34175.120
  1545:    34186.110    34189.110    34202.110    34213.110    34217.110
  1550:    34219.110    34223.110    34229.120    34233.120    34248.110
  1555:    34260.110    34267.110    34277.110    34291.110    34304.110
  1560:    34312.120    34335.120    34346.110    34351.110    34429.110
  1565:    34437.110    34445.120    34480.110    34486.110    34513.110
  1570:    34556.110    34556.210    34560.120    34606.310    34704.120
  1575:    34706.510    35067.110    35074.120    35116.120    35136.110
  1580:    35244.110    35247.110    35250.110    35254.120    35257.120
  1585:    35275.120    35282.110    35284.110    35288.110    35295.110
  1590:    35302.110    35310.110    35315.110    35320.110    35329.110
  1595:    35333.110    35343.110    35347.110    35357.110    35362.110
  1600:    35377.110    35380.110    35386.110    35391.110    35394.110
  1605:    35400.110    35409.110    35414.120    35427.120    35434.110
  1610:    35437.110    35448.110    35457.110    35471.110    35493.110
  1615:    35497.110    35500.110    35507.110    35517.110    35522.110
  1620:    35533.110    35547.110    35552.110    35554.110    35557.110
  1625:    35564.110    35567.110    35572.110    35579.120    35602.110
  1630:    35608.110    35610.110    35628.110    35688.110    35705.120
  1635:    35711.120    35731.110    36049.110    36049.210    36053.120
  1640:    36099.310    36199.510    36200.120    36351.120    36352.120
  1645:    36360.120    36571.110    36578.110    36596.110    36605.120
  1650:    36615.110    36618.110    36635.110    36659.110    36664.120
  1655:    36676.110    36678.110    36682.110    36693.110    36695.110
  1660:    36711.110    36725.110    36733.120    36751.110    36757.110
  1665:    36760.110    36764.110    36779.110    36782.110    36785.110
  1670:    36791.110    36802.120    36805.120    36816.110    36818.110
  1675:    36821.110    36831.110    36842.110    36854.110    36857.110
  1680:    36861.110    36869.110    36871.110    36879.120    36885.120
  1685:    36892.110    36896.110    36903.110    36910.110    36927.110
  1690:    36932.110    36937.110    36958.110    36968.120    36992.110
  1695:    37001.110    37005.110    37011.110    37015.120    37027.120
  1700:    37058.110    37076.120    37092.110    37097.110    37112.110
  1705:    37152.110    37155.110    37161.120    37187.110    37194.110
  1710:    37201.110    37263.110    37263.210    37267.120    37313.310
  1715:    37413.500    37483.120    37985.120    38000.100    38060.200
  1720:    38064.120    38110.300    38210.500    38212.120    38430.120
  1725:    38654.120    38677.100    38683.100    38688.100    38695.100
  1730:    38696.100    38716.120    38739.100    38742.100    38752.100
  1735:    38754.100    38768.100    38773.120    38777.120    38779.120
  1740:    38794.100    38800.100    38809.100    38812.200    38812.100
  1745:    38818.120    38862.300    38962.510    39527.110    39532.110
  1750:    39537.110    39542.110    39552.110    39576.110    39595.110
  1755:    39599.110    39602.110    39612.110    39618.120    39624.110
  1760:    39629.110    39633.110    39641.110    39649.110    39652.110
  1765:    39654.110    39658.110    39668.110    39672.120    39685.110
  1770:    39689.110    39697.110    39704.110    39713.110    39734.110
  1775:    39741.110    39749.110    39757.110    39761.110    39782.110
  1780:    39787.110    39802.110    39806.110    39812.110    39837.110
  1785:    39846.110    39920.110    39940.120    39964.110    39968.110
  1790:    39973.110    39977.120    40008.110    40008.210    40013.120
  1795:    40058.310    40070.120    40158.540    40215.120    40404.110
  1800:    40407.110    40445.110    40450.120    40515.110    40535.110
  1805:    40542.110    40556.120    40817.110    40819.110    40821.110
  1810:    40824.110    40826.110    40829.110    40833.120    40845.110
  1815:    40853.110    40857.110    40865.110    40883.110    40886.110
  1820:    40890.110    40897.110    40901.120    40917.110    40920.110
  1825:    40922.110    40967.110    40970.110    40979.110    40985.110
  1830:    40991.110    40994.110    41000.110    41004.110    41007.110
  1835:    41010.110    41018.110    41023.110    41025.110    41030.110
  1840:    41037.110    41048.110    41051.110    41053.110    41057.110
  1845:    41068.110    41072.110    41078.120    41143.110    41147.110
  1850:    41150.110    41154.110    41163.110    41165.110    41180.110
  1855:    41188.110    41196.110    41204.110    41211.110    41215.120
  1860:    41232.110    41235.110    41240.110    41244.110    41248.110
  1865:    41253.110    41262.110    41265.110    41274.120    41472.110
  1870:    41482.110    41487.110    41491.110    41495.110    41503.110
  1875:    41526.110    41539.110    41574.110    41581.120    41624.110
  1880:    41637.110    41640.120    41676.110    41685.120    41725.110
  1885:    41729.110    41750.110    41784.110    41790.120    41818.110
  1890:    41836.110    41878.110    41881.110    41887.120    41903.110
  1895:    41914.110    41919.110    41935.110    41958.340    41962.120
  1900:    41982.120    41995.120
E:
     0:     1902.000      392.000      790.000
F:
     0:       70.000       32.082       32.393
G:
     0:        1.000        1.000        1.000        1.000        1.000
     5:        1.000        1.000        1.000        1.000        0.000
H:
     0:        1.000        1.000        2.000        2.000
L:
     0:     6581.000     6212.000    10449.000     8134.000     6261.000
     5:     6258.000     6418.000     6216.000     6358.000     6105.000
    10:     6263.000     6124.000     6183.000     9271.000     6599.000
    15:     6885.000     6577.000     6111.000
R:
     0:        1.000        1.000        1.000        1.000        1.000
     5:        1.000        1.000        1.000        1.000        0.000
S:
     0:        1.000        0.000
U:
     0:    10449.000        2.000        0.000
X:
     0:        0.000      384.001      462.002      588.003      611.004
     5:      616.005      620.006      626.007      629.008      636.009
    10:      648.009      698.000      698.000      862.001     1085.002
    15:     1096.003     1101.004     1104.005     1110.006     1112.007
    20:     1125.008     1134.009     1138.010     1141.011     1144.012
    25:     1151.013     1163.014     1167.015     1169.016     1175.017
    30:     1182.018     1203.019     1249.020     1258.021     1262.022
    35:     1266.023     1268.024     1280.025     1283.026     1287.027
    40:     1309.027     1309.028     1359.000     1359.000     1359.119
    45:     1359.120     1359.121     1359.122     1359.123     1359.124
    50:     1359.125     1359.126     1359.127     1359.128     1359.129
    55:     1359.130     1359.131     1359.132     1359.133     1359.134
    60:     1359.135     1359.136     1359.137     1359.138     1359.139
    65:     1359.140     1359.141     1359.142     1359.143     1359.144
    70:     1359.145     1359.146     1359.147     1359.148     1359.149
    75:     1359.150     1359.151     1359.152     1359.153     1359.153
    80:     1359.000     1359.000     1359.001     1359.002     1359.003
    85:     1359.004     1359.005     1359.006     1359.007     1359.008
    90:     1359.009     1359.010     1359.011     1359.012     1359.013
    95:     1359.013     1359.000     1359.000     1796.001     1801.002
   100:     1810.003     1812.004     1819.005     1825.006     1831.007
   105:     1842.008     1860.009     1863.010     1873.011     1878.012
   110:     1915.013     1925.014     1927.015     1931.016     1935.017
   115:     1939.018     1962.019     1966.020     1975.020     2025.000
   120:     2025.000     2332.002     2404.004     2417.006     2419.008
   125:     2422.010     2427.012     2434.014     2458.016     2461.018
   130:     2465.020     2477.022     2480.024     2489.026     2498.028
   135:     2503.030     2511.032     2517.034     2521.036     2527.038
   140:     2534.040     2535.042     2539.044     2556.046     2562.048
   145:     2565.050     2572.052     2575.054     2581.056     2584.058
   150:     2586.060     2615.062     2631.064     2638.066     2675.068
   155:     2698.070     2703.072     2791.074     2928.076     3711.078
   160:     5877.001     5898.002     5905.003     5990.004     5996.005
   165:     6004.006     6006.007     6028.008     6032.009     6040.010
   170:     6049.011     6053.012     6057.013     6064.014     6069.015
   175:     6075.016     6088.016     6138.000     6138.000     6709.001
   180:     6724.002     6730.003     6734.004     6741.005     6745.006
   185:     6749.007     6756.008     6760.009     6769.009     6819.000
   190:     6819.000     7211.001     7235.002     7242.003     7277.004
   195:     7281.005     7283.006     7297.007     7313.008     7317.009
   200:     7325.010     7332.011     7370.012     7384.013     7388.014
   205:     7390.015     7394.016     7401.017     7409.018     7420.019
   210:     7430.019     7432.020     7480.000     7480.000     8045.001
   215:     8052.002     8060.003     8073.004     8077.005     8092.006
   220:     8105.006     8155.000     8155.000     8672.001     8676.002
   225:     8682.003     8686.004     8689.005     8695.006     8705.007
   230:     8713.008     8717.009     8739.010     8741.011     8745.012
   235:     8748.013     8755.013     8805.000     8805.000     9193.002
   240:     9197.004     9206.006     9209.008     9213.010     9222.012
   245:     9224.014     9226.016     9246.018     9269.020     9271.022
   250:     9280.024     9282.026     9289.028     9295.030     9308.032
   255:     9317.034     9355.036     9370.038     9373.040     9388.042
   260:     9394.044     9395.046     9512.048     9516.050     9518.052
   265:     9528.054     9533.056     9540.058     9662.060     9727.062
   270:     9824.064     9831.066     9914.068     9925.070     9948.072
   275:     9951.074     9993.076    10005.078    10008.080    10015.082
   280:    10017.084    10020.086    10060.088    10071.090    10075.092
   285:    10077.094    10080.096    10088.098    10095.100    14006.001
   290:    14018.002    14026.003    14027.004    14037.005    14040.006
   295:    14048.007    14051.008    14087.009    14090.010    14100.011
   300:    14106.012    14110.013    14125.014    14128.015    14130.016
   305:    14147.016    14197.000    14197.000    14689.001    14698.002
   310:    14699.003    14700.004    14708.005    14739.006    14741.007
   315:    14744.008    14751.009    14753.010    14755.011    14764.012
   320:    14767.013    14780.014    14782.015    14791.016    14793.017
   325:    14799.017    14849.000    14849.000    15372.001    15387.002
   330:    15397.003    15409.004    15440.005    15442.006    15449.007
   335:    15457.007    15507.000    15507.000    16364.001    16365.002
   340:    16373.003    16376.004    16386.005    16396.006    16399.007
   345:    16414.008    16424.008    16474.000    16474.000    16959.001
   350:    17063.002    17073.003    17084.004    17089.005    17095.006
   355:    17100.007    17103.008    17118.009    17123.009    17173.000
   360:    17173.000    17791.001    17801.002    17811.003    17814.004
   365:    17817.005    17821.006    17826.007    17850.008    17851.008
   370:    17901.000    17901.000    18488.001    18548.001    18598.000
   375:    18598.000    19064.001    19070.002    19075.003    19082.004
   380:    19083.005    19126.006    19129.007    19139.008    19141.009
   385:    19155.010    19181.011    19187.012    19196.013    19199.013
   390:    19199.014    19249.000
Y:
     0:        0.000        6.001       12.002       50.003       65.004
     5:      185.005      212.006      219.007      252.008      255.009
    10:      257.010      273.011      282.012      291.013      321.014
    15:      325.015      332.016      344.017      359.018      362.019
    20:      412.020      422.021      441.022      443.023      452.024
    25:      490.025      517.026      520.027      523.028      529.029
    30:      572.030      572.030      622.000      622.000     1108.001
    35:     1111.002     1136.003     1152.004     1162.005     1178.006
    40:     1187.007     1231.008     1256.009     1261.010     1274.011
    45:     1277.012     1288.013     1288.013     1338.000     1338.000
    50:     1665.001     1845.002     1853.003     1864.004     1891.005
    55:     1895.006     1897.007     1902.008     1910.009     1918.010
    60:     1927.011     1935.012     1938.013     1948.014     1955.015
    65:     1962.016     1966.017     1980.018     1983.019     1985.020
    70:     1989.021     1996.022     1996.022     2046.000     2046.000
    75:     2529.002     2547.004     2556.006     2559.008     2576.010
    80:     2586.012     2589.014     2591.016     2615.018     2618.020
    85:     2623.022     2631.024     2659.026     2662.028     2665.030
    90:     2675.032     2688.034     2698.036     2702.038     2707.040
    95:     2722.042     2727.044     2731.046     2737.048     2752.050
   100:     2771.052     2775.054     2783.056     2792.058     2802.060
   105:     2813.062     2828.064     2868.066     2937.068     2946.070
   110:     2949.072     2964.074     2971.076     2981.078     2995.080
   115:     3005.082     3009.084     3012.086     3021.088     3042.090
   120:     3076.092     3078.094     3150.096     3154.098     3159.100
   125:     3194.102     3413.104     3417.106     3477.108     3485.110
   130:     3492.112     3568.114     3813.116     3819.118     6135.001
   135:     6388.002     6434.003     6437.004     6439.005     6444.006
   140:     6456.007     6466.008     6470.009     6479.010     6482.011
   145:     6487.012     6498.013     6501.014     6509.015     6512.016
   150:     6518.017     6542.018     6545.019     6552.020     6566.021
   155:     6619.022     6622.023     6626.024     6632.025     6646.026
   160:     6655.027     6663.028     6672.029     6677.030     6682.031
   165:     6700.032     6703.033     6717.034     6734.035     6748.036
   170:     6748.036     6798.000     6798.000     6938.001     6982.002
   175:     6986.003     7116.004     7338.005     7347.006     7357.007
   180:     7363.008     7373.009     7392.010     7404.011     7406.012
   185:     7408.013     7423.014     7423.014     7473.000     7473.000
   190:     7527.001     7677.002     7785.003     7821.004     7826.005
   195:     8096.006     8096.006     8146.000     8146.000     8146.079
   200:     8146.080     8146.081     8146.082     8146.083     8146.084
   205:     8146.085     8146.086     8146.087     8146.088     8146.089
   210:     8146.090     8146.091     8146.092     8146.093     8146.094
   215:     8146.095     8146.096     8146.097     8146.098     8146.099
   220:     8146.100     8146.101     8146.102     8146.103     8146.104
   225:     8146.105     8146.106     8146.107     8146.108     8146.109
   230:     8146.110     8146.111     8146.112     8146.113     8146.114
   235:     8146.115     8146.116     8146.117     8146.118     8146.119
   240:     8146.120     8146.121     8146.122     8146.123     8146.124
   245:     8146.125     8146.126     8146.127     8146.128     8146.129
   250:     8146.130     8146.131     8146.132     8146.133     8146.134
   255:     8146.134     8146.000     8146.000     8146.001     8146.002
   260:     8146.003     8146.004     8146.005     8146.006     8146.007
   265:     8146.008     8146.009     8146.010     8146.011     8146.012
   270:     8146.013     8146.014     8146.015     8146.016     8146.016
   275:     8146.000     8146.000     8379.001     8707.002     8713.003
   280:     8718.004     8728.005     8735.006     8740.007     8743.008
   285:     8745.009     8752.010     8755.011     8763.012     8780.013
   290:     8780.013     8830.000     8830.000     9311.001     9332.002
   295:     9341.003     9348.004     9352.005     9356.006     9382.007
   300:     9386.008     9398.009     9402.010     9404.011     9406.012
   305:     9410.013     9412.014     9415.015     9424.016     9441.017
   310:     9444.018     9455.019     9455.019     9505.000     9505.000
   315:     9815.001     9822.002     9856.003     9860.004    10023.005
   320:    10027.006    10031.007    10042.008    10063.009    10072.010
   325:    10075.011    10080.012    10089.013    10091.014    10102.015
   330:    10105.016    10114.017    10121.018    10126.019    10126.019
   335:    10176.000    10176.000    10176.102    10176.104    10176.106
   340:    10176.108    10176.110    10176.112    10176.114    10176.116
   345:    10176.118    10176.120    10176.122    10176.124    10176.126
   350:    10176.128    10176.130    10176.132    10176.134    10176.136
   355:    10176.138    10176.140    10176.142    10176.144    10176.146
   360:    10176.148    10176.150    10176.152    10176.154    10176.156
   365:    10176.158    10176.160    10176.162    10176.164    10176.166
   370:    10176.168    10176.170    10176.172    10176.174    10176.176
   375:    10176.178    10176.180    10176.182    10176.184    10176.186
   380:    10176.188    10176.190    10176.192    10176.194    10176.196
   385:    10176.198    10176.200    10176.202    10176.204    10176.206
   390:    10176.208    10176.210    10176.211    10176.212    10176.213
   395:    10176.214    10176.215    10176.216    10176.217    10176.218
   400:    10176.219    10176.220    10176.221    10176.222    10176.223
   405:    10176.224    10176.225    10176.226    10176.227    10176.228
   410:    10176.228    10176.000    10176.000    10574.001    10630.002
   415:    10633.003    10639.004    10662.005    10664.006    10666.007
   420:    10673.008    10686.009    10697.010    10710.011    10718.012
   425:    10723.013    10727.014    10734.015    10741.016    10745.017
   430:    10762.018    10765.019    10767.020    10776.021    10784.022
   435:    10795.023    10799.024    10799.024    10849.000    10849.000
   440:    11139.001    11281.002    11308.003    11331.004    11337.005
   445:    11344.006    11351.007    11354.008    11367.009    11369.010
   450:    11374.011    11382.012    11389.013    11391.014    11395.015
   455:    11401.016    11415.017    11420.018    11428.019    11440.020
   460:    11452.021    11455.022    11458.023    11465.024    11485.025
   465:    11485.025    11535.000    11535.000    11949.001    11953.002
   470:    11957.003    12162.004    12162.004    12212.000    12212.000
   475:    12682.001    12704.002    12706.003    12710.004    12718.005
   480:    12726.006    12739.007    12751.008    12755.009    12762.010
   485:    12765.011    12770.012    12772.013    12774.014    12790.015
   490:    12793.016    12798.017    12809.018    12825.019    12830.020
   495:    12842.021    12842.021    12892.000    12892.000    13353.001
   500:    13356.002    13361.003    13368.004    13388.005    13393.006
   505:    13400.007    13406.008    13415.009    13424.010    13437.011
   510:    13446.012    13453.013    13464.014    13480.015    13486.016
   515:    13506.017    13510.018    13511.019    13516.020    13525.021
   520:    13542.022    13553.023    13557.024    13573.025    13576.026
   525:    13589.027    13600.028    13604.029    13606.030    13610.031
   530:    13635.032    13647.033    13654.034    13664.035    13678.036
   535:    13691.037    13733.038    13738.039    13816.040    13824.041
   540:    13867.042    13873.043    13900.044    13943.045    13943.045
   545:    13993.000    13993.000    14354.001    14422.002    14531.003
   550:    14534.004    14536.005    14569.006    14571.007    14574.008
   555:    14581.009    14589.010    14597.011    14601.012    14607.013
   560:    14616.014    14619.015    14629.016    14634.017    14643.018
   565:    14648.019    14664.020    14666.021    14673.022    14678.023
   570:    14681.024    14686.025    14696.026    14720.027    14724.028
   575:    14735.029    14744.030    14757.031    14779.032    14783.033
   580:    14786.034    14794.035    14804.036    14809.037    14820.038
   585:    14833.039    14838.040    14840.041    14843.042    14850.043
   590:    14854.044    14859.045    14888.046    14895.047    14896.048
   595:    14915.049    14974.050    15018.051    15335.052    15335.052
   600:    15385.000    15385.000    15757.001    15764.002    15781.003
   605:    15801.004    15804.005    15821.006    15844.007    15862.008
   610:    15864.009    15868.010    15878.011    15881.012    15896.013
   615:    15911.014    15937.015    15942.016    15946.017    15949.018
   620:    15965.019    15968.020    15971.021    15976.022    16002.023
   625:    16004.024    16007.025    16016.026    16028.027    16039.028
   630:    16043.029    16046.030    16055.031    16057.032    16078.033
   635:    16082.034    16089.035    16096.036    16113.037    16118.038
   640:    16123.039    16144.040    16178.041    16187.042    16191.043
   645:    16197.044    16244.045    16278.046    16283.047    16298.048
   650:    16338.049    16341.050    16373.051    16380.052    16387.053
   655:    16449.054    16449.054    16499.000    16499.000    17064.001
   660:    17069.002    17074.003    17079.004    17088.005    17113.006
   665:    17132.007    17136.008    17139.009    17149.010    17161.011
   670:    17166.012    17170.013    17178.014    17186.015    17189.016
   675:    17191.017    17195.018    17205.019    17222.020    17226.021
   680:    17233.022    17241.023    17250.024    17271.025    17278.026
   685:    17286.027    17294.028    17298.029    17319.030    17323.031
   690:    17339.032    17343.033    17349.034    17374.035    17383.036
   695:    17457.037    17501.038    17505.039    17510.040    17545.041
   700:    17545.041    17595.000    17595.000    17840.002    17843.004
   705:    17881.006    17952.008    17972.010    17978.012    18253.014
   710:    18255.016    18257.018    18260.020    18262.022    18265.024
   715:    18282.026    18289.028    18293.030    18301.032    18319.034
   720:    18322.036    18326.038    18333.040    18353.042    18356.044
   725:    18359.046    18403.048    18406.050    18416.052    18421.054
   730:    18427.056    18430.058    18436.060    18440.062    18443.064
   735:    18447.066    18454.068    18459.070    18461.072    18466.074
   740:    18474.076    18484.078    18488.080    18490.082    18493.084
   745:    18505.086    18508.088    18579.090    18583.092    18587.094
   750:    18591.096    18599.098    18602.100    18616.102    18624.104
   755:    18632.106    18640.108    18647.110    18668.112    18671.114
   760:    18676.116    18681.118    18685.120    18689.122    18698.124
   765:    18701.126    18908.128    18918.130    18923.132    18927.134
   770:    18931.136    18939.138    18962.140    18975.142    19010.144
   775:    19060.146    19073.148    19113.150    19161.152    19165.154
   780:    19186.156    19220.158    19254.160    19272.162    19314.164
   785:    19317.166    19339.168    19350.170    19355.172    19371.174
