File: C:\MED-PC\Data\2018-06-06_09h45m_Subject M327.txt


Start Date: 06/06/18
End Date: 06/06/18
Subject: M327
Experiment: DOBLE_PICO_ACO
Group: EXP
Box: 10
Start Time: 09:45:53
End Time: 10:59:13
MSN: IF_ACO_MULTIPLE_PICO
A:      64.000
B:      19.000
D:      21.000
I:       1.000
J:   18000.000
K:    5400.000
M:       2.000
N:      20.000
O:      21.000
P:     541.000
Q:       0.000
T:    1000.000
V:     600.000
W:      19.000
Z:       0.000
C:
     0:        0.120        0.120        0.120        0.120        0.120
     5:        0.120        0.120        0.120        0.120        0.120
    10:        0.510       83.120      101.110      256.120      307.110
    15:      309.110      312.110      314.110      316.110      318.110
    20:      323.110      330.110      360.120      379.110      382.110
    25:      386.110      394.110      395.110      401.110      405.110
    30:      409.110      416.110      422.110      427.110      430.110
    35:      440.110      443.110      446.110      448.110      450.110
    40:      456.110      458.110      470.110      478.110      480.110
    45:      598.120      607.110      607.210      609.110      612.120
    50:      657.310      757.510     1114.120     1141.120     1147.110
    55:     1169.110     1173.110     1175.110     1178.110     1220.110
    60:     1294.120     1309.110     1309.210     1313.120     1359.310
    65:     1459.510     1898.120     1935.120     1944.110     1949.110
    70:     1953.110     1957.110     1959.110     1961.110     1965.110
    75:     1971.110     1974.110     1981.110     1982.110     1985.110
    80:     1986.110     1990.110     1992.110     1996.110     1999.110
    85:     2012.110     2012.210     2015.110     2017.120     2062.310
    90:     2162.500     2335.120     2500.120     2655.120     2664.120
    95:     2668.100     2742.120     2749.100     2809.200     2831.120
   100:     2859.300     2904.120     2959.500     3113.120     3442.120
   105:     3448.120     3462.120     3464.120     3466.120     3477.100
   110:     3535.100     3595.200     3606.120     3645.300     3681.120
   115:     3745.500     3913.120     3919.120     4414.120     4438.100
   120:     4498.200     4519.120     4548.300     4648.500     4727.120
   125:     4729.120     4895.120     5214.120     5225.100     5285.200
   130:     5297.120     5335.300     5435.510     5621.110     5929.120
   135:     5967.110     5971.110     5979.110     5985.110     5986.110
   140:     5987.110     5992.110     6000.110     6006.110     6011.110
   145:     6023.110     6031.110     6192.120     6201.110     6201.210
   150:     6203.110     6206.120     6251.310     6351.510     7140.120
   155:     7163.120     7174.120     7182.110     7182.210     7187.120
   160:     7232.310     7332.530     7527.120     7532.120     7765.120
   165:     7798.120     7972.120     7984.100     8105.120     8135.100
   170:     8377.120     8378.120     9051.120     9053.120     9055.120
   175:     9067.120     9073.100     9132.330     9232.510     9269.120
   180:     9277.120     9300.110     9303.110     9307.110     9313.110
   185:     9316.110     9321.110     9372.110     9392.110     9395.110
   190:     9476.120     9494.110     9500.110     9504.110     9509.110
   195:     9511.110     9512.110     9517.110     9524.110     9528.110
   200:     9535.110     9536.110     9540.110     9545.110     9548.110
   205:     9551.110     9558.110     9568.110     9571.110     9574.110
   210:     9577.110     9590.120     9612.110     9626.110     9631.110
   215:     9632.110     9634.110     9640.110     9655.110     9658.110
   220:     9663.110     9665.110     9672.110     9713.110     9716.110
   225:     9721.110     9856.120     9859.120     9860.120     9869.110
   230:     9871.110     9880.110     9880.210     9885.120     9930.310
   235:     9962.120    10030.500    10197.120    10592.120    10616.100
   240:    10676.200    10686.120    10726.300    10826.510    10999.120
   245:    11259.120    11461.120    11469.110    11474.110    11474.210
   250:    11481.120    11524.310    11624.540    11775.120    11800.120
   255:    12196.120    12254.110    12259.110    12265.110    12266.110
   260:    12274.110    12281.110    12286.110    12300.110    12307.120
   265:    12329.110    12332.110    12334.110    12339.110    12346.110
   270:    12351.110    12354.110    12357.110    12359.110    12368.120
   275:    12382.110    12384.110    12387.110    12392.110    12394.110
   280:    12400.110    12406.110    12417.110    12420.110    12424.110
   285:    12426.110    12429.110    12435.110    12441.120    12483.110
   290:    12541.120    12561.110    12563.110    12568.110    12573.110
   295:    12589.110    12594.110    12596.110    12598.110    12601.110
   300:    12608.110    12615.110    12618.110    12622.110    12632.110
   305:    12635.110    12639.110    12646.120    12735.110    13141.120
   310:    13298.120    13308.110    13350.110    13358.110    13363.120
   315:    13396.120    13403.110    13412.110    13416.110    13418.110
   320:    13423.110    13424.340    13451.120    13524.500    13541.100
   325:    13675.120    13692.100    13697.100    13920.120    13945.100
   330:    13956.100    14044.100    14089.120    14107.100    14109.100
   335:    14145.120    14167.200    14173.120    14217.300    14317.500
   340:    14978.120    14995.120    15232.120    15408.120    15421.120
   345:    15432.100    15492.200    15504.120    15542.300    15582.120
   350:    15642.510    15713.120    15847.120    15931.110    15952.120
   355:    15963.120    16011.110    16057.110    16061.110    16061.110
   360:    16181.110    16189.120    16230.110    16238.110    16248.110
   365:    16255.110    16257.110    16264.110    16268.110    16270.110
   370:    16274.110    16280.110    16288.110    16288.210    16293.120
   375:    16338.310    16438.500    16839.120    17065.120    17073.100
   380:    17133.200    17143.120    17183.300    17283.510    17438.120
   385:    17666.120    17668.120    17708.120    17734.120    17938.110
   390:    17938.210    17942.120    17988.310    18088.510    18181.120
   395:    18201.120    18202.120    18298.110    18544.120    18588.120
   400:    18597.110    18601.110    18605.110    18609.110    18614.110
   405:    18617.110    18626.110    18628.110    18633.110    18639.110
   410:    18641.110    18643.110    18649.110    18655.120    18671.110
   415:    18673.110    18678.110    18683.110    18685.110    18689.110
   420:    18694.110    18696.110    18705.110    18741.120    18749.110
   425:    18749.210    18756.120    18799.310    18899.500    19059.120
   430:    19270.120    19279.120    19289.100    19577.120    19585.100
   435:    19645.200    19654.120    19695.300    19795.500    20071.120
   440:    20439.120    20446.100    20506.200    20513.120    20556.300
   445:    20656.510    20844.120    21092.120    21098.110    21104.110
   450:    21113.110    21117.120    21148.110    21150.110    21152.110
   455:    21156.110    21160.110    21161.110    21167.110    21178.110
   460:    21185.110    21188.110    21205.120    21219.110    21231.110
   465:    21233.110    21235.110    21237.110    21243.110    21248.110
   470:    21254.110    21259.110    21266.110    21336.110    21336.210
   475:    21341.120    21386.310    21425.120    21472.120    21486.530
   480:    21504.120    21537.120    22004.120    22015.100    22258.120
   485:    22270.100    22273.100    22360.120    22534.120    22552.120
   490:    22565.120    22577.100    22665.120    22666.120    22675.120
   495:    22716.100    22744.100    22763.120    22768.120    23196.100
   500:    23236.100    23286.330    23386.510    23481.110    23488.120
   505:    23490.120    23494.120    23500.120    23502.120    23506.120
   510:    23513.120    23631.120    23683.120    23689.120    23694.120
   515:    23831.120    23852.110    23854.110    23859.110    23863.110
   520:    23864.110    23866.110    23872.110    23880.110    23885.110
   525:    23899.110    23908.110    23910.110    23912.110    23915.110
   530:    23916.110    23922.110    23927.110    23933.110    23939.110
   535:    23942.110    23946.110    23953.110    23955.110    23964.110
   540:    23967.110    23970.120    23990.110    23993.110    23999.110
   545:    24003.110    24010.110    24011.110    24016.110    24019.110
   550:    24030.110    24034.110    24034.210    24041.120    24084.310
   555:    24120.120    24184.500    24391.120    24744.120    24753.120
   560:    24785.120    24811.100    24871.200    24882.120    24921.300
   565:    25021.500    25342.120    25556.120    25581.120    25583.120
   570:    25953.120    25962.120    25970.100    26030.200    26039.120
   575:    26080.300    26180.510    26435.120    26595.120    26597.120
   580:    26598.120    26685.120    26778.110    26782.110    26826.110
   585:    26826.210    26831.120    26876.310    26976.510    27102.120
   590:    27296.120    27387.120    27397.110    27447.110    27462.120
   595:    27481.110    27489.110    27508.110    27513.110    27516.110
   600:    27527.110    27529.110    27540.120    27624.120    27630.110
   605:    27630.210    27635.120    27680.310    27780.510    27990.120
   610:    28015.120    28261.120    28302.110    28306.110    28351.110
   615:    28354.110    28369.120    28389.110    28393.110    28398.110
   620:    28403.110    28404.110    28407.110    28411.110    28414.110
   625:    28418.110    28420.110    28421.110    28425.110    28430.110
   630:    28430.210    28436.120    28480.310    28580.540    28834.120
   635:    28859.120    29081.120    29271.120    29278.110    29285.110
   640:    29288.110    29291.110    29295.110    29313.110    29316.110
   645:    29347.120    29355.110    29357.110    29361.110    29365.110
   650:    29372.110    29389.110    29392.110    29404.110    29423.110
   655:    29426.110    29429.110    29430.110    29432.110    29435.110
   660:    29437.110    29443.110    29445.110    29453.110    29459.110
   665:    29462.120    29484.110    29486.110    29495.110    29497.110
   670:    29500.110    29502.110    29506.110    29509.110    29512.110
   675:    29529.110    29532.110    29538.120    29561.110    29569.110
   680:    29572.110    29574.110    29589.110    29605.110    29607.110
   685:    29627.110    29641.110    29645.110    29652.110    29669.110
   690:    29673.110    29675.110    29913.110    29917.110    29926.110
   695:    29931.110    29937.110    29941.110    29949.110    29984.110
   700:    29989.110    30013.120    30380.340    30480.500    30535.120
   705:    30539.120    30541.120    30549.100    30914.120    30926.100
   710:    30945.100    31068.120    31174.100    31234.200    31249.120
   715:    31284.300    31384.500    31410.120    31911.120    31934.100
   720:    31994.200    32003.120    32044.300    32144.500    32342.120
   725:    32390.120    32517.100    32568.120    32578.100    32759.120
   730:    32763.120    32789.100    32849.200    32861.120    32899.300
   735:    32933.120    32999.510    33062.120    33460.120    33749.110
   740:    33749.210    33754.120    33799.310    33843.120    33850.120
   745:    33860.120    33899.500    33937.120    34159.120    34186.100
   750:    34342.120    34356.100    34556.120    34564.120    34574.100
   755:    34599.100    34634.200    34642.120    34684.300    34727.120
   760:    34784.510    35030.120    35311.120    35414.120    35438.110
   765:    35438.210    35443.120    35488.310    35588.510    35867.120
   770:    36227.120    36259.110    36259.210    36264.120    36309.310
   775:    36409.500    36641.120    36803.100    36854.120    36865.100
   780:    36993.120    37036.120    37045.100    37105.200    37114.120
   785:    37155.300    37255.500    37475.120    37683.120    37701.120
   790:    37791.120    37950.100    38010.200    38031.120    38060.300
   795:    38160.510    38276.120    38313.110    38509.110    38516.110
   800:    38652.120    38673.110    38675.110    38681.110    38684.110
   805:    38689.110    38692.120    38718.110    38724.110    38730.110
   810:    38732.110    38738.110    38746.110    38750.110    38754.110
   815:    38759.110    38760.110    38762.110    38763.110    38865.120
   820:    38879.110    38879.210    38881.110    38883.120    38929.310
   825:    39029.510    39181.120    39284.120    39442.120    39469.110
   830:    39471.110    39526.110    39533.110    39543.110    39548.110
   835:    39553.110    39554.110    39556.110    39560.120    39579.110
   840:    39583.110    39588.110    39595.110    39598.110    39601.110
   845:    39603.110    39609.110    39620.110    39627.120    39641.110
   850:    39644.110    39647.110    39654.110    39662.110    39668.110
   855:    39670.110    39675.110    39675.210    39680.120    39725.310
   860:    39825.500    39996.120    40297.120    40339.100    40469.100
   865:    40529.200    40539.120    40579.300    40679.510    40833.120
   870:    40872.110    40922.110    41077.120    41095.120    41110.120
   875:    41128.120    41129.120    41132.120    41347.120    41367.110
   880:    41367.210    41371.120    41417.310    41517.500    41547.120
   885:    41582.120    41598.120    41615.120    41813.100    41927.120
   890:    41942.100
E:
     0:      891.000      111.000      488.000
F:
     0:       70.000       27.713       36.757
G:
     0:        1.000        1.000        1.000        1.000        1.000
     5:        1.000        1.000        1.000        1.000        0.000
H:
     0:        1.000        1.000        2.000        2.000
L:
     0:     6572.000     6455.000     7637.000     6463.000     6558.000
     5:     6526.000    11846.000     7044.000     7559.000     7212.000
    10:     6976.000    10182.000     7640.000     6199.000     7147.000
    15:     7450.000     7054.000     7658.000     7146.000
R:
     0:        1.000        1.000        1.000        1.000        1.000
     5:        1.000        1.000        1.000        1.000        0.000
S:
     0:        1.000        1.000
U:
     0:     6455.000        1.000        0.000
X:
     0:        0.000      506.001      587.002      647.002      697.000
     5:      697.000     1214.001     1272.002     1332.002     1382.000
    10:     1382.000     2075.001     2135.001     2185.000     2185.000
    15:     2761.001     2821.001     2871.000     2871.000     3522.002
    20:     3674.004     4611.006     6154.001     6214.001     6264.000
    25:     6264.000     6264.113     6264.114     6264.115     6264.116
    30:     6264.117     6264.118     6264.119     6264.120     6264.120
    35:     6264.000     6264.000     6264.001     6264.001     6264.000
    40:     6264.000     6898.001     6958.001     7008.000     7008.000
    45:     7397.001     7693.002     7753.002     7803.000     7803.000
    50:     8454.001     8514.001     8564.000     8564.000     9092.002
    55:     9348.004     9351.006     9654.008     9794.010     9821.012
    60:    10274.014    10314.016    11889.001    11949.001    11999.000
    65:    11999.000    12947.001    13007.001    13057.000    13057.000
    70:    13057.121    13057.122    13057.123    13057.124    13057.124
    75:    13057.000    13057.000    13057.001    13057.001    13057.000
    80:    13057.000    13057.001    13057.002    13057.003    13057.003
    85:    13057.000    13057.000    13343.001    13514.002    13731.003
    90:    13757.004    13792.004    13842.000    13842.000    14235.001
    95:    14297.002    14477.003    14537.003    14587.000    14587.000
   100:    15282.001    15342.001    15392.000    15392.000    15905.001
   105:    16036.002    16096.002    16146.000    16146.000    16442.001
   110:    16570.002
Y:
     0:        0.000      101.001      306.002      309.003      312.004
     5:      314.005      316.006      318.007      323.008      330.009
    10:      379.010      382.011      386.012      394.013      395.014
    15:      401.015      405.016      409.017      416.018      422.019
    20:      427.020      430.021      440.022      443.023      446.024
    25:      448.025      450.026      456.027      458.028      469.029
    30:      477.030      480.031      607.032      607.032      609.033
    35:      657.000      657.000     1046.001     1068.002     1072.003
    40:     1074.004     1077.005     1119.006     1208.007     1208.007
    45:     1258.000     1258.000     1743.001     1747.002     1751.003
    50:     1756.004     1757.005     1759.006     1764.007     1769.008
    55:     1772.009     1780.010     1781.011     1783.012     1785.013
    60:     1788.014     1790.015     1794.016     1798.017     1810.018
    65:     1810.018     1813.019     1860.000     1860.000     2045.001
    70:     2391.002     2395.003     2403.004     2409.005     2410.006
    75:     2412.007     2417.008     2424.009     2430.010     2436.011
    80:     2448.012     2456.013     2626.014     2626.014     2628.015
    85:     2676.000     2676.000     3506.001     3506.001     3556.000
    90:     3556.000     3556.007     3556.008     3556.009     3556.010
    95:     3556.011     3556.012     3556.013     3556.014     3556.015
   100:     3556.016     3556.017     3556.018     3556.019     3556.020
   105:     3556.021     3556.022     3556.023     3556.024     3556.025
   110:     3556.026     3556.027     3556.028     3556.029     3556.030
   115:     3556.031     3556.032     3556.033     3556.034     3556.035
   120:     3556.036     3556.037     3556.038     3556.039     3556.040
   125:     3556.041     3556.042     3556.043     3556.044     3556.045
   130:     3556.046     3556.047     3556.048     3556.049     3556.050
   135:     3556.051     3556.052     3556.052     3556.000     3556.000
   140:     4199.001     4204.002     4204.002     4254.000     4254.000
   145:     4883.002     4888.004     4894.006     4895.008     4903.010
   150:     4910.012     4915.014     4929.016     4958.018     4961.020
   155:     4963.022     4968.024     4975.026     4980.028     4983.030
   160:     4986.032     4988.034     5011.036     5013.038     5016.040
   165:     5021.042     5023.044     5029.046     5035.048     5046.050
   170:     5049.052     5053.054     5055.056     5058.058     5064.060
   175:     5112.062     5190.064     5192.066     5197.068     5202.070
   180:     5218.072     5223.074     5225.076     5227.078     5230.080
   185:     5237.082     5244.084     5247.086     5251.088     5261.090
   190:     5264.092     5268.094     5364.096     5937.098     5979.100
   195:     5987.102     6032.104     6041.106     6045.108     6047.110
   200:     6052.112     8560.001     8640.002     8686.003     8690.004
   205:     8690.005     8810.006     8859.007     8867.008     8877.009
   210:     8884.010     8886.011     8893.012     8897.013     8899.014
   215:     8903.015     8909.016     8917.017     8917.017     8967.000
   220:     8967.000     9622.001     9622.001     9672.000     9672.000
   225:     9881.001    10180.002    10184.003    10188.004    10193.005
   230:    10198.006    10200.007    10209.008    10211.009    10216.010
   235:    10223.011    10225.012    10226.013    10232.014    10255.015
   240:    10257.016    10261.017    10266.018    10268.019    10273.020
   245:    10278.021    10280.022    10288.023    10333.024    10333.024
   250:    10383.000    10383.000    10824.001    10830.002    10839.003
   255:    10874.004    10876.005    10878.006    10882.007    10886.008
   260:    10887.009    10893.010    10904.011    10911.012    10914.013
   265:    10945.014    10957.015    10959.016    10961.017    10963.018
   270:    10969.019    10974.020    10980.021    10985.022    10992.023
   275:    11062.024    11062.024    11112.000    11112.000    11112.017
   280:    11112.018    11112.019    11112.020    11112.021    11112.022
   285:    11112.023    11112.024    11112.025    11112.026    11112.027
   290:    11112.028    11112.029    11112.030    11112.031    11112.032
   295:    11112.033    11112.034    11112.035    11112.036    11112.037
   300:    11112.038    11112.039    11112.040    11112.041    11112.042
   305:    11112.043    11112.044    11112.045    11112.046    11112.047
   310:    11112.048    11112.049    11112.050    11112.051    11112.052
   315:    11112.052    11112.000    11112.000    11710.001    11714.002
   320:    11758.003    11758.003    11808.000    11808.000    12229.001
   325:    12279.002    12313.003    12321.004    12340.005    12345.006
   330:    12348.007    12359.008    12361.009    12462.010    12462.010
   335:    12512.000    12512.000    13033.001    13037.002    13082.003
   340:    13085.004    13120.005    13124.006    13129.007    13134.008
   345:    13135.009    13138.010    13142.011    13145.012    13149.013
   350:    13151.014    13152.015    13156.016    13161.017    13162.017
   355:    13212.000    13212.000    13909.002    13917.004    13919.006
   360:    13922.008    13926.010    13944.012    13947.014    13986.016
   365:    13989.018    13992.020    13996.022    14003.024    14020.026
   370:    14023.028    14035.030    14054.032    14057.034    14060.036
   375:    14062.038    14063.040    14066.042    14068.044    14074.046
   380:    14077.048    14084.050    14090.052    14115.054    14118.056
   385:    14126.058    14129.060    14131.062    14133.064    14137.066
   390:    14140.068    14143.070    14160.072    14163.074    14192.076
   395:    14200.078    14203.080    14205.082    14220.084    14236.086
   400:    14238.088    14258.090    14272.092    14276.094    14283.096
   405:    14301.098    14304.100    14306.102    14545.104    14548.106
   410:    14557.108    14562.110    14569.112    14573.114    14580.116
   415:    14615.118    14620.120    18380.001    18380.001    18430.000
   420:    18430.000    19083.001    19083.001    19133.000    19133.000
   425:    19804.001    19804.001    19854.000    19854.000    20006.001
   430:    20202.002    20209.003    20366.004    20369.005    20374.006
   435:    20377.007    20382.008    20411.009    20417.010    20423.011
   440:    20425.012    20431.013    20440.014    20443.015    20448.016
   445:    20452.017    20454.018    20455.019    20457.020    20572.021
   450:    20572.021    20574.022    20622.000    20622.000    21061.001
   455:    21064.002    21119.003    21126.004    21135.005    21141.006
   460:    21145.007    21147.008    21149.009    21172.010    21176.011
   465:    21181.012    21188.013    21191.014    21194.015    21196.016
   470:    21201.017    21213.018    21233.019    21236.020    21240.021
   475:    21247.022    21254.023    21261.024    21262.025    21267.026
   480:    21267.026    21317.000    21317.000    21509.001    21559.002
   485:    22004.003    22004.003    22054.000
