File: C:\MED-PC\Data\2018-05-02_11h09m_Subject M329.txt


Start Date: 05/02/18
End Date: 05/02/18
Subject: M329
Experiment: DOBLE_PICO_ACO
Group: EXP
Box: 9
Start Time: 11:09:35
End Time: 12:23:00
MSN: IF_ACO_MULTIPLE_PICO
A:     601.000
B:      20.000
D:      20.000
I:       1.000
J:   18000.000
K:    5400.000
M:      23.000
N:      21.000
O:      20.000
P:     802.000
Q:       0.000
T:    1000.000
V:     600.000
W:      20.000
Z:       0.000
C:
     0:        0.120        0.120        0.120        0.120        0.120
     5:        0.120        0.120        0.120        0.120        0.120
    10:        0.120        0.510      243.120      252.120      279.110
    15:      286.120      556.120      560.120      572.110      572.210
    20:      577.120      622.310      627.120      722.510      942.120
    25:      942.120      993.120     1219.120     1226.120     1236.110
    30:     1283.120     1294.110     1294.210     1299.120     1344.310
    35:     1444.500     1561.120     1724.120     1740.120     1745.120
    40:     1764.100     1776.100     1782.120     1815.100     1848.100
    45:     1850.100     1853.100     1866.120     1869.120     1893.120
    50:     1920.120     1928.100     1941.100     1947.100     1951.100
    55:     1953.100     1956.100     1963.100     1963.120     1981.100
    60:     1989.100     1992.100     1995.100     1997.100     2000.100
    65:     2008.120     2011.120     2018.120     2021.120     2036.100
    70:     2047.100     2049.200     2053.120     2099.300     2199.510
    75:     2574.120     2840.110     2840.210     2845.120     2890.310
    80:     2896.120     2990.500     3193.120     3250.100     3255.100
    85:     3258.100     3260.100     3266.120     3271.120     3272.120
    90:     3277.120     3280.120     3290.100     3294.100     3297.100
    95:     3302.100     3307.100     3311.100     3316.100     3319.120
   100:     3333.100     3336.100     3339.100     3341.100     3344.100
   105:     3348.100     3353.100     3359.120     3377.100     3379.100
   110:     3381.100     3383.100     3385.100     3388.100     3391.100
   115:     3395.100     3397.100     3400.100     3402.120     3406.120
   120:     3407.120     3410.120     3427.100     3433.100     3436.100
   125:     3437.100     3438.100     3440.100     3442.100     3449.100
   130:     3457.100     3460.100     3463.100     3472.120     3475.120
   135:     3478.120     3504.100     3508.100     3510.100     3512.100
   140:     3513.100     3517.100     3520.100     3525.100     3539.100
   145:     3543.100     3546.100     3550.100     3553.100     3563.100
   150:     3565.100     3567.100     3570.100     3573.100     3579.120
   155:     3582.120     3585.120     3599.200     3601.120     3649.300
   160:     3749.500     3916.120     4196.100     4208.100     4212.100
   165:     4215.100     4220.100     4226.100     4232.100     4233.120
   170:     4291.120     4298.120     4309.100     4313.100     4316.100
   175:     4318.100     4321.100     4326.100     4335.100     4347.100
   180:     4351.100     4357.120     4369.200     4372.120     4419.300
   185:     4519.540     4728.120     4729.120     5113.120     5125.110
   190:     5132.120     5148.110     5154.110     5158.110     5160.110
   195:     5166.110     5166.120     5177.120     5182.110     5193.110
   200:     5196.110     5199.110     5204.120     5211.120     5225.110
   205:     5227.110     5231.110     5233.110     5242.110     5249.120
   210:     5265.120     5285.110     5289.110     5323.110     5330.110
   215:     5333.110     5336.110     5339.110     5342.110     5345.110
   220:     5352.120     5360.120     5382.110     5399.110     5400.110
   225:     5405.110     5408.120     5614.110     5620.110     5690.110
   230:     5696.110     5702.120     5727.120     5733.120     5735.120
   235:     5756.120     5762.120     5770.120     5774.120     5789.120
   240:     5789.120     5800.120     5802.120     5803.120     5805.120
   245:     5809.120     5830.120     5841.110     5844.110     5847.110
   250:     5851.110     5859.120     5873.120     5897.110     5905.110
   255:     5906.110     5909.110     5914.110     5920.110     5923.110
   260:     5924.110     5927.110     5934.110     5941.110     5948.110
   265:     5951.120     6007.120     6012.120     6024.110     6031.110
   270:     6032.110     6034.110     6036.110     6038.110     6042.110
   275:     6044.110     6049.110     6052.110     6060.110     6063.110
   280:     6065.110     6070.110     6088.110     6092.110     6094.110
   285:     6097.110     6107.120     6186.120     6193.120     6194.120
   290:     6215.110     6222.120     6226.120     6247.120     6250.120
   295:     6262.120     6273.120     6287.110     6293.110     6296.120
   300:     6306.120     6306.120     6312.120     6319.340     6326.120
   305:     6340.120     6343.120     6347.120     6349.120     6351.120
   310:     6358.120     6364.120     6369.120     6374.120     6375.120
   315:     6419.530     6438.100     6443.120     6447.120     6449.120
   320:     6458.120     6492.120     6931.100     6938.100     6949.100
   325:     6952.100     6957.120     6961.120     6968.120     6980.100
   330:     6984.100     6988.100     6992.100     6994.100     6996.100
   335:     7003.120     7015.120     7028.100     7040.100     7050.100
   340:     7055.100     7058.120     7061.120     7063.120     7066.120
   345:     7067.120     7067.120     7075.120     7081.120     7083.120
   350:     7089.120     7106.100     7110.100     7113.100     7114.100
   355:     7118.100     7122.100     7127.100     7130.120     7134.120
   360:     7137.120     7149.120     7152.120     7156.120     7175.120
   365:     7177.120     7184.120     7184.120     7187.120     7191.120
   370:     7192.120     7208.100     7227.100     7231.100     7236.100
   375:     7242.100     7245.100     7248.100     7254.100     7257.100
   380:     7260.100     7264.120     7267.120     7269.120     7613.100
   385:     7620.100     7623.100     7627.100     7631.100     7635.120
   390:     7642.120     7643.120     7720.100     7791.100     7802.100
   395:     7808.100     7821.100     7825.100     7829.120     7839.100
   400:     7842.100     7846.100     7849.100     7851.100     7855.100
   405:     7861.120     7883.120     7899.100     7903.100     7904.100
   410:     7908.100     7910.100     7916.100     7918.100     7921.100
   415:     7924.120     7928.120     7930.120     7936.120     7950.120
   420:     8017.100     8024.100     8219.330     8319.510     8324.120
   425:     8340.120     8342.120     8343.120     8360.110     8363.110
   430:     8368.110     8370.120     8483.120     8494.110     8501.110
   435:     8503.110     8506.110     8508.110     8512.110     8515.120
   440:     8520.120     8531.110     8538.110     8542.110     8547.110
   445:     8552.110     8555.110     8566.110     8569.110     8570.110
   450:     8573.110     8577.110     8580.110     8586.110     8602.110
   455:     8605.110     8606.110     8610.110     8618.110     8621.110
   460:     8635.110     8645.110     8653.110     8657.110     8659.110
   465:     8664.110     8665.120     8677.110     8683.110     8687.110
   470:     8693.110     8694.110     8704.110     8706.110     8708.110
   475:     8709.110     8714.110     8718.110     8729.110     8740.110
   480:     8808.110     8810.110     8817.110     8890.110     8893.110
   485:     8900.120     8917.120     8933.110     8937.110     8937.210
   490:     8941.120     8987.310     9087.510     9338.120     9545.120
   495:     9545.120     9701.120     9714.110     9714.210     9718.120
   500:     9764.310     9864.500    10071.120    10118.120    10520.100
   505:    10541.100    10544.120    10562.100    10565.100    10567.100
   510:    10569.100    10571.100    10579.100    10580.200    10585.120
   515:    10628.120    10630.300    10730.500    10932.120    11237.100
   520:    11241.100    11244.100    11248.100    11250.100    11254.100
   525:    11257.120    11261.120    11267.120    11275.120    11279.120
   530:    11293.100    11297.100    11300.100    11305.100    11307.100
   535:    11309.100    11315.120    11320.120    11325.120    11334.120
   540:    11343.120    11353.200    11355.100    11359.120    11403.300
   545:    11503.510    11776.120    11858.120    12091.110    12101.120
   550:    12163.110    12163.210    12167.120    12213.310    12313.510
   555:    12365.120    12448.120    12580.120    12598.110    12602.110
   560:    12609.120    12635.110    12642.110    12647.110    12666.110
   565:    12670.110    12676.120    12687.120    12690.120    12699.110
   570:    12706.110    12708.110    12771.110    12773.110    12778.110
   575:    12780.110    12786.120    12792.120    12801.120    12811.110
   580:    12817.110    12822.110    12824.110    12831.110    12833.110
   585:    12835.110    12844.110    12850.110    12853.120    12867.120
   590:    12884.120    12894.110    12903.110    12909.110    12918.110
   595:    12925.110    12926.110    12930.110    12930.210    12934.120
   600:    12980.310    13080.510    13162.120    13437.110    13444.120
   605:    13771.120    13779.110    13779.210    13783.120    13829.310
   610:    13929.500    14044.120    14161.120    14172.120    14304.120
   615:    14364.120    14427.100    14432.100    14436.100    14440.100
   620:    14445.100    14448.100    14449.120    14456.120    14465.120
   625:    14477.100    14488.100    14491.100    14494.100    14499.100
   630:    14503.100    14507.120    14511.120    14512.120    14513.120
   635:    14519.120    14528.100    14533.100    14537.200    14540.100
   640:    14542.120    14580.120    14587.300    14687.500    14927.120
   645:    15209.120    15355.100    15361.100    15366.100    15370.100
   650:    15374.100    15380.100    15384.120    15388.120    15398.120
   655:    15410.100    15413.100    15415.200    15415.100    15420.120
   660:    15465.120    15465.300    15565.510    15781.120    15782.120
   665:    15825.120    16039.110    16052.120    16087.120    16097.110
   670:    16111.110    16115.110    16116.110    16124.120    16138.120
   675:    16139.120    16148.110    16155.110    16159.110    16162.110
   680:    16167.110    16168.110    16176.120    16183.120    16189.120
   685:    16202.110    16202.210    16207.120    16252.310    16352.510
   690:    16485.120    16487.120    16980.110    16980.210    16987.120
   695:    17030.310    17130.500    17277.120    17801.100    17805.100
   700:    17808.100    17811.100    17813.100    17817.120    17839.100
   705:    17845.100    17847.100    17850.100    17857.120    17861.200
   710:    17865.120    17906.120    17911.300    18011.500    18197.120
   715:    18604.100    18608.100    18611.100    18615.100    18620.100
   720:    18628.120    18641.100    18647.100    18649.100    18654.120
   725:    18658.120    18664.200    18666.120    18714.300    18814.510
   730:    19110.120    19112.120    19123.120    19334.110    19341.120
   735:    19347.120    19350.120    19366.120    19383.120    19385.120
   740:    19399.120    19410.120    19419.120    19424.120    19433.110
   745:    19433.210    19438.120    19483.310    19583.510    19744.120
   750:    19845.120    19953.120    19962.120    20066.120    20080.110
   755:    20086.110    20093.120    20112.120    20116.120    20116.120
   760:    20120.120    20139.120    20146.120    20146.120    20159.120
   765:    20167.120    20173.120    20183.120    20189.120    20219.120
   770:    20227.110    20227.210    20232.120    20277.310    20377.500
   775:    20506.120    20643.120    20644.120    21023.100    21032.100
   780:    21034.100    21041.100    21044.100    21048.120    21052.120
   785:    21059.120    21062.120    21075.120    21083.200    21089.120
   790:    21133.300    21233.500    21503.120    21554.120    21568.120
   795:    21827.100    21832.100    21835.100    21840.100    21887.200
   800:    21893.120    21937.300    22037.500    22315.120    22683.120
   805:    22702.100    22706.100    22712.100    22718.120    22722.120
   810:    22729.120    22733.120    22735.120    22749.120    22751.120
   815:    22761.100    22762.200    22767.120    22808.120    22812.300
   820:    22912.510    23080.120    23299.110    23326.120    23333.120
   825:    23378.120    23386.110    23413.110    23415.110    23419.110
   830:    23429.110    23436.120    23448.120    23454.120    23468.110
   835:    23474.110    23478.110    23482.110    23487.110    23491.110
   840:    23493.110    23501.120    23510.120    23512.120    23519.120
   845:    23528.120    23540.110    23540.210    23545.120    23590.310
   850:    23690.500    23778.120    23779.120    24319.100    24328.100
   855:    24333.100    24350.100    24350.120    24363.100    24368.100
   860:    24370.100    24371.100    24373.100    24374.100    24377.100
   865:    24379.200    24382.120    24421.120    24429.300    24529.510
   870:    24661.120    25074.120    25078.120    25089.110    25137.110
   875:    25140.110    25146.110    25146.210    25150.120    25196.310
   880:    25296.500    25550.120    25569.120    25573.120    25842.120
   885:    25910.100    25914.100    25918.100    25921.100    25924.100
   890:    25927.100    25931.120    25950.100    25955.100    25957.100
   895:    25960.100    25965.120    25968.120    25969.120    25969.120
   900:    25970.200    25971.120    25974.120    26020.300    26120.540
   905:    26246.120    26264.120    26265.120    26272.120    26286.120
   910:    26403.120    26422.110    26428.110    26432.120    26440.120
   915:    26449.120    26470.120    26471.120    26477.120    26491.120
   920:    26492.120    26501.120    26514.120    26520.110    26525.110
   925:    26528.110    26529.110    26533.110    26573.110    26577.110
   930:    26579.110    26581.110    26586.110    26593.120    26597.120
   935:    26604.120    26616.110    26623.110    26627.110    26630.110
   940:    26632.110    26638.110    26639.110    26651.110    26661.120
   945:    26667.110    26670.110    26672.110    26675.110    26684.110
   950:    26687.110    26690.110    26696.110    26706.110    26709.110
   955:    26712.110    26714.110    26728.120    26739.120    26747.110
   960:    26767.110    26772.120    26786.120    26798.110    26805.110
   965:    26807.110    26809.110    26813.110    26814.110    26819.110
   970:    26826.120    26835.120    26837.120    26851.120    26852.120
   975:    26857.120    26867.120    26875.120    26876.120    26885.120
   980:    26887.120    26931.110    26939.110    26943.110    26946.110
   985:    26953.110    26957.110    27019.110    27025.110    27028.120
   990:    27135.120    27259.120    27267.110    27273.110    27278.110
   995:    27282.110    27284.110    27320.110    27335.110    27338.110
  1000:    27397.110    27401.110    27594.110    27601.110    27603.110
  1005:    27607.110    27612.120    27620.120    27626.120    27642.120
  1010:    27693.120    27702.110    27708.110    27711.110    27714.110
  1015:    27716.110    27723.110    27727.110    27812.110    27816.110
  1020:    27818.110    27819.110    27823.110    27827.110    27838.120
  1025:    27920.340    28020.510    28055.110    28060.120    28076.120
  1030:    28090.110    28095.110    28102.110    28109.110    28116.110
  1035:    28124.120    28139.110    28143.110    28145.110    28199.110
  1040:    28205.110    28207.110    28215.110    28425.120    28437.110
  1045:    28440.110    28494.110    28545.110    28547.110    28556.110
  1050:    28561.120    28650.120    28658.110    28658.210    28662.120
  1055:    28708.310    28808.500    28886.120    28887.120    29223.100
  1060:    29226.100    29229.100    29234.120    29237.120    29251.120
  1065:    29257.120    29259.120    29261.120    29263.120    29282.100
  1070:    29286.100    29289.100    29293.100    29297.120    29308.120
  1075:    29310.120    29317.120    29319.120    29335.100    29338.100
  1080:    29343.100    29346.100    29350.100    29353.120    29376.100
  1085:    29381.100    29384.100    29387.100    29391.120    29396.120
  1090:    29401.120    29405.120    29410.200    29412.120    29460.300
  1095:    29560.510    29688.120    29724.120    29738.110    29830.110
  1100:    29850.110    29854.120    29862.120    29863.120    29889.110
  1105:    29895.110    29947.110    29950.110    29954.110    29958.110
  1110:    29961.120    29975.110    30013.110    30020.110    30025.110
  1115:    30028.110    30034.110    30041.110    30053.110    30105.110
  1120:    30108.110    30111.110    30113.110    30117.110    30120.110
  1125:    30121.110    30123.110    30125.110    30129.110    30130.110
  1130:    30137.110    30144.110    30151.120    30168.120    30177.120
  1135:    30178.120    30185.110    30185.210    30190.120    30235.310
  1140:    30335.500    30618.120    30619.120    30643.120    30916.120
  1145:    30933.100    30939.100    30941.100    30945.100    30952.100
  1150:    30956.100    30959.100    30961.120    30977.120    30988.100
  1155:    30992.100    30993.200    30993.100    30997.120    31043.300
  1160:    31143.530    31427.120    31427.120    31608.120    31618.120
  1165:    31620.120    31621.120    31628.120    31644.120    31657.120
  1170:    31671.120    31681.120    31683.120    31691.120    31721.100
  1175:    31726.100    31730.100    31735.100    31740.120    31748.120
  1180:    31750.120    31758.120    31765.120    31789.100    31794.100
  1185:    31797.100    31799.100    31802.100    31804.100    31810.120
  1190:    31816.120    31817.120    31817.120    31817.120    31822.120
  1195:    31838.100    31842.100    31845.100    31847.100    31850.100
  1200:    31855.120    31859.120    31866.120    31868.120    31868.120
  1205:    31885.100    31888.100    31890.100    31893.100    31896.100
  1210:    31901.120    31912.120    31931.120    31941.100    31945.100
  1215:    31950.100    31952.100    31956.100    31966.120    31973.120
  1220:    32002.100    32007.100    32010.100    32014.100    32021.120
  1225:    32027.120    32037.100    32041.100    32043.100    32046.100
  1230:    32048.100    32049.100    32058.100    32060.100    32063.100
  1235:    32069.100    32072.100    32076.100    32083.100    32087.120
  1240:    32096.120    32099.120    32110.100    32120.100    32124.100
  1245:    32127.100    32131.100    32135.100    32138.100    32187.100
  1250:    32190.100    32193.100    32197.100    32203.100    32205.100
  1255:    32206.100    32259.100    32262.100    32265.100    32268.100
  1260:    32273.100    32282.120    32282.100    32293.120    32295.120
  1265:    32318.120    32319.120    32336.120    32353.120    32360.120
  1270:    32361.120    32365.120    32370.120    32393.100    32396.100
  1275:    32399.100    32405.120    32664.100    32668.100    32671.100
  1280:    32675.120    32694.100    32698.100    32702.100    32705.100
  1285:    32828.100    32831.100    32846.100    32851.100    32860.100
  1290:    32893.100    32932.100    32936.100    32941.120    32943.330
  1295:    32944.120    33043.510    33095.110    33102.120    33123.110
  1300:    33127.110    33130.110    33134.120    33238.110    33249.110
  1305:    33251.110    33254.110    33260.120    33269.110    33274.110
  1310:    33276.110    33277.110    33282.110    33284.110    33292.110
  1315:    33299.110    33313.110    33318.110    33326.110    33330.110
  1320:    33383.110    33393.110    33403.110    33405.110    33407.110
  1325:    33414.110    33416.110    33419.110    33429.110    33435.120
  1330:    33449.110    33451.110    33457.110    33458.110    33470.110
  1335:    33472.110    33481.120    33496.110    33499.110    33508.110
  1340:    33510.110    33514.120    33527.120    33530.120    33551.110
  1345:    33554.110    33556.110    33566.110    33659.110    33659.210
  1350:    33663.120    33707.120    33709.310    33809.510    33916.120
  1355:    34054.110    34060.120    34109.120    34113.120    34120.110
  1360:    34128.120    34205.110    34211.120    34215.120    34215.120
  1365:    34216.120    34238.120    34247.110    34258.110    34267.120
  1370:    34283.120    34286.120    34296.110    34302.110    34305.110
  1375:    34307.110    34309.110    34313.120    34324.110    34330.110
  1380:    34333.110    34335.110    34376.110    34379.110    34384.110
  1385:    34390.110    34392.110    34397.120    34408.120    34419.110
  1390:    34422.110    34426.110    34426.210    34430.120    34476.310
  1395:    34576.510    34873.120    34873.120    35124.110    35158.110
  1400:    35164.120    35210.110    35210.210    35215.120    35260.310
  1405:    35360.500    35678.120    35680.120    35690.100    35704.100
  1410:    35708.100    35714.100    35722.100    35728.100    35734.100
  1415:    35738.120    35762.100    35767.100    35768.100    35772.100
  1420:    35778.120    35781.120    35783.120    35795.120    35804.100
  1425:    35807.100    35810.100    35814.100    35817.100    35822.120
  1430:    35842.100    35850.100    35852.100    35854.100    35857.100
  1435:    35863.120    35869.120    35872.120    35881.100    35886.100
  1440:    35892.100    35894.100    35897.100    35900.100    35904.100
  1445:    35908.120    35915.120    35918.120    35932.100    35941.100
  1450:    35947.100    35951.100    35955.100    35958.100    35960.200
  1455:    35965.120    36010.300    36110.500    36359.120    36798.100
  1460:    36802.100    36805.100    36809.100    36812.100    36818.100
  1465:    36822.100    36825.100    36831.100    36831.120    36834.120
  1470:    36851.100    36857.100    36858.200    36863.120    36908.300
  1475:    37008.500    37080.120    37714.100    37719.100    37770.120
  1480:    37774.200    37776.120    37824.300    37924.540    38050.120
  1485:    38078.120    38107.110    38133.120    38186.110    38190.110
  1490:    38195.120    38200.120    38230.110    38235.110    38238.110
  1495:    38243.110    38245.120    38307.120    38315.110    38323.110
  1500:    38326.110    38328.110    38331.110    38334.110    38337.110
  1505:    38341.110    38347.110    38350.120    38357.120    38366.110
  1510:    38368.110    38370.110    38373.110    38376.110    38383.110
  1515:    38386.120    38389.120    38394.120    38399.120    38407.110
  1520:    38410.110    38417.110    38419.110    38421.110    38423.110
  1525:    38425.110    38427.110    38430.110    38434.110    38438.110
  1530:    38444.110    38450.110    38454.120    38458.120    38473.110
  1535:    38476.110    38480.110    38482.110    38485.110    38488.110
  1540:    38492.110    38497.110    38499.110    38502.110    38504.110
  1545:    38506.110    38509.110    38512.110    38520.120    38542.110
  1550:    38544.110    38546.110    38550.110    38559.110    38561.110
  1555:    38564.110    38568.110    38573.110    38577.110    38587.110
  1560:    38595.110    38603.120    38611.120    38632.120    38636.120
  1565:    38658.110    38661.110    38664.110    38671.110    38673.110
  1570:    38677.110    38687.110    38690.110    38691.110    38695.110
  1575:    38701.110    38762.110    38766.110    38835.120    38842.110
  1580:    38849.110    38855.110    38858.110    38869.110    38923.110
  1585:    38931.120    38941.110    38950.120    39274.110    39276.110
  1590:    39280.110    39286.120    39358.110    39366.110    39367.110
  1595:    39369.110    39374.110    39376.110    39381.110    39384.110
  1600:    39389.110    39392.110    39407.110    39413.120    39419.120
  1605:    39428.110    39436.110    39439.110    39441.110    39446.120
  1610:    39460.110    39471.110    39489.110    39492.110    39494.110
  1615:    39499.110    39557.110    39562.110    39564.110    39574.110
  1620:    39576.110    39581.110    39587.110    39589.110    39593.110
  1625:    39596.120    39609.120    39619.110    39622.110    39624.110
  1630:    39628.110    39633.110    39636.120    39688.120    39695.110
  1635:    39699.110    39703.110    39724.340    39824.500    40026.100
  1640:    40029.100    40032.100    40037.100    40043.100    40046.100
  1645:    40049.100    40052.100    40053.120    40059.120    40077.100
  1650:    40081.100    40083.100    40090.100    40099.100    40103.100
  1655:    40107.120    40114.120    40121.100    40129.100    40131.100
  1660:    40132.100    40135.100    40142.120    40145.120    40152.120
  1665:    40162.100    40167.100    40170.100    40172.100    40175.100
  1670:    40176.100    40178.100    40183.100    40188.120    40190.120
  1675:    40190.120    40191.120    40210.120    40224.100    40281.100
  1680:    40287.100    40289.100    40296.100    40298.100    40301.100
  1685:    40307.100    40312.120    40315.120    40316.120    40323.120
  1690:    40332.120    40346.120    40356.120    40362.120    40388.100
  1695:    40395.100    40448.200    40452.120    40498.300    40598.510
  1700:    40688.120    41024.110    41028.110    41031.110    41066.110
  1705:    41075.110    41081.120    41101.120    41102.120    41104.120
  1710:    41104.120    41107.120    41117.110    41121.110    41129.110
  1715:    41131.110    41146.110    41151.110    41156.120    41161.120
  1720:    41165.120    41166.120    41176.110    41179.110    41182.110
  1725:    41186.110    41189.110    41200.110    41203.120    41212.120
  1730:    41213.120    41219.120    41236.110    41236.210    41240.120
  1735:    41286.310    41386.500    41564.120    41565.120    41583.120
  1740:    41832.100    41841.100    41845.100    41849.100    41854.120
  1745:    41859.120    41870.100    41874.100    41877.100    41879.100
  1750:    41884.120    41892.120    41904.100    41909.100    41911.100
  1755:    41913.100    41916.100    41921.120    41943.120    41951.100
  1760:    41957.100    41958.100    41960.100    41964.100    41969.100
  1765:    41972.100    41975.100    41977.100    41984.100    41993.120
E:
     0:     1770.000      523.000      595.000
F:
     0:       70.000       30.813       33.158
G:
     0:        1.000        1.000        1.000        1.000        1.000
     5:        1.000        1.000        1.000        1.000        0.000
H:
     0:        1.000        1.000        2.000        2.000
L:
     0:     6144.000     6187.000     6300.000     7260.000     6334.000
     5:     6186.000     7375.000     7416.000     6631.000     7158.000
    10:     6640.000     7349.000     6990.000     6846.000     6123.000
    15:     6681.000     6102.000     7579.000     7764.000     6341.000
R:
     0:        1.000        1.000        1.000        1.000        1.000
     5:        1.000        1.000        1.000        1.000        0.000
S:
     0:        1.000        1.000
U:
     0:     6144.000        1.000      735.000
X:
     0:        0.000      319.001      332.002      371.003      403.004
     5:      406.005      409.006      483.007      497.008      502.009
    10:      506.010      508.011      511.012      518.013      536.014
    15:      544.015      548.016      550.017      552.018      555.019
    20:      591.020      603.021      604.021      654.000      654.000
    25:      913.001      918.002      921.003      923.004      953.005
    30:      957.006      960.007      965.008      970.009      974.010
    35:      979.011      996.012      999.013     1002.014     1004.015
    40:     1007.016     1011.017     1016.018     1040.019     1042.020
    45:     1044.021     1046.022     1048.023     1051.024     1054.025
    50:     1058.026     1060.027     1063.028     1090.029     1096.030
    55:     1099.031     1100.032     1101.033     1103.034     1105.035
    60:     1112.036     1120.037     1123.038     1126.039     1167.040
    65:     1171.041     1173.042     1175.043     1176.044     1180.045
    70:     1183.046     1188.047     1202.048     1206.049     1209.050
    75:     1213.051     1216.052     1226.053     1228.054     1230.055
    80:     1233.056     1236.057     1262.057     1312.000     1312.000
    85:     1759.001     1770.002     1774.003     1777.004     1782.005
    90:     1789.006     1794.007     1871.008     1876.009     1878.010
    95:     1881.011     1884.012     1888.013     1897.014     1910.015
   100:     1913.016     1932.016     1982.000     1982.000     1982.140
   105:     1982.142     1982.144     1982.146     1982.148     1982.150
   110:     1982.152     1982.154     1982.156     1982.158     1982.160
   115:     1982.162     1982.164     1982.166     1982.168     1982.170
   120:     1982.172     1982.174     1982.176     1982.178     1982.180
   125:     1982.182     1982.184     1982.186     1982.188     1982.190
   130:     1982.192     1982.194     1982.196     1982.198     1982.200
   135:     1982.202     1982.204     1982.206     1982.208     1982.210
   140:     1982.212     1982.214     1982.216     1982.218     1982.220
   145:     1982.222     1982.224     1982.226     1982.228     1982.230
   150:     1982.232     1982.234     1982.236     1982.238     1982.240
   155:     1982.242     1982.244     1982.246     1982.248     1982.250
   160:     1982.252     1982.254     1982.256     2637.001     2659.002
   165:     2679.003     2682.004     2685.005     2687.006     2689.007
   170:     2696.008     2698.008     2748.000     2748.000     3255.001
   175:     3259.002     3262.003     3266.004     3268.005     3272.006
   180:     3311.007     3315.008     3318.009     3322.010     3325.011
   185:     3327.012     3371.012     3372.013     3421.000     3421.000
   190:     3919.001     3923.002     3928.003     3932.004     3937.005
   195:     3940.006     3969.007     3980.008     3983.009     3986.010
   200:     3991.011     3994.012     4020.013     4025.014     4029.014
   205:     4031.015     4079.000     4079.000     4746.001     4752.002
   210:     4757.003     4761.004     4765.005     4771.006     4801.007
   215:     4804.008     4806.008     4807.009     4856.000     4856.000
   220:     5527.001     5531.002     5534.003     5537.004     5539.005
   225:     5565.006     5570.007     5573.008     5576.009     5587.009
   230:     5637.000     5637.000     6230.001     6233.002     6236.003
   235:     6240.004     6245.005     6266.006     6272.007     6274.008
   240:     6290.008     6340.000     6340.000     6985.001     6994.002
   245:     6996.003     7003.004     7006.005     7045.005     7095.000
   250:     7095.000     7688.001     7693.002     7696.003     7701.004
   255:     7749.004     7799.000     7799.000     8463.001     8467.002
   260:     8473.003     8522.004     8523.004     8573.000     8573.000
   265:     9201.001     9211.002     9215.003     9232.004     9245.005
   270:     9250.006     9252.007     9253.008     9255.009     9256.010
   275:     9259.011     9262.011     9312.000     9312.000     9926.001
   280:     9930.002     9933.003     9937.004     9939.005     9942.006
   285:     9966.007     9971.008     9973.009     9975.010     9986.010
   290:    10036.000    10036.000    10451.001    10454.002    10457.003
   295:    10510.004    10514.005    10516.006    10520.007    10563.008
   300:    10566.009    10570.010    10574.011    10578.012    10604.013
   305:    10609.014    10612.015    10614.016    10638.016    10688.000
   310:    10688.000    11286.001    11292.002    11294.003    11298.004
   315:    11305.005    11309.006    11311.007    11341.008    11344.009
   320:    11346.009    11346.010    11396.000    11396.000    11974.002
   325:    11979.004    11982.006    11988.008    12042.010    12046.012
   330:    12050.014    12051.016    12054.018    12057.020    12091.022
   335:    12095.024    12097.026    12099.028    12103.030    12137.032
   340:    12140.034    12143.036    12145.038    12148.040    12193.042
   345:    12198.044    12202.046    12204.048    12209.050    12254.052
   350:    12260.054    12263.056    12266.058    12290.060    12293.062
   355:    12296.064    12298.066    12300.068    12302.070    12310.072
   360:    12313.074    12315.076    12321.078    12325.080    12328.082
   365:    12335.084    12363.086    12373.088    12376.090    12379.092
   370:    12383.094    12387.096    12390.098    12439.100    12443.102
   375:    12446.104    12450.106    12455.108    12457.110    12459.112
   380:    12511.114    12515.116    12517.118    12521.120    12526.122
   385:    12534.124    12645.126    12649.128    12652.130    12916.132
   390:    12920.134    12923.136    12947.138    12951.140    12954.142
   395:    12957.144    13080.146    13083.148    13098.150    13103.152
   400:    13112.154    13145.156    13184.158    13189.160    15942.001
   405:    15957.002    15960.003    15966.004    15974.005    15981.006
   410:    15986.007    16015.008    16019.009    16021.010    16024.011
   415:    16056.012    16060.013    16063.014    16066.015    16070.016
   420:    16095.017    16102.018    16105.019    16107.020    16110.021
   425:    16133.022    16139.023    16144.024    16146.025    16149.026
   430:    16152.027    16157.028    16184.029    16193.030    16199.031
   435:    16204.032    16207.033    16210.034    16212.034    16262.000
   440:    16262.000    16949.001    16954.002    16957.003    16961.004
   445:    16964.005    16970.006    16974.007    16977.008    16983.009
   450:    17002.010    17009.011    17009.011    17059.000    17059.000
   455:    17765.001    17770.002    17825.002    17875.000    17875.000
   460:    17875.245    17875.246    17875.247    17875.248    17875.249
   465:    17875.250    17875.251    17875.252    17875.253    17875.254
   470:    17875.255    17875.256    17875.257    17875.258    17875.259
   475:    17875.260    17875.261    17875.262    17875.263    17875.264
   480:    17875.265    17875.266    17875.267    17875.268    17875.269
   485:    17875.270    17875.271    17875.272    17875.273    17875.274
   490:    17875.275    17875.276    17875.277    17875.278    17875.279
   495:    17875.280    17875.281    17875.281    17875.000    17875.000
   500:    18321.001    18330.002    18334.003    18338.004    18359.005
   505:    18362.006    18365.007    18368.008    18392.009    18397.010
   510:    18399.011    18402.012    18405.013    18439.014    18445.015
   515:    18447.016    18449.017    18452.018    18457.019    18460.020
   520:    18463.021    18466.022    18472.023
Y:
     0:        0.000      279.001      572.002      572.002      622.000
     5:      622.000     1135.001     1194.002     1194.002     1244.000
    10:     1244.000     1885.001     1885.001     1935.000     1935.000
    15:     2541.002     2563.004     2569.006     2573.008     2576.010
    20:     2581.012     2597.014     2608.016     2611.018     2614.020
    25:     2640.022     2643.024     2646.026     2649.028     2657.030
    30:     2700.032     2704.034     2739.036     2745.038     2749.040
    35:     2752.042     2754.044     2757.046     2760.048     2798.050
    40:     2814.052     2816.054     2820.056     3030.058     3035.060
    45:     3105.062     3111.064     3256.066     3259.068     3262.070
    50:     3267.072     3313.074     3320.076     3322.078     3325.080
    55:     3329.082     3335.084     3338.086     3339.088     3342.090
    60:     3349.092     3357.094     3364.096     3439.098     3446.100
    65:     3447.102     3449.104     3451.106     3453.108     3457.110
    70:     3459.112     3464.114     3468.116     3476.118     3478.120
    75:     3480.122     3485.124     3503.126     3507.128     3510.130
    80:     3512.132     3630.134     3702.136     3708.138     5775.257
    85:     5779.258     5783.259     5909.260     5916.261     5919.262
    90:     5921.263     5923.264     5927.265     5946.266     5953.267
    95:     5957.268     5963.269     5967.270     5971.271     5982.272
   100:     5984.273     5985.274     5988.275     5993.276     5995.277
   105:     6001.278     6017.279     6020.280     6022.281     6025.282
   110:     6033.283     6036.284     6050.285     6060.286     6069.287
   115:     6072.288     6075.289     6080.290     6092.291     6098.292
   120:     6102.293     6108.294     6110.295     6119.296     6121.297
   125:     6123.298     6125.299     6129.300     6133.301     6144.302
   130:     6155.303     6223.304     6226.305     6232.306     6305.307
   135:     6308.308     6349.309     6352.310     6353.310     6403.000
   140:     6403.000     7029.001     7029.001     7079.000     7079.000
   145:     7666.001     7738.002     7738.002     7788.000     7788.000
   150:     8073.001     8076.002     8110.003     8117.004     8121.005
   155:     8140.006     8145.007     8174.008     8181.009     8183.010
   160:     8246.011     8248.012     8252.013     8255.014     8285.015
   165:     8291.016     8297.017     8299.018     8305.019     8308.020
   170:     8310.021     8318.022     8325.023     8369.024     8378.025
   175:     8384.026     8392.027     8399.028     8401.029     8404.030
   180:     8404.030     8454.000     8454.000     8810.001     9152.002
   185:     9152.002     9202.000     9202.000     9676.001     9734.002
   190:     9748.003     9752.004     9753.005     9785.006     9792.007
   195:     9796.008     9798.009     9803.010     9805.011     9839.012
   200:     9839.012     9889.000     9889.000    10516.001    10516.001
   205:    10566.000    10566.000    11085.001    11184.002    11184.002
   210:    11234.000    11234.000    11730.001    11736.002    11878.003
   215:    11878.003    11928.000    11928.000    12314.001    12402.002
   220:    12428.003    12431.004    12434.005    12444.006    12483.007
   225:    12490.008    12493.009    12497.010    12502.011    12506.012
   230:    12508.013    12555.014    12556.014    12606.000    12606.000
   235:    13165.001    13213.002    13217.003    13222.004    13222.004
   240:    13272.000    13272.000    13574.002    13579.004    13672.006
   245:    13676.008    13679.010    13680.012    13684.014    13724.016
   250:    13728.018    13730.020    13733.022    13737.024    13767.026
   255:    13774.028    13778.030    13781.032    13783.034    13789.036
   260:    13790.038    13802.040    13818.042    13821.044    13823.046
   265:    13826.048    13835.050    13838.052    13841.054    13847.056
   270:    13857.058    13860.060    13863.062    13865.064    13898.066
   275:    13918.068    13949.070    13956.072    13958.074    13960.076
   280:    13964.078    13965.080    13970.082    14082.084    14090.086
   285:    14094.088    14097.090    14105.092    14108.094    14170.096
   290:    14176.098    14418.100    14424.102    14429.104    14433.106
   295:    14436.108    14471.110    14486.112    14489.114    14548.116
   300:    14552.118    14745.120    14752.122    14754.124    14758.126
   305:    14853.128    14859.130    14862.132    14865.134    14867.136
   310:    14875.138    14878.140    14963.142    14967.144    14969.146
   315:    14971.148    14974.150    14979.152    15206.153    15241.154
   320:    15246.155    15253.156    15260.157    15267.158    15290.159
   325:    15294.160    15296.161    15350.162    15356.163    15358.164
   330:    15366.165    15588.166    15591.167    15645.168    15696.169
   335:    15698.170    15707.171    15809.172    15809.172    15859.000
   340:    15859.000    16037.001    16128.002    16148.003    16188.004
   345:    16194.005    16246.006    16249.007    16252.008    16256.009
   350:    16273.010    16312.011    16318.012    16323.013    16327.014
   355:    16333.015    16340.016    16351.017    16404.018    16407.019
   360:    16410.020    16412.021    16415.022    16418.023    16419.024
   365:    16422.025    16424.026    16427.027    16429.028    16436.029
   370:    16443.030    16483.031    16484.031    16534.000    16534.000
   375:    16534.161    16534.162    16534.163    16534.164    16534.165
   380:    16534.166    16534.167    16534.168    16534.169    16534.170
   385:    16534.171    16534.172    16534.173    16534.174    16534.175
   390:    16534.176    16534.177    16534.178    16534.179    16534.180
   395:    16534.181    16534.182    16534.183    16534.184    16534.185
   400:    16534.186    16534.187    16534.188    16534.189    16534.190
   405:    16534.191    16534.192    16534.193    16534.194    16534.195
   410:    16534.196    16534.197    16534.198    16534.199    16534.200
   415:    16534.201    16534.202    16534.203    16534.204    16534.204
   420:    16534.000    16534.000    16534.001    16534.002    16534.003
   425:    16534.004    16534.005    16534.006    16534.007    16534.008
   430:    16534.009    16534.010    16534.011    16534.012    16534.013
   435:    16534.014    16534.015    16534.016    16534.017    16534.018
   440:    16534.019    16534.020    16534.021    16534.022    16534.022
   445:    16534.000    16534.000    16534.001    16534.002    16534.003
   450:    16534.003    16534.000    16534.000    16717.002    16795.004
   455:    16800.006    16839.008    16844.010    16848.012    16852.014
   460:    16924.016    16933.018    16935.020    16937.022    16940.024
   465:    16944.026    16947.028    16951.030    16956.032    16975.034
   470:    16978.036    16980.038    16982.040    16986.042    16993.044
   475:    17017.046    17019.048    17026.050    17028.052    17030.054
   480:    17032.056    17035.058    17037.060    17040.062    17043.064
   485:    17048.066    17054.068    17059.070    17082.072    17085.074
   490:    17090.076    17091.078    17094.080    17098.082    17101.084
   495:    17106.086    17108.088    17111.090    17113.092    17115.094
   500:    17118.096    17121.098    17151.100    17154.102    17156.104
   505:    17159.106    17169.108    17170.110    17173.112    17177.114
   510:    17182.116    17186.118    17196.120    17205.122    17268.124
   515:    17270.126    17274.128    17280.130    17283.132    17286.134
   520:    17297.136    17299.138    17301.140    17304.142    17310.144
   525:    17371.146    17375.148    17451.150    17458.152    17464.154
   530:    17467.156    17479.158    17533.160    17550.162    17883.164
   535:    17886.166    17890.168    17968.170    17975.172    17977.174
   540:    17979.176    17983.178    17985.180    17990.182    17993.184
   545:    17999.186    18001.188    18017.190    18038.192    18045.194
   550:    18048.196    18051.198    18069.200    18080.202    18099.204
   555:    18102.206    18104.208    18109.210    18166.212    18171.214
   560:    18173.216    18184.218    18185.220    18191.222    18197.224
   565:    18198.226    18203.228    18229.230    18231.232    18234.234
   570:    18237.236    18243.238    18304.240    18309.242    18312.244
   575:    19633.001    19637.002    19641.003    19675.004    19684.005
   580:    19726.006    19731.007    19739.008    19740.009    19755.010
   585:    19760.011    19786.012    19788.013    19792.014    19795.015
   590:    19798.016    19809.017    19845.018    19845.018    19895.000
