File: C:\MED-PC\Data\2018-05-23_09h29m_Subject M326.txt


Start Date: 05/23/18
End Date: 05/23/18
Subject: M326
Experiment: DOBLE_PICO_ACO
Group: EXP
Box: 9
Start Time: 09:29:20
End Time: 10:42:40
MSN: IF_ACO_MULTIPLE_PICO
A:     167.000
B:      18.000
D:      19.000
I:       1.000
J:   18000.000
K:    5400.000
M:       0.000
N:      19.000
O:      19.000
P:     335.000
Q:       0.000
T:    1000.000
V:     600.000
W:      18.000
Z:       0.000
C:
     0:        0.120        0.120        0.120        0.120        0.120
     5:        0.120        0.120        0.120        0.120        0.120
    10:        0.120        0.120        0.120        0.120        0.120
    15:        0.120        0.120        0.120        0.510      136.110
    20:      141.120      168.120      197.120      198.120      232.120
    25:      235.120      237.120      309.110      317.120      380.120
    30:      428.120      444.110      454.110      459.110      460.120
    35:      509.110      526.110      531.120      535.120      584.110
    40:      584.210      589.120      634.310      734.510      755.120
    45:     1099.120     1158.120     1165.120     1197.110     1202.120
    50:     1244.110     1264.110     1276.120     1294.110     1294.210
    55:     1298.120     1344.310     1444.500     1526.120     1546.120
    60:     1957.120     1975.100     1981.120     1987.120     2003.120
    65:     2052.100     2061.120     2066.120     2112.200     2162.300
    70:     2262.510     2330.120     2389.120     2419.120     2432.120
    75:     2456.120     2762.120     2776.110     2782.120     2783.120
    80:     2786.120     2797.110     2811.110     2835.120     2853.110
    85:     2859.110     2867.110     2874.110     2887.110     2893.110
    90:     2898.120     2904.120     2933.120     2950.110     2950.210
    95:     2954.120     3000.310     3100.500     3187.120     3807.120
   100:     3818.100     3828.120     3835.120     3873.120     3878.200
   105:     3928.300     4028.510     4104.120     4141.120     4147.120
   110:     4645.110     4650.110     4655.120     4665.120     4681.110
   115:     4692.110     4698.120     4713.110     4713.210     4717.120
   120:     4763.310     4863.500     4979.120     5440.120     5451.120
   125:     5648.120     5749.120     5772.120     5791.120     5844.100
   130:     5855.100     5879.100     5893.120     5904.200     5954.300
   135:     6054.510     6074.120     6106.120     6192.120     6237.120
   140:     6670.120     6689.110     6697.110     6704.110     6712.110
   145:     6717.120     6743.110     6743.210     6747.120     6793.310
   150:     6893.500     6941.120     6996.120     7112.120     7156.120
   155:     7167.120     7202.100     7210.120     7215.120     7229.120
   160:     7255.120     7276.120     7324.120     7335.120     7378.100
   165:     7390.120     7465.120     7501.100     7512.100     7519.100
   170:     7524.120     7528.120     7561.200     7611.300     7711.500
   175:     7749.120     7839.120     7872.120     8116.120     8148.120
   180:     8174.120     8197.100     8208.120     8257.120     8273.120
   185:     8297.100     8305.100     8312.100     8314.100     8322.120
   190:     8325.120     8357.200     8407.300     8507.510     8573.120
   195:     8652.120     8953.110     8959.120     8980.120     8987.110
   200:     8993.110     9002.110     9008.110     9016.110     9023.110
   205:     9036.110     9040.120     9066.120     9069.120     9089.110
   210:     9099.110     9106.110     9110.120     9230.120     9353.120
   215:     9392.120     9437.120     9497.110     9497.210     9502.120
   220:     9547.310     9647.540     9716.120     9882.120     9913.120
   225:     9985.120    10001.120    10332.120    10354.110    10358.120
   230:    10408.110    10416.110    10427.110    10434.110    10442.110
   235:    10449.110    10455.110    10457.120    10481.110    10488.110
   240:    10493.110    10501.110    10520.110    10524.120    10541.110
   245:    10562.120    10589.110    10597.110    10604.110    10610.110
   250:    10618.110    10623.120    10646.110    10672.110    10680.110
   255:    10688.110    10698.110    10705.120    10738.120    10742.120
   260:    10755.110    10783.110    10807.120    10818.110    10830.110
   265:    10838.110    10850.110    10857.110    10865.110    10888.120
   270:    10894.120    10910.120    10912.120    10943.110    10970.110
   275:    10980.110    10996.120    11304.120    11356.110    11363.110
   280:    11370.110    11379.110    11389.110    11397.110    11409.120
   285:    11447.340    11454.120    11508.120    11547.500    11687.100
   290:    11704.120    11724.120    11745.100    11754.100    11779.100
   295:    11780.100    11789.100    11804.120    11892.120    11904.120
   300:    11928.100    11945.100    11953.100    11962.120    12066.120
   305:    12067.120    12104.120    12148.120    12188.100    12197.100
   310:    12205.100    12215.120    12248.200    12298.300    12398.510
   315:    12502.120    12545.120    12863.110    12867.120    12916.120
   320:    12948.110    12955.110    12963.110    12969.110    12980.110
   325:    12986.110    12994.110    12996.120    13041.110    13048.110
   330:    13055.110    13061.110    13086.120    13124.120    13144.110
   335:    13144.210    13147.120    13194.310    13294.500    13384.120
   340:    13437.120    13777.120    13810.100    13820.120    13881.120
   345:    13909.100    13918.100    13927.120    13931.120    13938.120
   350:    13969.200    14019.300    14119.500    14164.120    14251.120
   355:    14605.120    14643.100    14652.120    14734.120    14753.100
   360:    14761.100    14768.100    14776.120    14813.200    14863.300
   365:    14963.510    15025.120    15073.120    15075.120    15390.120
   370:    15778.120    15796.110    15796.210    15799.120    15846.310
   375:    15946.510    15988.120    16240.120    16253.120    16295.120
   380:    16347.120    16368.110    16373.120    16398.110    16402.120
   385:    16452.110    16464.110    16473.110    16481.110    16488.110
   390:    16499.110    16508.110    16523.120    16542.120    16544.120
   395:    16573.110    16587.110    16594.110    16601.110    16607.110
   400:    16612.120    16644.120    16651.110    16681.110    16688.110
   405:    16690.120    16738.110    16738.210    16741.120    16788.310
   410:    16888.510    16953.120    17015.120    17113.120    17257.120
   415:    17274.120    17288.110    17297.120    17313.120    17412.120
   420:    17414.120    17425.110    17430.120    17450.120    17454.120
   425:    17466.120    17471.120    17513.120    17530.110    17548.110
   430:    17554.120    17557.120    17569.110    17574.110    17582.110
   435:    17589.110    17611.120    17647.120    17650.120    17657.110
   440:    17673.110    17678.120    17722.120    17765.120    17785.110
   445:    17785.210    17788.120    17835.310    17935.500    18009.120
   450:    18064.120    18527.120    18560.100    18587.100    18594.120
   455:    18620.200    18670.300    18770.530    18890.120    19076.120
   460:    19171.120    19214.100    19219.120    19319.100    19324.100
   465:    19328.120    19426.120    19447.120    19493.100    19501.100
   470:    19507.100    19510.120    19513.120    19645.120    19699.100
   475:    19699.100    19705.100    19710.120    19718.120    19806.120
   480:    19849.100    19861.100    19868.120    20000.120    20046.120
   485:    20304.120    20326.120    20335.120    20364.100    20374.100
   490:    20382.100    20389.120    20397.120    20417.120    20478.100
   495:    20491.100    20500.120    20512.120    20570.330    20603.120
   500:    20670.510    20731.120    20753.110    20758.120    20789.120
   505:    20808.120    20822.110    20832.110    20840.110    20854.110
   510:    20864.120    20879.110    20888.110    20897.110    20907.110
   515:    20919.110    20925.110    20943.120    20964.110    20980.110
   520:    20986.110    20986.110    20992.110    21008.120    21022.120
   525:    21034.110    21050.120    21063.120    21068.120    21082.110
   530:    21100.110    21119.110    21130.110    21135.120    21166.110
   535:    21173.110    21181.110    21183.110    21194.110    21204.110
   540:    21229.120    21258.120    21275.120    21296.110    21307.110
   545:    21321.110    21329.110    21340.120    21363.120    21365.120
   550:    21366.120    21867.110    21867.210    21872.120    21917.310
   555:    22017.500    22133.120    22219.120    22260.120    22521.120
   560:    22553.120    22569.100    22574.100    22580.120    22584.120
   565:    22629.200    22679.300    22779.500    22825.120    22895.120
   570:    23196.120    23221.100    23232.120    23241.120    23245.120
   575:    23297.100    23305.120    23310.120    23378.100    23387.100
   580:    23393.120    23398.120    23438.200    23488.300    23588.510
   585:    23657.120    23733.120    24046.120    24085.120    24107.110
   590:    24114.120    24134.110    24147.110    24226.110    24233.120
   595:    24264.110    24269.110    24280.110    24292.110    24298.110
   600:    24310.110    24316.110    24328.110    24332.120    24411.110
   605:    24411.210    24415.120    24461.310    24561.540    24669.120
   610:    24734.120    25297.110    25302.110    25323.120    25381.110
   615:    25385.120    25411.120    25420.120    25456.110    25466.110
   620:    25478.120    25503.120    25515.110    25538.120    25576.110
   625:    25623.120    25725.110    25736.110    25762.110    25791.120
   630:    25825.110    25842.120    26261.110    26278.110    26309.110
   635:    26315.120    26361.340    26461.500    26523.100    26639.100
   640:    26650.120    26717.120    26748.100    26756.120    26758.120
   645:    26759.120    26767.120    26845.120    26875.100    26881.100
   650:    26887.120    26892.120    26964.120    26980.120    27016.100
   655:    27022.100    27024.100    27076.200    27083.120    27126.300
   660:    27226.510    27322.120    27394.120    27601.120    27621.120
   665:    27745.120    27811.120    27824.120    27842.120    27852.110
   670:    27865.110    27871.110    27879.120    27887.120    27902.110
   675:    27908.110    27919.110    27928.120    27955.120    27964.110
   680:    27968.120    28026.110    28026.210    28030.120    28076.310
   685:    28176.500    28276.120    28337.120    28585.120    28587.120
   690:    28594.120    28614.100    28644.100    28648.120    28689.120
   695:    28714.100    28725.100    28728.100    28736.120    28740.120
   700:    28785.200    28835.300    28935.500    29029.120    29234.120
   705:    29272.100    29283.120    29336.120    29371.100    29380.120
   710:    29456.100    29468.100    29469.100    29477.120    29485.120
   715:    29538.120    29607.100    29610.100    29617.120    29631.120
   720:    29667.200    29717.300    29817.510    29909.120    30099.120
   725:    30101.120    30179.120    30274.120    30350.120    30372.120
   730:    30372.120    30378.120    30483.110    30501.120    30809.110
   735:    30809.210    30813.120    30859.310    30959.510    30992.120
   740:    31026.120    31252.120    31477.120    31502.110    31523.110
   745:    31531.120    31565.110    31571.120    31597.110    31610.110
   750:    31616.110    31625.110    31631.110    31643.120    31676.110
   755:    31685.120    31711.120    31727.110    31733.120    31759.110
   760:    31766.110    31779.110    31786.110    31790.110    31794.120
   765:    31821.120    31828.120    31846.110    31878.110    31901.120
   770:    31923.120    31934.120    31956.110    31973.110    31985.110
   775:    31991.110    32002.120    32012.120    32081.110    32081.210
   780:    32085.120    32131.310    32231.500    32286.120    32340.120
   785:    32747.120    32816.100    32823.120    32831.120    32876.200
   790:    32926.300    33026.530    33145.120    33188.120    33215.120
   795:    33290.120    33444.120    33462.120    33475.100    33488.100
   800:    33489.100    33511.120    33520.120    33542.100    33548.100
   805:    33552.120    33604.120    33619.100    33620.100    33625.100
   810:    33627.100    33633.100    33640.120    33752.100    33762.120
   815:    33765.120    33856.120    33887.100    33911.100    33927.100
   820:    33932.100    33935.120    33936.120    34020.120    34141.100
   825:    34152.100    34157.120    34355.100    34360.100    34571.120
   830:    34598.100    34622.100    34628.120    34657.120    34697.100
   835:    34712.100    34721.120    34799.120    34803.120    34815.120
   840:    34826.120    34826.330    34926.500    34937.100    34943.100
   845:    34950.100    34955.120    34984.120    35006.120    35031.100
   850:    35043.100    35053.120    35105.120    35129.100    35166.100
   855:    35188.120    35225.120    35254.120    35336.120    35341.120
   860:    35374.100    35381.120    35400.120    35422.100    35425.100
   865:    35431.100    35437.100    35442.100    35445.100    35451.100
   870:    35488.120    35733.120    35747.120    35786.100    35793.100
   875:    35801.120    35814.120    35822.120    35825.120    35827.120
   880:    35846.200    35851.120    35896.300    35996.510    36129.120
   885:    36175.120    36249.120    36258.120    36473.120    36482.120
   890:    36522.110    36530.120    36552.110    36574.110    36579.120
   895:    36603.120    36631.120    36662.110    36682.110    36694.110
   900:    36703.110    36706.120    36742.110    36758.110    36769.110
   905:    36778.120    36804.120    36810.120    36817.110    36824.110
   910:    36836.110    36841.110    36849.110    36858.110    36866.110
   915:    36881.120    36915.110    36920.120    36935.110    36951.110
   920:    36955.120    36967.120    36972.120    36982.110    37009.110
   925:    37028.110    37029.110    37033.110    37036.110    37046.110
   930:    37055.120    37080.120    37099.110    37099.210    37103.120
   935:    37149.310    37249.510    37365.120    37787.120    37888.110
   940:    37893.120    37991.120    38015.120    38024.110    38024.210
   945:    38029.120    38074.310    38174.500    38322.120    38438.120
   950:    38443.120    38524.120    38536.100    38570.120    38571.120
   955:    38616.100    38624.100    38625.120    38637.120    38671.120
   960:    38704.100    38712.100    38724.120    38729.120    38784.100
   965:    38797.120    38803.120    38844.200    38894.300    38994.510
   970:    39060.120    39113.120    39369.120    39399.110    39414.110
   975:    39424.110    39440.110    39456.110    39465.110    39469.120
   980:    39487.120    39495.110    39518.110    39520.110    39524.110
   985:    39534.110    39535.110    39540.110    39556.120    39595.110
   990:    39602.110    39612.110    39617.110    39622.110    39631.110
   995:    39644.120    39682.120    39696.110    39696.210    39700.120
  1000:    39746.310    39846.510    39921.120    39956.120    40305.110
  1005:    40312.120    40315.120    40378.110    40394.110    40406.110
  1010:    40426.120    40445.110    40469.110    40478.110    40495.110
  1015:    40503.110    40514.110    40521.120    40548.120    40556.120
  1020:    40576.110    40576.210    40581.120    40626.310    40726.500
  1025:    40831.120    40865.120    40979.120    41004.120    41005.120
  1030:    41014.120    41023.120    41212.120    41237.100    41289.100
  1035:    41304.120    41349.200    41354.120    41399.300    41499.500
  1040:    41573.120    41622.120    41795.120    41828.120    41881.120
  1045:    41955.120
E:
     0:     1046.000      183.000      337.000
F:
     0:       70.000       29.607       34.697
G:
     0:        1.000        1.000        1.000        1.000        1.000
     5:        1.000        1.000        1.000        1.000        0.000
H:
     0:        1.000        1.000        2.000        2.000
L:
     0:     6778.000     7884.000    10511.000     6779.000     6558.000
     5:     7107.000     6856.000     7034.000     6954.000     6213.000
    10:     6698.000     6242.000     6191.000     7419.000     6549.000
    15:     9304.000     6797.000     6332.000
R:
     0:        1.000        1.000        1.000        1.000        1.000
     5:        1.000        1.000        1.000        1.000        0.000
S:
     0:        1.000        1.000
U:
     0:     6779.000        3.000        0.000
X:
     0:        0.000      530.001      607.002      667.002      717.000
     5:      717.000     1435.001     1495.001     1545.000     1545.000
    10:     2526.001     2536.002     2560.003     2586.003     2636.000
    15:     2636.000     2944.001     3120.002     3243.003     3255.004
    20:     3261.005     3303.005     3353.000     3353.000     3838.001
    25:     3938.002     3947.003     3953.004     3955.005     3998.005
    30:     4048.000     4048.000     4048.083     4048.084     4048.085
    35:     4048.086     4048.087     4048.088     4048.089     4048.090
    40:     4048.091     4048.092     4048.093     4048.094     4048.094
    45:     4048.000     4048.000     4563.001     4663.002     4672.003
    50:     4723.003     4773.000     4773.000     5297.001     5406.002
    55:     5415.003     5421.004     5466.004     5516.000     5516.000
    60:     6141.001     6167.002     6201.002     6251.000     6251.000
    65:     6694.002     6799.004     6804.006     6973.008     6981.010
    70:     6988.012     7179.014     7179.016     7185.018     7329.020
    75:     7341.022     7844.024     7854.026     7862.028     7958.030
    80:     7971.032    10049.001    10054.002    10109.002    10159.000
    85:    10159.000    10601.001    10677.002    10758.003    10766.004
    90:    10818.004    10868.000    10868.000    10868.029    10868.030
    95:    10868.031    10868.032    10868.033    10868.034    10868.035
   100:    10868.036    10868.036    10868.000    10868.000    11305.001
   105:    11336.002    11406.003    11417.004    11419.005    11477.005
   110:    11527.000    11527.000    11863.001    11962.002    12048.003
   115:    12059.004    12060.005    12198.006    12201.007    12258.007
   120:    12308.000    12308.000    12892.001    12952.001    13002.000
   125:    13002.000    13450.002    13464.004    13464.006    13518.008
   130:    13524.010    13594.012    13596.014    13601.016    13603.018
   135:    13608.020    13727.022    13863.024    13886.026    13902.028
   140:    13908.030    14116.032    14127.034    14331.036    14336.038
   145:    14574.040    14597.042    14672.044    14688.046    14913.047
   150:    14918.048    14926.049    15006.050    15019.051    15104.052
   155:    15141.053    15349.054    15397.055    15400.056    15407.057
   160:    15412.058    15418.059    15420.060    15427.061    15762.062
   165:    15769.063    15822.063    15872.000    15872.000    16234.001
   170:    16314.002    16321.003    16402.004    16409.005    16481.006
   175:    16541.006    16591.000    16591.000    17102.001    17154.002
   180:    17214.002    17264.000    17264.000
Y:
     0:        0.000      136.001      309.002      444.003      454.004
     5:      459.005      509.006      526.007      584.008      584.008
    10:      634.000      634.000     1096.001     1143.002     1163.003
    15:     1193.004     1193.004     1243.000     1243.000     1756.001
    20:     1777.002     1792.003     1834.004     1840.005     1848.006
    25:     1855.007     1868.008     1874.009     1930.010     1930.010
    30:     1980.000     1980.000     2596.001     2601.002     2632.003
    35:     2643.004     2664.005     2664.005     2714.000     2714.000
    40:     3349.001     3357.002     3363.003     3372.004     3403.005
    45:     3403.005     3453.000     3453.000     3898.001     3933.002
    50:     3939.003     3947.004     3953.005     3962.006     3969.007
    55:     3981.008     4035.009     4044.010     4051.011     4443.012
    60:     4443.012     4493.000     4493.000     5199.002     5253.004
    65:     5262.006     5273.008     5279.010     5287.012     5294.014
    70:     5301.016     5327.018     5333.020     5338.022     5347.024
    75:     5365.026     5387.028     5434.030     5443.032     5450.034
    80:     5455.036     5463.038     5491.040     5517.042     5526.044
    85:     5533.046     5543.048     5600.050     5628.052     5663.054
    90:     5675.056     5684.058     5695.060     5702.062     5710.064
    95:     5789.066     5816.068     5826.070     6201.072     6208.074
   100:     6215.076     6224.078     6234.080     6242.082     7708.001
   105:     7794.002     7800.003     7808.004     7815.005     7825.006
   110:     7832.007     7839.008     7886.009     7894.010     7900.011
   115:     7906.012     7989.013     7989.013     8039.000     8039.000
   120:     8872.001     8872.001     8922.000     8922.000     9344.001
   125:     9373.002     9428.003     9440.004     9449.005     9457.006
   130:     9463.007     9475.008     9484.009     9549.010     9563.011
   135:     9570.012     9576.013     9583.014     9627.015     9656.016
   140:     9663.017     9714.018     9714.018     9764.000     9764.000
   145:    10163.001    10300.002    10405.003    10424.004    10444.005
   150:    10450.006    10458.007    10465.008    10532.009    10548.010
   155:    10660.011    10661.011    10711.000    10711.000    10711.033
   160:    10711.034    10711.035    10711.036    10711.037    10711.038
   165:    10711.039    10711.040    10711.041    10711.042    10711.043
   170:    10711.044    10711.045    10711.046    10711.047    10711.048
   175:    10711.049    10711.050    10711.051    10711.052    10711.053
   180:    10711.054    10711.055    10711.056    10711.057    10711.058
   185:    10711.059    10711.060    10711.061    10711.062    10711.063
   190:    10711.064    10711.064    10711.000    10711.000    11229.001
   195:    11257.002    11269.003    11348.004    11386.005    11392.006
   200:    11402.007    11415.008    11420.009    11432.010    11438.011
   205:    11451.012    11534.013    11534.013    11584.000    11584.000
   210:    12319.002    12324.004    12403.006    12478.008    12488.010
   215:    12537.012    12598.014    12747.016    12758.018    12784.020
   220:    12847.022    13283.024    13300.026    13331.028    14874.001
   225:    14887.002    14893.003    14924.004    14930.005    14941.006
   230:    14986.007    15048.008    15048.008    15098.000    15098.000
   235:    15763.001    16090.002    16090.002    16140.000    16140.000
   240:    16682.001    16703.002    16745.003    16778.004    16791.005
   245:    16796.006    16805.007    16811.008    16856.009    16907.010
   250:    16939.011    16946.012    16959.013    16966.014    16970.015
   255:    17026.016    17058.017    17136.018    17154.019    17165.020
   260:    17171.021    17261.022    17261.022    17311.000    17311.000
   265:    17836.001    17866.002    17888.003    17976.004    17996.005
   270:    18008.006    18017.007    18056.008    18072.009    18083.010
   275:    18131.011    18138.012    18150.013    18155.014    18163.015
   280:    18172.016    18180.017    18229.018    18249.019    18265.020
   285:    18296.021    18323.022    18342.023    18343.024    18347.025
   290:    18350.026    18360.027    18413.028    18413.028    18463.000
   295:    18463.000    19102.001    19238.002    19238.002    19288.000
   300:    19288.000    19693.001    19707.002    19717.003    19734.004
   305:    19750.005    19758.006    19788.007    19812.008    19813.009
   310:    19818.010    19827.011    19828.012    19834.013    19888.014
   315:    19896.015    19906.016    19911.017    19916.018    19925.019
   320:    19989.020    19989.020    20039.000    20039.000    20498.001
   325:    20571.002    20587.003    20598.004    20637.005    20661.006
   330:    20671.007    20688.008    20695.009    20707.010    20768.011
   335:    20768.011    20818.000
