File: C:\MED-PC\Data\2018-05-23_12h06m_Subject M331.txt


Start Date: 05/23/18
End Date: 05/23/18
Subject: M331
Experiment: DOBLE_PICO_ACO
Group: EXP
Box: 8
Start Time: 12:06:57
End Time: 13:20:15
MSN: IF_ACO_MULTIPLE_PICO
A:     885.000
B:      19.000
D:      21.000
I:       1.000
J:   18000.000
K:    5400.000
M:       0.000
N:      20.000
O:      21.000
P:     986.000
Q:       0.000
T:    1000.000
V:     600.000
W:      19.000
Z:       0.000
C:
     0:        0.120        0.120        0.120        0.120        0.120
     5:        0.120        0.120        0.120        0.120        0.120
    10:        0.120        0.540       39.120       43.120       45.120
    15:       45.120       55.110      157.110      229.110      238.120
    20:      238.120      250.110      252.110      260.120      285.110
    25:      299.110      307.110      328.110      331.110      350.110
    30:      353.110      393.110      396.110      401.110      411.110
    35:      418.110      424.120      428.120      442.110      446.110
    40:      449.110      453.110      455.110      459.110      474.120
    45:      487.120      495.110      503.110      509.110      520.110
    50:      525.110      529.110      531.110      539.120      578.110
    55:      581.110      593.110      600.110      601.110      606.110
    60:      610.110      620.120      635.110      639.110      644.110
    65:      663.110      671.110      677.110      681.110      685.110
    70:      691.110      697.120      702.120      709.120      747.110
    75:      749.110      753.110      772.110      778.110      796.110
    80:      811.110      815.110      828.110      832.110      840.110
    85:      855.110      862.110      865.110      877.120      883.110
    90:      885.110      888.110      894.110      913.110      918.110
    95:      937.120      975.120      993.110      996.110     1006.110
   100:     1013.120     1037.110     1068.110     1072.110     1205.110
   105:     1227.110     1234.110     1244.110     1257.110     1387.120
   110:     1412.110     1417.110     1420.110     1425.110     1431.110
   115:     1441.120     1525.110     1531.110     1538.110     1551.120
   120:     1572.120     1579.110     1581.110     1593.120     1632.120
   125:     1646.120     1667.120     1673.120     1709.120     1726.110
   130:     1735.110     1738.110     1743.120     1760.120     1763.120
   135:     1765.120     1775.120     1800.340     1800.110     1900.500
   140:     1911.100     1919.100     1939.100     1978.100     1982.100
   145:     1983.100     1990.100     1994.100     1996.100     2054.120
   150:     2065.100     2067.100     2073.100     2080.100     2083.100
   155:     2095.100     2100.100     2101.100     2104.100     2111.120
   160:     2122.100     2134.100     2140.100     2148.100     2157.120
   165:     2159.100     2162.120     2181.120     2193.120     2202.100
   170:     2205.100     2208.100     2220.100     2225.100     2230.100
   175:     2237.100     2244.100     2248.120     2278.100     2282.100
   180:     2287.100     2312.120     2418.120     2460.100     2520.200
   185:     2557.120     2570.300     2619.120     2662.120     2670.510
   190:     2705.120     2783.110     2859.120     2887.110     3053.110
   195:     3063.110     3070.120     3085.110     3130.110     3139.110
   200:     3145.110     3153.120     3167.110     3169.110     3177.110
   205:     3184.110     3187.110     3193.110     3201.110     3203.110
   210:     3211.110     3213.110     3216.110     3225.110     3238.110
   215:     3241.110     3251.110     3254.110     3266.110     3278.110
   220:     3283.110     3293.110     3298.110     3304.110     3304.210
   225:     3308.120     3354.310     3361.120     3362.120     3366.120
   230:     3369.120     3373.120     3374.120     3376.120     3376.120
   235:     3380.120     3381.120     3382.120     3385.120     3387.120
   240:     3390.120     3394.120     3395.120     3396.120     3401.120
   245:     3402.120     3403.120     3405.120     3407.120     3409.120
   250:     3414.120     3415.120     3425.120     3432.120     3436.120
   255:     3438.120     3439.120     3446.120     3451.120     3453.120
   260:     3454.510     3454.120     3733.110     3733.210     3737.120
   265:     3783.310     3822.120     3823.120     3834.120     3838.120
   270:     3840.120     3841.120     3845.120     3847.120     3852.120
   275:     3857.120     3859.120     3864.120     3866.120     3883.500
   280:     3930.120     4025.120     4031.120     4184.120     4188.120
   285:     4199.100     4221.120     4236.100     4243.100     4245.100
   290:     4247.100     4249.100     4252.100     4261.100     4266.100
   295:     4272.120     4282.100     4285.100     4289.100     4290.100
   300:     4299.100     4315.100     4323.100     4326.100     4330.100
   305:     4335.100     4336.100     4339.100     4344.100     4355.100
   310:     4364.120     4372.100     4374.100     4390.100     4393.100
   315:     4398.100     4402.120     4413.100     4415.100     4416.100
   320:     4420.100     4433.100     4439.100     4444.100     4446.100
   325:     4450.100     4459.100     4478.100     4485.100     4490.100
   330:     4491.100     4493.200     4498.120     4543.300     4549.120
   335:     4551.120     4554.120     4557.120     4561.120     4564.120
   340:     4568.120     4569.120     4573.120     4574.120     4579.120
   345:     4580.120     4582.120     4586.120     4587.120     4594.120
   350:     4595.120     4600.120     4609.120     4643.500     4643.120
   355:     4647.120     4648.120     4696.120     4704.120     4713.120
   360:     4718.120     4758.120     4782.120     4937.120     4954.100
   365:     4958.100     4959.100     4961.100     4964.100     4969.100
   370:     4978.100     4982.100     4985.100     4990.100     4993.100
   375:     4997.100     5010.100     5028.100     5033.100     5040.100
   380:     5047.100     5049.100     5059.100     5065.100     5069.100
   385:     5073.100     5081.100     5089.100     5092.100     5096.120
   390:     5107.100     5110.100     5113.100     5117.100     5128.100
   395:     5130.100     5142.100     5165.100     5173.100     5180.100
   400:     5181.120     5198.120     5207.100     5212.100     5220.100
   405:     5266.100     5267.200     5272.120     5317.300     5324.120
   410:     5325.120     5326.120     5330.120     5333.120     5339.120
   415:     5340.120     5344.120     5347.120     5350.120     5353.120
   420:     5354.120     5355.120     5356.120     5358.120     5359.120
   425:     5360.120     5361.120     5363.120     5363.120     5364.120
   430:     5368.120     5369.120     5375.120     5376.120     5378.120
   435:     5382.120     5383.120     5384.120     5390.120     5391.120
   440:     5399.120     5400.120     5417.500     5445.120     5506.120
   445:     5711.120     5750.100     5777.100     5788.100     5800.100
   450:     5805.100     5808.100     5813.100     5817.100     5827.100
   455:     5833.100     5840.100     5850.100     5854.100     5857.100
   460:     5879.100     5884.100     5892.120     5896.100     5900.120
   465:     5960.100     5962.100     5967.100     5976.100     5979.100
   470:     5984.100     5986.100     5988.100     5990.100     5995.100
   475:     5998.100     6005.100     6015.100     6020.200     6025.120
   480:     6070.300     6076.120     6078.120     6081.120     6087.120
   485:     6088.120     6090.120     6095.120     6099.120     6103.120
   490:     6105.120     6106.120     6110.120     6111.120     6119.120
   495:     6124.120     6126.120     6128.120     6129.120     6130.120
   500:     6131.120     6135.120     6136.120     6142.120     6147.120
   505:     6150.120     6170.510     6191.120     6192.120     6201.120
   510:     6226.110     6249.110     6274.120     6316.110     6369.110
   515:     6374.110     6377.110     6381.120     6404.110     6406.110
   520:     6413.110     6425.120     6605.110     6614.110     6625.110
   525:     6634.110     6638.110     6646.110     6651.110     6658.110
   530:     6663.110     6667.110     6685.110     6698.110     6705.110
   535:     6716.110     6720.110     6727.110     6744.120     6761.110
   540:     6773.110     6782.110     6798.110     6798.210     6803.120
   545:     6848.310     6853.120     6858.120     6862.120     6863.120
   550:     6864.120     6865.120     6870.120     6871.120     6873.120
   555:     6873.120     6877.120     6878.120     6879.120     6880.120
   560:     6884.120     6885.120     6886.120     6892.120     6895.120
   565:     6896.120     6902.120     6904.120     6910.120     6916.120
   570:     6922.120     6927.120     6930.120     6937.120     6942.120
   575:     6943.120     6946.120     6948.510     7043.120     7093.110
   580:     7113.110     7138.120     7153.110     7168.110     7172.120
   585:     7180.120     7181.120     7258.120     7265.110     7273.110
   590:     7274.110     7280.110     7290.110     7294.110     7302.110
   595:     7304.110     7307.110     7325.110     7402.110     7413.110
   600:     7425.110     7437.110     7442.110     7453.110     7455.110
   605:     7461.110     7465.110     7471.110     7479.110     7481.110
   610:     7494.110     7499.110     7509.110     7514.110     7520.110
   615:     7525.110     7529.110     7540.110     7546.120     7556.110
   620:     7575.110     7579.110     7586.110     7586.210     7593.120
   625:     7636.310     7645.120     7649.120     7652.120     7657.120
   630:     7658.120     7665.120     7670.120     7671.120     7676.120
   635:     7677.120     7681.120     7682.120     7687.120     7690.120
   640:     7694.120     7696.120     7697.120     7703.120     7705.120
   645:     7705.120     7706.120     7710.120     7713.120     7714.120
   650:     7716.120     7719.120     7720.120     7724.120     7729.120
   655:     7730.120     7731.120     7734.120     7736.510     7931.110
   660:     7935.120     8075.110     8084.120     8125.120     8136.110
   665:     8139.110     8145.110     8221.110     8312.110     8317.110
   670:     8323.110     8332.110     8337.110     8341.110     8361.110
   675:     8361.210     8365.120     8411.310     8418.120     8423.120
   680:     8426.120     8429.120     8442.120     8511.510     8532.120
   685:     8539.120     8540.120     8562.120     8563.120     8586.110
   690:     8590.110     8597.110     8618.120     8854.110     8866.110
   695:     8870.110     8882.110     8886.110     8889.110     8902.110
   700:     8923.110     8926.110     8935.110     8941.120     8946.110
   705:     8956.110     8965.110     8971.110     8975.110     8979.110
   710:     8993.110     8995.110     9004.110     9012.110     9021.110
   715:     9032.110     9043.110     9049.110     9055.110     9069.110
   720:     9073.110     9080.110     9090.110     9097.110     9112.110
   725:     9117.110     9134.110     9134.210     9139.120     9184.310
   730:     9193.120     9200.120     9206.120     9210.120     9216.120
   735:     9217.120     9218.120     9222.120     9224.120     9225.120
   740:     9229.120     9230.120     9231.120     9232.120     9232.120
   745:     9237.120     9241.120     9243.120     9248.120     9249.120
   750:     9253.120     9254.120     9261.120     9261.120     9263.120
   755:     9268.120     9270.120     9271.120     9275.120     9280.120
   760:     9281.120     9283.120     9284.120     9284.500     9285.120
   765:     9330.120     9567.120     9598.100     9619.100     9621.100
   770:     9626.100     9630.100     9632.100     9636.100     9646.100
   775:     9650.100     9667.100     9669.100     9675.100     9682.100
   780:     9686.100     9689.100     9697.100     9703.100     9710.100
   785:     9719.100     9721.100     9725.100     9741.100     9746.120
   790:     9757.100     9764.100     9767.100     9787.100     9794.100
   795:     9806.100     9827.100     9832.100     9837.100     9839.120
   800:     9851.100     9855.100     9859.100     9873.100     9881.100
   805:     9886.100     9887.200     9894.120     9937.300     9946.120
   810:     9950.120     9954.120     9957.120     9960.120     9964.120
   815:     9965.120     9969.120     9973.120     9977.120     9980.120
   820:     9984.120     9985.120     9989.120     9990.120     9993.120
   825:     9994.120     9995.120     9998.120    10000.120    10004.120
   830:    10005.120    10005.120    10009.120    10015.120    10023.120
   835:    10025.120    10037.500    10399.120    10568.120    10577.100
   840:    10582.100    10584.100    10593.100    10596.100    10600.100
   845:    10603.100    10618.100    10621.100    10625.100    10634.100
   850:    10641.100    10642.200    10647.120    10692.300    10699.120
   855:    10701.120    10704.120    10708.120    10711.120    10714.120
   860:    10718.120    10720.120    10721.120    10726.120    10728.120
   865:    10733.120    10734.120    10735.120    10741.120    10748.120
   870:    10748.120    10756.120    10757.120    10792.500    10820.120
   875:    10856.120    10882.100    11027.120    11046.100    11049.100
   880:    11082.100    11087.100    11095.100    11096.100    11098.100
   885:    11103.100    11106.100    11110.100    11120.100    11124.100
   890:    11130.100    11137.100    11151.100    11154.100    11155.120
   895:    11179.100    11189.100    11194.100    11198.100    11207.100
   900:    11216.100    11230.100    11243.100    11248.100    11251.100
   905:    11256.100    11267.100    11275.100    11279.100    11302.100
   910:    11305.100    11313.120    11328.120    11353.100    11357.100
   915:    11376.100    11381.100    11400.100    11410.100    11413.200
   920:    11419.120    11463.300    11470.120    11473.120    11476.120
   925:    11479.120    11484.120    11486.120    11487.120    11491.120
   930:    11494.120    11495.120    11499.120    11503.120    11507.120
   935:    11513.120    11524.120    11524.120    11527.120    11528.120
   940:    11532.120    11533.120    11540.120    11541.120    11563.510
   945:    11645.120    11667.110    11675.120    11709.110    11714.110
   950:    11717.110    11720.120    11740.120    11741.120    11953.110
   955:    11959.120    11976.110    11980.110    11984.110    11993.120
   960:    12001.120    12003.120    12019.110    12030.110    12041.110
   965:    12044.110    12047.110    12049.110    12056.110    12069.110
   970:    12078.110    12095.110    12099.110    12105.110    12115.120
   975:    12126.110    12131.110    12137.110    12153.110    12156.110
   980:    12167.110    12170.110    12176.110    12182.110    12182.210
   985:    12187.120    12232.310    12241.120    12242.120    12245.120
   990:    12248.120    12252.120    12254.120    12256.120    12258.120
   995:    12259.120    12261.120    12265.120    12266.120    12267.120
  1000:    12268.120    12272.120    12273.120    12276.120    12280.120
  1005:    12284.120    12285.120    12287.120    12288.120    12291.120
  1010:    12325.120    12332.530    12431.120    12456.120    12476.120
  1015:    12492.120    12493.120    12494.120    12623.120    12636.100
  1020:    12647.100    12650.100    12657.100    12665.100    12676.100
  1025:    12679.100    12689.100    12701.100    12704.100    12707.100
  1030:    12731.100    12734.100    12737.100    12742.100    12752.100
  1035:    12753.100    12762.100    12768.100    12777.120    12791.100
  1040:    12799.100    12807.100    12808.100    12815.100    12838.100
  1045:    12843.100    12846.100    12851.100    12857.100    12861.100
  1050:    12879.120    12890.100    12892.100    12898.100    12904.100
  1055:    12906.100    12908.100    12914.100    12916.100    12919.100
  1060:    12982.100    12989.120    13014.120    13021.100    13027.100
  1065:    13034.100    13042.100    13078.100    13082.100    13088.100
  1070:    13092.100    13097.100    13102.120    13118.100    13121.100
  1075:    13130.100    13141.100    13143.100    13152.100    13164.100
  1080:    13175.100    13182.100    13381.120    13401.100    13403.100
  1085:    13426.120    13434.120    13605.120    13616.100    13665.100
  1090:    13670.100    13673.100    13677.100    13680.100    13684.100
  1095:    13689.120    13813.100    13816.100    13820.100    13827.100
  1100:    13830.100    13834.100    13847.100    13855.100    13856.100
  1105:    13862.100    13866.100    13868.100    13871.100    13876.100
  1110:    13884.100    13893.100    13911.100    13914.100    13917.100
  1115:    13922.100    13929.120    13951.100    13963.100    13973.120
  1120:    13996.100    14000.100    14037.100    14103.100    14116.120
  1125:    14132.330    14232.510    14264.120    14272.110    14279.110
  1130:    14283.120    14288.120    14307.110    14340.120    14350.110
  1135:    14455.110    14458.110    14471.110    14483.120    14492.120
  1140:    14501.110    14503.110    14506.110    14509.110    14511.110
  1145:    14520.110    14528.110    14530.110    14535.120    14559.110
  1150:    14563.110    14568.110    14589.110    14595.110    14597.110
  1155:    14603.120    14659.110    14665.110    14668.110    14673.110
  1160:    14681.110    14691.110    14695.110    14701.110    14719.110
  1165:    14731.110    14737.110    14742.110    14749.110    14753.110
  1170:    14756.110    14761.110    14767.110    14775.110    14784.110
  1175:    14790.110    14791.110    14799.110    14803.110    14807.110
  1180:    14820.110    14826.110    14829.110    14840.110    14851.110
  1185:    14851.210    14857.120    14901.310    14914.120    14918.120
  1190:    14921.120    14921.120    14927.120    14933.120    14934.120
  1195:    14935.120    14935.120    14942.120    14948.120    14949.120
  1200:    14951.120    15001.500    15123.120    15158.120    15188.120
  1205:    15195.100    15210.100    15217.100    15222.100    15228.100
  1210:    15231.100    15236.100    15248.100    15253.120    15267.100
  1215:    15269.100    15276.100    15286.100    15295.100    15307.120
  1220:    15320.100    15325.100    15329.100    15337.100    15343.100
  1225:    15349.120    15361.100    15380.100    15387.100    15392.100
  1230:    15412.100    15415.100    15424.100    15427.100    15431.100
  1235:    15433.100    15437.100    15456.100    15462.100    15467.120
  1240:    15476.100    15485.100    15487.100    15500.100    15505.100
  1245:    15511.100    15515.100    15516.100    15521.100    15530.100
  1250:    15534.100    15538.100    15540.100    15569.100    15574.100
  1255:    15629.200    15630.120    15679.300    15687.120    15690.120
  1260:    15692.120    15693.120    15697.120    15699.120    15700.120
  1265:    15704.120    15705.120    15709.120    15719.120    15723.120
  1270:    15724.120    15725.120    15779.510    15858.110    15864.110
  1275:    15869.120    15908.110    15912.110    15923.120    15932.120
  1280:    15933.120    15982.110    15989.110    15991.110    15993.110
  1285:    15996.110    16000.110    16012.110    16072.110    16078.120
  1290:    16097.110    16100.110    16103.110    16112.110    16116.110
  1295:    16136.110    16147.110    16154.110    16169.110    16171.110
  1300:    16183.110    16196.110    16207.110    16211.110    16220.110
  1305:    16251.110    16255.110    16270.110    16289.110    16292.110
  1310:    16317.110    16321.110    16326.120    16327.120    16338.110
  1315:    16349.110    16353.110    16364.110    16368.110    16379.110
  1320:    16386.110    16401.110    16401.210    16405.120    16451.310
  1325:    16483.120    16488.120    16490.120    16494.120    16496.120
  1330:    16497.120    16498.120    16504.120    16551.510    16592.120
  1335:    16617.110    16622.120    16634.120    17005.120    17114.110
  1340:    17119.110    17122.110    17128.110    17129.110    17133.110
  1345:    17140.110    17143.110    17157.110    17161.110    17163.110
  1350:    17172.110    17172.210    17177.120    17222.310    17322.500
  1355:    17396.120    17410.120    17688.100    17701.100    17705.100
  1360:    17712.100    17715.100    17721.100    17726.100    17739.100
  1365:    17745.100    17748.100    17751.100    17754.100    17759.120
  1370:    17771.100    17780.100    17791.100    17802.100    17806.100
  1375:    17808.100    17812.100    17821.100    17827.120    17836.100
  1380:    17841.100    17845.100    17847.100    17854.100    17868.100
  1385:    17874.100    17875.100    17879.100    17892.100    17898.100
  1390:    17902.100    17908.100    17924.100    17928.200    17934.120
  1395:    17978.300    17986.120    17988.120    17993.120    17998.120
  1400:    18000.120    18005.120    18011.120    18017.120    18020.120
  1405:    18023.120    18024.120    18026.120    18078.510    18105.120
  1410:    18107.120    18322.110    18326.120    18349.110    18354.120
  1415:    18372.120    18386.110    18389.110    18392.110    18498.120
  1420:    18506.110    18517.110    18573.110    18576.110    18580.110
  1425:    18585.110    18589.110    18602.110    18610.110    18624.110
  1430:    18627.110    18635.110    18638.110    18648.110    18658.110
  1435:    18669.110    18678.110    18687.110    18690.110    18696.110
  1440:    18696.210    18701.120    18746.310    18759.120    18762.120
  1445:    18769.120    18773.120    18774.120    18775.120    18781.120
  1450:    18782.120    18783.120    18784.120    18788.120    18789.120
  1455:    18790.120    18791.120    18795.120    18797.120    18804.120
  1460:    18804.120    18806.120    18809.120    18813.120    18816.120
  1465:    18817.120    18845.120    18846.530    18851.120    19183.120
  1470:    19193.120    19214.100    19217.100    19225.100    19229.100
  1475:    19232.100    19235.100    19242.100    19248.100    19253.100
  1480:    19266.100    19268.100    19273.100    19284.100    19287.100
  1485:    19290.100    19299.100    19304.100    19310.100    19318.120
  1490:    19328.100    19336.100    19345.100    19354.100    19360.100
  1495:    19364.100    19367.100    19398.100    19417.100    19424.100
  1500:    19429.120    19448.100    19453.100    19459.100    19465.100
  1505:    19473.100    19487.100    19497.100    19528.120    19541.100
  1510:    19546.100    19548.100    19560.100    19571.120    19592.120
  1515:    19601.100    19616.100    19619.100    19622.100    19626.100
  1520:    19630.100    19634.100    19651.100    19658.100    19659.100
  1525:    19723.100    19725.100    19732.120    19740.120    19799.120
  1530:    19816.100    19823.100    19881.120    19945.100    20071.120
  1535:    20127.120    20139.120    20197.100    20201.100    20204.100
  1540:    20207.100    20389.120    20391.120    20396.120    20414.100
  1545:    20420.100    20531.100    20646.330    20656.120    20694.120
  1550:    20746.500    20785.120    20822.120    20845.100    20852.100
  1555:    20854.100    20860.100    20863.100    20868.100    20870.100
  1560:    20875.100    20883.100    20885.100    20900.100    20912.100
  1565:    20923.100    20930.100    20933.100    20941.100    20943.100
  1570:    20944.120    20950.100    20953.100    20955.100    20974.100
  1575:    20981.100    20990.100    20993.100    21000.100    21016.100
  1580:    21023.100    21026.100    21049.100    21056.120    21060.100
  1585:    21080.100    21087.100    21093.100    21103.100    21104.100
  1590:    21107.100    21110.100    21158.100    21161.100    21176.100
  1595:    21182.120    21207.120    21223.100    21230.100    21236.100
  1600:    21239.100    21298.100    21304.100    21358.200    21404.120
  1605:    21408.300    21491.120    21508.540    21517.110    21521.120
  1610:    21658.110    21879.110    21894.120    22067.120    22075.110
  1615:    22089.120    22106.110    22109.110    22112.110    22121.110
  1620:    22130.110    22132.110    22140.110    22146.110    22149.110
  1625:    22154.110    22161.110    22187.110    22190.110    22198.110
  1630:    22209.110    22212.110    22220.110    22234.110    22243.110
  1635:    22258.110    22264.110    22271.110    22279.110    22290.110
  1640:    22295.110    22306.110    22312.110    22321.110    22324.110
  1645:    22336.110    22352.110    22360.110    22375.110    22378.110
  1650:    22387.110    22390.110    22393.110    22410.110    22414.110
  1655:    22430.110    22432.110    22438.110    22458.120    22466.120
  1660:    22477.110    22493.110    22512.120    22534.120    22883.110
  1665:    22892.110    22912.110    22926.110    22936.110    22940.120
  1670:    22954.110    22959.110    22980.110    22986.110    23038.110
  1675:    23050.110    23129.120    23139.110    23143.110    23150.110
  1680:    23170.120    23176.120    23176.120    23259.120    23268.110
  1685:    23271.110    23300.110    23306.120    23308.340    23408.500
  1690:    23577.100    23582.100    23585.100    23589.100    23596.100
  1695:    23608.100    23614.100    23620.100    23669.120    23698.120
  1700:    23707.100    23755.100    24017.120    24035.100    24046.100
  1705:    24095.200    24114.120    24145.300    24154.120    24155.120
  1710:    24156.120    24159.120    24162.120    24165.120    24168.120
  1715:    24171.120    24173.120    24177.120    24245.510    24311.110
  1720:    24316.120    24354.110    24527.120    24545.110    24564.120
  1725:    24589.110    24593.110    24600.110    24604.110    24610.110
  1730:    24618.110    24622.110    24631.110    24633.110    24638.110
  1735:    24642.110    24649.110    24663.110    24679.110    24682.110
  1740:    24685.110    24691.110    24698.110    24711.120    24718.110
  1745:    24722.110    24730.110    24736.110    24746.110    24750.110
  1750:    24754.110    24761.110    24769.110    24782.110    24787.110
  1755:    24790.110    24797.110    24805.110    24809.110    24814.110
  1760:    24836.110    24842.110    24846.110    24859.110    24859.210
  1765:    24864.120    24909.310    24921.120    24924.120    24927.120
  1770:    24930.120    24935.120    24936.120    24937.120    24940.120
  1775:    24942.120    24944.120    24946.120    24948.120    24952.120
  1780:    24959.120    24966.120    24972.120    24974.120    24978.120
  1785:    24979.120    24985.120    24987.120    25009.500    25533.120
  1790:    25554.100    25565.100    25568.100    25574.100    25585.100
  1795:    25591.100    25597.100    25604.100    25606.100    25611.100
  1800:    25614.200    25620.120    25664.300    25675.120    25678.120
  1805:    25679.120    25680.120    25683.120    25687.120    25688.120
  1810:    25692.120    25702.120    25706.120    25707.120    25707.120
  1815:    25710.120    25711.120    25716.120    25721.120    25723.120
  1820:    25730.120    25731.120    25764.510    26251.110    26257.110
  1825:    26260.110    26264.110    26269.110    26282.110    26293.110
  1830:    26315.110    26318.110    26333.110    26345.110    26349.110
  1835:    26360.110    26365.120    26376.110    26386.110    26386.210
  1840:    26391.120    26436.310    26447.120    26450.120    26456.120
  1845:    26459.120    26460.120    26463.120    26466.120    26473.120
  1850:    26474.120    26476.120    26477.120    26478.120    26479.120
  1855:    26482.120    26536.510    26595.110    26601.120    26825.110
  1860:    26900.110    26904.120    26921.110    26952.110    27105.110
  1865:    27107.110    27119.110    27136.110    27141.110    27147.110
  1870:    27151.110    27151.210    27156.120    27201.310    27208.120
  1875:    27212.120    27218.120    27223.120    27225.120    27230.120
  1880:    27231.120    27236.120    27238.120    27239.120    27245.120
  1885:    27246.120    27254.120    27259.120    27261.120    27270.120
  1890:    27274.120    27277.120    27301.500    27839.120    27856.100
  1895:    27866.100    27869.100    27872.100    27873.100    27886.100
  1900:    27889.100    27894.100    27900.100    27903.100    27907.100
  1905:    27916.200    27917.100    27925.120    27966.300    27969.120
  1910:    27974.120    27976.120    27985.120    27993.120    27997.120
  1915:    28000.120    28001.120    28003.120    28004.120    28007.120
  1920:    28009.120    28013.120    28016.120    28018.120    28023.120
  1925:    28027.120    28029.120    28033.120    28034.120    28036.120
  1930:    28043.120    28048.120    28049.120    28066.510    28158.120
  1935:    28174.110    28178.120    28431.110    28438.110    28440.110
  1940:    28443.110    28530.110    28535.110    28540.110    28546.110
  1945:    28562.110    28565.110    28567.110    28571.110    28573.110
  1950:    28586.110    28590.110    28597.110    28599.110    28608.110
  1955:    28615.110    28635.110    28640.110    28645.110    28648.110
  1960:    28659.110    28675.110    28680.110    28680.210    28685.120
  1965:    28730.310    28735.120    28738.120    28741.120    28746.120
  1970:    28747.120    28749.120    28752.120    28753.120    28760.120
  1975:    28763.120    28765.120    28766.120    28830.500    28898.120
  1980:    29427.120    29436.100    29447.100    29457.100    29462.100
  1985:    29473.100    29482.100    29486.100    29495.100    29496.200
  1990:    29502.120    29546.300    29646.510    30089.110    30100.120
  1995:    30112.110    30118.110    30122.110    30140.110    30151.110
  2000:    30177.110    30181.110    30192.110    30196.110    30208.110
  2005:    30216.110    30222.110    30232.110    30237.110    30258.110
  2010:    30266.120    30277.110    30277.210    30282.120    30327.310
  2015:    30355.120    30356.120    30359.120    30427.500    30530.120
  2020:    30665.120    30697.100    30991.120    31003.100    31011.100
  2025:    31022.100    31025.100    31028.100    31041.100    31044.100
  2030:    31048.100    31052.100    31063.200    31063.100    31070.120
  2035:    31113.300    31121.120    31123.120    31128.120    31132.120
  2040:    31133.120    31136.120    31137.120    31142.120    31211.120
  2045:    31213.500    31649.120    31672.100    31677.100    31684.100
  2050:    31694.100    31696.100    31701.100    31707.100    31719.100
  2055:    31721.100    31727.100    31738.100    31740.100    31744.100
  2060:    31753.100    31758.100    31785.100    31787.100    31790.100
  2065:    31796.120    31808.100    31813.200    31820.120    31863.300
  2070:    31963.510    32007.120    32027.120    32120.120    32128.110
  2075:    32166.120    32334.110    32340.120    32418.120    32425.110
  2080:    32430.110    32439.110    32444.110    32446.110    32451.110
  2085:    32453.110    32460.110    32463.110    32471.110    32479.110
  2090:    32484.110    32486.110    32491.110    32492.110    32500.110
  2095:    32505.110    32512.110    32516.110    32526.110    32537.110
  2100:    32542.110    32551.110    32554.110    32571.110    32587.110
  2105:    32587.210    32592.120    32637.310    32694.120    32696.120
  2110:    32698.120    32700.120    32728.120    32737.500    32739.120
  2115:    32987.120    33121.120    33229.100    33240.100    33243.100
  2120:    33247.100    33250.100    33251.100    33261.100    33265.100
  2125:    33270.120    33281.100    33286.100    33290.100    33292.100
  2130:    33301.100    33303.100    33306.100    33310.100    33314.100
  2135:    33322.120    33329.120    33341.200    33346.120    33391.300
  2140:    33484.120    33491.500    33731.120    34006.120    34015.100
  2145:    34020.100    34030.100    34034.100    34035.100    34041.100
  2150:    34049.100    34054.100    34058.100    34071.100    34073.100
  2155:    34077.100    34084.100    34092.120    34094.200    34097.120
  2160:    34144.300    34244.510    34247.120    34622.110    34639.110
  2165:    34647.110    34656.110    34660.110    34666.110    34669.110
  2170:    34685.110    34698.110    34716.110    34730.110    34745.110
  2175:    34750.110    34752.110    34765.110    34775.110    34785.110
  2180:    34792.110    34798.110    34803.110    34807.110    34811.110
  2185:    34825.110    34848.110    34853.110    34863.110    34863.210
  2190:    34868.120    34913.310    34922.120    34928.120    34938.120
  2195:    34940.120    34942.120    34946.120    34947.120    34949.120
  2200:    34949.120    34953.120    34954.120    34957.120    34958.120
  2205:    34960.120    34960.120    34962.120    34971.120    34978.120
  2210:    34979.120    34984.120    34990.120    35013.510    35054.120
  2215:    35543.110    35555.110    35560.110    35563.110    35572.110
  2220:    35576.110    35586.110    35592.110    35598.110    35602.110
  2225:    35611.110    35627.110    35638.110    35638.210    35643.120
  2230:    35688.310    35697.120    35699.120    35704.120    35708.120
  2235:    35711.120    35715.120    35716.120    35717.120    35722.120
  2240:    35727.120    35728.120    35730.120    35735.120    35736.120
  2245:    35739.120    35742.120    35788.530    36043.120    36294.100
  2250:    36304.100    36308.100    36312.100    36315.100    36322.100
  2255:    36328.100    36333.100    36342.100    36350.100    36359.100
  2260:    36363.100    36379.100    36383.100    36389.100    36390.100
  2265:    36394.100    36403.100    36406.100    36418.100    36427.100
  2270:    36428.100    36432.120    36446.100    36456.100    36472.100
  2275:    36479.100    36487.100    36492.120    36530.100    36542.100
  2280:    36546.100    36566.120    36655.100    36662.100    36671.100
  2285:    36687.120    36730.120    36862.120    37139.120    37172.100
  2290:    37198.120    37479.100    37488.100    37491.100    37495.100
  2295:    37502.120    37551.100    37555.100    37561.100    37565.100
  2300:    37568.100    37569.100    37573.100    37588.330    37688.540
  2305:    37754.110    37761.120    37785.110    37788.110    37790.110
  2310:    37794.110    37826.110    37833.120    38151.110    38153.110
  2315:    38160.110    38166.110    38182.110    38200.110    38241.110
  2320:    38250.110    38255.110    38258.110    38266.110    38269.110
  2325:    38272.110    38276.110    38278.110    38286.110    38290.110
  2330:    38296.110    38305.110    38311.110    38316.110    38326.110
  2335:    38334.110    38338.110    38344.110    38349.110    38353.110
  2340:    38356.110    38360.110    38365.110    38371.110    38379.110
  2345:    38387.110    38395.110    38407.110    38417.110    38424.110
  2350:    38431.110    38440.110    38447.110    38460.110    38477.110
  2355:    38483.120    38485.120    38497.110    38504.110    38513.110
  2360:    38520.110    38523.110    38562.120    38580.110    38583.110
  2365:    38673.120    38766.120    38775.110    38785.120    39430.110
  2370:    39448.120    39458.110    39468.110    39470.110    39472.110
  2375:    39479.110    39488.340    39588.500    39987.100    39993.100
  2380:    40000.100    40003.100    40005.100    40009.100    40011.100
  2385:    40018.100    40028.100    40029.100    40033.100    40040.100
  2390:    40047.100    40051.100    40054.100    40061.100    40074.100
  2395:    40079.100    40087.120    40102.120    40108.100    40120.100
  2400:    40123.100    40137.100    40172.100    40184.100    40195.100
  2405:    40197.200    40204.120    40247.300    40256.120    40261.120
  2410:    40263.120    40266.120    40268.120    40271.120    40273.120
  2415:    40280.120    40281.120    40282.120    40283.120    40347.510
  2420:    40381.120    40449.110    40455.120    40486.110    40493.110
  2425:    40509.120    40531.110    40534.110    40686.110    40689.110
  2430:    40702.110    40750.120    40764.110    40768.110    40773.110
  2435:    40778.110    40786.110    40795.110    40797.110    40803.110
  2440:    40812.110    40819.110    40821.110    40829.110    40841.110
  2445:    40863.110    40869.110    40871.110    40885.110    40898.110
  2450:    40906.110    40915.110    40933.110    40945.110    40948.110
  2455:    40953.110    40960.110    40966.120    40978.110    40978.210
  2460:    40983.120    41028.310    41128.510    41144.120    41165.120
  2465:    41224.120    41521.110    41525.110    41533.110    41540.110
  2470:    41541.110    41544.110    41551.110    41561.110    41566.110
  2475:    41572.110    41594.110    41597.110    41605.110    41613.110
  2480:    41619.110    41623.110    41628.110    41630.110    41640.110
  2485:    41655.110    41660.120    41667.110    41671.110    41682.110
  2490:    41687.110    41694.110    41697.110    41716.120    41723.110
  2495:    41727.110    41731.110    41734.110    41737.110    41748.110
  2500:    41748.210    41752.120    41798.310    41806.120    41808.120
  2505:    41811.120    41813.120    41815.120    41816.120    41822.120
  2510:    41824.120    41827.120    41831.120    41832.120    41836.120
  2515:    41837.120    41840.120    41898.500    41900.120    41915.120
E:
     0:     2520.000      744.000      832.000
F:
     0:       70.000       32.935       30.863
G:
     0:        1.000        1.000        1.000        1.000        1.000
     5:        1.000        1.000        1.000        1.000        0.000
H:
     0:        1.000        1.000        2.000        2.000
L:
     0:     6305.000     6201.000     6344.000     6129.000     6137.000
     5:     6148.000     6309.000     6381.000     6156.000     6218.000
    10:     6975.000     6145.000     6256.000     6760.000     6459.000
    15:     6107.000     6137.000     6133.000     6190.000
R:
     0:        1.000        1.000        1.000        1.000        1.000
     5:        1.000        1.000        1.000        1.000        0.000
S:
     0:        1.000        1.000
U:
     0:     6148.000        5.000        0.000
X:
     0:        0.000        0.182        0.183        0.184        0.185
     5:        0.186        0.187        0.188        0.189        0.190
    10:        0.191        0.192        0.193        0.194        0.195
    15:        0.196        0.197        0.198        0.199        0.200
    20:        0.201        0.202        0.203        0.204        0.205
    25:        0.206        0.207        0.208        0.209        0.210
    30:        0.211        0.212        0.213        0.214        0.215
    35:        0.216        0.216        0.000        0.000      315.001
    40:      353.002      360.003      361.004      363.005      366.006
    45:      368.007      378.008      382.009      399.010      402.011
    50:      405.012      407.013      416.014      431.015      439.016
    55:      443.017      446.018      451.019      453.020      456.021
    60:      461.022      472.023      489.024      491.025      506.026
    65:      510.027      514.028      530.029      531.030      533.031
    70:      537.032      550.033      556.034      561.035      562.036
    75:      567.037      576.038      594.039      602.040      606.041
    80:      608.042      610.042      660.000      660.000      970.001
    85:      974.002      976.003      978.004      980.005      986.006
    90:      995.007      998.008     1001.009     1007.010     1009.011
    95:     1014.012     1027.013     1044.014     1050.015     1056.016
   100:     1064.017     1066.018     1075.019     1082.020     1086.021
   105:     1090.022     1098.023     1105.024     1108.025     1123.026
   110:     1126.027     1130.028     1134.029     1144.030     1147.031
   115:     1158.032     1182.033     1189.034     1196.035     1224.036
   120:     1229.037     1237.038     1282.039     1284.039     1334.000
   125:     1334.000     1667.001     1693.002     1704.003     1716.004
   130:     1721.005     1724.006     1730.007     1733.008     1743.009
   135:     1749.010     1757.011     1766.012     1770.013     1773.014
   140:     1795.015     1800.016     1812.017     1876.018     1878.019
   145:     1883.020     1892.021     1895.022     1900.023     1902.024
   150:     1904.025     1906.026     1911.027     1914.028     1921.029
   155:     1931.030     1936.030     1986.000     1986.000     2300.001
   160:     2320.002     2323.003     2328.004     2332.005     2334.006
   165:     2337.007     2348.008     2352.009     2369.010     2370.011
   170:     2377.012     2384.013     2388.014     2390.015     2398.016
   175:     2405.017     2412.018     2421.019     2423.020     2426.021
   180:     2443.022     2458.023     2466.024     2469.025     2489.026
   185:     2495.027     2507.028     2529.029     2534.030     2539.031
   190:     2553.032     2557.033     2560.034     2575.035     2583.036
   195:     2587.037     2589.037     2639.000     2639.000     3178.001
   200:     3183.002     3185.003     3194.004     3197.005     3201.006
   205:     3204.007     3219.008     3222.009     3226.010     3235.011
   210:     3242.012     3243.012     3293.000     3293.000     3382.001
   215:     3546.002     3549.003     3583.004     3587.005     3595.006
   220:     3597.007     3599.008     3603.009     3606.010     3610.011
   225:     3620.012     3624.013     3630.014     3638.015     3651.016
   230:     3655.017     3679.018     3690.019     3694.020     3698.021
   235:     3707.022     3717.023     3730.024     3743.025     3748.026
   240:     3751.027     3756.028     3767.029     3775.030     3779.031
   245:     3802.032     3805.033     3853.034     3858.035     3876.036
   250:     3881.037     3900.038     3911.039     3913.039     3963.000
   255:     3963.000     4266.002     4278.004     4280.006     4287.008
   260:     4296.010     4307.012     4309.014     4320.016     4331.018
   265:     4334.020     4338.022     4361.024     4364.026     4367.028
   270:     4373.030     4382.032     4383.034     4392.036     4399.038
   275:     4421.040     4429.042     4437.044     4438.046     4446.048
   280:     4468.050     4473.052     4477.054     4481.056     4488.058
   285:     4491.060     4520.062     4523.064     4529.066     4534.068
   290:     4536.070     4538.072     4544.074     4546.076     4549.078
   295:     4612.080     4651.082     4657.084     4664.086     4672.088
   300:     4708.090     4712.092     4718.094     4723.096     4728.098
   305:     4748.100     4752.102     4761.104     4771.106     4773.108
   310:     4783.110     4794.112     4806.114     4812.116     5031.118
   315:     5033.120     5246.122     5296.124     5301.126     5303.128
   320:     5307.130     5310.132     5315.134     5444.136     5447.138
   325:     5451.140     5457.142     5461.144     5464.146     5477.148
   330:     5485.150     5486.152     5492.154     5497.156     5498.158
   335:     5501.160     5506.162     5515.164     5523.166     5542.168
   340:     5544.170     5547.172     5552.174     5582.176     5594.178
   345:     5626.180     5631.182     5667.184     5734.186     6826.001
   350:     6841.002     6847.003     6852.004     6858.005     6862.006
   355:     6866.007     6878.008     6897.009     6899.010     6907.011
   360:     6916.012     6925.013     6950.014     6956.015     6959.016
   365:     6967.017     6974.018     6992.019     7010.020     7017.021
   370:     7022.022     7043.023     7045.024     7055.025     7058.026
   375:     7062.027     7064.028     7067.029     7086.030     7092.031
   380:     7106.032     7115.033     7117.034     7130.035     7135.036
   385:     7141.037     7145.038     7147.039     7151.040     7160.041
   390:     7164.042     7168.043     7170.044     7199.045     7205.046
   395:     7259.046     7309.000     7309.000     7674.001     7687.002
   400:     7691.003     7698.004     7701.005     7707.006     7712.007
   405:     7725.008     7731.009     7734.010     7738.011     7740.012
   410:     7758.013     7766.014     7777.015     7788.016     7792.017
   415:     7794.018     7798.019     7807.020     7822.021     7827.022
   420:     7831.023     7833.024     7841.025     7854.026     7860.027
   425:     7862.028     7865.029     7878.030     7885.031     7889.032
   430:     7894.033     7910.034     7914.034     7964.000     7964.000
   435:     8331.002     8335.004     8343.006     8346.008     8350.010
   440:     8353.012     8359.014     8365.016     8371.018     8384.020
   445:     8386.022     8390.024     8401.026     8405.028     8408.030
   450:     8416.032     8422.034     8427.036     8446.038     8453.040
   455:     8462.042     8471.044     8478.046     8482.048     8485.050
   460:     8515.052     8534.054     8541.056     8566.058     8570.060
   465:     8577.062     8582.064     8591.066     8605.068     8614.070
   470:     8658.072     8663.074     8666.076     8678.078     8719.080
   475:     8733.082     8737.084     8739.086     8743.088     8748.090
   480:     8752.092     8769.094     8776.096     8777.098     8841.100
   485:     8843.102     8934.104     8941.106     9062.108     9315.110
   490:     9318.112     9321.114     9324.116     9531.118     9538.120
   495:     9649.122     9963.123     9969.124     9971.125     9977.126
   500:     9981.127     9985.128     9988.129     9993.130    10001.131
   505:    10002.132    10018.133    10030.134    10041.135    10047.136
   510:    10051.137    10059.138    10060.139    10067.140    10070.141
   515:    10072.142    10091.143    10099.144    10107.145    10111.146
   520:    10117.147    10134.148    10140.149    10143.150    10166.151
   525:    10177.152    10198.153    10205.154    10210.155    10221.156
   530:    10222.157    10225.158    10227.159    10276.160    10279.161
   535:    10294.162    10341.163    10347.164    10354.165    10356.166
   540:    10415.167    10421.168    10475.168    10525.000    10525.000
   545:    10525.131    10525.132    10525.133    10525.134    10525.135
   550:    10525.136    10525.137    10525.138    10525.139    10525.140
   555:    10525.141    10525.142    10525.142    10525.000    10525.000
   560:    11069.001    11080.002    11083.003    11089.004    11100.005
   565:    11106.006    11112.007    11119.008    11121.009    11126.010
   570:    11129.010    11179.000    11179.000    11734.001    11744.002
   575:    11747.003    11750.004    11751.005    11764.006    11767.007
   580:    11772.008    11778.009    11781.010    11785.011    11794.011
   585:    11795.012    11844.000    11844.000    12449.001    12460.002
   590:    12470.003    12475.004    12486.005    12495.006    12500.007
   595:    12508.008    12510.008    12560.000    12560.000    12830.001
   600:    13135.002    13144.003    13155.004    13157.005    13161.006
   605:    13174.007    13177.008    13181.009    13184.010    13195.010
   610:    13196.011    13245.000    13245.000    13704.001    13709.002
   615:    13715.003    13726.004    13728.005    13733.006    13739.007
   620:    13751.008    13753.009    13759.010    13770.011    13772.012
   625:    13776.013    13785.014    13790.015    13816.016    13819.017
   630:    13822.018    13840.019    13845.019    13895.000    13895.000
   635:    14386.001    14397.002    14401.003    14404.004    14407.005
   640:    14409.006    14419.007    14422.008    14438.009    14443.010
   645:    14447.011    14449.012    14458.013    14460.014    14463.015
   650:    14467.016    14471.017    14498.017    14548.000    14548.000
   655:    15072.001    15076.002    15087.003    15091.004    15092.005
   660:    15098.006    15105.007    15111.008    15114.009    15128.010
   665:    15130.011    15133.012    15140.013    15151.013    15201.000
   670:    15201.000    15707.002    15716.004    15720.006    15724.008
   675:    15728.010    15734.012    15740.014    15745.016    15755.018
   680:    15762.020    15771.022    15776.024    15791.026    15796.028
   685:    15801.030    15802.032    15806.034    15815.036    15818.038
   690:    15830.040    15839.042    15841.044    15859.046    15869.048
   695:    15885.050    15892.052    15899.054    15942.056    15954.058
   700:    15959.060    16067.062    16074.064    16084.066    16584.068
   705:    16892.070    16901.072    16904.074    16907.076    16964.078
   710:    16968.080    16973.082    16977.084    16981.086    16982.088
   715:    16985.090    19400.215    19406.216    19412.217    19415.218
   720:    19417.219    19422.220    19424.221    19431.222    19440.223
   725:    19441.224    19445.225    19452.226    19459.227    19463.228
   730:    19466.229    19473.230    19486.231    19492.232    19521.233
   735:    19532.234    19535.235    19549.236    19585.237    19596.238
   740:    19607.239    19610.239    19660.000    19660.000
Y:
     0:        0.000       55.002      157.004      229.006      250.008
     5:      252.010      285.012      299.014      307.016      328.018
    10:      331.020      350.022      353.024      393.026      395.028
    15:      400.030      411.032      418.034      442.036      446.038
    20:      449.040      453.042      455.044      459.046      495.048
    25:      503.050      509.052      519.054      525.056      529.058
    30:      531.060      578.062      581.064      593.066      599.068
    35:      601.070      606.072      610.074      635.076      639.078
    40:      644.080      663.082      671.084      677.086      681.088
    45:      685.090      691.092      747.094      749.096      753.098
    50:      772.100      778.102      796.104      811.106      815.108
    55:      828.110      832.112      840.114      854.116      862.118
    60:      865.120      883.122      885.124      888.126      894.128
    65:      913.130      918.132      993.134      996.136     1005.138
    70:     1037.140     1068.142     1072.144     1204.146     1227.148
    75:     1234.150     1244.152     1257.154     1412.156     1417.158
    80:     1420.160     1425.162     1431.164     1525.166     1531.168
    85:     1538.170     1579.172     1581.174     1725.176     1734.178
    90:     1738.180     1800.181     2783.001     2887.002     3053.003
    95:     3063.004     3085.005     3130.006     3139.007     3145.008
   100:     3167.009     3169.010     3177.011     3183.012     3187.013
   105:     3193.014     3200.015     3203.016     3211.017     3213.018
   110:     3216.019     3225.020     3238.021     3241.022     3251.023
   115:     3254.024     3266.025     3278.026     3282.027     3293.028
   120:     3298.029     3304.030     3304.030     3354.000     3354.000
   125:     3633.001     3633.001     3683.000     3683.000     3738.001
   130:     3761.002     3829.003     3881.004     3886.005     3889.006
   135:     3916.007     3919.008     3926.009     4118.010     4127.011
   140:     4138.012     4146.013     4150.014     4158.015     4163.016
   145:     4170.017     4175.018     4179.019     4197.020     4210.021
   150:     4218.022     4228.023     4232.024     4239.025     4273.026
   155:     4285.027     4294.028     4310.029     4311.029     4361.000
   160:     4361.000     4505.001     4525.002     4565.003     4580.004
   165:     4677.005     4685.006     4686.007     4692.008     4702.009
   170:     4706.010     4714.011     4717.012     4719.013     4737.014
   175:     4815.015     4825.016     4837.017     4850.018     4854.019
   180:     4865.020     4868.021     4873.022     4877.023     4883.024
   185:     4891.025     4893.026     4906.027     4912.028     4921.029
   190:     4926.030     4932.031     4938.032     4942.033     4952.034
   195:     4969.035     4988.036     4991.037     4998.038     4998.038
   200:     5048.000     5048.000     5243.001     5387.002     5448.003
   205:     5450.004     5456.005     5532.006     5624.007     5628.008
   210:     5635.009     5643.010     5648.011     5653.012     5672.013
   215:     5672.013     5722.000     5722.000     5797.001     5801.002
   220:     5807.003     6064.004     6077.005     6081.006     6093.007
   225:     6096.008     6099.009     6113.010     6133.011     6136.012
   230:     6146.013     6157.014     6167.015     6175.016     6182.017
   235:     6185.018     6190.019     6203.020     6206.021     6215.022
   240:     6223.023     6231.024     6243.025     6254.026     6260.027
   245:     6266.028     6280.029     6284.030     6291.031     6300.032
   250:     6307.033     6323.034     6327.035     6344.036     6345.036
   255:     6395.000     6395.000     6498.001     6540.002     6546.003
   260:     6548.004     6784.005     6807.006     6811.007     6816.008
   265:     6850.009     6862.010     6872.011     6875.012     6879.013
   270:     6881.014     6888.015     6901.016     6910.017     6926.018
   275:     6931.019     6936.020     6957.021     6963.022     6968.023
   280:     6984.024     6987.025     6999.026     7001.027     7007.028
   285:     7013.029     7013.029     7063.000     7063.000     7063.187
   290:     7063.188     7063.189     7063.190     7063.191     7063.192
   295:     7063.193     7063.194     7063.195     7063.196     7063.197
   300:     7063.198     7063.199     7063.200     7063.201     7063.202
   305:     7063.203     7063.204     7063.205     7063.206     7063.207
   310:     7063.208     7063.209     7063.210     7063.211     7063.212
   315:     7063.213     7063.214     7063.215     7063.216     7063.217
   320:     7063.218     7063.219     7063.220     7063.221     7063.222
   325:     7063.223     7063.224     7063.225     7063.226     7063.227
   330:     7063.228     7063.229     7063.230     7063.231     7063.232
   335:     7063.233     7063.234     7063.235     7063.236     7063.236
   340:     7063.000     7063.000     7141.001     7147.002     7191.003
   345:     7195.004     7265.005     7272.006     7275.007     7277.008
   350:     7280.009     7284.010     7296.011     7355.012     7381.013
   355:     7384.014     7387.015     7395.016     7399.017     7420.018
   360:     7430.019     7438.020     7452.021     7455.022     7466.023
   365:     7479.024     7490.025     7494.026     7503.027     7535.028
   370:     7539.029     7553.030     7572.031     7575.032     7601.033
   375:     7605.034     7621.035     7632.036     7636.037     7647.038
   380:     7652.039     7663.040     7670.041     7684.042     7684.042
   385:     7734.000     7734.000     7800.001     8297.002     8302.003
   390:     8305.004     8311.005     8312.006     8315.007     8323.008
   395:     8326.009     8340.010     8344.011     8346.012     8355.013
   400:     8355.013     8405.000     8405.000     8649.001     8675.002
   405:     8713.003     8716.004     8719.005     8833.006     8844.007
   410:     8899.008     8902.009     8907.010     8911.011     8916.012
   415:     8928.013     8937.014     8951.015     8954.016     8962.017
   420:     8965.018     8974.019     8984.020     8996.021     9005.022
   425:     9013.023     9017.024     9023.025     9023.025     9073.000
   430:     9073.000     9082.002     9223.004     9443.006     9640.008
   435:     9671.010     9674.012     9677.014     9686.016     9695.018
   440:     9697.020     9704.022     9710.024     9714.026     9718.028
   445:     9726.030     9751.032     9755.034     9762.036     9774.038
   450:     9777.040     9784.042     9799.044     9808.046     9823.048
   455:     9828.050     9836.052     9843.054     9855.056     9860.058
   460:     9870.060     9877.062     9886.064     9889.066     9901.068
   465:     9917.070     9925.072     9939.074     9943.076     9952.078
   470:     9955.080     9958.082     9974.084     9979.086     9995.088
   475:     9997.090    10003.092    10042.094    10057.096    10448.098
   480:    10457.100    10476.102    10491.104    10500.106    10519.108
   485:    10524.110    10545.112    10551.114    10602.116    10615.118
   490:    10704.120    10708.122    10715.124    10833.126    10836.128
   495:    10865.130    11875.001    11918.002    12109.003    12154.004
   500:    12158.005    12165.006    12168.007    12175.008    12183.009
   505:    12187.010    12195.011    12197.012    12203.013    12207.014
   510:    12214.015    12228.016    12244.017    12247.018    12250.019
   515:    12256.020    12263.021    12283.022    12287.023    12295.024
   520:    12300.025    12310.026    12314.027    12319.028    12326.029
   525:    12334.030    12346.031    12352.032    12355.033    12361.034
   530:    12370.035    12374.036    12379.037    12401.038    12407.039
   535:    12411.040    12424.041    12424.041    12474.000    12474.000
   540:    12961.001    12966.002    12970.003    12974.004    12978.005
   545:    12991.006    13003.007    13025.008    13028.009    13043.010
   550:    13054.011    13058.012    13070.013    13086.014    13096.015
   555:    13096.015    13146.000    13146.000    13205.001    13435.002
   560:    13510.003    13530.004    13562.005    13714.006    13717.007
   565:    13729.008    13745.009    13750.010    13757.011    13760.012
   570:    13760.012    13810.000    13810.000    13917.001    14174.002
   575:    14182.003    14184.004    14186.005    14274.006    14278.007
   580:    14284.008    14289.009    14305.010    14308.011    14310.012
   585:    14314.013    14317.014    14329.015    14334.016    14340.017
   590:    14342.018    14352.019    14358.020    14379.021    14383.022
   595:    14389.023    14391.024    14403.025    14418.026    14423.027
   600:    14423.027    14473.000    14473.000    14916.001    14938.002
   605:    14944.003    14948.004    14967.005    14978.006    15003.007
   610:    15007.008    15018.009    15023.010    15035.011    15043.012
   615:    15048.013    15059.014    15063.015    15084.016    15103.017
   620:    15103.017    15153.000    15153.000    15317.001    15523.002
   625:    15614.003    15619.004    15628.005    15633.006    15635.007
   630:    15640.008    15642.009    15649.010    15653.011    15660.012
   635:    15668.013    15673.014    15675.015    15680.016    15682.017
   640:    15689.018    15694.019    15701.020    15705.021    15715.022
   645:    15726.023    15731.024    15740.025    15743.026    15760.027
   650:    15776.028    15776.028    15826.000    15826.000    16203.001
   655:    16221.002    16228.003    16237.004    16241.005    16248.006
   660:    16250.007    16266.008    16280.009    16298.010    16312.011
   665:    16326.012    16331.013    16334.014    16346.015    16356.016
   670:    16366.017    16373.018    16379.019    16385.020    16388.021
   675:    16392.022    16407.023    16430.024    16434.025    16444.026
   680:    16444.026    16494.000    16494.000    17024.001    17035.002
   685:    17041.003    17044.004    17053.005    17057.006    17067.007
   690:    17073.008    17079.009    17082.010    17092.011    17108.012
   695:    17119.013    17119.013    17169.000    17169.000    17169.092
   700:    17169.094    17169.096    17169.098    17169.100    17169.102
   705:    17169.104    17169.106    17169.108    17169.110    17169.112
   710:    17169.114    17169.116    17169.118    17169.120    17169.122
   715:    17169.124    17169.126    17169.128    17169.130    17169.132
   720:    17169.134    17169.136    17169.138    17169.140    17169.142
   725:    17169.144    17169.146    17169.148    17169.150    17169.152
   730:    17169.154    17169.156    17169.158    17169.160    17169.162
   735:    17169.164    17169.166    17169.168    17169.170    17169.172
   740:    17169.174    17169.176    17169.178    17169.180    17169.182
   745:    17169.184    17169.186    17169.188    17169.190    17169.192
   750:    17169.194    17169.196    17169.198    17169.200    17169.202
   755:    17169.204    17169.206    17169.208    17169.210    17169.212
   760:    17169.214    17271.001    17307.002    17315.003    17353.004
   765:    17355.005    17507.006    17510.007    17524.008    17586.009
   770:    17590.010    17594.011    17599.012    17607.013    17616.014
   775:    17618.015    17624.016    17634.017    17641.018    17643.019
   780:    17651.020    17663.021    17685.022    17690.023    17693.024
   785:    17707.025    17719.026    17727.027    17736.028    17754.029
   790:    17767.030    17770.031    17775.032    17781.033    17799.034
   795:    17799.034    17849.000    17849.000    18242.001    18246.002
   800:    18254.003    18260.004    18262.005    18265.006    18272.007
   805:    18282.008    18287.009    18293.010    18315.011    18318.012
   810:    18326.013    18334.014    18340.015    18344.016    18348.017
   815:    18351.018    18361.019    18376.020    18388.021    18392.022
   820:    18403.023    18408.024    18415.025    18418.026    18444.027
   825:    18448.028    18452.029    18455.030    18458.031    18468.032
   830:    18468.032    18518.000
