File: C:\MED-PC\Data\2018-05-24_12h16m_Subject M332.txt


Start Date: 05/24/18
End Date: 05/24/18
Subject: M332
Experiment: DOBLE_PICO_ACO
Group: EXP
Box: 9
Start Time: 12:16:25
End Time: 13:29:48
MSN: IF_ACO_MULTIPLE_PICO
A:    1374.000
B:      22.000
D:      23.000
I:       1.000
J:   18000.000
K:    5400.000
M:       0.000
N:      23.000
O:      23.000
P:    1365.000
Q:       0.000
T:    1000.000
V:     600.000
W:      22.000
Z:       0.000
C:
     0:        0.120        0.120        0.120        0.120        0.120
     5:        0.120        0.120        0.120        0.120        0.120
    10:        0.120        0.120        0.120        0.120        0.120
    15:        0.120        0.120        0.120        0.120        0.120
    20:        0.120        0.120        0.120        0.120        0.120
    25:        0.120        0.120        0.120        0.120        0.120
    30:        0.120        0.120        0.120        0.120        0.120
    35:        0.120        0.120        0.120        0.120        0.120
    40:        0.120        0.120        0.120        0.510       26.120
    45:       52.110       78.110       79.110       80.110       83.120
    50:      123.110      124.110      126.110      159.110      164.120
    55:      165.120      203.120      204.120      204.120      211.110
    60:      214.110      216.110      217.110      220.110      224.110
    65:      225.110      226.110      234.110      236.110      277.110
    70:      278.110      284.110      286.110      288.110      290.110
    75:      295.110      297.110      298.110      301.110      310.110
    80:      311.110      317.110      319.110      323.110      326.110
    85:      331.110      347.110      356.110      359.110      360.110
    90:      364.110      366.110      370.110      378.110      393.110
    95:      396.110      404.110      404.110      405.110      408.110
   100:      423.110      425.110      428.110      444.110      445.110
   105:      448.110      455.110      458.110      465.110      466.110
   110:      469.110      471.110      474.110      476.110      486.110
   115:      490.110      492.110      496.110      499.110      503.110
   120:      505.110      505.110      510.110      516.110      519.110
   125:      534.110      541.110      541.210      544.110      546.110
   130:      546.120      585.120      591.310      683.120      691.500
   135:      798.120      822.120      948.120      957.100     1026.100
   140:     1032.100     1040.120     1064.100     1068.100     1072.120
   145:     1101.120     1117.100     1119.100     1121.100     1123.100
   150:     1126.100     1129.100     1136.100     1138.100     1140.100
   155:     1150.100     1154.100     1157.100     1165.100     1173.100
   160:     1176.100     1179.100     1182.100     1183.100     1197.100
   165:     1200.100     1203.100     1205.100     1207.100     1213.100
   170:     1229.100     1233.100     1236.100     1238.100     1239.100
   175:     1249.100     1256.100     1260.100     1265.100     1267.100
   180:     1268.100     1272.100     1279.100     1289.100     1291.100
   185:     1293.200     1295.100     1301.120     1328.120     1343.300
   190:     1392.120     1443.510     1811.120     1911.120     1960.120
   195:     1963.120     1975.110     1978.110     1981.110     1985.110
   200:     1988.110     1991.110     1993.110     1995.110     1997.110
   205:     2002.110     2004.110     2006.110     2013.110     2015.110
   210:     2030.110     2032.110     2038.110     2042.110     2046.110
   215:     2049.110     2051.110     2053.110     2059.110     2059.210
   220:     2064.120     2099.120     2109.310     2209.540     2418.120
   225:     2441.120     2459.120     2460.120     2478.120     2482.120
   230:     2487.120     2504.120     2517.120     2531.120     2533.120
   235:     2537.120     2597.110     2599.110     2750.110     2752.110
   240:     2753.110     2754.110     2757.110     2767.110     2773.110
   245:     2775.110     2781.110     2783.110     2786.110     2790.110
   250:     2793.110     2797.110     2797.110     2802.110     2804.110
   255:     2807.110     2809.110     2815.110     2834.110     2836.110
   260:     2839.120     2870.110     2873.110     2875.110     2878.110
   265:     2880.110     2886.110     2886.110     2888.110     2893.110
   270:     2895.110     2900.110     2902.110     2904.110     2906.110
   275:     2908.110     2915.110     2916.110     2919.110     2926.110
   280:     2929.110     2931.110     2935.110     2937.110     2947.110
   285:     2952.110     2957.110     2959.110     2961.110     2969.110
   290:     2971.110     2973.110     2981.110     2990.110     2992.110
   295:     2996.110     2998.110     3005.110     3008.110     3033.110
   300:     3041.110     3043.110     3050.110     3053.110     3061.110
   305:     3067.110     3069.110     3078.110     3084.120     3111.120
   310:     3534.120     3763.120     3784.110     3785.110     3797.110
   315:     3801.120     3833.120     3843.120     3846.120     3897.110
   320:     3899.110     3900.110     3961.110     3966.120     4009.340
   325:     4109.500     4177.120     4179.120     4217.120     4219.120
   330:     4237.100     4254.100     4277.100     4301.100     4306.120
   335:     4321.120     4322.120     4338.100     4340.100     4343.100
   340:     4346.100     4348.120     4405.120     4410.100     4413.100
   345:     4415.100     4428.100     4430.100     4432.100     4433.100
   350:     4435.100     4443.100     4445.100     4450.100     4452.100
   355:     4453.100     4461.100     4467.100     4472.100     4474.100
   360:     4476.100     4479.100     4494.100     4500.100     4502.100
   365:     4504.100     4509.100     4511.100     4515.100     4519.100
   370:     4520.100     4533.100     4540.100     4544.100     4551.100
   375:     4554.100     4588.100     4590.100     4597.100     4598.100
   380:     4601.100     4604.100     4607.100     4609.100     4643.100
   385:     4647.100     4650.100     4656.100     4659.100     4677.100
   390:     4685.100     4687.100     4691.100     4697.100     4698.100
   395:     4704.100     4707.100     4709.100     4710.200     4716.120
   400:     4745.120     4745.120     4760.300     4860.530     5116.120
   405:     5313.120     5314.120     5324.120     5329.120     5445.120
   410:     5471.100     5473.100     5475.100     5483.100     5486.100
   415:     5499.100     5501.100     5502.100     5523.100     5526.100
   420:     5530.100     5533.100     5538.100     5542.100     5549.100
   425:     5551.100     5555.100     5559.100     5566.100     5573.100
   430:     5575.100     5577.100     5582.100     5587.100     5589.100
   435:     5592.100     5596.100     5600.100     5613.100     5617.100
   440:     5624.100     5628.120     5629.120     5664.120     5687.100
   445:     5699.100     5709.100     5712.100     5714.100     5724.100
   450:     5725.100     5727.100     5739.100     5743.100     5745.100
   455:     5749.100     5753.100     5756.100     5766.100     5776.100
   460:     5787.100     5788.100     5792.100     5800.100     5802.100
   465:     5827.100     5832.100     5835.100     5836.100     5839.100
   470:     5841.100     5843.100     5852.100     5856.100     5860.100
   475:     5863.100     5866.100     5869.100     5872.100     5876.100
   480:     5882.100     5887.100     5891.100     5896.120     5917.120
   485:     5921.120     5930.120     5931.120     5938.120     5946.100
   490:     5947.100     5957.100     5964.100     5966.100     5968.100
   495:     5970.100     5974.100     5986.120     6094.120     6095.120
   500:     6098.120     6099.120     6201.120     6248.120     6268.120
   505:     6316.120     6341.120     6344.120     6346.120     6352.120
   510:     6357.120     6360.120     6371.120     6373.120     6380.100
   515:     6509.120     6660.330     6760.510     6866.110     6870.110
   520:     6955.110     6961.110     6963.110     6965.110     6979.110
   525:     6984.110     6986.110     6990.110     6995.110     6998.110
   530:     7000.110     7005.110     7006.110     7013.110     7016.110
   535:     7020.110     7031.110     7036.110     7037.110     7038.110
   540:     7042.110     7050.110     7054.110     7055.110     7072.110
   545:     7082.110     7084.110     7089.110     7092.110     7094.110
   550:     7096.110     7107.110     7116.110     7118.110     7127.110
   555:     7130.110     7132.110     7134.110     7162.110     7164.110
   560:     7168.110     7174.110     7180.110     7182.110     7185.110
   565:     7196.110     7205.110     7206.110     7222.110     7226.110
   570:     7228.110     7230.110     7241.110     7253.110     7256.110
   575:     7258.110     7263.110     7265.110     7267.110     7269.110
   580:     7271.110     7275.110     7278.110     7280.110     7283.110
   585:     7310.110     7313.110     7314.110     7322.110     7335.110
   590:     7336.110     7350.110     7372.110     7372.210     7376.120
   595:     7411.120     7422.310     7522.500     7596.120     7597.120
   600:     7609.120     7717.120     7733.120     7787.120     7789.120
   605:     7808.120     7810.120     7811.120     7811.120     7824.120
   610:     7825.120     7843.100     7860.100     7863.100     7866.100
   615:     7867.100     7873.120     7891.100     7897.100     7899.100
   620:     7902.100     7907.100     7909.100     7925.100     7926.100
   625:     7933.100     7938.100     7942.100     7947.100     7948.100
   630:     7958.100     7960.100     7970.100     7976.100     7977.100
   635:     7979.100     7989.100     7993.100     7996.100     8002.100
   640:     8003.100     8007.100     8012.100     8026.100     8034.100
   645:     8046.100     8049.100     8053.100     8059.100     8061.100
   650:     8077.100     8091.100     8099.100     8102.100     8104.100
   655:     8109.100     8112.100     8116.100     8131.100     8136.100
   660:     8137.200     8139.100     8144.120     8176.120     8187.300
   665:     8287.510     8639.120     8641.120     8667.120     8684.120
   670:     8756.120     8773.110     8776.110     8778.110     8782.110
   675:     8784.110     8788.110     8790.110     8792.110     8797.110
   680:     8799.110     8801.110     8806.110     8810.110     8814.110
   685:     8816.110     8819.110     8822.110     8832.110     8834.110
   690:     8837.110     8875.110     8880.110     8881.110     8884.110
   695:     8888.110     8922.110     8922.210     8926.120     8962.120
   700:     8972.310     9072.510     9420.120     9455.120     9580.120
   705:     9595.120     9604.120     9607.120     9623.110     9624.110
   710:     9626.110     9627.110     9630.110     9633.110     9642.110
   715:     9643.110     9644.110     9647.110     9651.110     9654.110
   720:     9660.110     9666.110     9667.110     9670.110     9671.110
   725:     9679.110     9681.110     9683.110     9685.110     9685.210
   730:     9690.120     9722.120     9735.310     9835.500     9917.120
   735:     9967.120     9994.120    10138.120    10181.100    10199.100
   740:    10204.120    10222.100    10227.100    10233.100    10236.100
   745:    10240.100    10244.100    10246.100    10259.100    10261.100
   750:    10263.100    10277.100    10279.100    10283.100    10287.100
   755:    10300.100    10302.100    10306.100    10318.100    10320.100
   760:    10327.100    10330.100    10332.100    10334.100    10338.100
   765:    10350.100    10353.100    10356.100    10358.100    10359.100
   770:    10364.100    10377.100    10383.100    10403.100    10411.100
   775:    10413.100    10420.100    10423.100    10425.100    10428.100
   780:    10431.100    10437.200    10443.120    10486.120    10487.300
   785:    10587.510    11004.120    11006.120    11009.120    11051.120
   790:    11134.120    11148.110    11151.110    11151.110    11154.120
   795:    11181.110    11183.110    11188.110    11194.110    11196.110
   800:    11197.110    11198.110    11200.110    11200.210    11204.120
   805:    11236.120    11250.310    11350.500    11569.120    11626.120
   810:    11657.120    11837.120    11838.120    11847.100    11849.100
   815:    11852.100    11855.100    11860.100    11863.100    11867.100
   820:    11885.100    11887.100    11888.100    11900.100    11902.100
   825:    11904.100    11907.100    11910.100    11917.100    11920.100
   830:    11932.100    11948.100    11951.100    11955.100    11957.100
   835:    11959.100    11960.200    11965.120    12010.300    12110.500
   840:    12122.120    12135.120    12514.120    12517.120    12654.100
   845:    12659.100    12663.100    12666.100    12670.100    12682.100
   850:    12685.100    12686.100    12688.100    12690.100    12690.100
   855:    12699.100    12701.100    12707.100    12710.100    12712.100
   860:    12714.200    12720.120    12754.120    12764.300    12864.510
   865:    12920.120    13118.120    13118.120    13119.120    13121.120
   870:    13137.120    13164.120    13166.120    13360.120    13383.120
   875:    13395.110    13397.110    13400.120    13415.110    13418.110
   880:    13419.110    13421.110    13423.110    13427.110    13431.110
   885:    13435.110    13437.110    13439.110    13449.110    13454.110
   890:    13458.110    13462.110    13466.110    13468.110    13470.110
   895:    13482.110    13482.210    13483.110    13485.120    13516.120
   900:    13532.310    13619.120    13632.510    13891.120    13892.120
   905:    14047.120    14047.120    14071.110    14074.110    14081.110
   910:    14083.110    14156.110    14159.110    14159.110    14160.110
   915:    14164.110    14166.110    14169.110    14170.110    14171.110
   920:    14174.110    14175.110    14176.110    14178.110    14182.110
   925:    14184.110    14187.110    14191.110    14193.110    14198.110
   930:    14207.110    14208.110    14211.110    14216.110    14217.110
   935:    14235.110    14236.110    14239.110    14242.110    14254.110
   940:    14254.210    14259.120    14288.120    14304.310    14404.500
   945:    14436.120    14445.120    14659.120    14661.120    14662.120
   950:    14694.120    14694.120    14724.120    14726.120    14743.120
   955:    14752.100    14811.120    14830.120    14840.100    14843.100
   960:    14845.100    14849.100    14851.100    14852.100    14854.100
   965:    14859.100    14861.100    14863.100    14871.100    14874.100
   970:    14876.100    14878.100    14888.100    14893.100    14895.100
   975:    14897.100    14899.100    14916.100    14919.100    14920.100
   980:    14922.100    14928.100    14932.100    14940.100    14942.100
   985:    14944.100    14949.100    14953.100    14955.100    14957.100
   990:    14960.100    14969.100    14973.100    14981.100    14992.100
   995:    14994.100    14999.100    15000.100    15003.100    15004.200
  1000:    15007.100    15012.120    15045.120    15054.300    15154.500
  1005:    15173.120    15173.120    15357.120    15571.120    15573.120
  1010:    15586.100    15589.100    15591.100    15593.100    15595.100
  1015:    15601.100    15602.100    15603.100    15609.100    15611.100
  1020:    15621.100    15623.100    15633.100    15636.100    15639.100
  1025:    15651.100    15655.100    15657.100    15659.100    15661.100
  1030:    15672.100    15676.100    15680.100    15682.100    15685.100
  1035:    15696.100    15705.100    15708.100    15713.100    15716.100
  1040:    15727.100    15729.100    15733.100    15734.100    15736.100
  1045:    15742.100    15746.100    15749.100    15756.200    15762.120
  1050:    15799.120    15806.300    15906.500    15993.120    15994.120
  1055:    16009.120    16022.120    16079.120    16081.120    16097.120
  1060:    16171.120    16172.120    16399.120    16424.100    16436.100
  1065:    16438.100    16441.100    16443.100    16448.120    16465.100
  1070:    16468.100    16470.100    16472.100    16474.100    16476.100
  1075:    16480.100    16483.100    16487.100    16490.100    16492.100
  1080:    16498.100    16501.100    16503.100    16519.100    16523.100
  1085:    16525.200    16526.100    16533.120    16565.120    16575.300
  1090:    16675.510    16687.120    16688.120    16740.120    16741.120
  1095:    16902.120    16968.120    16968.120    16970.120    17007.120
  1100:    17026.110    17029.110    17067.110    17074.110    17127.110
  1105:    17129.110    17131.110    17133.110    17137.110    17138.110
  1110:    17142.110    17144.110    17145.110    17150.110    17151.110
  1115:    17161.110    17163.110    17173.110    17176.110    17182.110
  1120:    17186.110    17188.110    17192.110    17195.110    17206.110
  1125:    17209.110    17209.110    17212.110    17216.110    17219.110
  1130:    17220.110    17226.110    17234.110    17238.110    17248.110
  1135:    17251.110    17253.110    17255.110    17259.110    17262.110
  1140:    17270.110    17273.110    17275.110    17277.110    17278.110
  1145:    17279.110    17283.110    17286.110    17302.110    17302.210
  1150:    17307.120    17339.120    17352.310    17452.510    17639.120
  1155:    17640.120    17641.120    17670.120    17841.110    17843.110
  1160:    17848.110    17853.110    17859.110    17861.110    17864.110
  1165:    17866.110    17879.110    17882.110    17884.110    17889.110
  1170:    17892.110    17894.110    17906.110    17909.110    17911.110
  1175:    17932.110    17933.110    17936.110    17947.110    17954.110
  1180:    17956.110    17958.110    17960.110    17981.110    17984.110
  1185:    17990.110    17993.110    17995.110    17998.110    17999.110
  1190:    18000.110    18019.110    18023.110    18024.110    18026.110
  1195:    18030.110    18033.110    18038.110    18042.110    18046.120
  1200:    18062.120    18078.110    18078.210    18078.110    18081.120
  1205:    18116.120    18128.310    18228.530    18270.120    18330.120
  1210:    18351.120    18447.120    18464.120    18477.100    18479.100
  1215:    18482.100    18490.100    18494.100    18497.100    18500.100
  1220:    18504.100    18511.100    18513.100    18522.100    18527.100
  1225:    18529.100    18531.100    18542.100    18546.100    18547.100
  1230:    18550.100    18552.100    18555.100    18558.100    18566.100
  1235:    18570.100    18576.100    18578.100    18587.100    18589.100
  1240:    18591.100    18598.100    18613.100    18615.100    18618.100
  1245:    18622.100    18625.100    18637.100    18646.100    18651.100
  1250:    18656.100    18663.100    18673.100    18678.100    18680.100
  1255:    18683.100    18697.100    18701.100    18704.100    18708.100
  1260:    18713.100    18717.100    18719.100    18733.120    18754.120
  1265:    18774.100    18788.100    18789.100    18795.100    18799.100
  1270:    18801.100    18804.100    18810.100    18812.100    18815.100
  1275:    18822.100    18829.100    18836.100    18844.100    18851.100
  1280:    18855.100    18861.100    18871.100    18876.100    18879.100
  1285:    18883.100    18885.100    18888.100    18892.100    18908.120
  1290:    18986.120    18998.100    19001.100    19226.100    19236.120
  1295:    19258.120    19270.100    19276.120    19296.120    19336.120
  1300:    19355.120    19356.120    19357.120    19362.120    19369.120
  1305:    19401.100    19420.120    19421.120    19422.120    19446.120
  1310:    19448.120    19466.120    19469.120    19545.120    19548.120
  1315:    19734.120    19739.100    19741.100    19744.100    19747.100
  1320:    19752.120    19783.100    19785.100    19790.100    19793.100
  1325:    19803.100    19809.100    19811.100    19813.100    19815.100
  1330:    19821.100    19828.100    19842.100    19845.100    19849.100
  1335:    19862.100    19865.100    19875.100    19880.100    19881.100
  1340:    19893.100    19901.100    19908.100    19911.100    19922.120
  1345:    19950.120    19962.100    19963.100    19965.100    19970.100
  1350:    19974.100    19976.100    19980.100    19986.100    19994.100
  1355:    20007.100    20011.100    20012.100    20025.100    20028.330
  1360:    20067.120    20096.120    20128.510    20356.120    20356.120
  1365:    20357.120    20369.110    20372.110    20374.110    20379.120
  1370:    20407.120    20409.120    20421.110    20422.110    20427.110
  1375:    20430.110    20432.110    20435.110    20439.110    20441.110
  1380:    20446.110    20448.110    20450.110    20457.110    20460.110
  1385:    20462.110    20463.110    20479.110    20481.110    20494.110
  1390:    20499.110    20505.110    20516.110    20522.110    20530.110
  1395:    20533.110    20535.110    20538.110    20557.110    20561.110
  1400:    20562.110    20563.110    20569.110    20591.110    20598.110
  1405:    20599.110    20600.110    20606.110    20615.110    20625.110
  1410:    20628.110    20632.110    20634.110    20636.110    20638.110
  1415:    20641.110    20644.110    20649.110    20671.110    20673.110
  1420:    20678.110    20694.110    20718.110    20720.110    20725.110
  1425:    20729.110    20738.110    20751.110    20751.210    20752.110
  1430:    20756.120    20796.120    20801.310    20901.500    20916.120
  1435:    20917.120    20960.120    20962.120    21104.120    21233.120
  1440:    21270.100    21272.100    21274.100    21280.120    21304.100
  1445:    21310.100    21312.100    21315.100    21316.100    21318.100
  1450:    21319.100    21320.100    21327.100    21328.100    21339.100
  1455:    21341.100    21343.100    21346.100    21351.100    21353.100
  1460:    21355.100    21357.100    21360.100    21362.100    21366.100
  1465:    21375.100    21382.100    21384.100    21387.100    21389.100
  1470:    21400.100    21405.120    21430.120    21431.120    21436.100
  1475:    21447.100    21452.100    21456.100    21462.100    21465.100
  1480:    21467.100    21469.100    21483.100    21486.100    21494.100
  1485:    21499.100    21507.200    21509.100    21514.120    21544.120
  1490:    21557.300    21592.120    21657.510    22036.120    22085.110
  1495:    22087.110    22089.110    22093.110    22098.110    22099.110
  1500:    22103.110    22106.110    22110.110    22124.110    22129.110
  1505:    22133.110    22135.110    22137.110    22140.110    22153.110
  1510:    22156.110    22161.110    22165.110    22166.110    22169.110
  1515:    22191.110    22193.110    22199.110    22201.110    22203.110
  1520:    22205.110    22209.110    22235.110    22240.110    22245.110
  1525:    22246.110    22251.110    22253.110    22276.110    22276.210
  1530:    22281.120    22312.120    22326.310    22426.510    22480.120
  1535:    22496.120    22527.120    22536.120    22549.120    22555.120
  1540:    22591.110    22596.110    22670.120    22687.110    22691.110
  1545:    22692.110    22701.110    22703.110    22709.110    22715.110
  1550:    22715.110    22717.110    22724.110    22729.110    22731.110
  1555:    22738.110    22741.110    22747.110    22749.110    22751.110
  1560:    22761.110    22762.110    22765.110    22768.110    22781.110
  1565:    22782.110    22790.110    22792.110    22797.110    22799.110
  1570:    22802.110    22804.110    22807.110    22809.110    22811.110
  1575:    22828.110    22834.110    22836.110    22841.110    22847.110
  1580:    22855.110    22868.110    22871.110    22879.110    22889.110
  1585:    22889.110    22908.110    22912.110    22918.110    22920.110
  1590:    22922.110    22924.110    22934.110    22935.110    22937.110
  1595:    22945.110    22958.110    22972.110    22974.110    22976.110
  1600:    22985.110    22985.110    22997.110    23003.110    23005.110
  1605:    23007.110    23010.110    23015.110    23019.110    23019.110
  1610:    23021.110    23023.110    23027.110    23029.110    23033.110
  1615:    23044.110    23044.210    23047.110    23049.120    23076.120
  1620:    23094.310    23194.500    23202.120    23469.120    23527.120
  1625:    23681.120    23710.100    23716.100    23718.100    23722.100
  1630:    23726.100    23729.100    23730.100    23738.100    23746.100
  1635:    23747.100    23755.100    23758.100    23760.100    23763.100
  1640:    23776.100    23780.100    23783.100    23785.100    23788.100
  1645:    23789.100    23797.100    23798.200    23803.120    23832.120
  1650:    23848.300    23948.500    23950.120    24379.120    24431.120
  1655:    24432.120    24447.100    24452.100    24455.100    24456.100
  1660:    24458.100    24461.100    24464.100    24469.100    24470.100
  1665:    24478.100    24479.100    24481.100    24483.100    24492.100
  1670:    24497.100    24499.100    24500.100    24524.100    24527.100
  1675:    24530.100    24534.100    24538.100    24546.100    24549.100
  1680:    24552.200    24558.120    24593.120    24602.300    24642.120
  1685:    24702.510    24771.120    24919.120    24931.120    24950.110
  1690:    24952.110    24954.110    24958.110    24960.110    24966.110
  1695:    24967.110    24972.110    24975.110    24983.110    24984.110
  1700:    24990.110    25010.110    25013.110    25018.110    25020.110
  1705:    25024.110    25026.110    25032.110    25038.110    25056.110
  1710:    25058.110    25060.110    25065.110    25068.110    25072.110
  1715:    25074.110    25079.110    25081.110    25084.110    25088.110
  1720:    25091.110    25136.120    25153.110    25156.120    25181.110
  1725:    25185.110    25187.110    25196.110    25200.110    25202.110
  1730:    25203.110    25210.110    25214.110    25217.110    25217.110
  1735:    25219.110    25231.110    25233.110    25235.110    25243.110
  1740:    25245.110    25250.110    25252.110    25255.110    25261.110
  1745:    25272.110    25285.110    25286.110    25288.110    25296.110
  1750:    25298.110    25300.110    25302.110    25304.110    25312.110
  1755:    25326.110    25326.210    25330.120    25356.120    25376.310
  1760:    25450.120    25476.510    25505.120    25507.120    25539.120
  1765:    25539.120    25866.120    25872.120    25894.120    25906.110
  1770:    25909.110    25920.110    25925.110    25931.110    25934.110
  1775:    25940.110    25941.110    25943.110    25945.110    25952.110
  1780:    25962.110    25964.110    25967.110    25969.110    25972.110
  1785:    25973.110    25992.110    25994.110    25999.110    26003.110
  1790:    26008.110    26009.110    26011.110    26018.110    26023.110
  1795:    26040.110    26044.110    26048.110    26050.110    26052.110
  1800:    26072.110    26074.110    26079.110    26081.110    26110.110
  1805:    26110.210    26114.120    26147.120    26160.310    26260.540
  1810:    26285.120    26300.120    26325.120    26626.120    26627.120
  1815:    26645.110    26651.120    26663.120    26673.110    26676.110
  1820:    26686.120    26709.120    26711.120    26719.120    26743.110
  1825:    26748.110    26751.110    26752.110    26753.110    26757.110
  1830:    26763.110    26764.110    26765.110    26770.110    26775.110
  1835:    26777.110    26781.110    26793.110    26803.110    26805.110
  1840:    26807.110    26810.110    26823.110    26823.110    26826.110
  1845:    26833.110    26835.110    26839.110    26845.110    26854.110
  1850:    26866.110    26867.110    26869.110    26871.110    26873.110
  1855:    26874.110    26879.110    26880.110    26891.110    26893.110
  1860:    26905.110    26909.110    26911.110    26913.110    26921.110
  1865:    26929.110    26934.110    26944.110    26947.110    26948.110
  1870:    26950.110    26960.110    26968.110    26971.110    26976.110
  1875:    26992.110    26997.110    26999.110    27000.110    27008.110
  1880:    27010.110    27012.110    27014.110    27016.110    27020.110
  1885:    27022.110    27025.110    27035.110    27037.110    27039.110
  1890:    27041.110    27045.110    27054.110    27055.110    27058.110
  1895:    27060.110    27080.110    27083.110    27092.110    27095.110
  1900:    27096.110    27100.110    27110.110    27116.110    27120.110
  1905:    27122.110    27128.110    27132.110    27134.110    27151.110
  1910:    27153.110    27156.110    27160.110    27162.110    27170.110
  1915:    27171.110    27178.110    27187.110    27194.110    27201.110
  1920:    27206.110    27211.120    27248.120    27262.110    27266.110
  1925:    27272.110    27513.110    27522.120    27750.120    27753.120
  1930:    27790.120    27792.120    27794.120    27959.120    27970.110
  1935:    27974.110    27982.120    27997.120    28000.120    28002.120
  1940:    28009.120    28011.120    28060.340    28160.500    28393.100
  1945:    28395.100    28400.120    28437.100    28442.100    28444.100
  1950:    28448.120    28467.120    28498.100    28500.100    28502.100
  1955:    28506.100    28508.100    28524.100    28526.100    28527.100
  1960:    28534.100    28549.100    28550.100    28565.100    28575.100
  1965:    28580.120    28602.100    28604.100    28608.100    28609.100
  1970:    28611.100    28612.100    28617.100    28634.100    28638.100
  1975:    28640.100    28651.100    28660.100    28665.100    28679.100
  1980:    28681.100    28683.100    28688.100    28696.100    28698.100
  1985:    28700.100    28713.100    28715.100    28719.100    28722.100
  1990:    28726.100    28728.100    28732.100    28735.100    28737.100
  1995:    28739.100    28743.100    28744.100    28756.100    28758.100
  2000:    28762.100    28765.100    28767.100    28773.200    28776.100
  2005:    28781.120    28808.120    28823.300    28923.500    28969.120
  2010:    28987.120    29119.120    29120.120    29133.100    29136.100
  2015:    29138.100    29139.100    29142.100    29144.100    29147.120
  2020:    29147.120    29170.100    29173.100    29178.100    29180.100
  2025:    29184.100    29193.100    29195.100    29200.100    29201.100
  2030:    29210.100    29213.100    29215.100    29216.100    29218.100
  2035:    29227.100    29244.100    29249.100    29256.100    29261.100
  2040:    29262.100    29279.100    29282.100    29290.100    29293.100
  2045:    29294.100    29308.100    29312.100    29317.100    29318.100
  2050:    29321.100    29323.100    29326.100    29333.100    29336.100
  2055:    29338.100    29340.100    29350.100    29352.100    29356.100
  2060:    29363.100    29371.100    29375.100    29379.100    29382.100
  2065:    29393.100    29397.100    29401.100    29403.100    29405.100
  2070:    29406.100    29415.100    29419.100    29423.100    29429.100
  2075:    29433.100    29436.100    29437.100    29440.100    29448.100
  2080:    29466.100    29471.120    29496.120    29512.120    29512.120
  2085:    29515.120    29526.200    29528.100    29533.120    29561.120
  2090:    29576.300    29667.120    29676.500    29958.120    29960.120
  2095:    30009.120    30190.120    30213.100    30215.100    30218.100
  2100:    30219.100    30223.100    30224.100    30228.100    30230.100
  2105:    30231.100    30237.100    30240.100    30242.100    30243.100
  2110:    30254.100    30255.100    30257.100    30269.100    30271.100
  2115:    30274.100    30276.100    30278.200    30280.100    30284.120
  2120:    30310.120    30328.300    30376.120    30428.510    30658.120
  2125:    30660.120    30676.120    30749.120    30764.110    30768.110
  2130:    30770.110    30772.110    30776.110    30780.110    30785.110
  2135:    30788.110    30790.110    30792.110    30797.110    30799.110
  2140:    30801.110    30808.110    30811.110    30817.110    30819.110
  2145:    30821.110    30823.110    30842.110    30844.110    30851.110
  2150:    30853.110    30855.110    30857.110    30863.110    30866.110
  2155:    30869.110    30886.110    30888.110    30897.110    30899.110
  2160:    30907.120    30925.110    30927.110    30928.110    30930.110
  2165:    30935.110    30937.110    30955.110    30959.110    30962.110
  2170:    30967.120    30994.110    30996.110    30999.120    31015.120
  2175:    31038.110    31041.110    31041.210    31045.120    31074.120
  2180:    31091.310    31166.120    31191.510    31268.120    31400.120
  2185:    31531.120    31567.120    31573.120    31593.120    31604.120
  2190:    31656.110    31658.110    31720.120    31737.110    31739.110
  2195:    31741.110    31747.110    31751.110    31755.110    31757.110
  2200:    31758.110    31762.110    31771.110    31772.110    31778.110
  2205:    31780.110    31785.110    31788.110    31790.110    31796.110
  2210:    31814.110    31814.210    31819.120    31847.120    31864.310
  2215:    31901.120    31964.500    32376.120    32377.120    32518.120
  2220:    32527.120    32536.100    32538.100    32540.100    32542.100
  2225:    32547.100    32549.100    32557.100    32561.100    32568.100
  2230:    32570.100    32571.100    32574.100    32576.100    32589.100
  2235:    32590.100    32593.100    32595.100    32596.200    32602.120
  2240:    32633.120    32646.300    32746.500    32801.120    32975.120
  2245:    32976.120    33077.120    33093.100    33096.100    33100.100
  2250:    33102.100    33106.100    33109.100    33116.100    33118.100
  2255:    33133.100    33140.100    33143.100    33146.100    33157.100
  2260:    33161.100    33164.100    33176.100    33178.100    33180.100
  2265:    33187.100    33190.100    33192.100    33194.100    33195.100
  2270:    33203.100    33205.100    33207.100    33212.100    33214.100
  2275:    33216.100    33219.100    33222.100    33224.100    33233.100
  2280:    33239.100    33245.100    33248.100    33253.100    33267.100
  2285:    33273.100    33279.100    33282.100    33284.100    33287.100
  2290:    33300.100    33303.100    33305.100    33308.100    33316.100
  2295:    33319.100    33320.100    33322.100    33323.100    33329.100
  2300:    33334.100    33337.100    33342.100    33347.200    33347.100
  2305:    33353.120    33384.120    33397.300    33497.510    33525.120
  2310:    33540.120    33582.120    33769.120    33771.120    33791.110
  2315:    33793.110    33795.110    33803.110    33809.110    33810.110
  2320:    33811.110    33817.110    33818.110    33823.110    33842.110
  2325:    33850.110    33858.110    33860.110    33866.110    33871.110
  2330:    33877.110    33882.110    33886.110    33886.110    33887.110
  2335:    33889.110    33892.110    33895.110    33910.110    33912.110
  2340:    33913.110    33916.110    33921.110    33924.110    33925.110
  2345:    33942.110    33944.110    33949.110    33953.110    33955.110
  2350:    33959.110    33981.110    33985.110    33986.110    33988.110
  2355:    33990.110    33995.110    33997.110    33999.110    34016.110
  2360:    34020.110    34022.110    34024.110    34026.110    34028.110
  2365:    34032.110    34045.110    34045.110    34055.110    34057.110
  2370:    34059.110    34061.110    34062.110    34076.110    34077.110
  2375:    34079.110    34084.110    34084.110    34088.110    34089.110
  2380:    34091.110    34093.110    34095.110    34102.110    34104.110
  2385:    34113.110    34113.210    34113.110    34117.120    34149.120
  2390:    34163.310    34263.500    34265.120    34266.120    34307.120
  2395:    34537.120    34583.100    34588.100    34596.100    34598.120
  2400:    34611.120    34667.100    34673.100    34681.120    34702.100
  2405:    34704.100    34704.100    34705.100    34708.100    34713.100
  2410:    34717.100    34717.100    34722.100    34725.100    34727.100
  2415:    34729.100    34732.100    34740.100    34744.100    34749.100
  2420:    34751.100    34757.100    34763.100    34766.100    34768.100
  2425:    34770.100    34779.100    34784.100    34785.100    34792.100
  2430:    34794.100    34809.100    34814.100    34816.100    34819.100
  2435:    34822.100    34825.100    34835.100    34837.100    34840.100
  2440:    34842.100    34845.100    34847.100    34852.100    34860.100
  2445:    34862.100    34863.100    34869.200    34876.120    34907.120
  2450:    34919.300    35019.510    35057.120    35341.120    35343.120
  2455:    35386.110    35388.110    35392.110    35405.110    35408.110
  2460:    35409.110    35411.110    35415.110    35417.110    35425.110
  2465:    35428.110    35432.110    35433.110    35436.110    35437.110
  2470:    35439.110    35449.110    35451.110    35458.110    35462.110
  2475:    35474.110    35476.110    35477.110    35482.110    35486.110
  2480:    35488.110    35498.110    35515.110    35526.110    35528.110
  2485:    35532.110    35537.110    35539.110    35592.110    35592.110
  2490:    35596.110    35599.110    35606.110    35607.110    35610.110
  2495:    35621.110    35623.110    35640.110    35640.210    35643.120
  2500:    35673.120    35690.310    35756.120    35758.120    35790.510
  2505:    35842.120    35843.120    35960.120    35986.120    36006.120
  2510:    36038.110    36042.120    36054.120    36055.120    36115.120
  2515:    36117.120    36150.110    36150.110    36152.110    36156.110
  2520:    36160.110    36170.120    36253.120    36269.110    36270.110
  2525:    36270.110    36275.120    36288.110    36289.110    36291.110
  2530:    36297.110    36297.110    36309.110    36311.110    36313.110
  2535:    36318.110    36321.110    36323.110    36325.110    36326.110
  2540:    36330.110    36334.110    36341.110    36343.110    36351.110
  2545:    36355.110    36357.110    36376.110    36378.110    36379.110
  2550:    36383.110    36415.110    36415.210    36420.120    36450.120
  2555:    36465.310    36523.120    36565.500    36635.120    36636.120
  2560:    36670.120    36696.100    36746.100    36761.120    36762.120
  2565:    36848.120    36851.120    36864.100    36870.100    36871.100
  2570:    36874.100    36877.120    36895.120    36901.100    36909.100
  2575:    36911.100    36918.120    36960.100    36963.100    36965.100
  2580:    36972.100    36974.100    36976.100    36984.100    36985.100
  2585:    36991.100    36994.100    36995.100    37001.100    37005.100
  2590:    37007.100    37014.100    37019.100    37023.100    37024.100
  2595:    37034.100    37036.100    37039.100    37042.100    37046.100
  2600:    37049.100    37051.100    37053.100    37061.100    37074.100
  2605:    37079.100    37081.100    37090.100    37096.100    37098.100
  2610:    37103.100    37111.100    37114.100    37117.100    37118.100
  2615:    37127.100    37129.100    37131.100    37142.100    37145.100
  2620:    37147.100    37148.100    37150.100    37158.100    37163.100
  2625:    37164.100    37166.100    37168.100    37171.100    37171.200
  2630:    37177.120    37206.120    37221.300    37286.120    37321.510
  2635:    37429.120    37480.120    37592.120    37754.110    37754.110
  2640:    37760.110    37764.110    37769.110    37773.110    37775.110
  2645:    37779.110    37792.110    37797.110    37799.110    37806.110
  2650:    37808.110    37813.110    37815.110    37820.110    37824.110
  2655:    37826.110    37829.110    37832.110    37838.110    37850.110
  2660:    37852.110    37855.110    37856.110    37863.110    37866.110
  2665:    37876.110    37876.110    37879.110    37882.110    37884.110
  2670:    37889.110    37897.110    37902.110    37911.110    37915.110
  2675:    37915.110    37917.110    37923.110    37924.110    37929.110
  2680:    37931.110    37939.110    37939.210    37944.120    37971.120
  2685:    37989.310    38028.120    38089.500    38114.120    38202.100
  2690:    38286.120    38400.120    38412.100    38414.100    38417.100
  2695:    38420.120    38452.120    38462.100    38464.100    38466.100
  2700:    38471.100    38477.100    38478.100    38480.100    38489.100
  2705:    38491.100    38493.100    38501.100    38503.100    38506.100
  2710:    38509.100    38510.100    38519.100    38525.100    38527.100
  2715:    38530.100    38534.100    38545.100    38549.100    38555.100
  2720:    38559.100    38562.100    38564.100    38565.100    38577.100
  2725:    38582.100    38584.100    38593.100    38597.100    38601.100
  2730:    38611.100    38613.100    38617.100    38620.100    38622.100
  2735:    38625.100    38629.100    38635.100    38638.100    38642.100
  2740:    38652.100    38656.100    38658.100    38661.100    38666.100
  2745:    38672.100    38674.100    38676.100    38684.100    38686.100
  2750:    38689.200    38695.120    38724.120    38739.300    38808.120
  2755:    38839.500    38994.120    38995.120    38997.120    39045.100
  2760:    39127.120    39138.100    39140.100    39146.100    39152.100
  2765:    39153.100    39156.100    39158.100    39162.100    39164.100
  2770:    39167.100    39169.100    39174.100    39177.100    39183.100
  2775:    39186.100    39195.100    39198.100    39200.100    39206.100
  2780:    39209.100    39211.100    39216.100    39221.100    39226.100
  2785:    39230.100    39234.100    39237.100    39239.100    39245.100
  2790:    39247.100    39257.100    39261.100    39266.100    39269.100
  2795:    39271.100    39273.100    39276.100    39277.100    39283.100
  2800:    39286.100    39289.100    39290.100    39295.100    39306.100
  2805:    39308.100    39309.100    39319.100    39320.100    39323.100
  2810:    39326.100    39327.100    39328.100    39330.100    39339.100
  2815:    39341.100    39344.100    39347.100    39353.100    39355.100
  2820:    39358.100    39360.100    39364.100    39368.100    39371.100
  2825:    39373.100    39388.100    39390.100    39395.100    39399.100
  2830:    39403.100    39405.100    39415.100    39417.100    39419.100
  2835:    39422.100    39425.100    39432.100    39436.100    39441.100
  2840:    39444.100    39448.200    39448.100    39454.120    39479.120
  2845:    39498.300    39520.120    39598.510    39723.120    39724.120
  2850:    39726.120    39864.120    39897.120    39898.120    39944.110
  2855:    39946.110    39951.110    39957.110    39965.110    39968.110
  2860:    39970.110    39976.110    39985.110    39990.110    39992.110
  2865:    39998.110    40002.110    40004.110    40006.110    40020.110
  2870:    40022.110    40030.110    40034.110    40037.110    40039.110
  2875:    40053.110    40061.110    40068.110    40071.110    40078.110
  2880:    40082.110    40084.110    40088.110    40092.110    40094.110
  2885:    40098.110    40112.110    40115.110    40121.110    40125.110
  2890:    40133.110    40149.110    40152.110    40154.110    40160.110
  2895:    40163.110    40164.110    40170.110    40194.110    40199.120
  2900:    40218.120    40219.120    40223.120    40234.110    40234.210
  2905:    40237.110    40240.120    40268.120    40284.310    40311.120
  2910:    40382.120    40384.510    40420.120    40451.120    40465.120
  2915:    40474.120    40477.120    40479.120    40482.120    40486.120
  2920:    40487.120    40490.120    40492.120    40507.120    40512.120
  2925:    40536.120    40690.120    40722.110    40726.120    40766.110
  2930:    40768.110    40771.120    40804.120    40806.120    40819.110
  2935:    40822.110    40824.110    40826.110    40828.110    40830.110
  2940:    40834.110    40836.110    40838.110    40859.110    40867.110
  2945:    40872.110    40874.110    40876.110    40882.110    40885.110
  2950:    40913.110    40917.110    40921.110    40923.110    40925.110
  2955:    40927.110    40929.110    40931.110    40933.110    40955.110
  2960:    40958.110    40961.110    40967.110    40970.110    40972.110
  2965:    40975.110    40976.110    40984.110    40989.110    40997.110
  2970:    40997.210    41001.120    41035.120    41047.310    41070.120
  2975:    41147.500    41163.120    41194.120    41197.120    41224.100
  2980:    41332.120    41344.100    41353.100    41367.100    41369.100
  2985:    41378.100    41381.100    41387.100    41395.100    41404.100
  2990:    41407.100    41408.100    41410.100    41413.100    41416.100
  2995:    41417.100    41426.100    41429.100    41438.100    41440.100
  3000:    41454.100    41458.100    41464.100    41466.100    41468.100
  3005:    41470.100    41472.100    41479.100    41482.100    41495.100
  3010:    41503.100    41509.100    41511.100    41512.100    41520.100
  3015:    41528.100    41531.100    41533.100    41535.100    41541.100
  3020:    41542.100    41556.100    41559.100    41560.100    41562.100
  3025:    41568.100    41569.100    41573.100    41579.100    41582.100
  3030:    41586.100    41589.100    41590.100    41599.100    41602.100
  3035:    41605.100    41609.100    41612.100    41613.100    41635.100
  3040:    41636.100    41639.100    41640.100    41643.100    41646.100
  3045:    41649.100    41653.100    41654.100    41656.100    41665.100
  3050:    41670.120    41693.120    41705.100    41715.100    41718.100
  3055:    41722.100    41726.100    41728.100    41730.100    41737.100
  3060:    41744.100    41746.100    41749.100    41752.100    41760.100
  3065:    41765.200    41773.120    41799.120    41815.300    41833.120
  3070:    41915.500
E:
     0:     3071.000     1243.000     1250.000
F:
     0:       70.000       24.312       38.988
G:
     0:        1.000        1.000        1.000        1.000        1.000
     5:        1.000        1.000        1.000        1.000        0.000
H:
     0:        1.000        1.000        2.000        2.000
L:
     0:     6117.000     6114.000     6245.000     6116.000     6198.000
     5:     6149.000     6106.000     6116.000     6294.000     6161.000
    10:     6139.000     6145.000     6224.000     6132.000     6115.000
    15:     6418.000     6109.000     6166.000     6159.000     6105.000
    20:     6185.000     6282.000
R:
     0:        1.000        1.000        1.000        1.000        1.000
     5:        1.000        1.000        1.000        1.000        0.000
S:
     0:        1.000        1.000
U:
     0:     6114.000        1.000        0.000
X:
     0:        0.000      265.001      334.002      340.003      373.004
     5:      376.005      425.006      427.007      430.008      431.009
    10:      434.010      437.011      444.012      446.013      449.014
    15:      459.015      462.016      465.017      474.018      481.019
    20:      485.020      487.021      490.022      492.023      506.024
    25:      509.025      511.026      513.027      516.028      521.029
    30:      538.030      541.031      544.032      546.033      547.034
    35:      558.035      565.036      569.037      574.038      576.039
    40:      577.040      581.041      587.042      597.043      600.044
    45:      601.044      603.045      651.000      651.000      651.157
    50:      651.158      651.159      651.160      651.161      651.162
    55:      651.163      651.164      651.165      651.166      651.167
    60:      651.168      651.169      651.170      651.171      651.172
    65:      651.173      651.174      651.175      651.176      651.177
    70:      651.178      651.179      651.180      651.181      651.182
    75:      651.183      651.184      651.185      651.186      651.187
    80:      651.188      651.189      651.190      651.191      651.192
    85:      651.193      651.194      651.195      651.196      651.197
    90:      651.198      651.199      651.200      651.201      651.202
    95:      651.203      651.204      651.205      651.206      651.207
   100:      651.208      651.209      651.210      651.211      651.212
   105:      651.213      651.214      651.215      651.216      651.217
   110:      651.218      651.219      651.219      651.000      651.000
   115:      651.002      651.004      651.006      651.008      651.010
   120:      651.012      651.014      651.016      651.018      651.020
   125:      651.022      651.024      651.026      651.028      651.030
   130:      651.032      651.034      651.036      651.038      651.040
   135:      651.042      651.044      651.046      651.048      651.050
   140:      651.052      651.054      651.056      651.058      651.060
   145:      651.062      651.064      651.066      651.068      651.070
   150:      651.072      651.074      651.076      651.078      651.080
   155:      651.082      651.084      651.086      651.088      651.090
   160:      651.092      651.094      651.096      651.098      651.100
   165:      651.102      651.104      651.106      651.108      651.110
   170:      651.112      651.114      651.116      651.118      651.120
   175:      651.122      651.124      651.126      651.128      651.130
   180:      651.132      651.134      651.136      651.138      651.140
   185:      651.142      651.144      651.146      651.148      651.150
   190:      651.152      651.154      651.156      651.158      972.001
   195:      988.002      991.003      994.004      995.005     1019.006
   200:     1025.007     1028.008     1030.009     1035.010     1037.011
   205:     1053.012     1054.013     1061.014     1066.015     1070.016
   210:     1075.017     1076.018     1086.019     1089.020     1098.021
   215:     1104.022     1105.023     1107.024     1117.025     1121.026
   220:     1124.027     1130.028     1131.029     1136.030     1140.031
   225:     1154.032     1162.033     1174.034     1177.035     1181.036
   230:     1187.037     1189.038     1205.039     1219.040     1227.041
   235:     1231.042     1233.043     1237.044     1240.045     1244.046
   240:     1259.047     1265.048     1265.048     1267.049     1315.000
   245:     1315.000     1660.001     1679.002     1701.003     1706.004
   250:     1712.005     1716.006     1719.007     1724.008     1726.009
   255:     1738.010     1740.011     1742.012     1757.013     1759.014
   260:     1762.015     1766.016     1779.017     1782.018     1786.019
   265:     1797.020     1799.021     1807.022     1810.023     1811.024
   270:     1813.025     1817.026     1829.027     1832.028     1835.029
   275:     1837.030     1838.031     1843.032     1856.033     1863.034
   280:     1883.035     1890.036     1892.037     1900.038     1902.039
   285:     1905.040     1907.041     1911.042     1916.042     1966.000
   290:     1966.000     2463.001     2464.002     2468.003     2471.004
   295:     2476.005     2478.006     2483.007     2501.008     2502.009
   300:     2504.010     2515.011     2518.012     2520.013     2522.014
   305:     2526.015     2533.016     2535.017     2547.018     2563.019
   310:     2566.020     2571.021     2573.022     2574.023     2575.023
   315:     2625.000     2625.000     3169.001     3174.002     3178.003
   320:     3181.004     3185.005     3197.006     3199.007     3201.008
   325:     3203.009     3204.010     3205.011     3214.012     3216.013
   330:     3222.014     3225.015     3227.016     3229.016     3279.000
   335:     3279.000     3627.001     3714.002     3717.003     3720.004
   340:     3724.005     3726.006     3727.007     3729.008     3734.009
   345:     3736.010     3738.011     3746.012     3749.013     3751.014
   350:     3753.015     3763.016     3767.017     3770.018     3772.019
   355:     3774.020     3790.021     3793.022     3795.023     3797.024
   360:     3802.025     3806.026     3815.027     3817.028     3819.029
   365:     3823.030     3828.031     3829.032     3832.033     3835.034
   370:     3844.035     3848.036     3855.037     3867.038     3869.039
   375:     3874.040     3875.041     3878.042     3879.042     3882.043
   380:     3929.000     3929.000     4360.001     4363.002     4366.003
   385:     4367.004     4369.005     4375.006     4376.007     4377.008
   390:     4383.009     4385.010     4395.011     4397.012     4407.013
   395:     4410.014     4413.015     4425.016     4430.017     4431.018
   400:     4433.019     4435.020     4446.021     4450.022     4454.023
   405:     4456.024     4460.025     4470.026     4479.027     4482.028
   410:     4487.029     4490.030     4501.031     4503.032     4507.033
   415:     4508.034     4510.035     4516.036     4520.037     4523.038
   420:     4530.038     4580.000     4580.000     5098.001     5109.002
   425:     5112.003     5114.004     5116.005     5139.006     5141.007
   430:     5143.008     5145.009     5148.010     5149.011     5154.012
   435:     5156.013     5161.014     5163.015     5165.016     5172.017
   440:     5175.018     5176.019     5192.020     5196.021     5199.021
   445:     5199.022     5249.000     5249.000     5497.002     5500.004
   450:     5503.006     5511.008     5515.010     5518.012     5521.014
   455:     5525.016     5532.018     5534.020     5543.022     5548.024
   460:     5550.026     5552.028     5563.030     5566.032     5568.034
   465:     5571.036     5573.038     5576.040     5579.042     5587.044
   470:     5591.046     5597.048     5599.050     5607.052     5610.054
   475:     5612.056     5619.058     5634.060     5636.062     5639.064
   480:     5643.066     5646.068     5658.070     5667.072     5672.074
   485:     5677.076     5684.078     5693.080     5699.082     5701.084
   490:     5703.086     5718.088     5722.090     5725.092     5729.094
   495:     5734.096     5738.098     5739.100     5795.102     5808.104
   500:     5810.106     5816.108     5820.110     5822.112     5825.114
   505:     5831.116     5833.118     5835.120     5843.122     5850.124
   510:     5856.126     5865.128     5872.130     5875.132     5882.134
   515:     5892.136     5897.138     5900.140     5904.142     5906.144
   520:     5909.146     5913.148     6019.150     6021.152     6247.154
   525:     6291.156     6422.158     6760.160     6762.162     6765.164
   530:     6768.166     6804.168     6805.170     6811.172     6814.174
   535:     6823.176     6830.178     6832.180     6834.182     6836.184
   540:     6842.186     6848.188     6863.190     6866.192     6870.194
   545:     6882.196     6886.198     6896.200     6900.202     6902.204
   550:     6914.206     6922.208     6929.210     6932.212     6982.214
   555:     6984.216     6986.218     6990.220     6995.222     6997.224
   560:     7001.226     7007.228     7014.230     7028.232     7032.234
   565:     7033.236     7046.238     8291.001     8293.002     8295.003
   570:     8325.004     8331.005     8333.006     8335.007     8337.008
   575:     8338.009     8340.010     8341.011     8348.012     8349.013
   580:     8360.014     8362.015     8364.016     8366.017     8372.018
   585:     8374.019     8376.020     8378.021     8381.022     8382.023
   590:     8387.024     8396.025     8402.026     8405.027     8407.028
   595:     8410.029     8421.030     8456.031     8468.032     8472.033
   600:     8476.034     8483.035     8486.036     8487.037     8490.038
   605:     8504.039     8507.040     8515.041     8519.042     8528.042
   610:     8530.043     8578.000     8578.000     9094.001     9099.002
   615:     9101.003     9105.004     9109.005     9112.006     9114.007
   620:     9121.008     9129.009     9130.010     9138.011     9141.012
   625:     9144.013     9146.014     9160.015     9164.016     9166.017
   630:     9169.018     9171.019     9173.020     9180.021     9181.021
   635:     9231.000     9231.000     9729.001     9735.002     9737.003
   640:     9739.004     9741.005     9743.006     9747.007     9752.008
   645:     9753.009     9761.010     9762.011     9764.012     9766.013
   650:     9775.014     9780.015     9781.016     9783.017     9807.018
   655:     9810.019     9813.020     9817.021     9821.022     9829.023
   660:     9832.024     9835.024     9885.000     9885.000     9885.213
   665:     9885.214     9885.215     9885.216     9885.217     9885.218
   670:     9885.219     9885.220     9885.221     9885.222     9885.223
   675:     9885.224     9885.225     9885.226     9885.227     9885.228
   680:     9885.229     9885.230     9885.231     9885.232     9885.233
   685:     9885.234     9885.235     9885.236     9885.237     9885.238
   690:     9885.239     9885.240     9885.241     9885.242     9885.243
   695:     9885.244     9885.245     9885.246     9885.247     9885.248
   700:     9885.249     9885.250     9885.251     9885.252     9885.253
   705:     9885.254     9885.255     9885.256     9885.257     9885.258
   710:     9885.259     9885.260     9885.261     9885.262     9885.263
   715:     9885.264     9885.265     9885.266     9885.267     9885.267
   720:     9885.268     9885.000     9885.000     9885.001     9885.002
   725:     9885.003     9885.004     9885.005     9885.006     9885.007
   730:     9885.008     9885.009     9885.010     9885.011     9885.012
   735:     9885.013     9885.014     9885.015     9885.016     9885.017
   740:     9885.018     9885.019     9885.020     9885.021     9885.022
   745:     9885.023     9885.024     9885.025     9885.026     9885.027
   750:     9885.028     9885.029     9885.030     9885.031     9885.032
   755:     9885.033     9885.034     9885.035     9885.036     9885.037
   760:     9885.038     9885.039     9885.040     9885.041     9885.042
   765:     9885.043     9885.044     9885.045     9885.046     9885.047
   770:     9885.048     9885.049     9885.050     9885.051     9885.052
   775:     9885.053     9885.054     9885.055     9885.056     9885.057
   780:     9885.058     9885.059     9885.060     9885.061     9885.062
   785:     9885.063     9885.064     9885.065     9885.066     9885.066
   790:     9885.067     9885.000     9885.000     9885.001     9885.002
   795:     9885.003     9885.004     9885.005     9885.006     9885.007
   800:     9885.008     9885.009     9885.010     9885.011     9885.012
   805:     9885.013     9885.014     9885.015     9885.016     9885.017
   810:     9885.018     9885.019     9885.020     9885.020     9885.021
   815:     9885.000     9885.000    10456.001    10458.002    10461.003
   820:    10463.004    10467.005    10470.006    10478.007    10482.008
   825:    10489.009    10490.010    10492.011    10495.012    10497.013
   830:    10509.014    10511.015    10514.016    10516.017    10516.017
   835:    10566.000    10566.000    10913.001    10915.002    10920.003
   840:    10922.004    10925.005    10929.006    10936.007    10937.008
   845:    10953.009    10960.010    10963.011    10966.012    10977.013
   850:    10981.014    10984.015    10996.016    10998.017    11000.018
   855:    11006.019    11010.020    11012.021    11014.022    11015.023
   860:    11023.024    11025.025    11027.026    11032.027    11034.028
   865:    11036.029    11039.030    11042.031    11043.032    11053.033
   870:    11059.034    11065.035    11068.036    11072.037    11086.038
   875:    11093.039    11099.040    11101.041    11103.042    11106.043
   880:    11120.044    11122.045    11125.046    11127.047    11135.048
   885:    11139.049    11139.050    11142.051    11143.052    11148.053
   890:    11154.054    11157.055    11161.056    11166.056    11167.057
   895:    11216.000    11216.000    11535.001    11541.002    11548.003
   900:    11620.004    11626.005    11655.006    11656.007    11657.008
   905:    11658.009    11661.010    11665.011    11669.012    11670.013
   910:    11675.014    11678.015    11679.016    11681.017    11685.018
   915:    11693.019    11696.020    11702.021    11704.022    11709.023
   920:    11715.024    11718.025    11721.026    11722.027    11732.028
   925:    11736.029    11738.030    11745.031    11746.032    11762.033
   930:    11767.034    11769.035    11772.036    11775.037    11778.038
   935:    11788.039    11790.040    11793.041    11795.042    11798.043
   940:    11800.044    11805.045    11812.046    11814.047    11815.048
   945:    11822.048    11872.000    11872.000    12002.001    12052.002
   950:    12170.003    12176.004    12177.005    12180.006    12207.007
   955:    12215.008    12217.009    12266.010    12269.011    12271.012
   960:    12278.013    12280.014    12283.015    12290.016    12291.017
   965:    12297.018    12300.019    12302.020    12307.021    12312.022
   970:    12314.023    12321.024    12325.025    12329.026    12330.027
   975:    12340.028    12342.029    12345.030    12348.031    12352.032
   980:    12355.033    12357.034    12359.035    12367.036    12380.037
   985:    12385.038    12388.039    12396.040    12402.041    12405.042
   990:    12409.043    12417.044    12420.045    12423.046    12424.047
   995:    12433.048    12435.049    12438.050    12448.051    12451.052
  1000:    12453.053    12454.054    12456.055    12464.056    12469.057
  1005:    12470.058    12472.059    12474.060    12477.061    12477.061
  1010:    12527.000    12527.000    12640.001    12850.002    12852.003
  1015:    12854.004    12900.005    12901.006    12904.007    12909.008
  1020:    12914.009    12916.010    12918.011    12927.012    12928.013
  1025:    12931.014    12938.015    12941.016    12944.017    12946.018
  1030:    12948.019    12957.020    12962.021    12965.022    12968.023
  1035:    12972.024    12983.025    12986.026    12993.027    12997.028
  1040:    12999.029    13001.030    13003.031    13015.032    13020.033
  1045:    13022.034    13031.035    13035.036    13038.037    13049.038
  1050:    13051.039    13054.040    13058.041    13060.042    13063.043
  1055:    13067.044    13072.045    13076.046    13080.047    13090.048
  1060:    13094.049    13096.050    13098.051    13104.052    13109.053
  1065:    13111.054    13113.055    13122.056    13124.057    13127.057
  1070:    13177.000    13177.000    13382.001    13475.002    13477.003
  1075:    13483.004    13489.005    13490.006    13493.007    13495.008
  1080:    13499.009    13501.010    13504.011    13506.012    13511.013
  1085:    13514.014    13520.015    13523.016    13532.017    13535.018
  1090:    13537.019    13543.020    13546.021    13548.022    13554.023
  1095:    13558.024    13563.025    13567.026    13572.027    13574.028
  1100:    13576.029    13582.030    13584.031    13594.032    13598.033
  1105:    13603.034    13606.035    13608.036    13611.037    13613.038
  1110:    13614.039    13620.040    13623.041    13626.042    13627.043
  1115:    13632.044    13643.045    13645.046    13646.047    13656.048
  1120:    13657.049    13660.050    13663.051    13664.052    13666.053
  1125:    13667.054    13676.055    13678.056    13681.057    13684.058
  1130:    13690.059    13692.060    13695.061    13697.062    13701.063
  1135:    13706.064    13708.065    13710.066    13725.067    13727.068
  1140:    13732.069    13736.070    13740.071    13742.072    13753.073
  1145:    13754.074    13756.075    13759.076    13762.077    13769.078
  1150:    13774.079    13778.080    13781.081    13785.081    13785.082
  1155:    13835.000    13835.000    13911.001    14031.002    14041.003
  1160:    14054.004    14057.005    14065.006    14069.007    14074.008
  1165:    14082.009    14091.010    14094.011    14096.012    14097.013
  1170:    14100.014    14103.015    14104.016    14114.017    14116.018
  1175:    14125.019    14127.020    14141.021    14145.022    14151.023
  1180:    14153.024    14155.025    14157.026    14160.027    14166.028
  1185:    14169.029    14182.030    14190.031    14196.032    14198.033
  1190:    14200.034    14207.035    14215.036    14219.037    14220.038
  1195:    14223.039    14228.040    14229.041    14243.042    14246.043
  1200:    14248.044    14249.045    14255.046    14256.047    14260.048
  1205:    14266.049    14269.050    14274.051    14276.052    14278.053
  1210:    14287.054    14289.055    14292.056    14296.057    14299.058
  1215:    14301.059    14322.060    14324.061    14326.062    14328.063
  1220:    14330.064    14333.065    14336.066    14340.067    14342.068
  1225:    14344.069    14352.070    14393.071    14402.072    14405.073
  1230:    14409.074    14413.075    14415.076    14417.077    14425.078
  1235:    14431.079    14433.080    14436.081    14439.082    14447.083
  1240:    14453.083    14503.000    14503.000
Y:
     0:        0.000       51.001       78.002       79.003       80.004
     5:      123.005      124.006      126.007      159.008      211.009
    10:      214.010      216.011      217.012      219.013      223.014
    15:      225.015      226.016      234.017      236.018      277.019
    20:      278.020      284.021      286.022      288.023      290.024
    25:      295.025      297.026      298.027      301.028      310.029
    30:      311.030      317.031      319.032      323.033      326.034
    35:      331.035      347.036      356.037      358.038      360.039
    40:      364.040      366.041      370.042      378.043      393.044
    45:      396.045      404.046      404.047      405.048      408.049
    50:      423.050      425.051      428.052      444.053      445.054
    55:      448.055      455.056      458.057      465.058      466.059
    60:      469.060      471.061      474.062      475.063      486.064
    65:      489.065      491.066      496.067      499.068      503.069
    70:      505.070      505.071      510.072      516.073      519.074
    75:      534.075      541.076      541.076      544.077      545.078
    80:      591.000      591.000     1122.001     1126.002     1128.003
    85:     1133.004     1136.005     1139.006     1140.007     1143.008
    90:     1145.009     1149.010     1151.011     1154.012     1160.013
    95:     1162.014     1178.015     1180.016     1186.017     1190.018
   100:     1194.019     1196.020     1199.021     1201.022     1206.023
   105:     1207.023     1257.000     1257.000     1644.002     1647.004
   110:     1798.006     1800.008     1800.010     1802.012     1805.014
   115:     1815.016     1820.018     1823.020     1829.022     1831.024
   120:     1833.026     1838.028     1841.030     1844.032     1845.034
   125:     1850.036     1852.038     1854.040     1856.042     1863.044
   130:     1882.046     1884.048     1918.050     1920.052     1923.054
   135:     1925.056     1928.058     1934.060     1934.062     1935.064
   140:     1941.066     1942.068     1948.070     1950.072     1952.074
   145:     1954.076     1956.078     1962.080     1964.082     1967.084
   150:     1974.086     1976.088     1979.090     1983.092     1984.094
   155:     1995.096     2000.098     2005.100     2007.102     2009.104
   160:     2017.106     2019.108     2021.110     2029.112     2038.114
   165:     2040.116     2044.118     2046.120     2053.122     2056.124
   170:     2081.126     2089.128     2091.130     2098.132     2101.134
   175:     2108.136     2114.138     2117.140     2126.142     2831.144
   180:     2833.146     2845.148     2945.150     2947.152     2948.154
   185:     3008.156     5913.159     5917.160     6002.161     6008.162
   190:     6010.163     6013.164     6026.165     6032.166     6034.167
   195:     6038.168     6043.169     6046.170     6048.171     6053.172
   200:     6053.173     6061.174     6064.175     6067.176     6079.177
   205:     6084.178     6085.179     6086.180     6089.181     6098.182
   210:     6101.183     6103.184     6120.185     6130.186     6132.187
   215:     6137.188     6140.189     6142.190     6144.191     6155.192
   220:     6164.193     6166.194     6175.195     6177.196     6179.197
   225:     6182.198     6210.199     6212.200     6216.201     6222.202
   230:     6228.203     6230.204     6232.205     6244.206     6252.207
   235:     6254.208     6269.209     6274.210     6276.211     6278.212
   240:     6288.213     6300.214     6304.215     6306.216     6311.217
   245:     6313.218     6315.219     6317.220     6319.221     6323.222
   250:     6326.223     6328.224     6331.225     6358.226     6361.227
   255:     6362.228     6370.229     6382.230     6384.231     6398.232
   260:     6420.233     6420.233     6470.000     6470.000     6956.001
   265:     6959.002     6961.003     6964.004     6967.005     6971.006
   270:     6973.007     6975.008     6979.009     6982.010     6984.011
   275:     6988.012     6992.013     6997.014     6999.015     7001.016
   280:     7005.017     7015.018     7017.019     7020.020     7058.021
   285:     7062.022     7064.023     7067.024     7071.025     7105.026
   290:     7105.026     7155.000     7155.000     7705.001     7706.002
   295:     7708.003     7710.004     7712.005     7715.006     7724.007
   300:     7725.008     7726.009     7729.010     7733.011     7736.012
   305:     7742.013     7748.014     7749.015     7752.016     7753.017
   310:     7761.018     7763.019     7765.020     7767.021     7767.021
   315:     7817.000     7817.000     8378.001     8381.002     8381.003
   320:     8411.004     8413.005     8418.006     8423.007     8426.008
   325:     8426.009     8428.010     8429.011     8430.011     8480.000
   330:     8480.000     9010.001     9012.002     9030.003     9033.004
   335:     9034.005     9036.006     9038.007     9042.008     9046.009
   340:     9050.010     9052.011     9054.012     9064.013     9069.014
   345:     9073.015     9077.016     9081.017     9083.018     9085.019
   350:     9097.020     9097.020     9098.021     9147.000     9147.000
   355:     9586.001     9589.002     9596.003     9598.004     9671.005
   360:     9673.006     9674.007     9675.008     9679.009     9681.010
   365:     9683.011     9685.012     9686.013     9689.014     9690.015
   370:     9691.016     9693.017     9697.018     9699.019     9701.020
   375:     9706.021     9708.022     9713.023     9722.024     9723.025
   380:     9726.026     9731.027     9732.028     9750.029     9751.030
   385:     9754.031     9757.032     9769.033     9769.033     9819.000
   390:     9819.000    10169.001    10172.002    10210.003    10217.004
   395:    10270.005    10272.006    10274.007    10276.008    10280.009
   400:    10282.010    10285.011    10287.012    10288.013    10293.014
   405:    10295.015    10304.016    10306.017    10316.018    10319.019
   410:    10325.020    10329.021    10331.022    10335.023    10338.024
   415:    10349.025    10352.026    10352.027    10355.028    10359.029
   420:    10362.030    10363.031    10369.032    10378.033    10381.034
   425:    10391.035    10395.036    10396.037    10398.038    10402.039
   430:    10405.040    10413.041    10416.042    10418.043    10420.044
   435:    10421.045    10422.046    10426.047    10429.048    10445.049
   440:    10445.049    10495.000    10495.000    10883.001    10886.002
   445:    10890.003    10895.004    10902.005    10904.006    10907.007
   450:    10908.008    10921.009    10924.010    10926.011    10932.012
   455:    10934.013    10936.014    10949.015    10952.016    10954.017
   460:    10974.018    10976.019    10978.020    10989.021    10996.022
   465:    10998.023    11000.024    11003.025    11024.026    11026.027
   470:    11032.028    11036.029    11037.030    11040.031    11041.032
   475:    11043.033    11061.034    11065.035    11067.036    11068.037
   480:    11072.038    11075.039    11080.040    11085.041    11120.042
   485:    11120.042    11120.043    11170.000    11170.000    11170.239
   490:    11170.240    11170.241    11170.242    11170.243    11170.244
   495:    11170.245    11170.246    11170.247    11170.248    11170.249
   500:    11170.250    11170.251    11170.252    11170.253    11170.254
   505:    11170.255    11170.256    11170.257    11170.258    11170.259
   510:    11170.260    11170.261    11170.262    11170.263    11170.264
   515:    11170.265    11170.266    11170.267    11170.268    11170.269
   520:    11170.270    11170.271    11170.272    11170.273    11170.274
   525:    11170.275    11170.276    11170.277    11170.278    11170.279
   530:    11170.280    11170.281    11170.282    11170.283    11170.284
   535:    11170.285    11170.286    11170.287    11170.288    11170.289
   540:    11170.290    11170.291    11170.292    11170.293    11170.294
   545:    11170.295    11170.296    11170.297    11170.297    11170.298
   550:    11170.000    11170.000    11597.001    11599.002    11601.003
   555:    11605.004    11610.005    11611.006    11615.007    11618.008
   560:    11622.009    11636.010    11641.011    11645.012    11647.013
   565:    11649.014    11652.015    11665.016    11668.017    11673.018
   570:    11677.019    11678.020    11681.021    11703.022    11705.023
   575:    11711.024    11713.025    11715.026    11717.027    11721.028
   580:    11747.029    11752.030    11757.031    11758.032    11763.033
   585:    11765.034    11788.035    11788.035    11838.000    11838.000
   590:    12003.001    12008.002    12099.003    12102.004    12104.005
   595:    12113.006    12115.007    12121.008    12127.009    12127.010
   600:    12129.011    12136.012    12141.013    12143.014    12150.015
   605:    12153.016    12159.017    12161.018    12163.019    12172.020
   610:    12174.021    12177.022    12180.023    12193.024    12194.025
   615:    12202.026    12204.027    12209.028    12211.029    12214.030
   620:    12216.031    12218.032    12221.033    12223.034    12240.035
   625:    12246.036    12248.037    12253.038    12259.039    12267.040
   630:    12280.041    12283.042    12291.043    12301.044    12301.045
   635:    12320.046    12323.047    12330.048    12332.049    12334.050
   640:    12336.051    12345.052    12347.053    12349.054    12357.055
   645:    12370.056    12384.057    12386.058    12388.059    12396.060
   650:    12397.061    12408.062    12415.063    12417.064    12419.065
   655:    12421.066    12427.067    12430.068    12431.069    12432.070
   660:    12434.071    12439.072    12441.073    12445.074    12456.075
   665:    12456.075    12458.076    12506.000    12506.000    12753.001
   670:    12756.002    12758.003    12761.004    12763.005    12769.006
   675:    12770.007    12775.008    12778.009    12786.010    12787.011
   680:    12793.012    12813.013    12817.014    12821.015    12823.016
   685:    12827.017    12829.018    12835.019    12841.020    12860.021
   690:    12861.022    12863.023    12868.024    12871.025    12875.026
   695:    12878.027    12882.028    12884.029    12887.030    12891.031
   700:    12894.032    12957.033    12984.034    12988.035    12990.036
   705:    13000.037    13003.038    13005.039    13006.040    13013.041
   710:    13017.042    13020.043    13020.044    13022.045    13034.046
   715:    13036.047    13038.048    13046.049    13049.050    13053.051
   720:    13056.052    13058.053    13065.054    13075.055    13088.056
   725:    13089.057    13091.058    13099.059    13101.060    13103.061
   730:    13105.062    13107.063    13115.064    13129.065    13130.065
   735:    13180.000    13180.000    13609.001    13612.002    13624.003
   740:    13628.004    13634.005    13637.006    13643.007    13644.008
   745:    13646.009    13648.010    13655.011    13665.012    13667.013
   750:    13670.014    13672.015    13675.016    13676.017    13695.018
   755:    13697.019    13702.020    13706.021    13711.022    13713.023
   760:    13715.024    13721.025    13726.026    13743.027    13747.028
   765:    13751.029    13753.030    13755.031    13775.032    13777.033
   770:    13782.034    13784.035    13814.036    13814.036    13864.000
   775:    13864.000    14248.002    14276.004    14279.006    14346.008
   780:    14351.010    14354.012    14355.014    14356.016    14360.018
   785:    14366.020    14367.022    14368.024    14373.026    14378.028
   790:    14380.030    14384.032    14396.034    14406.036    14408.038
   795:    14410.040    14413.042    14426.044    14426.046    14429.048
   800:    14436.050    14438.052    14442.054    14448.056    14457.058
   805:    14469.060    14470.062    14472.064    14474.066    14476.068
   810:    14477.070    14482.072    14483.074    14494.076    14496.078
   815:    14508.080    14512.082    14514.084    14516.086    14524.088
   820:    14532.090    14537.092    14547.094    14550.096    14551.098
   825:    14553.100    14563.102    14571.104    14574.106    14579.108
   830:    14595.110    14600.112    14602.114    14603.116    14611.118
   835:    14613.120    14615.122    14617.124    14619.126    14623.128
   840:    14625.130    14628.132    14638.134    14640.136    14642.138
   845:    14644.140    14648.142    14657.144    14658.146    14661.148
   850:    14663.150    14683.152    14686.154    14695.156    14698.158
   855:    14699.160    14703.162    14713.164    14719.166    14723.168
   860:    14725.170    14731.172    14735.174    14737.176    14754.178
   865:    14756.180    14759.182    14763.184    14765.186    14773.188
   870:    14774.190    14781.192    14790.194    14797.196    14804.198
   875:    14809.200    14865.202    14869.204    14875.206    15116.208
   880:    15573.210    15577.212    18367.001    18371.002    18373.003
   885:    18375.004    18379.005    18383.006    18388.007    18391.008
   890:    18393.009    18395.010    18400.011    18402.012    18404.013
   895:    18411.014    18414.015    18420.016    18422.017    18424.018
   900:    18426.019    18445.020    18447.021    18454.022    18456.023
   905:    18458.024    18460.025    18466.026    18469.027    18472.028
   910:    18489.029    18491.030    18500.031    18502.032    18528.033
   915:    18530.034    18531.035    18533.036    18538.037    18540.038
   920:    18558.039    18562.040    18565.041    18597.042    18599.043
   925:    18641.044    18644.045    18645.045    18695.000    18695.000
   930:    19159.001    19161.002    19240.003    19242.004    19244.005
   935:    19250.006    19254.007    19258.008    19260.009    19261.010
   940:    19265.011    19274.012    19275.013    19281.014    19283.015
   945:    19288.016    19291.017    19293.018    19299.019    19317.020
   950:    19317.020    19367.000    19367.000    19661.001    19663.002
   955:    19665.003    19673.004    19679.005    19680.006    19681.007
   960:    19686.008    19688.009    19692.010    19712.011    19720.012
   965:    19728.013    19730.014    19736.015    19741.016    19747.017
   970:    19752.018    19756.019    19756.020    19757.021    19758.022
   975:    19762.023    19765.024    19780.025    19781.026    19783.027
   980:    19786.028    19791.029    19793.030    19795.031    19812.032
   985:    19814.033    19819.034    19823.035    19825.036    19829.037
   990:    19851.038    19855.039    19856.040    19858.041    19860.042
   995:    19864.043    19866.044    19869.045    19886.046    19890.047
  1000:    19892.048    19894.049    19896.050    19898.051    19902.052
  1005:    19915.053    19915.054    19925.055    19927.056    19929.057
  1010:    19931.058    19932.059    19945.060    19947.061    19949.062
  1015:    19954.063    19954.064    19958.065    19959.066    19961.067
  1020:    19963.068    19965.069    19972.070    19974.071    19983.072
  1025:    19983.072    19983.073    20033.000    20033.000    20399.001
  1030:    20401.002    20405.003    20418.004    20421.005    20422.006
  1035:    20424.007    20428.008    20430.009    20438.010    20441.011
  1040:    20445.012    20446.013    20449.014    20450.015    20452.016
  1045:    20462.017    20464.018    20471.019    20475.020    20487.021
  1050:    20489.022    20490.023    20495.024    20499.025    20501.026
  1055:    20511.027    20528.028    20539.029    20541.030    20545.031
  1060:    20550.032    20552.033    20605.034    20605.035    20609.036
  1065:    20612.037    20619.038    20620.039    20623.040    20634.041
  1070:    20636.042    20653.043    20653.043    20703.000    20703.000
  1075:    20951.001    21063.002    21063.003    21065.004    21069.005
  1080:    21073.006    21181.007    21183.008    21183.009    21201.010
  1085:    21202.011    21204.012    21210.013    21210.014    21222.015
  1090:    21224.016    21226.017    21231.018    21234.019    21236.020
  1095:    21238.021    21239.022    21243.023    21247.024    21254.025
  1100:    21256.026    21264.027    21268.028    21270.029    21289.030
  1105:    21291.031    21292.032    21296.033    21328.034    21328.034
  1110:    21378.000    21378.000    21810.001    21810.002    21816.003
  1115:    21820.004    21825.005    21829.006    21831.007    21835.008
  1120:    21848.009    21853.010    21855.011    21862.012    21864.013
  1125:    21869.014    21871.015    21877.016    21880.017    21882.018
  1130:    21885.019    21888.020    21894.021    21906.022    21909.023
  1135:    21911.024    21912.025    21919.026    21922.027    21932.028
  1140:    21932.029    21935.030    21938.031    21941.032    21946.033
  1145:    21954.034    21958.035    21968.036    21971.037    21971.038
  1150:    21973.039    21979.040    21980.041    21985.042    21987.043
  1155:    21995.044    21995.044    22045.000    22045.000    22391.001
  1160:    22393.002    22397.003    22404.004    22411.005    22415.006
  1165:    22417.007    22422.008    22432.009    22436.010    22438.011
  1170:    22445.012    22448.013    22451.014    22453.015    22466.016
  1175:    22469.017    22477.018    22481.019    22483.020    22486.021
  1180:    22500.022    22507.023    22515.024    22517.025    22525.026
  1185:    22528.027    22531.028    22535.029    22538.030    22541.031
  1190:    22544.032    22558.033    22562.034    22568.035    22572.036
  1195:    22580.037    22596.038    22599.039    22600.040    22607.041
  1200:    22609.042    22611.043    22617.044    22641.045    22681.046
  1205:    22681.046    22684.047    22731.000    22731.000    23068.001
  1210:    23112.002    23114.003    23165.004    23168.005    23170.006
  1215:    23172.007    23174.008    23176.009    23180.010    23182.011
  1220:    23184.012    23205.013    23213.014    23218.015    23220.016
  1225:    23222.017    23228.018    23231.019    23259.020    23263.021
  1230:    23267.022    23269.023    23271.024    23273.025    23275.026
  1235:    23277.027    23279.028    23301.029    23304.030    23307.031
  1240:    23313.032    23316.033    23318.034    23321.035    23322.036
  1245:    23330.037    23335.038    23343.039    23343.039    23393.000
