File: C:\MED-PC\Data\2018-05-02_12h41m_Subject M332.txt


Start Date: 05/02/18
End Date: 05/02/18
Subject: M332
Experiment: DOBLE_PICO_ACO
Group: EXP
Box: 9
Start Time: 12:41:34
End Time: 13:54:55
MSN: IF_ACO_MULTIPLE_PICO
A:    1179.000
B:      21.000
D:      21.000
I:       1.000
J:   18000.000
K:    5400.000
M:       0.000
N:      21.000
O:      21.000
P:    1452.000
Q:       0.000
T:    1000.000
V:     600.000
W:      21.000
Z:       0.000
C:
     0:        0.120        0.120        0.120        0.120        0.120
     5:        0.120        0.120        0.120        0.120        0.120
    10:        0.120        0.120        0.120        0.120        0.120
    15:        0.120        0.120        0.120        0.120        0.120
    20:        0.120        0.120        0.120        0.120        0.120
    25:        0.120        0.120        0.120        0.120        0.120
    30:        0.120        0.120        0.120        0.120        0.120
    35:        0.120        0.120        0.120        0.120        0.120
    40:        0.120        0.120        0.510       42.110       44.110
    45:       46.110       67.120      146.110      152.120      216.110
    50:      218.110      218.110      223.110      225.110      234.110
    55:      236.110      239.110      243.110      253.110      256.110
    60:      257.110      259.110      261.110      269.110      271.110
    65:      277.110      280.110      281.110      285.110      287.110
    70:      289.110      290.110      304.110      307.110      308.110
    75:      318.110      323.110      324.110      327.110      329.110
    80:      330.110      336.110      342.110      352.110      353.110
    85:      355.110      362.110      365.110      366.110      368.110
    90:      375.110      378.110      380.110      384.110      387.110
    95:      401.110      410.110      414.110      415.110      417.110
   100:      419.110      421.110      427.110      434.110      440.110
   105:      442.110      450.110      452.110      455.110      462.110
   110:      465.110      467.110      473.110      478.110      479.110
   115:      481.110      484.110      491.110      512.110      516.110
   120:      522.110      531.110      534.110      541.110      541.210
   125:      546.120      591.310      691.500      728.120      841.120
   130:      852.120      864.120      953.120      958.120      960.120
   135:      962.120      990.120      999.120     1000.120     1016.120
   140:     1021.120     1024.120     1106.120     1108.120     1126.120
   145:     1130.120     1173.100     1181.120     1186.120     1198.100
   150:     1205.100     1212.100     1215.100     1217.100     1220.100
   155:     1224.100     1227.100     1228.100     1229.100     1239.100
   160:     1244.100     1252.100     1254.100     1255.100     1258.100
   165:     1260.100     1262.100     1264.100     1274.100     1276.100
   170:     1290.100     1291.100     1298.100     1299.200     1301.100
   175:     1306.120     1349.300     1358.120     1449.510     1865.120
   180:     1876.120     1877.120     1911.120     1913.120     1914.120
   185:     1953.110     1956.110     1959.110     1968.110     1971.110
   190:     1972.110     1981.110     1986.110     1990.110     1993.110
   195:     1995.110     1997.110     2010.110     2013.110     2018.110
   200:     2020.110     2022.110     2024.110     2040.110     2042.110
   205:     2048.110     2051.110     2053.110     2056.110     2058.110
   210:     2060.110     2062.110     2065.110     2067.110     2069.110
   215:     2069.210     2075.120     2103.120     2119.310     2219.540
   220:     2378.120     2380.120     2404.120     2406.120     2495.120
   225:     2537.120     2539.120     2554.120     2556.120     2575.120
   230:     2608.120     2621.110     2622.110     2626.110     2629.110
   235:     2634.110     2636.110     2640.110     2645.110     2646.110
   240:     2663.120     2681.120     2689.110     2694.110     2694.110
   245:     2695.110     2703.110     2707.110     2708.110     2712.110
   250:     2717.110     2728.110     2731.110     2733.110     2734.110
   255:     2740.110     2742.110     2744.110     2746.110     2748.110
   260:     2760.110     2760.110     2768.110     2770.110     2771.110
   265:     2777.110     2781.110     2789.110     2808.110     2812.110
   270:     2830.110     2832.110     2834.110     2836.110     2845.110
   275:     2846.110     2856.110     2858.110     2863.110     2872.110
   280:     2877.110     2880.110     2883.110     2885.110     2891.110
   285:     2904.110     2906.110     2911.110     2920.110     2931.110
   290:     2933.110     2936.110     2942.110     2944.110     2946.110
   295:     2949.110     2955.110     2962.110     2963.110     2968.110
   300:     2975.110     2977.110     2979.110     2982.110     2991.110
   305:     2996.110     3002.110     3003.110     3005.110     3009.110
   310:     3010.110     3023.110     3026.110     3030.110     3034.110
   315:     3043.110     3045.110     3059.110     3061.110     3065.110
   320:     3083.110     3088.110     3100.110     3102.110     3104.110
   325:     3106.110     3110.110     3113.110     3119.110     3121.110
   330:     3127.120     3132.120     3209.120     3221.120     3246.120
   335:     3248.120     3278.120     3307.120     3318.120     3337.110
   340:     3340.110     3345.110     3401.110     3404.110     3406.110
   345:     3410.110     3418.120     3433.120     3433.120     3435.120
   350:     3442.120     3446.120     3471.120     3648.120     3659.120
   355:     3668.120     3682.110     3684.110     3684.110     3690.110
   360:     3721.120     3732.120     3754.110     3757.110     3966.110
   365:     3981.110     3989.110     3994.110     3995.110     4010.110
   370:     4012.110     4014.110     4019.110     4019.340     4021.110
   375:     4077.120     4119.530     4164.100     4168.100     4170.100
   380:     4176.100     4182.120     4184.120     4193.120     4194.120
   385:     4215.100     4225.100     4235.100     4236.100     4241.100
   390:     4245.100     4247.100     4258.100     4259.100     4265.100
   395:     4272.100     4274.100     4278.100     4281.100     4289.100
   400:     4299.100     4302.100     4308.100     4309.100     4322.100
   405:     4325.100     4330.100     4334.100     4345.100     4347.100
   410:     4349.100     4351.100     4353.100     4354.100     4356.100
   415:     4358.100     4364.100     4365.100     4369.100     4372.100
   420:     4382.100     4383.100     4392.100     4394.100     4397.100
   425:     4400.100     4408.100     4410.100     4430.100     4434.100
   430:     4437.100     4445.100     4449.100     4453.100     4457.100
   435:     4460.100     4463.100     4473.100     4483.100     4492.100
   440:     4494.100     4495.100     4499.100     4504.100     4512.100
   445:     4516.100     4518.100     4520.100     4523.100     4533.100
   450:     4537.100     4542.100     4544.100     4547.100     4563.100
   455:     4564.100     4577.100     4584.100     4586.100     4587.100
   460:     4589.100     4599.100     4600.100     4607.100     4611.100
   465:     4618.100     4624.100     4645.100     4647.100     4670.100
   470:     4687.100     4717.120     4736.100     4740.100     4743.100
   475:     4747.100     4759.100     4763.100     4765.100     4783.100
   480:     4786.100     4797.100     4802.120     4820.120     5024.120
   485:     5025.120     5150.120     5152.120     5163.120     5166.120
   490:     5169.120     5177.120     5179.120     5191.120     5201.120
   495:     5207.120     5218.100     5234.100     5237.100     5244.100
   500:     5249.120     5294.100     5296.100     5299.100     5301.100
   505:     5422.100     5425.100     5429.100     5432.100     5436.120
   510:     5481.120     5489.100     5493.100     5495.100     5503.100
   515:     5507.100     5515.100     5518.100     5528.100     5532.100
   520:     5537.100     5539.100     5541.100     5542.100     5546.100
   525:     5547.100     5549.100     5552.100     5562.100     5573.100
   530:     5579.100     5581.100     5603.100     5611.100     5629.100
   535:     5631.100     5636.100     5640.100     5644.100     5658.100
   540:     5660.100     5698.100     5701.100     5704.100     5708.100
   545:     5721.100     5726.100     5730.100     5735.100     5739.100
   550:     5746.100     5748.100     5760.100     5767.100     5778.100
   555:     5786.100     5792.100     5799.120     5832.100     5836.100
   560:     5838.100     5866.120     5919.330     5957.120     5961.120
   565:     5967.120     6000.120     6004.120     6019.500     6396.100
   570:     6417.100     6425.100     6427.100     6431.100     6435.100
   575:     6438.100     6443.100     6448.100     6452.100     6454.100
   580:     6456.100     6462.100     6466.100     6471.100     6477.100
   585:     6480.100     6492.100     6495.100     6502.100     6504.100
   590:     6506.100     6508.100     6510.100     6518.100     6525.100
   595:     6530.100     6532.100     6535.100     6547.100     6554.100
   600:     6559.100     6562.100     6564.100     6595.100     6599.120
   605:     6622.200     6672.300     6772.510     7263.120     7264.120
   610:     7302.120     7307.120     7308.120     7309.120     7310.120
   615:     7312.120     7414.110     7414.210     7417.120     7464.310
   620:     7468.120     7564.510     7748.120     7749.120     7778.120
   625:     7824.120     7826.120     7831.120     7855.120     7858.120
   630:     7869.110     7869.110     7871.110     7880.110     7885.110
   635:     7889.110     7890.110     7892.110     7898.110     7901.110
   640:     7903.110     7905.110     7908.110     7913.110     7921.110
   645:     7922.110     7923.110     7927.110     7932.110     7934.110
   650:     7936.110     7938.110     7941.110     7948.110     7952.110
   655:     7955.110     7959.110     7962.110     7963.110     7966.110
   660:     7968.110     7976.110     7990.110     7992.110     7996.110
   665:     7998.110     8000.110     8005.110     8007.110     8014.110
   670:     8016.110     8018.110     8033.110     8038.110     8040.110
   675:     8041.110     8046.110     8049.110     8052.110     8053.110
   680:     8065.110     8067.110     8069.110     8076.110     8077.110
   685:     8081.110     8086.110     8108.120     8167.120     8169.120
   690:     8172.120     8184.120     8197.110     8197.210     8200.120
   695:     8247.310     8268.120     8347.500     8454.120     8456.120
   700:     8475.120     8477.120     8548.120     8552.120     8554.120
   705:     8592.120     8803.120     8835.120     8843.100     8853.120
   710:     8875.100     8884.100     8886.100     8890.100     8892.100
   715:     8895.100     8898.100     8901.100     8903.100     8904.100
   720:     8907.100     8909.100     8915.100     8916.100     8921.100
   725:     8927.100     8929.100     8932.100     8934.100     8950.200
   730:     8952.100     8956.120     9000.300     9100.500     9456.120
   735:     9458.120     9479.120     9510.120     9510.120     9511.120
   740:     9513.120     9525.120     9575.100     9577.100     9584.100
   745:     9591.100     9593.100     9595.100     9611.100     9613.100
   750:     9616.100     9624.100     9626.100     9629.100     9630.100
   755:     9633.100     9648.100     9654.100     9655.100     9656.100
   760:     9659.100     9667.100     9671.100     9673.100     9675.100
   765:     9678.100     9683.100     9690.100     9701.100     9702.100
   770:     9707.100     9708.200     9715.120     9758.300     9858.510
   775:     9997.120     9999.120    10062.120    10091.120    10120.120
   780:    10133.120    10134.120    10135.120    10266.120    10268.120
   785:    10269.120    10327.110    10331.110    10333.110    10337.110
   790:    10340.110    10343.110    10345.110    10349.110    10352.110
   795:    10357.110    10359.110    10362.110    10367.110    10370.110
   800:    10371.110    10373.110    10381.110    10383.110    10385.110
   805:    10387.110    10389.110    10391.110    10394.110    10396.110
   810:    10405.110    10408.110    10409.110    10415.110    10421.110
   815:    10428.110    10435.110    10443.110    10445.110    10451.110
   820:    10453.110    10463.110    10468.110    10470.110    10472.110
   825:    10474.110    10477.110    10477.210    10483.120    10527.310
   830:    10627.510    10837.120    10838.120    10861.120    10863.120
   835:    10864.120    10886.120    10889.120    11037.120    11080.110
   840:    11082.110    11087.110    11087.110    11088.110    11089.110
   845:    11095.110    11096.110    11101.110    11105.110    11106.110
   850:    11110.110    11113.110    11115.110    11117.110    11119.110
   855:    11122.110    11135.110    11136.110    11137.110    11139.110
   860:    11145.110    11147.110    11155.110    11157.110    11166.110
   865:    11168.110    11171.110    11173.110    11177.110    11182.110
   870:    11182.110    11189.110    11195.110    11197.110    11204.110
   875:    11206.110    11208.110    11211.110    11217.110    11220.110
   880:    11222.110    11223.110    11236.110    11237.110    11241.110
   885:    11243.110    11245.110    11247.110    11247.210    11253.120
   890:    11297.310    11397.500    11657.120    11672.120    11677.120
   895:    11677.120    11678.120    11715.120    11825.120    11849.100
   900:    11863.100    11866.100    11870.100    11872.100    11876.100
   905:    11878.100    11882.100    11884.100    11886.100    11888.100
   910:    11890.100    11898.100    11905.100    11908.100    11910.100
   915:    11913.100    11916.100    11921.100    11924.100    11932.100
   920:    11934.100    11947.100    11950.100    11959.100    11961.100
   925:    11965.100    11968.100    11970.100    11972.100    11974.100
   930:    11979.100    11986.100    11993.100    11999.100    12001.100
   935:    12007.200    12009.100    12014.120    12057.300    12157.500
   940:    12272.120    12290.120    12324.120    12338.120    12340.120
   945:    12341.120    12344.120    12353.120    12428.120    12430.120
   950:    12453.120    12457.120    12459.120    12481.100    12547.120
   955:    12580.100    12773.120    12774.120    12775.120    12800.120
   960:    12806.100    12811.100    12815.100    12817.100    12821.100
   965:    12826.100    12829.100    12844.100    12845.100    12847.100
   970:    12853.100    12859.100    12863.100    12865.100    12866.200
   975:    12874.120    12916.300    13016.510    13394.120    13395.120
   980:    13396.120    13396.120    13464.120    13519.120    13520.120
   985:    13522.120    13539.110    13540.110    13551.110    13555.110
   990:    13560.110    13570.110    13571.110    13574.110    13576.110
   995:    13577.110    13587.110    13589.110    13591.110    13604.110
  1000:    13605.110    13608.110    13611.110    13620.110    13625.110
  1005:    13627.110    13629.110    13631.110    13635.110    13635.210
  1010:    13642.120    13685.310    13785.510    13844.120    13846.120
  1015:    13903.120    13905.120    13905.120    13906.120    14034.120
  1020:    14040.120    14079.120    14115.120    14172.120    14184.120
  1025:    14199.120    14201.120    14210.110    14211.110    14214.110
  1030:    14219.110    14227.110    14228.110    14229.110    14238.110
  1035:    14239.110    14243.110    14249.110    14256.110    14260.110
  1040:    14266.110    14268.110    14274.110    14276.110    14277.110
  1045:    14279.110    14292.110    14295.110    14300.110    14302.110
  1050:    14304.110    14306.110    14312.110    14329.110    14330.110
  1055:    14333.110    14335.110    14341.110    14362.110    14364.110
  1060:    14366.110    14368.110    14373.110    14390.110    14390.110
  1065:    14394.110    14394.110    14395.110    14399.110    14408.110
  1070:    14408.210    14411.110    14414.120    14458.310    14468.120
  1075:    14487.120    14558.500    14600.120    14604.120    14621.120
  1080:    14691.120    14693.120    14695.120    14703.120    14707.120
  1085:    14713.120    14718.120    14721.120    14725.120    14733.120
  1090:    14735.120    14735.120    14738.120    14740.120    14742.120
  1095:    14743.120    14746.120    14771.120    14771.120    14779.120
  1100:    14896.120    14898.120    14898.120    14929.120    14946.100
  1105:    14949.100    14957.100    14962.100    14965.100    14967.100
  1110:    14970.100    14979.120    15005.100    15008.100    15009.100
  1115:    15017.100    15019.100    15032.100    15036.100    15039.100
  1120:    15041.100    15042.100    15045.100    15046.100    15048.100
  1125:    15050.100    15052.100    15054.100    15064.100    15075.100
  1130:    15077.100    15083.100    15086.100    15089.100    15106.100
  1135:    15112.100    15116.100    15118.100    15128.100    15137.100
  1140:    15146.100    15151.100    15153.100    15156.100    15165.100
  1145:    15166.200    15173.120    15216.300    15316.510    15360.120
  1150:    15461.120    15483.120    15485.120    15585.120    15590.120
  1155:    15634.120    15650.120    15665.110    15670.120    15707.120
  1160:    15715.110    15719.110    15721.110    15725.110    15732.110
  1165:    15733.110    15744.110    15746.110    15751.110    15752.110
  1170:    15755.110    15760.110    15762.110    15767.110    15772.110
  1175:    15775.110    15778.110    15780.110    15800.110    15804.110
  1180:    15806.110    15817.110    15821.110    15823.110    15825.110
  1185:    15830.110    15834.110    15847.110    15863.110    15867.110
  1190:    15870.110    15874.110    15877.110    15884.110    15886.110
  1195:    15887.110    15889.110    15891.110    15893.110    15896.110
  1200:    15898.110    15900.110    15909.110    15919.110    15925.110
  1205:    15937.110    15937.210    15941.120    15987.310    16087.510
  1210:    16275.120    16276.120    16370.120    16371.120    16396.120
  1215:    16403.120    16404.120    16434.120    16436.120    16458.120
  1220:    16470.120    16474.120    16478.120    16489.120    16510.110
  1225:    16512.110    16623.120    16624.120    16625.120    16667.120
  1230:    16681.110    16684.110    16694.120    16723.110    16723.210
  1235:    16727.120    16773.310    16873.500    17056.120    17057.120
  1240:    17063.120    17068.120    17084.120    17287.120    17305.120
  1245:    17319.100    17332.100    17339.100    17344.100    17348.120
  1250:    17368.100    17371.100    17373.100    17382.100    17384.100
  1255:    17386.100    17396.100    17400.100    17403.100    17405.100
  1260:    17410.100    17413.100    17415.100    17417.100    17420.100
  1265:    17421.100    17423.100    17425.100    17434.100    17436.100
  1270:    17441.100    17449.100    17460.100    17461.100    17463.100
  1275:    17468.100    17469.100    17473.200    17473.100    17477.100
  1280:    17481.120    17523.300    17623.500    18148.120    18149.120
  1285:    18151.120    18153.120    18182.120    18240.120    18294.120
  1290:    18311.100    18318.120    18331.120    18332.120    18350.100
  1295:    18355.100    18361.100    18366.100    18368.100    18369.100
  1300:    18371.100    18371.200    18377.120    18421.300    18521.510
  1305:    18648.120    18682.120    18793.120    18794.120    18893.120
  1310:    18895.120    18927.120    18929.120    18941.110    18947.110
  1315:    18950.110    18951.110    18952.110    18957.110    18959.110
  1320:    18961.110    18963.110    18968.110    18971.110    18975.110
  1325:    18980.110    19013.110    19016.110    19019.110    19024.110
  1330:    19031.110    19035.110    19042.110    19044.110    19048.110
  1335:    19051.110    19056.110    19061.110    19072.110    19073.110
  1340:    19075.110    19080.110    19083.110    19087.110    19091.110
  1345:    19093.110    19095.110    19097.110    19105.110    19109.110
  1350:    19111.110    19113.110    19122.110    19123.110    19125.110
  1355:    19126.110    19130.110    19135.110    19137.110    19141.110
  1360:    19141.210    19148.120    19191.310    19247.120    19274.120
  1365:    19276.120    19288.120    19290.120    19291.540    19334.120
  1370:    19344.120    19347.120    19348.120    19356.120    19488.120
  1375:    19523.120    19545.120    19557.110    19559.110    19564.110
  1380:    19571.110    19572.110    19581.110    19584.110    19589.110
  1385:    19592.110    19595.110    19602.110    19603.110    19608.110
  1390:    19610.110    19614.110    19616.110    19626.110    19633.110
  1395:    19635.110    19635.110    19640.110    19642.110    19644.110
  1400:    19647.110    19649.110    19651.110    19652.110    19654.110
  1405:    19656.110    19669.110    19674.110    19678.110    19682.110
  1410:    19683.110    19690.110    19691.110    19702.110    19703.110
  1415:    19713.110    19716.110    19717.110    19719.110    19724.110
  1420:    19726.110    19753.110    19754.110    19755.110    19758.110
  1425:    19760.110    19777.110    19779.110    19783.110    19786.110
  1430:    19788.110    19797.110    19797.110    19799.110    19804.110
  1435:    19810.110    19812.110    19814.110    19821.110    19828.110
  1440:    19831.110    19832.110    19835.110    19836.110    19838.110
  1445:    19840.110    19843.110    19847.110    19869.110    19873.110
  1450:    19873.110    19874.110    19885.120    19886.120    19948.110
  1455:    19951.110    20020.110    20028.120    20029.120    20033.120
  1460:    20056.120    20058.120    20209.120    20215.120    20573.120
  1465:    20574.120    20575.120    20576.120    20601.110    20749.120
  1470:    20769.110    20774.120    20802.110    20803.110    20805.110
  1475:    20811.110    20813.110    20825.110    20829.110    20830.110
  1480:    20832.110    20835.110    20848.110    20852.110    21038.110
  1485:    21045.110    21055.120    21058.120    21086.120    21091.340
  1490:    21123.120    21162.120    21166.120    21191.500    21431.120
  1495:    21471.100    21475.100    21488.100    21493.120    21516.100
  1500:    21517.100    21521.100    21525.100    21527.100    21529.100
  1505:    21533.100    21540.100    21542.100    21556.100    21558.100
  1510:    21560.100    21561.100    21563.100    21579.100    21584.100
  1515:    21586.100    21590.100    21593.100    21595.100    21604.100
  1520:    21613.100    21619.100    21624.100    21630.100    21632.100
  1525:    21634.100    21637.100    21638.100    21647.100    21648.100
  1530:    21649.100    21654.100    21660.100    21664.100    21666.100
  1535:    21668.100    21671.100    21676.100    21689.100    21712.100
  1540:    21753.120    21767.100    21771.100    21775.100    21778.100
  1545:    21786.100    21790.100    21792.100    21794.100    21797.100
  1550:    21799.100    21806.100    21808.100    21813.100    21819.120
  1555:    21827.200    21877.300    21977.500    21979.120    22018.120
  1560:    22056.120    22061.120    22075.120    22088.120    22090.120
  1565:    22095.120    22115.120    22139.100    22145.120    22171.120
  1570:    22184.120    22195.100    22209.100    22215.100    22231.100
  1575:    22234.100    22238.100    22240.100    22246.100    22251.100
  1580:    22253.100    22255.100    22256.100    22261.100    22265.100
  1585:    22269.100    22274.100    22277.100    22291.100    22303.100
  1590:    22304.100    22306.100    22315.100    22317.100    22322.100
  1595:    22327.100    22333.100    22334.100    22338.100    22341.100
  1600:    22352.100    22360.100    22364.100    22365.100    22371.100
  1605:    22372.100    22379.100    22389.100    22397.100    22406.100
  1610:    22410.100    22416.100    22418.100    22421.100    22438.100
  1615:    22447.100    22453.100    22455.100    22457.100    22462.100
  1620:    22464.100    22467.100    22470.100    22473.100    22478.100
  1625:    22481.100    22483.100    22488.100    22490.100    22491.100
  1630:    22512.100    22518.100    22519.100    22533.100    22540.100
  1635:    22542.100    22545.100    22548.100    22552.100    22555.100
  1640:    22559.100    22569.100    22571.100    22572.100    22573.100
  1645:    22578.200    22584.120    22628.300    22728.500    22778.120
  1650:    22838.120    23000.120    23175.120    23177.120    23179.120
  1655:    23197.120    23240.120    23242.120    23283.100    23327.120
  1660:    23343.200    23344.120    23347.120    23393.300    23493.510
  1665:    23639.120    23642.120    23644.120    23678.120    23716.120
  1670:    23842.120    23869.120    23889.120    23898.110    23901.110
  1675:    23908.110    23914.110    23918.110    23921.110    23923.110
  1680:    23930.110    23934.110    23936.110    23942.110    23943.110
  1685:    23946.110    23961.110    23963.110    23964.110    23977.110
  1690:    23979.110    23980.110    23982.110    23987.110    23989.110
  1695:    23998.110    24000.110    24017.110    24022.110    24024.110
  1700:    24027.110    24029.110    24031.110    24036.110    24037.110
  1705:    24049.110    24051.110    24052.110    24061.110    24073.110
  1710:    24078.110    24080.110    24082.110    24089.110    24111.110
  1715:    24113.110    24113.210    24118.120    24136.120    24163.310
  1720:    24263.510    24335.120    24509.120    24577.120    24584.120
  1725:    24596.120    24599.120    24625.110    24648.110    24649.110
  1730:    24653.110    24657.120    24675.120    24697.110    24699.110
  1735:    24744.110    24747.110    24759.110    24762.110    24768.110
  1740:    24769.110    24773.110    24777.110    24780.110    24782.110
  1745:    24792.110    24795.110    24797.110    24799.110    24801.110
  1750:    24802.110    24804.110    24806.110    24812.110    24814.110
  1755:    24825.110    24829.110    24831.110    24838.110    24840.110
  1760:    24845.110    24855.110    24860.110    24862.110    24866.110
  1765:    24869.110    24876.110    24880.110    24880.210    24881.110
  1770:    24884.120    24930.310    25030.530    25205.120    25207.120
  1775:    25207.120    25271.120    25319.100    25402.120    25448.120
  1780:    25451.120    25459.100    25466.100    25472.100    25481.100
  1785:    25485.120    25523.100    25527.100    25543.100    25547.100
  1790:    25548.100    25551.100    25556.100    25558.100    25567.100
  1795:    25574.100    25580.100    25583.100    25594.100    25604.100
  1800:    25609.100    25618.100    25620.100    25623.100    25628.100
  1805:    25632.100    25639.100    25641.100    25647.100    25649.100
  1810:    25654.100    25656.100    25658.100    25661.100    25663.100
  1815:    25665.100    25667.100    25671.100    25672.100    25685.100
  1820:    25692.100    25694.100    25701.100    25706.100    25709.100
  1825:    25715.100    25719.100    25722.100    25726.100    25728.100
  1830:    25732.100    25734.100    25736.100    25738.100    25740.100
  1835:    25742.100    25752.100    25757.100    25761.100    25769.100
  1840:    25793.120    25824.100    25828.100    25830.100    25833.100
  1845:    25840.120    25873.100    25875.100    25883.120    25899.100
  1850:    25902.100    25905.100    25907.100    25935.100    25951.100
  1855:    25957.120    25999.100    26002.100    26012.100    26015.100
  1860:    26018.100    26021.100    26036.100    26039.100    26051.100
  1865:    26057.100    26061.120    26141.100    26145.100    26229.100
  1870:    26238.120    26269.120    26270.120    26273.120    26285.100
  1875:    26298.100    26305.100    26308.100    26310.100    26314.100
  1880:    26320.120    26366.120    26368.120    26369.120    26376.100
  1885:    26381.100    26383.100    26389.120    26402.120    26428.120
  1890:    26433.120    26467.120    26483.100    26503.100    26506.100
  1895:    26511.100    26515.100    26517.100    26519.100    26524.100
  1900:    26538.100    26545.100    26548.100    26555.100    26556.100
  1905:    26562.120    26592.100    26594.100    26598.100    26607.100
  1910:    26609.100    26612.100    26617.100    26619.100    26623.120
  1915:    26681.100    26738.100    26745.100    26757.100    26761.100
  1920:    26765.120    26783.120    26795.100    26797.100    26809.100
  1925:    26815.100    26820.100    26827.100    26830.330    26869.120
  1930:    26907.120    26930.500    26957.120    26965.120    26976.120
  1935:    27189.100    27192.100    27214.120    27223.120    27247.120
  1940:    27250.120    27250.120    27352.100    27355.100    27361.120
  1945:    27398.120    27399.120    27422.120    27438.100    27442.100
  1950:    27444.100    27448.100    27449.100    27453.100    27457.120
  1955:    27490.120    27511.100    27518.120    27541.100    27543.100
  1960:    27571.200    27621.300    27622.120    27721.510    27888.120
  1965:    27913.110    27945.120    27992.120    28012.120    28017.120
  1970:    28030.110    28035.110    28049.110    28054.120    28056.120
  1975:    28058.120    28070.120    28090.120    28099.110    28102.110
  1980:    28104.110    28107.110    28114.110    28118.110    28122.110
  1985:    28125.120    28129.120    28145.110    28147.110    28149.110
  1990:    28152.110    28154.110    28161.110    28163.110    28166.110
  1995:    28168.110    28171.110    28171.110    28174.110    28175.110
  2000:    28176.110    28180.110    28184.110    28184.110    28185.110
  2005:    28193.110    28195.110    28199.110    28201.110    28202.110
  2010:    28207.110    28220.110    28221.110    28232.110    28234.110
  2015:    28236.110    28245.110    28248.110    28250.110    28252.110
  2020:    28253.110    28256.110    28261.110    28265.110    28267.110
  2025:    28272.110    28275.110    28280.110    28280.110    28282.110
  2030:    28287.120    28290.120    28311.120    28311.120    28320.110
  2035:    28320.110    28321.110    28326.110    28329.110    28330.110
  2040:    28337.110    28337.210    28342.120    28387.310    28487.510
  2045:    28640.120    28642.120    28670.120    28682.120    28695.120
  2050:    28711.120    28729.120    28731.120    28736.120    28738.120
  2055:    28748.120    28921.120    28930.120    28954.110    28960.110
  2060:    28963.110    28964.110    28969.110    28972.110    28984.110
  2065:    28997.110    29005.120    29043.110    29044.110    29047.110
  2070:    29053.110    29057.110    29060.110    29062.110    29064.110
  2075:    29074.110    29075.110    29086.110    29089.110    29091.110
  2080:    29095.110    29097.110    29099.110    29107.110    29107.210
  2085:    29109.110    29112.120    29157.310    29257.500    29686.120
  2090:    29688.120    29695.120    29749.120    29802.100    29808.120
  2095:    29829.100    29831.100    29839.120    29852.100    29855.100
  2100:    29856.100    29862.100    29862.200    29869.120    29912.300
  2105:    30012.510    30185.120    30186.120    30207.120    30209.120
  2110:    30217.120    30231.120    30232.120    30245.120    30248.120
  2115:    30288.120    30288.120    30290.120    30309.120    30311.120
  2120:    30317.120    30335.120    30353.120    30384.120    30392.120
  2125:    30409.110    30409.110    30412.110    30412.110    30417.110
  2130:    30419.110    30428.110    30431.110    30435.110    30440.110
  2135:    30441.110    30443.110    30444.110    30450.110    30452.110
  2140:    30455.110    30469.110    30474.110    30481.110    30483.110
  2145:    30483.110    30485.110    30488.110    30493.110    30495.110
  2150:    30503.110    30515.110    30520.110    30523.110    30525.110
  2155:    30536.110    30540.110    30541.110    30542.110    30546.110
  2160:    30555.110    30561.110    30562.110    30566.110    30569.110
  2165:    30577.110    30579.110    30585.110    30587.110    30589.110
  2170:    30597.110    30600.110    30602.110    30603.110    30610.110
  2175:    30614.110    30623.110    30626.110    30626.210    30632.120
  2180:    30676.310    30776.500    30922.120    30966.120    30978.120
  2185:    30980.120    30982.120    30999.120    31005.120    31284.120
  2190:    31285.120    31306.120    31350.100    31353.100    31355.100
  2195:    31358.100    31363.100    31367.100    31368.100    31372.100
  2200:    31381.100    31383.100    31384.100    31387.100    31391.100
  2205:    31393.100    31396.100    31398.100    31399.100    31401.100
  2210:    31403.100    31410.100    31410.200    31417.120    31460.300
  2215:    31560.500    31908.120    31911.120    31926.120    31935.120
  2220:    31981.120    31993.120    32017.120    32027.120    32107.120
  2225:    32125.120    32127.120    32132.100    32134.100    32192.200
  2230:    32193.100    32199.120    32242.300    32342.510    32538.120
  2235:    32575.120    32601.120    32634.120    32653.120    32688.110
  2240:    32691.110    32843.120    32874.120    32882.110    32887.110
  2245:    32890.110    32900.110    32902.110    32904.110    32905.110
  2250:    32906.110    32914.110    32918.110    32920.110    32922.110
  2255:    32927.110    32936.110    32941.110    32943.110    32948.110
  2260:    32950.110    32952.110    32962.110    32962.210    32962.110
  2265:    32966.120    33012.310    33112.510    33260.120    33301.120
  2270:    33344.120    33442.110    33444.110    33453.120    33468.120
  2275:    33483.110    33485.110    33490.110    33500.110    33503.110
  2280:    33504.110    33519.110    33522.110    33523.110    33526.110
  2285:    33531.110    33535.110    33536.110    33539.110    33541.110
  2290:    33544.110    33546.110    33548.110    33550.110    33561.110
  2295:    33564.110    33565.110    33567.110    33571.110    33581.110
  2300:    33584.110    33588.110    33594.110    33608.110    33611.110
  2305:    33613.110    33614.110    33618.110    33621.110    33629.110
  2310:    33634.110    33650.110    33654.110    33658.110    33660.110
  2315:    33671.110    33675.110    33677.110    33679.110    33681.110
  2320:    33683.110    33688.110    33702.110    33711.110    33715.110
  2325:    33718.110    33724.110    33729.110    33729.210    33735.120
  2330:    33779.310    33879.500    33949.120    33950.120    33964.120
  2335:    34015.120    34037.100    34058.120    34059.120    34078.100
  2340:    34080.100    34155.120    34155.120    34167.120    34188.120
  2345:    34195.100    34234.100    34236.100    34240.120    34249.120
  2350:    34256.100    34258.100    34263.100    34265.100    34269.100
  2355:    34270.100    34274.100    34278.100    34281.120    34303.100
  2360:    34306.100    34310.100    34312.100    34315.100    34316.100
  2365:    34319.100    34328.100    34331.100    34333.100    34339.100
  2370:    34342.100    34345.100    34347.100    34348.100    34350.100
  2375:    34351.100    34353.100    34355.100    34357.100    34360.100
  2380:    34371.100    34378.100    34380.100    34383.100    34389.100
  2385:    34391.100    34393.100    34396.100    34398.100    34404.100
  2390:    34408.100    34415.100    34417.100    34420.100    34422.100
  2395:    34423.100    34425.100    34427.100    34427.100    34441.100
  2400:    34446.100    34452.100    34456.100    34458.100    34464.100
  2405:    34467.100    34475.100    34477.100    34479.100    34480.200
  2410:    34487.120    34530.300    34630.540    34675.120    34677.120
  2415:    34691.120    34805.120    34859.120    34864.120    34865.120
  2420:    34866.120    34881.110    34958.110    34963.120    34964.120
  2425:    34965.120    35033.120    35036.120    35058.110    35058.110
  2430:    35062.120    35080.110    35084.110    35087.110    35089.110
  2435:    35089.110    35090.110    35093.110    35100.110    35103.110
  2440:    35107.110    35109.110    35111.110    35114.110    35114.110
  2445:    35116.110    35118.110    35122.110    35124.110    35129.110
  2450:    35131.110    35133.110    35135.110    35141.110    35145.110
  2455:    35148.110    35149.110    35153.110    35161.110    35163.110
  2460:    35175.110    35177.110    35180.110    35187.110    35191.110
  2465:    35197.110    35206.110    35215.110    35219.110    35221.110
  2470:    35231.110    35236.110    35242.110    35245.110    35248.110
  2475:    35260.110    35261.110    35274.110    35280.110    35290.110
  2480:    35302.110    35304.110    35311.110    35312.110    35324.110
  2485:    35327.110    35329.110    35329.110    35330.110    35339.110
  2490:    35343.110    35346.110    35352.110    35364.110    35367.110
  2495:    35371.110    35387.110    35393.110    35395.110    35398.110
  2500:    35409.110    35412.110    35424.110    35427.110    35466.110
  2505:    35470.110    35472.110    35479.110    35480.110    35492.110
  2510:    35497.110    35503.110    35505.110    35509.120    35546.120
  2515:    35558.110    35563.110    35605.110    35611.120    35912.120
  2520:    35944.110    35947.110    36221.110    36308.120    36311.120
  2525:    36353.110    36430.340    36530.500    36658.100    36737.120
  2530:    36743.120    36744.120    36770.100    36781.100    36788.100
  2535:    36792.100    36794.100    36802.100    36812.100    36815.100
  2540:    36827.100    36832.120    36855.100    36859.100    36861.100
  2545:    36867.100    36873.100    36876.100    36878.100    36879.100
  2550:    36881.100    36890.120    36911.100    36915.100    36917.100
  2555:    36919.100    36921.100    36928.100    36931.100    36943.100
  2560:    36945.100    36950.100    36953.100    36956.100    36957.100
  2565:    36960.100    36965.100    36979.120    37001.100    37004.100
  2570:    37007.100    37008.100    37010.100    37013.100    37017.100
  2575:    37019.100    37020.100    37022.100    37028.100    37043.100
  2580:    37044.100    37055.100    37057.100    37064.100    37067.100
  2585:    37070.100    37073.100    37076.100    37078.100    37080.100
  2590:    37083.100    37085.100    37106.100    37110.120    37130.100
  2595:    37130.200    37132.100    37137.120    37180.300    37279.120
  2600:    37280.500    37281.120    37328.120    37661.120    37663.120
  2605:    37665.120    37755.120    37759.120    37761.120    37782.100
  2610:    37789.100    37792.100    37800.120    37810.100    37812.100
  2615:    37814.100    37816.100    37819.100    37821.100    37823.100
  2620:    37826.100    37832.100    37840.100    37843.100    37844.100
  2625:    37846.100    37851.100    37853.100    37855.100    37857.100
  2630:    37858.100    37862.100    37867.100    37870.100    37871.100
  2635:    37872.100    37879.100    37881.200    37883.100    37887.120
  2640:    37931.300    38031.510    38357.120    38359.120    38422.120
  2645:    38423.120    38423.120    38434.120    38435.120    38452.120
  2650:    38464.110    38466.110    38466.110    38472.110    38476.110
  2655:    38478.110    38478.110    38482.110    38486.110    38491.110
  2660:    38494.110    38495.110    38496.110    38497.110    38501.110
  2665:    38505.110    38508.110    38512.110    38514.110    38524.110
  2670:    38526.110    38528.110    38533.110    38535.110    38538.110
  2675:    38539.110    38541.110    38543.110    38555.110    38560.110
  2680:    38561.110    38570.110    38575.110    38576.110    38580.110
  2685:    38582.110    38588.110    38598.110    38601.110    38603.110
  2690:    38605.110    38607.110    38608.110    38617.110    38619.110
  2695:    38620.110    38626.110    38629.110    38634.110    38636.110
  2700:    38640.110    38647.110    38647.210    38651.120    38697.310
  2705:    38797.510    38825.120    38879.120    38897.120    38920.120
  2710:    39229.110    39229.110    39232.110    39234.110    39236.110
  2715:    39244.110    39251.120    39285.110    39287.110    39291.110
  2720:    39292.110    39296.110    39303.110    39308.110    39311.110
  2725:    39314.110    39316.110    39321.110    39324.110    39330.110
  2730:    39332.110    39334.110    39335.110    39337.110    39339.110
  2735:    39345.110    39347.110    39352.110    39355.110    39360.110
  2740:    39362.110    39366.110    39369.110    39386.110    39389.110
  2745:    39390.110    39395.110    39398.110    39405.110    39412.110
  2750:    39412.210    39415.110    39417.120    39462.310    39562.500
  2755:    39833.120    40143.120    40144.120    40144.120    40145.120
  2760:    40184.120    40190.100    40195.100    40199.100    40202.100
  2765:    40205.100    40209.100    40213.100    40217.100    40222.100
  2770:    40224.100    40226.100    40229.100    40231.100    40237.100
  2775:    40242.100    40243.100    40245.100    40250.200    40256.120
  2780:    40300.300    40400.510    40779.120    40781.120    40784.120
  2785:    40786.120    40815.120    40859.120    40873.120    40922.120
  2790:    40931.110    40932.110    40934.110    40940.110    40943.110
  2795:    40948.110    40956.110    40957.110    40967.110    40969.110
  2800:    40973.110    40974.110    40978.110    40980.110    40989.110
  2805:    40992.110    40994.110    41000.110    41002.110    41004.110
  2810:    41006.110    41021.110    41021.210    41025.120    41071.310
  2815:    41171.500    41262.120    41327.120    41329.120    41393.120
  2820:    41395.120    41578.120    41613.100    41712.120    41734.100
  2825:    41741.100    41743.100    41744.100    41752.100    41755.100
  2830:    41757.100    41760.100    41770.100    41772.100    41774.100
  2835:    41782.100    41791.100    41793.100    41794.200    41796.100
  2840:    41801.120    41844.300    41944.530
E:
     0:     2843.000      957.000     1209.000
F:
     0:       70.000       20.357       43.612
G:
     0:        1.000        1.000        1.000        1.000        1.000
     5:        1.000        1.000        1.000        1.000        0.000
H:
     0:        1.000        1.000        2.000        2.000
L:
     0:     6177.000     6128.000     6135.000     6176.000     6194.000
     5:     7196.000     6176.000     6104.000     7578.000     6457.000
    10:     6106.000     6257.000     6514.000     6144.000     6438.000
    15:     6418.000     6105.000     6108.000     6109.000     6980.000
    20:     6332.000
R:
     0:        1.000        1.000        1.000        1.000        1.000
     5:        1.000        1.000        1.000        1.000        0.000
S:
     0:        0.000        1.000
U:
     0:     6135.000        2.000        0.000
X:
     0:        0.000      481.001      506.002      514.003      521.004
     5:      523.005      525.006      528.007      532.008      535.009
    10:      537.010      538.011      547.012      553.013      560.014
    15:      562.015      564.016      566.017      569.018      571.019
    20:      572.020      583.021      585.022      598.023      600.024
    25:      606.025      607.025      610.026      657.000      657.000
    30:      657.241      657.243      657.245      657.247      657.249
    35:      657.251      657.253      657.255      657.257      657.259
    40:      657.261      657.263      657.265      657.267      657.269
    45:      657.271      657.273      657.275      657.277      657.279
    50:      657.281      657.283      657.285      657.287      657.289
    55:      657.291      657.293      657.295      657.297      657.299
    60:      657.301      657.303      657.305      657.307      657.309
    65:      657.311      657.313      657.315      657.317      657.319
    70:      657.321      657.323      657.325      657.327      657.329
    75:      657.331      657.333      657.335      657.337      657.339
    80:      657.341      657.343      657.345      657.347      657.349
    85:      657.351      657.353      657.355      657.357      657.359
    90:      657.361      657.363      657.365      657.367      657.369
    95:      657.371      657.373      657.375      657.377      657.379
   100:      657.381      657.383      657.385      657.387      657.389
   105:      657.391      657.393      657.395      657.397      657.399
   110:      657.401      657.403      657.405      657.407      657.409
   115:      657.411      657.413      657.415      657.417      657.419
   120:      657.421      657.423      657.425      657.427      657.429
   125:      657.431      657.433      657.435      657.437      657.439
   130:      657.441      657.443      657.445      657.447      657.449
   135:      657.451      657.453      657.455      657.457      657.459
   140:      657.461      657.463      657.465      657.467      657.469
   145:      657.471      657.473      657.475      657.477      657.479
   150:      657.481      657.483      657.485      657.487      657.489
   155:      657.491      657.493      657.495      657.497      657.499
   160:      657.501      657.503      657.505      657.507      657.509
   165:      657.511      657.513      657.515      657.517      657.519
   170:      657.521      657.523      657.525      657.527      657.529
   175:      657.531      657.533      657.535      657.537      657.539
   180:      657.541      657.543      657.545      657.547      657.549
   185:      657.551      657.553      657.555      657.557      657.559
   190:      657.561      657.562      657.563      657.564      657.565
   195:      657.566      657.567      657.568      657.569      657.570
   200:      657.571      657.572      657.573      657.574      657.575
   205:      657.576      657.577      657.578      657.579      657.580
   210:      657.581      657.582      657.583      657.584      657.585
   215:      657.586      657.587      657.588      657.589      657.590
   220:      657.591      657.592      657.593      657.594      657.595
   225:      657.596      657.596      657.000      657.000     1153.001
   230:     1185.002     1193.003     1195.004     1200.005     1202.006
   235:     1204.007     1208.008     1211.009     1213.010     1214.011
   240:     1217.012     1219.013     1224.014     1226.015     1231.016
   245:     1237.017     1238.018     1242.019     1244.020     1260.020
   250:     1262.021     1310.000     1310.000     1785.001     1786.002
   255:     1793.003     1800.004     1802.005     1804.006     1821.007
   260:     1822.008     1826.009     1833.010     1836.011     1838.012
   265:     1840.013     1842.014     1857.015     1863.016     1864.017
   270:     1865.018     1869.019     1876.020     1880.021     1882.022
   275:     1884.023     1887.024     1892.025     1899.026     1910.027
   280:     1912.028     1916.029     1917.029     1967.000     1967.000
   285:     2419.001     2433.002     2436.003     2439.004     2441.005
   290:     2445.006     2447.007     2451.008     2453.009     2455.010
   295:     2457.011     2459.012     2467.013     2474.014     2477.015
   300:     2480.016     2483.017     2485.018     2491.019     2494.020
   305:     2501.021     2503.022     2516.023     2519.024     2529.025
   310:     2530.026     2535.027     2538.028     2540.029     2542.030
   315:     2543.031     2548.032     2555.033     2562.034     2569.035
   320:     2570.036     2576.036     2579.037     2626.000     2626.000
   325:     2950.001     3049.002     3275.003     3280.004     3284.005
   330:     3286.006     3290.007     3294.008     3297.009     3313.010
   335:     3314.011     3316.012     3321.013     3328.014     3331.015
   340:     3334.016     3335.016     3385.000     3385.000     3772.001
   345:     3775.002     3783.003     3788.004     3791.005     3793.006
   350:     3796.007     3831.008     3834.009     3836.010     3843.011
   355:     3846.012     3858.013     3862.014     3865.015     3867.016
   360:     3868.017     3871.018     3872.019     3874.020     3876.021
   365:     3878.022     3881.023     3890.024     3902.025     3903.026
   370:     3909.027     3912.028     3915.029     3932.030     3938.031
   375:     3942.032     3944.033     3954.034     3963.035     3972.036
   380:     3977.037     3980.038     3982.039     3991.040     3992.040
   385:     4042.000     4042.000     4488.001     4501.002     4507.003
   390:     4512.004     4537.005     4540.006     4542.007     4551.008
   395:     4553.009     4555.010     4564.011     4569.012     4572.013
   400:     4574.014     4578.015     4582.016     4583.017     4586.018
   405:     4589.019     4590.020     4592.021     4594.022     4603.023
   410:     4605.024     4610.025     4618.026     4628.027     4630.028
   415:     4632.029     4636.030     4638.031     4642.031     4642.032
   420:     4645.033     4692.000     4692.000     5379.001     5419.002
   425:     5423.003     5429.004     5434.005     5436.006     5437.007
   430:     5439.008     5439.008     5489.000     5489.000     5489.189
   435:     5489.190     5489.191     5489.192     5489.193     5489.194
   440:     5489.195     5489.196     5489.197     5489.198     5489.199
   445:     5489.200     5489.201     5489.202     5489.203     5489.204
   450:     5489.205     5489.206     5489.207     5489.208     5489.209
   455:     5489.210     5489.211     5489.212     5489.213     5489.214
   460:     5489.215     5489.216     5489.217     5489.218     5489.219
   465:     5489.220     5489.221     5489.222     5489.223     5489.224
   470:     5489.225     5489.226     5489.227     5489.228     5489.229
   475:     5489.230     5489.231     5489.232     5489.233     5489.234
   480:     5489.235     5489.236     5489.237     5489.238     5489.239
   485:     5489.240     5489.241     5489.242     5489.243     5489.244
   490:     5489.245     5489.245     5489.000     5489.000     5489.001
   495:     5489.002     5489.003     5489.004     5489.005     5489.006
   500:     5489.007     5489.008     5489.009     5489.010     5489.011
   505:     5489.012     5489.013     5489.014     5489.015     5489.016
   510:     5489.017     5489.018     5489.019     5489.020     5489.021
   515:     5489.022     5489.023     5489.024     5489.025     5489.026
   520:     5489.027     5489.028     5489.029     5489.030     5489.031
   525:     5489.032     5489.033     5489.034     5489.035     5489.036
   530:     5489.037     5489.038     5489.039     5489.040     5489.041
   535:     5489.042     5489.043     5489.044     5489.045     5489.046
   540:     5489.047     5489.048     5489.049     5489.050     5489.051
   545:     5489.052     5489.053     5489.054     5489.055     5489.056
   550:     5489.057     5489.058     5489.059     5489.060     5489.061
   555:     5489.062     5489.063     5489.064     5489.065     5489.066
   560:     5489.067     5489.068     5489.069     5489.070     5489.071
   565:     5489.072     5489.073     5489.074     5489.075     5489.075
   570:     5489.000     5489.000     5489.001     5489.001     5489.000
   575:     5489.000     5777.002     5917.004     5925.006     5931.008
   580:     5939.010     5982.012     5986.014     6001.016     6005.018
   585:     6007.020     6010.022     6015.024     6017.026     6026.028
   590:     6032.030     6039.032     6042.034     6053.036     6063.038
   595:     6068.040     6077.042     6079.044     6081.046     6086.048
   600:     6091.050     6098.052     6100.054     6106.056     6108.058
   605:     6113.060     6115.062     6117.064     6120.066     6122.068
   610:     6124.070     6126.072     6129.074     6131.076     6144.078
   615:     6150.080     6153.082     6159.084     6165.086     6168.088
   620:     6174.090     6177.092     6181.094     6184.096     6187.098
   625:     6191.100     6192.102     6195.104     6197.106     6199.108
   630:     6201.110     6211.112     6215.114     6220.116     6228.118
   635:     6282.120     6286.122     6289.124     6291.126     6331.128
   640:     6334.130     6358.132     6361.134     6363.136     6366.138
   645:     6394.140     6410.142     6458.144     6461.146     6471.148
   650:     6474.150     6477.152     6480.154     6495.156     6498.158
   655:     6510.160     6516.162     6600.164     6604.166     6687.168
   660:     6744.170     6757.172     6764.174     6767.176     6769.178
   665:     6773.180     6835.182     6840.184     6842.186     6941.188
   670:     6962.190     6965.192     6970.194     6974.196     6976.198
   675:     6977.200     6983.202     6997.204     7004.206     7006.208
   680:     7013.210     7015.212     7050.214     7053.216     7056.218
   685:     7066.220     7068.222     7070.224     7075.226     7078.228
   690:     7140.230     7197.232     7204.234     7216.236     7220.238
   695:     7254.240     7256.242     7268.244     7273.246     7279.248
   700:     7286.250     7648.251     7650.252     7811.253     7813.254
   705:     7897.255     7900.256     7903.257     7907.258     7908.259
   710:     7912.260     7970.261     8000.262     8002.263     8030.263
   715:     8080.000     8080.000     8624.001     8651.002     8653.003
   720:     8674.004     8677.005     8678.006     8684.007     8684.007
   725:     8734.000     8734.000     9307.001     9310.002     9313.003
   730:     9315.004     9320.005     9324.006     9326.007     9329.008
   735:     9338.009     9340.010     9342.011     9345.012     9349.013
   740:     9350.014     9353.015     9355.016     9356.017     9358.018
   745:     9360.019     9367.020     9367.020     9417.000     9417.000
   750:     9988.001     9990.002    10048.002    10049.003    10098.000
   755:    10098.000    10255.001    10296.002    10298.003    10413.004
   760:    10452.005    10455.006    10475.007    10477.008    10481.009
   765:    10483.010    10487.011    10489.012    10493.013    10496.014
   770:    10522.015    10524.016    10528.017    10530.018    10533.019
   775:    10534.020    10537.021    10547.022    10549.023    10552.024
   780:    10557.025    10560.026    10564.027    10565.028    10567.029
   785:    10568.030    10570.031    10572.032    10573.033    10575.034
   790:    10578.035    10589.036    10596.037    10598.038    10602.039
   795:    10607.040    10610.041    10612.042    10614.043    10616.044
   800:    10622.045    10627.046    10634.047    10636.048    10638.049
   805:    10640.050    10641.051    10643.052    10645.053    10646.054
   810:    10660.055    10664.056    10670.057    10674.058    10676.059
   815:    10682.060    10685.061    10693.062    10695.063    10697.064
   820:    10698.064    10748.000    10748.000    10748.187    10748.188
   825:    10748.189    10748.190    10748.191    10748.192    10748.193
   830:    10748.194    10748.195    10748.196    10748.197    10748.198
   835:    10748.199    10748.200    10748.201    10748.202    10748.203
   840:    10748.204    10748.205    10748.206    10748.207    10748.208
   845:    10748.209    10748.210    10748.211    10748.212    10748.213
   850:    10748.214    10748.215    10748.216    10748.217    10748.218
   855:    10748.219    10748.220    10748.221    10748.222    10748.223
   860:    10748.224    10748.225    10748.226    10748.227    10748.228
   865:    10748.229    10748.230    10748.231    10748.232    10748.233
   870:    10748.234    10748.235    10748.236    10748.237    10748.238
   875:    10748.239    10748.240    10748.241    10748.242    10748.243
   880:    10748.244    10748.245    10748.246    10748.246    10748.247
   885:    10748.000    10748.000    10748.001    10748.002    10748.003
   890:    10748.004    10748.005    10748.006    10748.007    10748.008
   895:    10748.009    10748.010    10748.011    10748.012    10748.013
   900:    10748.014    10748.015    10748.016    10748.017    10748.018
   905:    10748.019    10748.020    10748.021    10748.022    10748.023
   910:    10748.024    10748.025    10748.026    10748.027    10748.027
   915:    10748.028    10748.000    10748.000    11375.001    11381.002
   920:    11385.003    11387.004    11390.005    11395.006    11398.007
   925:    11403.008    11408.009    11410.010    11412.011    11415.012
   930:    11417.013    11423.014    11427.015    11429.016    11431.017
   935:    11436.017    11486.000    11486.000    11928.001    12049.002
   940:    12056.003    12058.004    12059.005    12067.006    12070.007
   945:    12072.008    12075.009    12084.010    12087.011    12089.012
   950:    12097.013    12106.014    12108.015    12109.015    12111.016
   955:    12159.000    12159.000
Y:
     0:        0.000       42.001       44.002       46.003      146.004
     5:      216.005      218.006      218.007      223.008      225.009
    10:      234.010      236.011      239.012      243.013      253.014
    15:      255.015      257.016      259.017      261.018      269.019
    20:      271.020      277.021      279.022      281.023      285.024
    25:      287.025      289.026      290.027      304.028      307.029
    30:      308.030      318.031      323.032      324.033      327.034
    35:      329.035      330.036      336.037      342.038      352.039
    40:      353.040      355.041      362.042      365.043      366.044
    45:      368.045      375.046      378.047      380.048      384.049
    50:      387.050      401.051      410.052      414.053      415.054
    55:      417.055      419.056      421.057      426.058      434.059
    60:      440.060      442.061      450.062      452.063      455.064
    65:      462.065      465.066      467.067      473.068      478.069
    70:      479.070      480.071      484.072      491.073      512.074
    75:      516.075      522.076      531.077      534.078      541.079
    80:      541.079      591.000      591.000     1095.001     1097.002
    85:     1101.003     1110.004     1112.005     1113.006     1123.007
    90:     1128.008     1132.009     1134.010     1136.011     1139.012
    95:     1152.013     1155.014     1160.015     1161.016     1163.017
   100:     1166.018     1182.019     1184.020     1190.021     1193.022
   105:     1195.023     1197.024     1199.025     1202.026     1204.027
   110:     1206.028     1208.029     1211.030     1211.030     1261.000
   115:     1261.000     1662.002     1663.004     1667.006     1671.008
   120:     1675.010     1678.012     1681.014     1686.016     1688.018
   125:     1730.020     1735.022     1735.024     1737.026     1744.028
   130:     1748.030     1749.032     1754.034     1758.036     1769.038
   135:     1772.040     1774.042     1776.044     1781.046     1783.048
   140:     1785.050     1787.052     1790.054     1801.056     1801.058
   145:     1809.060     1811.062     1813.064     1818.066     1823.068
   150:     1831.070     1849.072     1853.074     1872.076     1873.078
   155:     1875.080     1877.082     1886.084     1887.086     1898.088
   160:     1899.090     1904.092     1913.094     1919.096     1921.098
   165:     1924.100     1926.102     1932.104     1945.106     1947.108
   170:     1952.110     1962.112     1973.114     1974.116     1977.118
   175:     1983.120     1985.122     1987.124     1990.126     1996.128
   180:     2003.130     2004.132     2009.134     2016.136     2018.138
   185:     2021.140     2023.142     2032.144     2038.146     2044.148
   190:     2044.150     2046.152     2050.154     2051.156     2064.158
   195:     2067.160     2071.162     2076.164     2085.166     2086.168
   200:     2100.170     2102.172     2106.174     2124.176     2129.178
   205:     2141.180     2143.182     2145.184     2147.186     2152.188
   210:     2154.190     2161.192     2163.194     2378.196     2381.198
   215:     2386.200     2443.202     2446.204     2448.206     2451.208
   220:     2723.210     2725.212     2725.214     2731.216     2796.218
   225:     2798.220     3007.222     3022.224     3030.226     3035.228
   230:     3036.230     3051.232     3053.234     3055.236     3060.238
   235:     3062.239     6456.001     6456.001     6506.000     6506.000
   240:     6810.001     6810.002     6813.003     6822.004     6826.005
   245:     6830.006     6832.007     6833.008     6839.009     6842.010
   250:     6844.011     6847.012     6849.013     6855.014     6862.015
   255:     6863.016     6864.017     6868.018     6873.019     6875.020
   260:     6877.021     6879.022     6882.023     6889.024     6894.025
   265:     6896.026     6900.027     6903.028     6904.029     6907.030
   270:     6909.031     6917.032     6931.033     6933.034     6937.035
   275:     6940.036     6941.037     6946.038     6948.039     6955.040
   280:     6957.041     6959.042     6974.043     6979.044     6981.045
   285:     6982.046     6987.047     6990.048     6993.049     6994.050
   290:     7006.051     7008.052     7010.053     7017.054     7018.055
   295:     7023.056     7027.057     7138.058     7138.058     7188.000
   300:     7188.000     7657.001     7660.002     7662.003     7667.004
   305:     7670.005     7673.006     7674.007     7678.008     7682.009
   310:     7687.010     7689.011     7691.012     7696.013     7700.014
   315:     7701.015     7703.016     7710.017     7713.018     7715.019
   320:     7717.020     7719.021     7721.022     7723.023     7725.024
   325:     7735.025     7738.026     7739.027     7745.028     7751.029
   330:     7758.030     7764.031     7773.032     7774.033     7781.034
   335:     7782.035     7793.036     7797.037     7800.038     7802.039
   340:     7804.040     7807.041     7807.041     7857.000     7857.000
   345:     8309.001     8311.002     8316.003     8316.004     8317.005
   350:     8318.006     8325.007     8325.008     8330.009     8334.010
   355:     8335.011     8340.012     8342.013     8344.014     8347.015
   360:     8348.016     8351.017     8364.018     8365.019     8367.020
   365:     8368.021     8374.022     8376.023     8384.024     8386.025
   370:     8396.026     8397.027     8400.028     8402.029     8406.030
   375:     8411.031     8411.032     8418.033     8425.034     8426.035
   380:     8433.036     8435.037     8437.038     8440.039     8447.040
   385:     8449.041     8451.042     8452.043     8465.044     8467.045
   390:     8470.046     8472.047     8474.048     8476.049     8476.049
   395:     8526.000     8526.000     9049.001     9050.002     9060.003
   400:     9065.004     9069.005     9079.006     9081.007     9083.008
   405:     9085.009     9086.010     9097.011     9098.012     9101.013
   410:     9113.014     9114.015     9117.016     9120.017     9129.018
   415:     9134.019     9136.020     9138.021     9140.022     9145.023
   420:     9145.023     9195.000     9195.000     9619.001     9620.002
   425:     9623.003     9628.004     9636.005     9637.006     9638.007
   430:     9647.008     9649.009     9652.010     9658.011     9666.012
   435:     9670.013     9675.014     9677.015     9683.016     9685.017
   440:     9687.018     9688.019     9701.020     9704.021     9709.022
   445:     9711.023     9714.024     9715.025     9721.026     9738.027
   450:     9740.028     9742.029     9744.030     9751.031     9771.032
   455:     9773.033     9775.034     9777.035     9782.036     9799.037
   460:     9799.038     9803.039     9803.040     9805.041     9809.042
   465:     9818.043     9818.043     9820.044     9868.000     9868.000
   470:    10216.001    10267.002    10270.003    10273.004    10276.005
   475:    10283.006    10284.007    10295.008    10298.009    10302.010
   480:    10304.011    10306.012    10311.013    10313.014    10318.015
   485:    10324.016    10327.017    10330.018    10332.019    10351.020
   490:    10356.021    10358.022    10369.023    10372.024    10374.025
   495:    10376.026    10381.027    10385.028    10399.029    10415.030
   500:    10418.031    10422.032    10425.033    10428.034    10435.035
   505:    10438.036    10439.037    10441.038    10443.039    10445.040
   510:    10447.041    10450.042    10452.043    10461.044    10470.045
   515:    10477.046    10488.047    10488.047    10538.000    10538.000
   520:    10961.001    10963.002    11132.003    11134.004    11173.005
   525:    11173.005    11223.000    11223.000    11642.001    11648.002
   530:    11651.003    11653.004    11654.005    11658.006    11660.007
   535:    11663.008    11665.009    11669.010    11672.011    11677.012
   540:    11681.013    11715.014    11718.015    11721.016    11726.017
   545:    11732.018    11737.019    11744.020    11746.021    11750.022
   550:    11753.023    11757.024    11762.025    11773.026    11775.027
   555:    11776.028    11782.029    11784.030    11788.031    11793.032
   560:    11795.033    11797.034    11798.035    11807.036    11811.037
   565:    11812.038    11815.039    11823.040    11825.041    11827.042
   570:    11828.043    11832.044    11836.045    11838.046    11843.047
   575:    11843.047    11893.000    11893.000    12158.002    12161.004
   580:    12165.006    12172.008    12173.010    12182.012    12185.014
   585:    12190.016    12193.018    12196.020    12203.022    12204.024
   590:    12209.026    12211.028    12216.030    12218.032    12227.034
   595:    12234.036    12236.038    12236.040    12241.042    12244.044
   600:    12245.046    12248.048    12250.050    12252.052    12253.054
   605:    12255.056    12257.058    12270.060    12275.062    12279.064
   610:    12283.066    12284.068    12291.070    12292.072    12303.074
   615:    12304.076    12314.078    12317.080    12318.082    12320.084
   620:    12325.086    12327.088    12354.090    12355.092    12356.094
   625:    12359.096    12361.098    12378.100    12380.102    12384.104
   630:    12387.106    12389.108    12398.110    12398.112    12401.114
   635:    12405.116    12411.118    12413.120    12415.122    12422.124
   640:    12429.126    12432.128    12434.130    12436.132    12437.134
   645:    12439.136    12441.138    12444.140    12448.142    12470.144
   650:    12474.146    12474.148    12475.150    12550.152    12552.154
   655:    12621.156    13202.158    13370.160    13403.162    13404.164
   660:    13406.166    13412.168    13414.170    13426.172    13430.174
   665:    13431.176    13433.178    13436.180    13449.182    13453.184
   670:    13639.186    13646.188    16499.001    16502.002    16510.003
   675:    16515.004    16519.005    16522.006    16524.007    16531.008
   680:    16535.009    16538.010    16543.011    16544.012    16547.013
   685:    16562.014    16564.015    16565.016    16579.017    16580.018
   690:    16581.019    16584.020    16589.021    16590.022    16599.023
   695:    16601.024    16618.025    16623.026    16625.027    16628.028
   700:    16630.029    16633.030    16637.031    16638.032    16650.033
   705:    16652.034    16653.035    16662.036    16674.037    16679.038
   710:    16681.039    16683.040    16690.041    16712.042    16715.043
   715:    16715.043    16765.000    16765.000    17126.001    17149.002
   720:    17150.003    17154.004    17198.005    17200.006    17245.007
   725:    17248.008    17260.009    17263.010    17269.011    17270.012
   730:    17274.013    17278.014    17281.015    17283.016    17293.017
   735:    17296.018    17298.019    17300.020    17302.021    17303.022
   740:    17305.023    17307.024    17313.025    17315.026    17326.027
   745:    17330.028    17332.029    17339.030    17341.031    17346.032
   750:    17356.033    17361.034    17363.035    17367.036    17370.037
   755:    17377.038    17381.039    17381.039    17382.040    17431.000
   760:    17431.000    17623.001    17740.002    17744.003    17759.004
   765:    17809.005    17812.006    17813.007    17816.008    17823.009
   770:    17828.010    17831.011    17855.012    17856.013    17858.014
   775:    17861.015    17863.016    17870.017    17872.018    17875.019
   780:    17877.020    17880.021    17880.022    17883.023    17885.024
   785:    17886.025    17890.026    17893.027    17894.028    17895.029
   790:    17903.030    17905.031    17908.032    17910.033    17912.034
   795:    17916.035    17929.036    17930.037    17942.038    17944.039
   800:    17946.040    17954.041    17957.042    17959.043    17961.044
   805:    17962.045    17965.046    17970.047    17974.048    17976.049
   810:    17982.050    17985.051    17989.052    17990.053    17992.054
   815:    18029.055    18030.056    18031.057    18036.058    18039.059
   820:    18040.060    18047.061    18047.061    18097.000    18097.000
   825:    18563.001    18569.002    18572.003    18573.004    18578.005
   830:    18581.006    18593.007    18606.008    18652.009    18653.010
   835:    18656.011    18662.012    18666.013    18669.014    18671.015
   840:    18673.016    18683.017    18684.018    18695.019    18698.020
   845:    18700.021    18704.022    18706.023    18708.024    18716.025
   850:    18716.025    18718.026    18766.000    18766.000    19163.001
   855:    19163.002    19165.003    19166.004    19171.005    19172.006
   860:    19182.007    19184.008    19189.009    19194.010    19195.011
   865:    19196.012    19197.013    19204.014    19206.015    19209.016
   870:    19223.017    19227.018    19235.019    19236.020    19237.021
   875:    19238.022    19242.023    19247.024    19249.025    19257.026
   880:    19269.027    19274.028    19276.029    19279.030    19290.031
   885:    19293.032    19295.033    19296.034    19300.035    19309.036
   890:    19314.037    19316.038    19320.039    19322.040    19331.041
   895:    19333.042    19339.043    19341.044    19343.045    19351.046
   900:    19353.047    19356.048    19357.049    19363.050    19367.051
   905:    19377.052    19380.053    19380.053    19430.000    19430.000
   910:    19775.001    19779.002    19970.003    19975.004    19978.005
   915:    19987.006    19989.007    19992.008    19992.009    19994.010
   920:    20002.011    20005.012    20008.013    20010.014    20014.015
   925:    20023.016    20029.017    20030.018    20036.019    20037.020
   930:    20039.021    20049.022    20049.022    20050.023    20099.000
   935:    20099.000    20429.001    20431.002    20469.003    20471.004
   940:    20477.005    20487.006    20489.007    20491.008    20506.009
   945:    20508.010    20510.011    20512.012    20518.013    20522.014
   950:    20522.015    20526.016    20528.017    20530.018    20532.019
   955:    20535.020    20537.021    20548.022    20550.023    20552.024
   960:    20553.025    20558.026    20568.027    20571.028    20575.029
   965:    20581.030    20594.031    20598.032    20600.033    20601.034
   970:    20605.035    20608.036    20616.037    20621.038    20637.039
   975:    20641.040    20645.041    20647.042    20658.043    20661.044
   980:    20664.045    20666.046    20668.047    20669.048    20675.049
   985:    20689.050    20697.051    20702.052    20704.053    20711.054
   990:    20716.055    20716.055    20766.000    20766.000    21017.002
   995:    21094.004    21194.006    21194.008    21216.010    21219.012
  1000:    21222.014    21225.016    21225.018    21226.020    21229.022
  1005:    21236.024    21239.026    21243.028    21245.030    21247.032
  1010:    21250.034    21250.036    21252.038    21254.040    21258.042
  1015:    21260.044    21265.046    21267.048    21269.050    21271.052
  1020:    21277.054    21281.056    21284.058    21285.060    21289.062
  1025:    21297.064    21299.066    21311.068    21313.070    21316.072
  1030:    21323.074    21327.076    21333.078    21341.080    21351.082
  1035:    21355.084    21357.086    21367.088    21372.090    21378.092
  1040:    21381.094    21384.096    21395.098    21397.100    21409.102
  1045:    21416.104    21426.106    21438.108    21440.110    21446.112
  1050:    21448.114    21460.116    21462.118    21464.120    21465.122
  1055:    21466.124    21475.126    21479.128    21482.130    21488.132
  1060:    21500.134    21503.136    21507.138    21523.140    21529.142
  1065:    21531.144    21534.146    21545.148    21548.150    21560.152
  1070:    21563.154    21602.156    21605.158    21608.160    21615.162
  1075:    21616.164    21628.166    21632.168    21639.170    21640.172
  1080:    21693.174    21699.176    21741.178    22080.180    22083.182
  1085:    22357.184    22489.186    24600.001    24602.002    24602.003
  1090:    24608.004    24612.005    24614.006    24614.007    24618.008
  1095:    24622.009    24627.010    24630.011    24630.012    24632.013
  1100:    24633.014    24636.015    24641.016    24644.017    24648.018
  1105:    24650.019    24659.020    24662.021    24663.022    24669.023
  1110:    24671.024    24673.025    24675.026    24677.027    24679.028
  1115:    24691.029    24696.030    24697.031    24706.032    24710.033
  1120:    24712.034    24715.035    24718.036    24724.037    24734.038
  1125:    24737.039    24739.040    24740.041    24742.042    24744.043
  1130:    24753.044    24755.045    24756.046    24761.047    24765.048
  1135:    24770.049    24771.050    24776.051    24782.052    24782.052
  1140:    24832.000    24832.000    25264.001    25264.002    25267.003
  1145:    25269.004    25271.005    25278.006    25320.007    25322.008
  1150:    25325.009    25327.010    25330.011    25337.012    25343.013
  1155:    25346.014    25348.015    25351.016    25356.017    25359.018
  1160:    25365.019    25367.020    25369.021    25369.022    25372.023
  1165:    25374.024    25380.025    25382.026    25387.027    25390.028
  1170:    25395.029    25396.030    25401.031    25404.032    25421.033
  1175:    25424.034    25425.035    25430.036    25433.037    25440.038
  1180:    25447.039    25447.039    25450.040    25497.000    25497.000
  1185:    26027.001    26028.002    26031.003    26037.004    26040.005
  1190:    26044.006    26052.007    26054.008    26064.009    26066.010
  1195:    26069.011    26070.012    26075.013    26077.014    26085.015
  1200:    26088.016    26090.017    26097.018    26099.019    26101.020
  1205:    26103.021    26117.022    26117.022    26167.000
