File: C:\MED-PC\Data\2018-05-23_10h46m_Subject M330.txt


Start Date: 05/23/18
End Date: 05/23/18
Subject: M330
Experiment: DOBLE_PICO_ACO
Group: EXP
Box: 10
Start Time: 10:46:31
End Time: 11:59:52
MSN: IF_ACO_MULTIPLE_PICO
A:     380.000
B:      18.000
D:      18.000
I:       2.000
J:   18000.000
K:    5400.000
M:     157.000
N:      18.000
O:      19.000
P:     951.000
Q:       0.000
T:    1000.000
V:     600.000
W:      18.000
Z:       0.000
C:
     0:        0.510       31.120       33.120       34.120       50.120
     5:      120.110      130.120      181.110      209.110      221.110
    10:      234.110      238.120      272.110      275.110      280.110
    15:      290.110      296.110      327.110      334.110      362.110
    20:      372.110      400.120      421.110      426.110      436.110
    25:      443.110      459.110      465.110      468.120      508.110
    30:      516.110      519.110      539.110      542.110      542.210
    35:      547.120      592.310      692.500      730.120      738.120
    40:      749.120      754.120      795.120      802.120      809.120
    45:      811.120      826.120      865.120      881.120      892.120
    50:      901.120     1029.120     1053.120     1081.120     1091.120
    55:     1126.120     1133.120     1189.120     1201.120     1202.120
    60:     1239.100     1244.100     1247.100     1254.100     1265.120
    65:     1294.100     1299.200     1303.120     1349.300     1449.500
    70:     1558.120     1561.120     1566.120     1798.120     1815.100
    75:     1820.100     1946.100     1952.120     1987.100     1992.100
    80:     2001.100     2006.120     2044.100     2047.100     2050.100
    85:     2052.200     2056.120     2102.300     2202.540     2217.120
    90:     2218.120     2255.120     2256.120     2257.120     2275.120
    95:     2284.120     2611.110     2614.120     2642.120     2645.120
   100:     2647.120     2660.110     2662.110     2668.120     2725.110
   105:     2729.110     2739.110     2745.110     2748.110     2763.120
   110:     2803.110     2820.110     2823.110     2833.110     2839.110
   115:     2844.120     2864.110     2869.110     2874.110     2876.110
   120:     2890.110     2893.110     2924.120     2969.110     2974.110
   125:     2979.110     2985.110     2997.110     3000.110     3000.110
   130:     3006.110     3010.110     3013.110     3016.110     3024.110
   135:     3029.110     3049.110     3053.110     3059.110     3062.110
   140:     3066.110     3071.110     3075.110     3103.110     3107.110
   145:     3114.110     3116.110     3117.110     3123.110     3141.110
   150:     3144.110     3146.110     3156.110     3171.110     3178.110
   155:     3181.110     3188.110     3193.110     3194.110     3216.110
   160:     3224.120     3253.120     3259.110     3261.110     3270.110
   165:     3271.110     3276.110     3286.110     3317.110     3332.110
   170:     3334.110     3340.110     3344.110     3346.110     3353.120
   175:     3415.110     3420.110     3434.110     3449.110     3455.110
   180:     3462.110     3469.110     3518.120     3530.110     3542.110
   185:     3666.110     3679.120     3680.120     3700.120     3704.120
   190:     3706.120     3710.120     3712.120     3728.120     3731.120
   195:     3740.120     3749.120     3758.120     3769.120     3771.120
   200:     3773.120     3807.120     3821.120     3824.120     3828.120
   205:     3830.120     3833.120     3835.120     3836.120     3838.120
   210:     3847.120     3848.120     3849.120     3849.120     3850.120
   215:     3859.120     3861.120     3862.120     3868.120     3919.120
   220:     3925.120     3928.120     3930.120     3937.120     3940.120
   225:     3942.120     3943.120     3945.120     3947.120     3949.120
   230:     3950.120     3951.120     3958.120     3962.120     3982.110
   235:     3983.110     3996.110     4001.110     4002.340     4003.110
   240:     4036.120     4043.120     4056.120     4102.510     4329.110
   245:     4336.120     4339.120     4341.120     4495.110     4503.110
   250:     4511.120     4545.110     4555.110     4580.110     4585.110
   255:     4588.110     4601.110     4606.110     4614.110     4636.110
   260:     4644.120     4655.120     4662.110     4666.110     4670.110
   265:     4719.120     4730.110     4730.210     4734.120     4780.310
   270:     4880.500     5122.120     5145.120     5156.120     5159.120
   275:     5162.120     5163.120     5165.120     5165.120     5168.120
   280:     5171.120     5173.120     5174.120     5176.120     5179.120
   285:     5181.120     5182.120     5182.120     5188.120     5190.120
   290:     5192.120     5196.120     5197.120     5199.120     5202.120
   295:     5204.120     5206.120     5213.120     5224.120     5230.120
   300:     5235.120     5237.120     5239.120     5241.120     5248.120
   305:     5251.120     5251.120     5300.120     5305.120     5341.120
   310:     5357.120     5367.120     5369.120     5427.120     5432.120
   315:     5435.120     5477.120     5506.120     5610.100     5612.120
   320:     5638.100     5641.120     5669.100     5670.200     5673.120
   325:     5720.300     5820.510     5827.120     5845.120     5849.120
   330:     5852.120     5854.120     5860.120     5864.120     5866.120
   335:     5868.120     5870.120     5874.120     5876.120     5877.120
   340:     5879.120     5880.120     5996.120     5997.120     6015.120
   345:     6018.120     6023.120     6048.120     6058.120     6064.120
   350:     6075.120     6077.120     6093.120     6095.120     6099.120
   355:     6106.120     6116.120     6128.120     6136.120     6138.120
   360:     6139.120     6145.120     6150.120     6153.120     6155.120
   365:     6158.120     6195.120     6203.120     6235.120     6245.120
   370:     6248.120     6255.120     6257.120     6294.120     6301.120
   375:     6305.120     6307.120     6339.120     6343.120     6349.120
   380:     6359.120     6361.120     6393.110     6398.110     6401.110
   385:     6407.110     6417.120     6443.120     6449.110     6449.210
   390:     6454.120     6499.310     6599.510     6620.120     6658.120
   395:     6664.120     6666.120     6676.120     6770.120     6775.120
   400:     6778.120     6784.120     6788.120     6797.120     6866.120
   405:     6876.120     6878.120     6883.120     6928.120     6935.120
   410:     6958.120     6968.120     6997.120     7007.120     7042.120
   415:     7050.120     7081.120     7089.120     7091.120     7124.120
   420:     7132.120     7172.110     7179.120     7227.110     7235.110
   425:     7243.110     7248.110     7253.110     7269.110     7273.110
   430:     7278.110     7279.110     7292.120     7299.110     7302.110
   435:     7307.110     7313.110     7316.110     7317.110     7322.110
   440:     7327.110     7332.110     7336.110     7341.110     7347.110
   445:     7356.110     7364.110     7371.110     7372.110     7373.110
   450:     7386.110     7387.110     7392.110     7393.110     7399.110
   455:     7410.110     7410.210     7415.120     7460.310     7560.500
   460:     7587.120     7616.120     7621.120     7622.120     7623.120
   465:     7623.120     7625.120     8331.100     8337.120     8378.100
   470:     8384.100     8387.100     8391.200     8396.120     8441.300
   475:     8541.510     8671.120     8704.120     9041.120     9041.120
   480:     9043.120     9092.110     9095.110     9100.110     9105.110
   485:     9110.110     9115.120     9149.110     9158.110     9162.110
   490:     9173.110     9175.110     9180.110     9182.110     9185.110
   495:     9187.110     9192.110     9194.110     9197.110     9199.110
   500:     9215.110     9217.110     9220.110     9227.110     9234.110
   505:     9241.110     9246.110     9253.110     9260.110     9269.110
   510:     9274.110     9280.110     9282.110     9286.110     9287.110
   515:     9289.110     9290.110     9297.110     9302.110     9304.110
   520:     9324.110     9329.110     9331.110     9337.110     9339.110
   525:     9345.110     9345.210     9351.120     9395.310     9495.510
   530:     9529.120     9531.120     9879.120     9906.120     9911.120
   535:     9950.120    10022.120    10024.120    10026.120    10059.110
   540:    10066.110    10073.120    10109.110    10115.110    10118.110
   545:    10119.110    10124.110    10127.110    10132.110    10134.110
   550:    10138.110    10147.110    10150.110    10170.110    10173.110
   555:    10178.110    10182.110    10184.110    10186.110    10194.110
   560:    10197.110    10200.110    10207.110    10210.110    10216.110
   565:    10224.110    10226.110    10228.110    10248.110    10256.110
   570:    10258.110    10262.110    10267.110    10274.110    10277.110
   575:    10278.110    10280.110    10290.110    10314.110    10314.210
   580:    10317.120    10364.310    10464.500    10668.120    10806.120
   585:    10821.120    10823.120    10895.120    10901.120    10903.120
   590:    10952.120    10975.120    10980.120    11000.120    11005.120
   595:    11007.120    11050.120    11094.100    11098.120    11132.100
   600:    11139.100    11146.100    11151.100    11154.200    11161.120
   605:    11204.300    11304.500    11395.120    11587.120    11588.120
   610:    11600.120    11606.120    11681.120    11734.120    11745.120
   615:    11775.120    11781.120    11823.100    11827.120    11866.100
   620:    11871.100    11883.100    11885.100    11895.100    11898.120
   625:    11926.200    11931.120    11976.300    12076.510    12082.120
   630:    12083.120    12239.120    12243.120    12259.120    12259.120
   635:    12261.120    12264.120    12269.120    12271.120    12272.120
   640:    12276.120    12278.120    12280.120    12281.120    12313.120
   645:    12320.120    12322.120    12360.120    12366.120    12404.120
   650:    12413.120    12473.120    12522.120    12555.110    12577.120
   655:    12595.120    12668.110    12674.110    12676.110    12680.110
   660:    12686.110    12689.110    12690.110    12696.110    12702.110
   665:    12725.110    12729.110    12732.110    12740.110    12743.110
   670:    12749.120    12777.110    12778.110    12783.110    12784.110
   675:    12789.110    12804.110    12808.110    12813.110    12818.110
   680:    12821.110    12827.110    12834.110    12835.110    12836.110
   685:    12837.110    12847.110    12854.110    12869.110    12877.110
   690:    12877.210    12879.110    12882.120    12927.310    13027.510
   695:    13148.120    13168.120    13186.120    13193.120    13201.120
   700:    13207.120    13208.120    13217.120    13223.120    13229.120
   705:    13231.120    13232.120    13236.120    13241.120    13248.120
   710:    13250.120    13252.120    13301.120    13308.120    13355.120
   715:    13410.120    13415.120    13417.120    13419.120    13420.120
   720:    13450.120    13459.120    13461.120    13463.120    13467.120
   725:    13469.120    13471.120    13532.120    13543.120    13564.120
   730:    13569.120    13631.120    13661.110    13671.120    13703.110
   735:    13708.110    13712.110    13714.110    13717.110    13724.110
   740:    13729.110    13734.110    13736.110    13746.120    13759.110
   745:    13765.110    13769.110    13770.110    13772.110    13780.110
   750:    13787.110    13803.120    13828.110    13828.210    13832.120
   755:    13878.310    13978.500    14053.120    14080.120    14096.120
   760:    14110.120    14137.120    14154.120    14169.120    14236.120
   765:    14245.120    14250.120    14267.120    14272.120    14274.120
   770:    14276.120    14296.120    14314.120    14316.120    14317.120
   775:    14321.120    14325.120    14331.120    14333.120    14335.120
   780:    14337.120    14341.120    14342.120    14347.120    14349.120
   785:    14352.120    14371.120    14375.120    14377.120    14378.120
   790:    14407.120    14415.120    14416.120    14455.120    14464.120
   795:    14466.120    14489.120    14491.120    14495.120    14498.120
   800:    14499.120    14501.120    14550.120    14558.120    14606.100
   805:    14611.100    14619.100    14622.100    14627.100    14631.100
   810:    14637.100    14642.100    14645.120    14666.200    14670.120
   815:    14716.300    14816.500    14894.120    15236.120    15273.120
   820:    15546.120    15550.120    15601.100    15609.100    15612.100
   825:    15615.100    15621.100    15626.100    15640.120    15661.200
   830:    15663.120    15711.300    15811.510    15886.120    15913.120
   835:    15914.120    16148.120    16164.120    16169.120    16218.120
   840:    16224.120    16228.120    16235.120    16240.120    16250.120
   845:    16265.120    16273.120    16274.120    16275.120    16276.120
   850:    16280.120    16284.120    16289.120    16295.120    16295.120
   855:    16297.120    16298.120    16299.120    16301.120    16308.120
   860:    16310.120    16314.120    16321.120    16384.110    16391.110
   865:    16396.110    16401.110    16408.110    16413.110    16423.110
   870:    16425.110    16433.120    16447.120    16453.110    16465.110
   875:    16468.110    16479.110    16481.110    16492.110    16496.110
   880:    16504.110    16530.110    16540.110    16541.110    16542.110
   885:    16555.110    16569.110    16571.110    16575.110    16577.110
   890:    16578.110    16580.110    16588.110    16602.110    16605.110
   895:    16610.110    16616.110    16616.210    16621.120    16666.310
   900:    16766.510    16799.120    16830.120    17070.120    17076.120
   905:    17081.120    17084.120    17099.120    17105.120    17107.120
   910:    17151.120    17157.120    17158.120    17221.120    17237.120
   915:    17238.120    17290.120    17296.120    17394.120    17403.120
   920:    17443.120    17470.110    17473.110    17478.120    17483.120
   925:    17517.110    17523.110    17527.110    17530.110    17535.110
   930:    17539.110    17542.110    17548.110    17552.110    17574.110
   935:    17574.210    17580.120    17624.310    17701.120    17724.530
   940:    17777.120    17778.120    17780.120    17782.120    18322.120
   945:    18355.100    18359.100    18363.100    18366.100    18371.100
   950:    18374.100    18379.100    18382.120    18426.100    18437.100
   955:    18440.100    18449.100    18455.100    18458.100    18462.100
   960:    18474.100    18481.120    18506.120    18536.100    18542.100
   965:    18544.100    18548.100    18551.100    18561.100    18564.100
   970:    18573.100    18575.100    18586.100    18595.120    18649.100
   975:    18652.100    18669.100    18682.100    18685.100    18687.100
   980:    18690.100    18694.100    18700.100    18706.100    18708.100
   985:    18714.100    18720.120    19070.120    19080.120    19081.120
   990:    19082.120    19093.120    19099.120    19110.120    19136.120
   995:    19181.120    19185.120    19191.120    19192.120    19244.120
  1000:    19250.120    19292.120    19300.120    19302.120    19304.120
  1005:    19331.120    19346.120    19387.120    19395.120    19456.100
  1010:    19464.120    19493.100    19500.100    19504.100    19507.100
  1015:    19512.100    19517.100    19524.330    19586.120    19597.120
  1020:    19603.120    19604.120    19624.500    19643.120    19651.120
  1025:    19653.120    19694.120    19696.120    19698.120    19700.120
  1030:    19742.120    19746.120    19748.120    19753.120    19760.120
  1035:    19761.120    19798.120    19800.120    19802.120    19805.120
  1040:    19808.120    19958.120    19968.120    19979.120    19983.120
  1045:    19984.120    20018.120    20033.120    20034.120    20036.120
  1050:    20096.120    20157.120    20198.100    20202.100    20205.100
  1055:    20209.100    20214.100    20217.100    20230.100    20258.200
  1060:    20261.120    20308.300    20359.120    20408.510    20434.120
  1065:    20495.120    20509.120    20519.120    20520.120    20523.120
  1070:    20529.120    20533.120    20536.120    20542.120    20560.120
  1075:    20562.120    20566.120    20587.120    20597.120    20603.120
  1080:    20606.120    20617.120    20626.120    20628.120    20630.120
  1085:    20639.120    20642.120    20662.120    20676.120    20703.120
  1090:    20705.120    20716.120    20727.120    20731.120    20736.120
  1095:    20742.120    20746.120    20752.120    20758.120    20760.120
  1100:    20765.120    20770.120    20775.120    20776.120    20781.120
  1105:    20783.120    20785.120    20789.120    20791.120    20795.120
  1110:    20798.120    20800.120    20802.120    20805.120    20806.120
  1115:    20813.120    20815.120    20816.120    20818.120    20824.120
  1120:    20826.120    20829.120    20831.120    20832.120    20833.120
  1125:    20834.120    20867.120    20876.120    20880.120    20882.120
  1130:    20910.120    20913.120    20917.120    20944.110    20959.110
  1135:    20970.110    20979.120    21012.110    21017.110    21020.110
  1140:    21022.110    21028.110    21034.110    21036.110    21044.120
  1145:    21055.120    21075.120    21081.110    21091.110    21093.110
  1150:    21097.110    21103.110    21106.110    21108.110    21117.110
  1155:    21124.110    21131.110    21134.110    21147.110    21152.110
  1160:    21159.110    21160.110    21161.110    21162.110    21163.110
  1165:    21176.110    21188.110    21192.110    21197.110    21199.110
  1170:    21208.110    21214.110    21214.210    21215.110    21219.120
  1175:    21264.310    21364.500    21391.120    21411.120    21945.100
  1180:    21947.120    21972.100    21979.100    21983.100    21985.100
  1185:    21986.100    21990.100    21998.120    22005.200    22055.300
  1190:    22155.500    22184.120    22186.120    22202.120    22273.120
  1195:    22284.120    22291.120    22299.120    22313.120    22319.120
  1200:    22330.120    22332.120    22333.120    22335.120    22376.120
  1205:    22383.120    22385.120    22391.120    22395.120    22408.120
  1210:    22411.120    22413.120    22528.120    22539.120    22541.120
  1215:    22546.120    22550.120    22554.120    22607.120    22611.120
  1220:    22615.120    22776.120    22819.120    22848.100    22855.100
  1225:    22866.100    22876.100    22879.120    22900.120    22908.200
  1230:    22914.120    22958.300    23058.510    23115.120    23144.120
  1235:    23151.120    23241.120    23249.120    23251.120    23276.120
  1240:    23282.120    23283.120    23285.120    23286.120    23304.120
  1245:    23307.120    23309.120    23311.120    23410.120    23420.120
  1250:    23422.120    23579.120    23591.120    23595.120    23644.120
  1255:    23647.120    23649.120    23651.120    23698.120    23704.120
  1260:    23706.120    23748.120    23753.120    23757.120    23761.120
  1265:    23763.120    23766.120    23769.120    23770.120    23800.120
  1270:    23831.110    23841.110    23849.110    23857.110    23864.110
  1275:    23864.210    23868.120    23914.310    24014.500    24175.120
  1280:    24289.120    24302.120    24372.120    24380.120    24403.120
  1285:    24450.120    24467.120    24471.120    24480.120    24485.120
  1290:    24489.120    24491.120    24551.120    24558.120    24560.120
  1295:    24587.120    24592.120    24643.120    24645.120    24649.120
  1300:    24654.120    24656.120    24657.120    24668.120    24690.120
  1305:    24690.120    24705.120    24762.120    24799.100    24811.100
  1310:    24815.100    24819.100    24822.100    24829.100    24831.120
  1315:    24851.100    24859.200    24863.120    24909.300    25009.510
  1320:    25023.120    25217.120    25217.120    25229.120    25230.120
  1325:    25233.120    25237.120    25239.120    25249.120    25254.120
  1330:    25256.120    25258.120    25259.120    25262.120    25265.120
  1335:    25267.120    25270.120    25276.120    25280.120    25282.120
  1340:    25283.120    25351.120    25354.120    25360.120    25363.120
  1345:    25409.120    25410.120    25412.120    25416.120    25418.120
  1350:    25465.120    25493.120    25498.120    25499.120    25541.120
  1355:    25545.120    25549.120    25551.120    25595.120    25598.120
  1360:    25614.120    25614.120    25615.120    25619.120    25621.120
  1365:    25685.120    25688.120    25690.120    25692.120    25696.120
  1370:    25703.120    25708.120    25709.120    25750.120    25750.120
  1375:    25754.120    25782.110    25789.110    25795.110    25799.110
  1380:    25802.110    25812.110    25812.210    25816.120    25862.310
  1385:    25962.500    26090.120    26121.120    26123.120    26125.120
  1390:    26127.120    26129.120    26140.120    26455.120    26462.120
  1395:    26464.120    26466.120    26472.120    26474.120    26478.120
  1400:    26482.120    26488.120    26494.120    26495.120    26497.120
  1405:    26497.120    26498.120    26532.120    26539.120    26541.120
  1410:    26575.120    26589.120    26593.120    26596.120    26631.100
  1415:    26635.100    26641.120    26668.100    26681.100    26686.100
  1420:    26689.100    26691.200    26691.100    26696.120    26741.300
  1425:    26834.120    26841.510    26915.120    26930.120    26936.120
  1430:    26969.120    26970.120    26974.120    26976.120    26978.120
  1435:    26980.120    26982.120    27185.120    27194.120    27206.120
  1440:    27209.120    27211.120    27216.120    27223.120    27226.120
  1445:    27228.120    27230.120    27233.120    27236.120    27238.120
  1450:    27239.120    27240.120    27242.120    27244.120    27245.120
  1455:    27247.120    27251.120    27254.120    27255.120    27257.120
  1460:    27263.120    27265.120    27268.120    27271.120    27307.120
  1465:    27317.120    27318.120    27321.120    27323.120    27325.120
  1470:    27327.120    27331.120    27332.120    27369.120    27377.120
  1475:    27427.120    27429.120    27432.120    27434.120    27468.120
  1480:    27503.110    27508.110    27513.110    27522.110    27528.110
  1485:    27531.110    27533.110    27538.110    27541.110    27547.110
  1490:    27551.110    27560.120    27572.110    27573.110    27578.110
  1495:    27579.110    27581.110    27586.110    27590.110    27595.110
  1500:    27596.110    27597.110    27599.110    27600.110    27608.110
  1505:    27617.110    27633.120    27643.110    27643.210    27648.120
  1510:    27693.310    27793.540    27821.120    27821.120    27822.120
  1515:    27862.120    27864.120    27868.120    27870.120    27873.120
  1520:    27874.120    27875.120    27875.120    28136.120    28147.120
  1525:    28165.120    28173.120    28250.120    28260.120    28261.120
  1530:    28276.120    28290.120    28293.120    28295.120    28300.120
  1535:    28301.120    28303.120    28305.120    28376.120    28388.120
  1540:    28392.120    28394.120    28396.120    28398.120    28404.120
  1545:    28406.120    28407.120    28409.120    28411.120    28413.120
  1550:    28475.120    28485.120    28489.120    28506.120    28512.120
  1555:    28540.120    28569.120    28573.120    28587.120    28603.110
  1560:    28611.120    28648.110    28652.110    28657.110    28660.110
  1565:    28671.110    28678.120    28718.110    28728.110    28730.110
  1570:    28731.110    28733.110    28740.110    28742.110    28751.110
  1575:    28754.110    28766.110    28769.110    28786.110    28792.110
  1580:    28793.110    28794.110    28797.110    28801.110    28820.110
  1585:    28825.110    28826.110    28827.110    28828.110    28829.110
  1590:    28831.110    28832.110    28835.110    28839.110    28840.110
  1595:    28842.110    28852.110    28858.110    28863.110    28881.110
  1600:    28887.110    28893.110    28896.110    28915.110    28923.110
  1605:    28928.110    28930.110    28933.110    28941.110    28942.110
  1610:    28958.110    28965.110    28985.110    28989.110    28992.110
  1615:    29005.110    29008.110    29041.110    29047.110    29053.110
  1620:    29074.110    29086.110    29098.110    29108.110    29121.110
  1625:    29132.120    29161.110    29169.110    29170.110    29175.110
  1630:    29180.110    29190.110    29196.110    29198.110    29200.110
  1635:    29206.120    29232.120    29241.110    29255.110    29389.110
  1640:    29396.110    29425.120    29440.120    29442.120    29443.120
  1645:    29445.120    29446.120    29452.120    29454.120    29455.120
  1650:    29463.120    29466.120    29468.120    29469.120    29477.120
  1655:    29480.120    29482.120    29484.120    29485.120    29505.120
  1660:    29514.120    29520.120    29524.120    29527.120    29527.120
  1665:    29529.120    29535.120    29541.120    29549.120    29551.120
  1670:    29552.120    29593.340    29600.120    29623.120    29628.120
  1675:    29693.510    29697.120    29727.120    29758.110    29761.110
  1680:    29882.120    29889.120    29895.120    29897.120    29899.120
  1685:    29900.120    29943.120    29951.120    30023.120    30034.110
  1690:    30048.120    30129.110    30134.110    30137.110    30144.120
  1695:    30180.110    30184.110    30188.110    30193.110    30208.110
  1700:    30238.120    30265.110    30271.110    30274.110    30276.110
  1705:    30495.110    30495.210    30499.120    30545.310    30645.500
  1710:    30670.120    30675.120    30677.120    30681.120    30711.120
  1715:    30992.120    30999.120    31005.120    31006.120    31151.120
  1720:    31187.100    31190.120    31218.120    31229.100    31235.100
  1725:    31240.100    31247.200    31253.120    31297.300    31397.500
  1730:    31520.120    31683.100    31688.100    31697.100    31705.100
  1735:    31718.100    31726.120    31790.120    31816.120    31825.120
  1740:    31849.120    31850.120    31859.120    31907.120    31926.120
  1745:    31933.120    31937.120    31943.120    31946.120    31948.120
  1750:    31950.120    31953.120    31954.120    31963.120    31965.120
  1755:    31968.120    31970.120    31977.120    31979.120    31981.120
  1760:    31982.120    31986.120    31988.120    32010.120    32058.100
  1765:    32071.100    32076.100    32080.100    32084.100    32089.100
  1770:    32093.100    32100.120    32118.200    32123.120    32168.300
  1775:    32268.510    32457.120    32458.120    32463.120    32463.120
  1780:    32465.120    32487.120    32488.120    32489.120    32640.120
  1785:    32641.120    32641.120    32643.120    32651.120    32657.120
  1790:    32660.120    32662.120    32664.120    32669.120    32670.120
  1795:    32672.120    32674.120    32678.120    32683.120    32685.120
  1800:    32689.120    32692.120    32694.120    32697.120    32698.120
  1805:    32700.120    32703.120    32708.120    32709.120    32710.120
  1810:    32715.120    32717.120    32719.120    32723.120    32724.120
  1815:    32725.120    32728.120    32729.120    32733.120    32734.120
  1820:    32737.120    32740.120    32741.120    32742.120    32784.120
  1825:    32786.120    32787.120    32790.120    32793.120    32799.120
  1830:    32803.120    32805.120    32814.120    32819.120    32823.120
  1835:    32824.120    32885.120    32889.120    32893.120    32899.120
  1840:    32902.120    32925.110    33005.110    33008.110    33014.110
  1845:    33020.110    33025.110    33037.120    33048.110    33053.110
  1850:    33058.110    33061.110    33064.110    33072.110    33072.210
  1855:    33077.120    33122.310    33222.500    33631.120    33638.120
  1860:    33640.120    34007.100    34014.120    34035.100    34050.100
  1865:    34058.100    34060.100    34067.100    34067.200    34071.120
  1870:    34117.300    34163.120    34190.120    34196.120    34198.120
  1875:    34199.120    34203.120    34203.120    34206.120    34217.530
  1880:    34238.120    34241.120    34260.120    34270.120    34274.120
  1885:    34302.120    34306.120    34312.120    34334.120    34347.120
  1890:    34354.120    34359.120    34365.120    34375.120    34379.120
  1895:    34408.120    34417.120    34422.120    34426.120    34432.120
  1900:    34434.120    34439.120    34442.120    34470.120    34473.120
  1905:    34477.120    34478.120    34481.120    34483.120    34703.120
  1910:    34708.120    34709.120    34713.120    34713.120    34756.100
  1915:    34764.120    34797.100    34806.100    34812.100    34820.100
  1920:    34832.100    34835.120    34860.100    34867.100    34869.100
  1925:    34872.100    34876.100    34878.100    34885.100    34887.100
  1930:    34890.100    34892.100    34893.100    34893.100    34901.100
  1935:    34904.100    34905.100    34906.100    34915.120    34950.120
  1940:    34963.100    34968.100    34969.100    34975.100    34984.100
  1945:    34988.100    34997.100    35000.100    35003.100    35010.100
  1950:    35015.100    35090.120    35111.100    35119.120    35183.100
  1955:    35190.100    35208.120    35241.100    35258.100    35264.100
  1960:    35268.120    35300.100    35304.100    35308.100    35315.100
  1965:    35335.100    35343.100    35346.100    35357.100    35367.100
  1970:    35375.120    35397.100    35402.100    35412.100    35417.100
  1975:    35423.100    35426.100    35445.100    35450.100    35455.120
  1980:    35795.100    35809.100    35813.100    35816.100    35821.100
  1985:    35825.100    35834.120    35875.100    35886.100    35893.100
  1990:    35897.100    35899.100    35907.100    35914.100    35915.100
  1995:    35935.120    35977.100    35979.100    35983.100    35985.100
  2000:    35990.100    35999.100    36004.100    36008.100    36016.100
  2005:    36017.330    36018.100    36099.120    36117.510    36156.120
  2010:    36178.110    36187.110    36191.110    36194.110    36199.110
  2015:    36209.110    36220.110    36224.110    36233.110    36236.110
  2020:    36244.110    36255.120    36267.110    36271.110    36274.110
  2025:    36280.110    36293.110    36296.110    36311.110    36315.110
  2030:    36317.110    36327.110    36332.110    36337.110    36349.110
  2035:    36350.110    36360.110    36365.110    36367.110    36368.110
  2040:    36369.110    36372.110    36376.110    36397.110    36415.110
  2045:    36419.110    36421.110    36427.110    36433.110    36455.110
  2050:    36456.110    36461.110    36463.110    36470.110    36479.110
  2055:    36482.110    36489.110    36495.110    36498.110    36499.110
  2060:    36501.110    36502.110    36509.110    36513.110    36514.110
  2065:    36516.110    36523.110    36545.110    36553.110    36555.110
  2070:    36561.110    36568.110    36574.110    36577.110    36607.110
  2075:    36616.110    36626.110    36630.110    36637.120    36651.120
  2080:    36657.110    36665.110    36667.110    36670.110    36681.110
  2085:    36683.110    36698.120    36699.120    36700.120    36740.110
  2090:    36746.110    36914.110    37038.110    37038.210    37042.120
  2095:    37088.310    37188.500    37252.120    37253.120    37258.120
  2100:    37683.120    37698.100    37704.100    37708.100    37716.120
  2105:    37750.100    37757.100    37765.100    37769.100    37775.100
  2110:    37785.100    37788.120    37809.100    37810.200    37814.120
  2115:    37860.300    37955.120    37960.500    37975.120    37979.120
  2120:    37980.120    37988.120    37992.120    37995.120    38000.120
  2125:    38002.120    38007.120    38197.120    38240.100    38246.120
  2130:    38277.100    38280.100    38292.100    38294.100    38302.100
  2135:    38310.120    38336.100    38342.100    38348.100    38351.100
  2140:    38356.100    38361.100    38375.100    38385.120    38419.100
  2145:    38423.100    38424.100    38429.100    38437.100    38445.100
  2150:    38452.100    38459.100    38461.100    38469.120    38492.120
  2155:    38507.100    38512.120    38567.200    38617.300    38717.510
  2160:    39154.120    39157.120    39162.120    39168.120    39172.120
  2165:    39174.120    39200.120    39203.120    39204.120    39208.120
  2170:    39245.120    39248.120    39255.120    39257.120    39314.110
  2175:    39317.110    39319.110    39331.120    39353.110    39357.110
  2180:    39363.110    39366.110    39370.110    39371.110    39376.110
  2185:    39382.110    39385.110    39386.110    39388.110    39394.110
  2190:    39400.110    39404.110    39406.110    39408.110    39424.110
  2195:    39428.110    39438.110    39445.110    39449.110    39450.110
  2200:    39451.110    39452.110    39456.110    39458.110    39464.110
  2205:    39474.120    39483.110    39487.110    39489.110    39490.110
  2210:    39491.110    39498.110    39512.110    39518.110    39518.210
  2215:    39523.120    39568.310    39625.120    39640.120    39668.540
  2220:    40001.120    40011.120    40079.120    40081.120    40083.120
  2225:    40085.120    40102.120    40106.120    40108.120    40136.120
  2230:    40140.120    40142.120    40201.120    40234.110    40247.110
  2235:    40251.110    40257.110    40293.110    40299.110    40311.120
  2240:    40322.110    40326.110    40330.110    40333.110    40345.110
  2245:    40351.120    40382.110    40387.110    40393.110    40398.110
  2250:    40403.110    40404.110    40408.110    40417.110    40418.110
  2255:    40420.110    40435.110    40447.110    40450.110    40456.120
  2260:    40481.110    40491.110    40500.110    40519.110    40522.110
  2265:    40527.110    40535.110    40538.110    40540.110    40542.110
  2270:    40554.110    40566.110    40572.110    40578.110    40580.110
  2275:    40590.110    40591.110    40599.110    40603.110    40605.110
  2280:    40606.110    40607.110    40624.110    40637.110    40641.110
  2285:    40644.110    40646.110    40661.120    40702.110    40732.110
  2290:    40736.120    40773.120    40781.110    40793.120    40822.110
  2295:    40827.110    40832.110    40858.120    40878.120    40886.110
  2300:    40898.110    40901.110    41083.120    41086.120    41091.120
  2305:    41093.120    41098.120    41102.120    41103.120    41105.120
  2310:    41121.120    41123.120    41126.120    41128.120    41145.120
  2315:    41153.120    41154.120    41175.120    41176.120    41179.120
  2320:    41190.110    41205.110    41245.110    41263.120    41287.120
  2325:    41323.110    41348.110    41354.120    41389.110    41426.120
  2330:    41437.110    41445.120    41468.340    41568.510    41616.110
  2335:    41621.110    41773.120    41808.110    41822.110    41825.110
  2340:    41848.110    41852.110    41869.110    41878.110    41881.110
  2345:    41884.110    41888.110    41893.110    41925.110    41942.110
  2350:    41946.110    41957.110    41959.110    41964.110    41967.110
  2355:    41973.110    41980.110    41999.110
E:
     0:     2358.000      311.000      780.000
F:
     0:       70.000       30.725       33.408
G:
     0:        1.000        1.000        1.000        1.000        1.000
     5:        1.000        1.000        1.000        1.000        0.000
H:
     0:        1.000        1.000        2.000        2.000
L:
     0:     6169.000     6130.000     7999.000     8405.000     7007.000
     5:     6312.000     6981.000     8551.000     6435.000     6509.000
    10:     7630.000     8558.000     7388.000     6114.000     7313.000
    15:     8546.000     6315.000     6169.000
R:
     0:        1.000        1.000        1.000        1.000        1.000
     5:        1.000        1.000        1.000        1.000        0.000
S:
     0:        1.000        1.000
U:
     0:     8405.000        3.000        0.000
X:
     0:        0.000      546.001      551.002      555.003      562.004
     5:      601.005      606.005      656.000      656.000     1021.001
    10:     1026.002     1152.003     1194.004     1198.005     1208.006
    15:     1251.007     1253.008     1256.009     1259.009     1309.000
    20:     1309.000     2038.001     2066.002     2098.003     2098.003
    25:     2148.000     2148.000     2918.001     2965.002     2971.003
    30:     2974.004     2978.004     3028.000     3028.000     3658.001
    35:     3696.002     3703.003     3710.004     3715.005     3718.005
    40:     3768.000     3768.000     4287.001     4329.002     4334.003
    45:     4346.004     4348.005     4358.006     4389.006     4439.000
    50:     4439.000     5067.001     5072.002     5080.003     5083.004
    55:     5088.005     5091.006     5097.007     5102.008     5127.008
    60:     5177.000     5177.000     5962.001     5970.002     5972.003
    65:     5976.004     5982.005     5987.006     6022.006     6072.000
    70:     6072.000     6702.002     6706.004     6710.006     6713.008
    75:     6718.010     6721.012     6727.014     6773.016     6784.018
    80:     6787.020     6796.022     6802.024     6805.026     6809.028
    85:     6822.030     6883.032     6889.034     6891.036     6895.038
    90:     6899.040     6908.042     6911.044     6920.046     6922.048
    95:     6933.050     6996.052     6999.054     7016.056     7029.058
   100:     7032.060     7035.062     7037.064     7041.066     7047.068
   105:     7053.070     7055.072     7061.074     7803.076     7840.078
   110:     7847.080     7851.082     7854.084     7860.086     7865.088
   115:     8545.089     8549.090     8552.091     8556.092     8561.093
   120:     8564.094     8577.095     8605.095     8655.000     8655.000
   125:     9235.001     9262.002     9269.003     9273.004     9275.005
   130:     9277.006     9281.007     9295.007     9345.000     9345.000
   135:    10037.001    10044.002    10055.003    10066.004    10098.004
   140:    10148.000    10148.000    10933.001    10944.002    10949.003
   145:    10952.004    10956.005    10962.006    10985.007    10993.007
   150:    11043.000    11043.000    11711.001    11716.002    11749.003
   155:    11761.004    11766.005    11769.006    11771.006    11772.007
   160:    11821.000    11821.000    12362.001    12404.002    12411.003
   165:    12416.004    12422.004    12472.000    12472.000    12758.001
   170:    12763.002    12772.003    12780.004    12793.005    13133.006
   175:    13145.007    13150.008    13155.009    13159.010    13164.011
   180:    13168.012    13193.012    13243.000    13243.000    14027.001
   185:    14055.002    14070.003    14078.004    14080.005    14087.006
   190:    14087.006    14137.000    14137.000    14675.002    14716.004
   195:    14725.006    14731.008    14739.010    14751.012    14780.014
   200:    14787.016    14789.018    14792.020    14795.022    14797.024
   205:    14805.026    14807.028    14810.030    14812.032    14813.034
   210:    14813.036    14821.038    14823.040    14824.042    14826.044
   215:    14883.046    14887.048    14889.050    14894.052    14903.054
   220:    14908.056    14916.058    14919.060    14923.062    14929.064
   225:    14935.066    15030.068    15102.070    15109.072    15160.074
   230:    15177.076    15183.078    15220.080    15223.082    15228.084
   235:    15235.086    15255.088    15263.090    15266.092    15277.094
   240:    15286.096    15316.098    15321.100    15331.102    15336.104
   245:    15342.106    15345.108    15365.110    15370.112    15715.114
   250:    15729.116    15733.118    15736.120    15740.122    15744.124
   255:    15795.126    15805.128    15813.130    15817.132    15819.134
   260:    15827.136    15833.138    15835.140    15896.142    15898.144
   265:    15903.146    15904.148    15909.150    15918.152    15923.154
   270:    15928.156    15935.158    15938.159    17617.001    17623.002
   275:    17628.003    17669.004    17676.005    17684.006    17688.007
   280:    17695.008    17704.009    17729.010    17729.010    17779.000
   285:    17779.000    18058.001    18096.002    18098.003    18111.004
   290:    18113.005    18120.006    18155.007    18160.008    18166.009
   295:    18169.010    18175.011    18180.012    18194.013    18238.014
   300:    18241.015    18243.016    18247.017    18256.018    18264.019
   305:    18270.020    18278.021    18279.022    18325.023    18385.023
   310:    18435.000
Y:
     0:        0.000      120.001      181.002      208.003      220.004
     5:      234.005      272.006      275.007      280.008      290.009
    10:      295.010      327.011      334.012      362.013      372.014
    15:      421.015      426.016      436.017      443.018      459.019
    20:      465.020      508.021      516.022      519.023      539.024
    25:      542.025      542.025      592.000      592.000     1000.002
    30:     1050.004     1051.006     1114.008     1119.010     1129.012
    35:     1135.014     1138.016     1192.018     1209.020     1213.022
    40:     1223.024     1228.026     1253.028     1258.030     1264.032
    45:     1266.034     1280.036     1282.038     1358.040     1364.042
    50:     1368.044     1374.046     1387.048     1389.050     1390.052
    55:     1395.054     1399.056     1402.058     1405.060     1413.062
    60:     1419.064     1439.066     1443.068     1449.070     1452.072
    65:     1455.074     1461.076     1465.078     1493.080     1497.082
    70:     1504.084     1505.086     1506.088     1512.090     1531.092
    75:     1534.094     1536.096     1546.098     1561.100     1568.102
    80:     1571.104     1577.106     1582.108     1583.110     1606.112
    85:     1649.114     1651.116     1660.118     1661.120     1665.122
    90:     1675.124     1706.126     1722.128     1724.130     1729.132
    95:     1733.134     1736.136     1805.138     1810.140     1823.142
   100:     1838.144     1844.146     1851.148     1859.150     1919.152
   105:     1931.154     2056.156     2371.158     2373.160     2386.162
   110:     2390.164     2392.165     2718.166     2885.167     2892.168
   115:     2935.169     2944.170     2970.171     2974.172     2977.173
   120:     2990.174     2996.175     3004.176     3025.177     3051.178
   125:     3056.179     3059.180     3119.181     3119.181     3169.000
   130:     3169.000     3742.001     3747.002     3750.003     3756.004
   135:     3798.005     3798.005     3848.000     3848.000     4420.001
   140:     4475.002     4483.003     4491.004     4496.005     4502.006
   145:     4517.007     4521.008     4526.009     4527.010     4547.011
   150:     4550.012     4555.013     4561.014     4564.015     4565.016
   155:     4570.017     4575.018     4580.019     4584.020     4589.021
   160:     4595.022     4604.023     4612.024     4619.025     4620.026
   165:     4621.027     4634.028     4635.029     4640.030     4641.031
   170:     4647.032     4658.033     4658.033     4708.000     4708.000
   175:     5259.001     5262.002     5266.003     5272.004     5277.005
   180:     5315.006     5324.007     5329.008     5340.009     5342.010
   185:     5347.011     5349.012     5351.013     5353.014     5359.015
   190:     5361.016     5364.017     5366.018     5381.019     5384.020
   195:     5386.021     5394.022     5400.023     5408.024     5413.025
   200:     5420.026     5427.027     5436.028     5441.029     5446.030
   205:     5448.031     5452.032     5454.033     5455.034     5457.035
   210:     5464.036     5469.037     5470.038     5491.039     5496.040
   215:     5497.041     5504.042     5506.043     5512.044     5512.044
   220:     5562.000     5562.000     6125.001     6132.002     6175.003
   225:     6181.004     6184.005     6185.006     6190.007     6193.008
   230:     6198.009     6200.010     6204.011     6213.012     6216.013
   235:     6236.014     6239.015     6244.016     6248.017     6250.018
   240:     6252.019     6260.020     6263.021     6266.022     6273.023
   245:     6276.024     6282.025     6290.026     6292.027     6294.028
   250:     6314.029     6322.030     6324.031     6328.032     6333.033
   255:     6340.034     6343.035     6344.036     6346.037     6356.038
   260:     6380.039     6380.039     6430.000     6430.000     6909.001
   265:     7022.002     7028.003     7030.004     7034.005     7040.006
   270:     7043.007     7044.008     7050.009     7056.010     7079.011
   275:     7083.012     7086.013     7094.014     7097.015     7130.016
   280:     7132.017     7137.018     7138.019     7143.020     7158.021
   285:     7162.022     7166.023     7171.024     7175.025     7181.026
   290:     7187.027     7189.028     7189.029     7191.030     7201.031
   295:     7208.032     7223.033     7231.034     7231.034     7232.035
   300:     7281.000     7281.000     7915.001     7956.002     7961.003
   305:     7965.004     7967.005     7970.006     7977.007     7983.008
   310:     7988.009     7989.010     8012.011     8019.012     8022.013
   315:     8024.014     8025.015     8033.016     8041.017     8081.018
   320:     8081.018     8131.000     8131.000     8704.001     8711.002
   325:     8716.003     8720.004     8728.005     8732.006     8742.007
   330:     8744.008     8773.009     8784.010     8788.011     8799.012
   335:     8800.013     8812.014     8816.015     8824.016     8850.017
   340:     8859.018     8861.019     8862.020     8875.021     8888.022
   345:     8891.023     8895.024     8896.025     8897.026     8900.027
   350:     8908.028     8921.029     8925.030     8930.031     8935.032
   355:     8935.032     8985.000     8985.000     9689.001     9692.002
   360:     9735.003     9741.004     9746.005     9749.006     9754.007
   365:     9757.008     9761.009     9766.010     9771.011     9793.012
   370:     9793.012     9843.000     9843.000    10378.001    10393.002
   375:    10405.003    10447.004    10452.005    10455.006    10456.007
   380:    10463.008    10468.009    10470.010    10516.011    10525.012
   385:    10528.013    10532.014    10537.015    10540.016    10543.017
   390:    10551.018    10559.019    10566.020    10568.021    10581.022
   395:    10587.023    10594.024    10595.025    10596.026    10597.027
   400:    10597.028    10611.029    10622.030    10627.031    10631.032
   405:    10634.033    10642.034    10649.035    10649.035    10650.036
   410:    10699.000    10699.000    11472.001    11481.002    11489.003
   415:    11498.004    11504.005    11504.005    11554.000    11554.000
   420:    12326.001    12333.002    12339.003    12343.004    12346.005
   425:    12356.006    12356.006    12406.000    12406.000    13067.001
   430:    13073.002    13078.003    13087.004    13093.005    13096.006
   435:    13097.007    13103.008    13106.009    13112.010    13116.011
   440:    13136.012    13138.013    13143.014    13144.015    13145.016
   445:    13151.017    13154.018    13159.019    13161.020    13162.021
   450:    13164.022    13165.023    13173.024    13182.025    13207.026
   455:    13207.026    13257.000    13257.000    14067.002    14112.004
   460:    14116.006    14121.008    14124.010    14135.012    14182.014
   465:    14192.016    14194.018    14195.020    14196.022    14204.024
   470:    14206.026    14215.028    14218.030    14230.032    14233.034
   475:    14249.036    14256.038    14257.040    14258.042    14261.044
   480:    14265.046    14283.048    14289.050    14289.052    14291.054
   485:    14292.056    14293.058    14295.060    14296.062    14299.064
   490:    14303.066    14304.068    14306.070    14315.072    14321.074
   495:    14326.076    14345.078    14351.080    14357.082    14360.084
   500:    14379.086    14387.088    14392.090    14394.092    14397.094
   505:    14405.096    14406.098    14422.100    14429.102    14449.104
   510:    14453.106    14456.108    14469.110    14472.112    14505.114
   515:    14511.116    14517.118    14538.120    14550.122    14562.124
   520:    14571.126    14585.128    14625.130    14633.132    14634.134
   525:    14639.136    14644.138    14653.140    14659.142    14662.144
   530:    14664.146    14705.148    14719.150    14853.152    14860.154
   535:    15222.155    15225.156    15498.157    15592.158    15598.159
   540:    15601.160    15643.161    15648.162    15652.163    15657.164
   545:    15671.165    15729.166    15734.167    15738.168    15740.169
   550:    15959.170    15959.170    16009.000    16009.000    16665.001
   555:    16746.002    16749.003    16754.004    16760.005    16766.006
   560:    16789.007    16794.008    16798.009    16801.010    16805.011
   565:    16813.012    16813.012    16863.000    16863.000    16863.160
   570:    16863.161    16863.162    16863.163    16863.164    16863.165
   575:    16863.166    16863.167    16863.168    16863.169    16863.170
   580:    16863.171    16863.172    16863.173    16863.174    16863.175
   585:    16863.176    16863.177    16863.178    16863.179    16863.180
   590:    16863.181    16863.182    16863.183    16863.184    16863.185
   595:    16863.186    16863.187    16863.188    16863.189    16863.190
   600:    16863.191    16863.192    16863.193    16863.194    16863.195
   605:    16863.196    16863.197    16863.198    16863.199    16863.200
   610:    16863.201    16863.202    16863.203    16863.204    16863.205
   615:    16863.206    16863.207    16863.208    16863.209    16863.210
   620:    16863.211    16863.212    16863.213    16863.214    16863.215
   625:    16863.216    16863.217    16863.218    16863.219    16863.220
   630:    16863.221    16863.222    16863.223    16863.224    16863.225
   635:    16863.226    16863.227    16863.228    16863.229    16863.230
   640:    16863.231    16863.232    16863.233    16863.234    16863.235
   645:    16863.236    16863.236    16863.000    16863.000    17459.001
   650:    17463.002    17465.003    17499.004    17503.005    17508.006
   655:    17512.007    17516.008    17517.009    17522.010    17528.011
   660:    17531.012    17532.013    17534.014    17540.015    17546.016
   665:    17549.017    17552.018    17553.019    17570.020    17574.021
   670:    17584.022    17590.023    17595.024    17596.025    17597.026
   675:    17598.027    17602.028    17604.029    17610.030    17628.031
   680:    17633.032    17634.033    17636.034    17637.035    17644.036
   685:    17657.037    17663.038    17664.038    17714.000    17714.000
   690:    18280.002    18293.004    18297.006    18302.008    18339.010
   695:    18345.012    18368.014    18372.016    18376.018    18379.020
   700:    18391.022    18428.024    18433.026    18439.028    18444.030
   705:    18449.032    18450.034    18454.036    18463.038    18464.040
   710:    18465.042    18480.044    18492.046    18495.048    18527.050
   715:    18537.052    18546.054    18565.056    18567.058    18572.060
   720:    18581.062    18584.064    18586.066    18588.068    18600.070
   725:    18612.072    18617.074    18624.076    18626.078    18635.080
   730:    18637.082    18644.084    18649.086    18650.088    18651.090
   735:    18653.092    18669.094    18683.096    18686.098    18690.100
   740:    18691.102    18747.104    18777.106    18827.108    18867.110
   745:    18873.112    18878.114    18932.116    18944.118    18947.120
   750:    19236.122    19251.124    19291.126    19369.128    19394.130
   755:    19434.132    19483.134    19662.135    19667.136    19854.137
   760:    19867.138    19870.139    19894.140    19898.141    19914.142
   765:    19924.143    19926.144    19930.145    19934.146    19939.147
   770:    19970.148    19988.149    19992.150    20002.151    20005.152
   775:    20010.153    20012.154    20019.155    20025.156    20045.157
