File: C:\MED-PC\Data\2018-06-05_12h16m_Subject M332.txt


Start Date: 06/05/18
End Date: 06/05/18
Subject: M332
Experiment: DOBLE_PICO_ACO
Group: EXP
Box: 9
Start Time: 12:16:28
End Time: 13:29:52
MSN: IF_ACO_MULTIPLE_PICO
A:    1715.000
B:      21.000
D:      21.000
I:       1.000
J:   18000.000
K:    5400.000
M:     353.000
N:      22.000
O:      21.000
P:    1461.000
Q:       0.000
T:    1000.000
V:     600.000
W:      21.000
Z:       0.000
C:
     0:        0.120        0.120        0.120        0.120        0.120
     5:        0.120        0.120        0.510       33.120       87.110
    10:       99.120      180.110      238.110      240.110      247.110
    15:      250.110      254.110      257.110      260.110      277.110
    20:      280.110      282.110      285.110      286.110      293.110
    25:      294.110      298.110      303.110      306.110      308.110
    30:      309.110      312.110      314.110      319.110      319.110
    35:      320.110      328.110      341.110      343.110      348.110
    40:      356.110      357.110      361.110      365.110      369.110
    45:      380.110      388.110      392.110      394.110      395.110
    50:      399.110      401.110      406.110      408.110      410.110
    55:      412.110      418.110      440.110      448.110      450.110
    60:      455.110      461.110      463.110      466.110      470.110
    65:      474.110      476.110      479.110      480.110      485.110
    70:      486.110      496.110      517.110      520.110      525.110
    75:      535.110      539.110      541.110      541.210      546.120
    80:      577.120      591.310      670.120      691.500      729.120
    85:      809.120      814.100      930.100      935.120      948.120
    90:      952.100      958.100      961.100      963.100      972.100
    95:      978.100      980.100      983.120     1000.120     1009.120
   100:     1009.120     1014.120     1035.100     1041.100     1042.100
   105:     1044.100     1049.100     1053.100     1060.100     1063.100
   110:     1065.100     1068.100     1070.100     1072.100     1073.100
   115:     1076.100     1077.100     1079.100     1082.120     1098.100
   120:     1100.100     1102.100     1106.100     1110.100     1112.100
   125:     1114.100     1115.100     1116.100     1119.100     1125.100
   130:     1127.100     1133.100     1137.120     1157.100     1158.100
   135:     1162.100     1166.100     1167.100     1169.100     1170.100
   140:     1180.100     1186.100     1188.100     1190.100     1196.100
   145:     1198.100     1199.100     1205.100     1207.100     1209.100
   150:     1211.100     1213.100     1216.100     1222.100     1225.100
   155:     1226.100     1231.120     1253.100     1255.100     1258.100
   160:     1259.100     1260.100     1261.100     1262.100     1266.100
   165:     1268.100     1270.100     1272.100     1273.100     1285.100
   170:     1288.100     1291.100     1301.100     1303.100     1308.100
   175:     1313.100     1313.200     1315.100     1319.120     1347.120
   180:     1363.300     1436.120     1437.120     1463.510     1553.120
   185:     1859.120     1877.110     1877.110     1881.120     1902.110
   190:     1907.110     1909.110     1911.110     1913.110     1915.110
   195:     1917.110     1920.110     1922.110     1924.110     1926.110
   200:     1928.110     1939.110     1946.110     1948.110     1951.110
   205:     1953.110     1957.110     1959.110     1961.110     1964.110
   210:     1966.110     1975.110     1977.110     1982.110     1986.110
   215:     1995.110     1998.110     2000.110     2002.110     2004.110
   220:     2021.110     2023.110     2027.110     2029.110     2034.110
   225:     2036.110     2036.110     2037.110     2039.110     2043.110
   230:     2045.110     2048.110     2059.110     2074.110     2083.110
   235:     2087.110     2089.110     2090.110     2098.110     2098.210
   240:     2103.120     2127.120     2148.310     2177.120     2248.500
   245:     2472.120     2494.120     2496.120     2513.100     2780.120
   250:     2782.120     2798.100     2803.100     2805.100     2808.100
   255:     2810.100     2813.100     2815.100     2817.100     2824.100
   260:     2827.100     2828.100     2835.100     2838.100     2849.100
   265:     2855.100     2857.100     2858.200     2858.100     2866.120
   270:     2892.120     2908.300     2946.120     3008.510     3426.120
   275:     3615.110     3615.110     3622.110     3625.110     3626.110
   280:     3628.110     3630.110     3638.110     3642.110     3642.210
   285:     3647.120     3679.120     3692.310     3792.510     3918.120
   290:     4186.120     4286.120     4425.110     4425.210     4429.120
   295:     4463.120     4475.310     4545.120     4575.540     4814.120
   300:     4815.120     5077.120     5095.110     5097.110     5104.110
   305:     5114.110     5116.110     5120.110     5122.110     5125.110
   310:     5127.110     5129.110     5131.110     5136.110     5141.110
   315:     5142.110     5147.110     5149.110     5152.110     5154.110
   320:     5160.110     5163.110     5169.110     5170.110     5176.110
   325:     5178.110     5182.110     5186.110     5188.110     5199.110
   330:     5200.110     5206.110     5208.110     5214.110     5218.110
   335:     5238.110     5240.110     5244.110     5246.110     5249.110
   340:     5251.110     5256.110     5261.110     5274.110     5279.110
   345:     5290.110     5292.110     5294.110     5297.110     5302.110
   350:     5305.110     5308.110     5310.110     5338.110     5373.120
   355:     5396.110     5411.110     5411.110     5411.110     5414.110
   360:     5416.110     5420.110     5426.110     5428.110     5430.110
   365:     5433.110     5571.120     5584.110     5587.110     5589.110
   370:     5591.110     5597.110     5598.110     5600.110     5609.110
   375:     5614.110     5620.120     5654.120     6032.110     6102.110
   380:     6103.110     6108.110     6117.120     6362.120     6375.340
   385:     6381.120     6393.120     6396.120     6475.500     6512.100
   390:     6524.120     6918.100     6921.100     6923.100     6925.100
   395:     6929.100     6930.100     6933.100     6935.100     6936.100
   400:     6943.100     6946.100     6954.100     6956.100     6958.100
   405:     6960.100     6966.100     6969.100     6973.100     6976.100
   410:     6978.100     6979.100     6990.100     6992.100     6999.100
   415:     7007.100     7017.100     7021.100     7025.100     7030.100
   420:     7033.100     7035.100     7038.100     7048.100     7052.100
   425:     7054.100     7059.100     7061.100     7069.100     7071.100
   430:     7077.200     7079.100     7084.120     7111.120     7127.300
   435:     7198.120     7227.530     7668.120     7693.100     7703.100
   440:     7705.100     7710.100     7719.100     7728.100     7733.100
   445:     7734.100     7743.100     7746.100     7748.100     7750.100
   450:     7752.100     7767.100     7772.100     7775.100     7778.100
   455:     7779.100     7781.100     7786.100     7796.100     7802.100
   460:     7810.100     7816.100     7825.100     7832.100     7836.100
   465:     7838.100     7840.100     7844.100     7845.100     7848.100
   470:     7849.100     7860.100     7862.100     7865.100     7870.100
   475:     7874.100     7876.100     7880.100     7906.100     7918.100
   480:     7920.100     7920.100     7928.100     7933.100     7935.100
   485:     7937.100     7940.100     7942.100     7945.100     7952.100
   490:     7954.100     7957.100     7961.100     7963.100     7966.100
   495:     7974.120     8012.120     8022.100     8024.100     8032.100
   500:     8034.100     8035.100     8036.100     8038.100     8040.100
   505:     8042.100     8047.100     8050.100     8054.100     8058.100
   510:     8060.100     8064.100     8070.100     8077.100     8089.100
   515:     8094.100     8098.100     8101.100     8109.100     8116.100
   520:     8121.120     8125.120     8131.120     8138.120     8210.120
   525:     8286.120     8316.120     8317.120     8360.100     8660.100
   530:     8668.120     8838.120     9027.330     9127.500     9318.100
   535:     9321.100     9322.100     9324.100     9326.100     9328.100
   540:     9330.100     9331.100     9335.100     9339.100     9343.100
   545:     9344.100     9346.100     9348.100     9352.100     9356.100
   550:     9358.100     9363.100     9365.100     9366.100     9374.100
   555:     9387.100     9389.100     9394.100     9403.100     9406.100
   560:     9422.100     9424.100     9426.100     9430.100     9433.100
   565:     9438.100     9441.100     9444.100     9447.100     9449.100
   570:     9451.100     9454.100     9456.100     9460.100     9466.100
   575:     9467.100     9469.100     9471.100     9475.100     9479.100
   580:     9480.100     9482.100     9486.100     9489.100     9490.100
   585:     9496.100     9502.120     9517.120     9518.120     9524.100
   590:     9525.100     9537.100     9538.100     9542.100     9546.100
   595:     9551.100     9552.100     9554.100     9558.100     9562.100
   600:     9564.100     9566.100     9568.100     9570.100     9575.100
   605:     9577.100     9579.100     9582.100     9584.100     9595.100
   610:     9597.100     9599.100     9600.100     9604.100     9610.100
   615:     9612.100     9618.100     9621.100     9624.100     9627.100
   620:     9631.100     9638.100     9641.100     9643.100     9647.100
   625:     9650.100     9652.100     9660.100     9662.100     9663.100
   630:     9665.100     9672.100     9675.100     9679.100     9682.100
   635:     9684.100     9687.100     9698.120     9702.120     9725.120
   640:     9727.120     9732.200     9766.120     9782.300     9847.120
   645:     9882.500    10076.120    10358.120    10368.120    10373.100
   650:    10380.100    10385.120    10404.100    10406.100    10409.100
   655:    10410.100    10414.100    10416.100    10425.100    10426.100
   660:    10427.100    10428.100    10439.100    10440.100    10443.100
   665:    10444.100    10447.100    10449.100    10457.100    10459.100
   670:    10462.100    10464.100    10465.100    10467.100    10474.100
   675:    10476.100    10478.100    10481.100    10485.200    10485.100
   680:    10487.100    10490.120    10522.120    10535.300    10605.120
   685:    10635.510    10805.120    10849.120    11020.120    11055.120
   690:    11056.120    11078.110    11081.110    11083.110    11102.110
   695:    11103.110    11106.110    11112.110    11114.110    11116.110
   700:    11120.120    11142.110    11144.110    11145.110    11151.110
   705:    11156.110    11159.110    11164.110    11170.110    11172.110
   710:    11174.110    11177.110    11184.110    11191.110    11199.110
   715:    11203.110    11205.110    11217.110    11219.110    11225.110
   720:    11227.110    11229.110    11233.110    11234.110    11237.110
   725:    11241.110    11243.110    11260.110    11268.110    11268.210
   730:    11271.110    11273.120    11299.120    11318.310    11418.510
   735:    11447.120    11622.120    11743.120    11767.120    11790.110
   740:    11797.120    11822.120    11823.120    11838.110    11838.110
   745:    11840.110    11840.110    11845.110    11847.110    11849.110
   750:    11855.110    11856.110    11862.110    11866.110    11868.110
   755:    11871.110    11875.110    11877.110    11884.110    11886.110
   760:    11887.110    11897.110    11898.110    11902.110    11906.110
   765:    11908.110    11911.110    11913.110    11915.110    11916.110
   770:    11919.110    11921.110    11926.110    11928.110    11931.110
   775:    11937.110    11939.110    11957.110    11976.110    11977.110
   780:    11992.110    11994.110    11999.110    11999.110    12002.110
   785:    12004.110    12007.110    12009.110    12010.110    12015.110
   790:    12018.110    12019.110    12024.110    12046.110    12046.210
   795:    12050.120    12077.120    12096.310    12196.120    12196.500
   800:    12360.120    12361.120    12384.120    12400.120    12416.100
   805:    12484.120    12502.120    12509.100    12512.100    12517.100
   810:    12521.120    12622.120    12623.120    12647.100    12658.100
   815:    12663.100    12668.120    12701.100    12704.100    12706.100
   820:    12708.100    12710.100    12718.100    12724.100    12727.100
   825:    12729.100    12732.100    12734.100    12736.100    12740.100
   830:    12745.100    12749.100    12751.100    12754.100    12756.100
   835:    12758.100    12760.100    12761.100    12771.100    12779.100
   840:    12784.100    12787.100    12789.100    12791.100    12794.100
   845:    12796.100    12796.200    12804.120    12828.120    12846.300
   850:    12901.120    12946.510    13154.120    13512.120    13541.110
   855:    13541.110    13546.110    13550.110    13559.110    13561.110
   860:    13563.110    13567.110    13567.210    13571.120    13597.120
   865:    13617.310    13661.120    13717.510    13945.120    14187.120
   870:    14225.120    14228.120    14243.110    14248.120    14265.120
   875:    14275.110    14277.110    14279.110    14281.110    14291.110
   880:    14292.110    14298.110    14300.110    14303.110    14305.110
   885:    14323.110    14325.110    14334.110    14336.110    14338.110
   890:    14338.210    14342.120    14366.120    14388.310    14442.120
   895:    14488.500    14556.120    14874.120    14885.100    14893.100
   900:    14897.100    14899.100    14902.100    14906.100    14909.100
   905:    14913.100    14916.100    14918.100    14919.100    14922.100
   910:    14924.100    14932.100    14937.100    14939.100    14943.100
   915:    14946.100    14947.100    14953.100    14955.100    14958.100
   920:    14967.100    14972.100    14974.100    14978.100    14981.100
   925:    14984.100    14985.100    14988.100    14994.100    14995.100
   930:    14998.100    14999.100    15001.100    15004.100    15006.100
   935:    15007.100    15010.100    15012.100    15013.100    15017.100
   940:    15018.100    15019.100    15021.100    15028.100    15032.100
   945:    15038.100    15042.100    15046.100    15048.100    15050.100
   950:    15055.100    15059.100    15067.100    15069.100    15075.100
   955:    15077.100    15079.100    15081.100    15084.100    15087.100
   960:    15088.200    15090.100    15095.120    15125.120    15138.300
   965:    15208.120    15238.510    15320.120    15620.120    15638.110
   970:    15640.110    15647.110    15681.110    15686.110    15694.110
   975:    15696.110    15702.110    15704.110    15707.110    15709.110
   980:    15711.110    15714.110    15715.110    15718.110    15719.110
   985:    15726.110    15728.110    15730.110    15732.110    15734.110
   990:    15736.110    15747.110    15753.110    15756.110    15761.110
   995:    15769.110    15777.110    15785.110    15786.110    15791.110
  1000:    15797.110    15800.110    15803.110    15805.110    15809.110
  1005:    15812.110    15813.110    15816.110    15818.110    15828.110
  1010:    15830.110    15834.110    15867.110    15867.210    15871.120
  1015:    15897.120    15917.310    16017.500    16102.120    16137.120
  1020:    16144.120    16152.100    16342.120    16365.100    16371.100
  1025:    16376.120    16392.120    16416.100    16421.100    16424.100
  1030:    16427.100    16431.100    16433.100    16435.100    16438.100
  1035:    16440.100    16441.100    16441.100    16442.100    16445.100
  1040:    16448.100    16449.100    16450.100    16452.100    16453.100
  1045:    16459.100    16461.100    16465.100    16467.100    16469.100
  1050:    16477.100    16484.100    16486.100    16490.100    16492.100
  1055:    16498.100    16500.100    16501.100    16502.100    16504.100
  1060:    16506.100    16508.100    16517.100    16519.100    16526.100
  1065:    16528.100    16530.100    16533.100    16536.100    16537.100
  1070:    16540.100    16547.100    16549.100    16552.100    16554.100
  1075:    16555.100    16559.100    16560.100    16562.100    16565.100
  1080:    16571.100    16573.100    16576.100    16580.100    16582.100
  1085:    16583.100    16585.100    16588.100    16594.100    16598.100
  1090:    16600.100    16601.100    16603.100    16612.100    16614.100
  1095:    16619.200    16619.100    16625.120    16648.120    16669.300
  1100:    16744.120    16744.120    16769.510    16906.120    17154.120
  1105:    17169.110    17173.120    17205.110    17207.110    17209.110
  1110:    17213.110    17216.110    17217.110    17220.110    17221.110
  1115:    17236.110    17237.110    17240.110    17243.110    17244.110
  1120:    17247.110    17249.110    17253.110    17255.110    17257.110
  1125:    17259.110    17261.110    17268.110    17272.110    17274.110
  1130:    17278.110    17316.110    17327.110    17332.110    17335.110
  1135:    17337.110    17370.110    17379.110    17383.110    17385.110
  1140:    17389.110    17389.210    17393.120    17416.120    17439.310
  1145:    17539.500    17569.120    17571.120    17682.120    17720.100
  1150:    17772.120    17786.100    17791.100    17795.120    18066.100
  1155:    18070.100    18073.100    18076.100    18077.100    18079.100
  1160:    18080.100    18083.100    18084.100    18087.100    18089.100
  1165:    18090.100    18101.100    18102.100    18109.100    18112.100
  1170:    18116.100    18122.100    18126.100    18131.100    18133.100
  1175:    18135.100    18137.100    18139.200    18145.120    18169.120
  1180:    18189.300    18277.120    18277.120    18289.500    18320.120
  1185:    18635.120    18653.100    18656.100    18661.100    18662.100
  1190:    18664.120    18685.100    18687.100    18691.100    18692.100
  1195:    18695.100    18698.100    18704.100    18708.100    18709.100
  1200:    18711.100    18713.100    18717.100    18719.100    18722.100
  1205:    18726.100    18727.100    18734.100    18738.100    18739.100
  1210:    18741.100    18744.100    18746.100    18753.100    18762.100
  1215:    18767.100    18771.100    18774.100    18776.100    18778.100
  1220:    18780.100    18787.100    18791.100    18795.100    18799.100
  1225:    18803.100    18805.100    18812.100    18814.100    18816.100
  1230:    18818.100    18825.100    18826.100    18829.100    18833.100
  1235:    18838.100    18839.100    18845.100    18847.100    18849.100
  1240:    18852.100    18854.100    18855.100    18857.100    18859.100
  1245:    18864.100    18868.100    18870.100    18878.100    18880.100
  1250:    18882.100    18884.100    18886.100    18889.200    18891.100
  1255:    18892.100    18897.120    18922.120    18922.120    18939.300
  1260:    19039.500    19107.120    19234.120    19475.120    19494.100
  1265:    19497.100    19499.100    19504.100    19507.100    19513.100
  1270:    19517.100    19525.100    19526.100    19531.100    19533.100
  1275:    19534.100    19547.100    19549.100    19551.100    19556.100
  1280:    19557.100    19561.100    19564.100    19567.100    19571.100
  1285:    19576.100    19578.100    19582.100    19591.100    19593.100
  1290:    19594.100    19597.100    19602.100    19603.100    19615.100
  1295:    19616.100    19618.100    19620.100    19623.100    19624.100
  1300:    19628.100    19630.100    19635.100    19637.100    19641.100
  1305:    19642.200    19644.100    19649.120    19676.120    19692.300
  1310:    19753.120    19792.510    20039.120    20075.120    20079.120
  1315:    20100.120    20375.110    20377.110    20381.110    20383.110
  1320:    20395.110    20402.110    20404.110    20406.110    20408.110
  1325:    20410.110    20416.110    20416.210    20420.120    20448.120
  1330:    20466.310    20566.510    20592.120    20710.120    20870.120
  1335:    21007.110    21008.110    21013.120    21014.120    21014.120
  1340:    21045.120    21063.120    21072.110    21075.110    21077.110
  1345:    21104.110    21106.110    21111.110    21113.110    21115.110
  1350:    21120.110    21122.110    21126.110    21128.110    21134.110
  1355:    21136.110    21141.110    21145.110    21159.110    21161.110
  1360:    21161.110    21170.110    21172.110    21177.110    21179.110
  1365:    21179.210    21184.120    21209.120    21229.310    21304.120
  1370:    21329.510    21397.120    21545.120    21546.120    21547.120
  1375:    21582.120    21593.110    21649.110    21653.110    21661.120
  1380:    21696.120    21702.120    21705.120    21717.110    21723.110
  1385:    21725.110    21730.110    21732.110    21734.110    21737.110
  1390:    21739.110    21745.110    21747.110    21749.110    21752.110
  1395:    21754.110    21788.110    21790.110    21798.110    21805.110
  1400:    21809.110    21814.110    21846.110    21848.110    21853.110
  1405:    21857.110    21859.110    21862.110    21863.110    21867.110
  1410:    21868.110    21871.110    21877.110    21881.110    21897.110
  1415:    21898.110    21904.110    21908.110    21909.110    21912.110
  1420:    21916.110    21917.110    21920.110    21922.110    21924.110
  1425:    21927.110    21929.110    21931.110    21933.110    21946.110
  1430:    21946.210    21950.120    21978.120    21996.310    22096.500
  1435:    22098.120    22196.120    22198.120    22225.100    22358.120
  1440:    22369.100    22373.100    22376.100    22381.100    22390.120
  1445:    22406.100    22408.100    22416.100    22420.100    22424.100
  1450:    22430.100    22431.100    22435.100    22437.100    22441.100
  1455:    22442.100    22444.100    22449.100    22450.100    22456.100
  1460:    22458.100    22465.100    22469.100    22476.100    22477.100
  1465:    22480.100    22484.100    22487.100    22489.100    22491.100
  1470:    22492.100    22497.100    22501.100    22503.100    22507.100
  1475:    22509.100    22512.100    22514.100    22515.100    22524.100
  1480:    22530.100    22532.100    22539.100    22546.100    22547.100
  1485:    22549.100    22550.100    22558.100    22561.100    22569.100
  1490:    22575.100    22576.100    22577.100    22584.100    22590.100
  1495:    22592.100    22605.100    22612.100    22613.100    22615.100
  1500:    22616.100    22620.100    22622.100    22632.100    22634.100
  1505:    22636.100    22640.100    22643.100    22645.100    22647.100
  1510:    22650.100    22652.100    22655.100    22660.100    22662.100
  1515:    22664.100    22666.100    22675.100    22681.100    22693.120
  1520:    22696.200    22725.120    22746.300    22770.120    22846.500
  1525:    23098.120    23100.120    23122.120    23129.100    23132.100
  1530:    23281.120    23307.100    23310.100    23311.100    23316.100
  1535:    23321.100    23325.100    23326.100    23327.100    23328.100
  1540:    23332.100    23334.100    23340.100    23342.100    23344.100
  1545:    23346.100    23352.100    23356.100    23358.100    23361.100
  1550:    23363.100    23364.100    23366.100    23368.100    23370.100
  1555:    23379.100    23381.100    23383.100    23386.100    23392.100
  1560:    23393.100    23398.100    23405.100    23406.100    23408.100
  1565:    23411.100    23414.100    23422.100    23424.100    23425.100
  1570:    23427.100    23432.100    23434.100    23439.100    23442.100
  1575:    23443.100    23445.100    23447.100    23449.100    23452.200
  1580:    23452.100    23458.120    23482.120    23502.300    23583.120
  1585:    23602.510    23744.120    23971.120    23991.110    23993.110
  1590:    23994.110    23998.110    24000.110    24005.110    24007.110
  1595:    24015.110    24021.110    24023.110    24030.110    24040.110
  1600:    24042.110    24049.110    24058.110    24059.110    24061.110
  1605:    24067.110    24069.110    24073.110    24075.110    24077.110
  1610:    24080.110    24102.110    24104.110    24106.110    24109.110
  1615:    24115.110    24117.110    24119.110    24121.110    24123.110
  1620:    24125.110    24127.110    24129.110    24131.110    24135.110
  1625:    24168.110    24175.110    24176.110    24184.110    24191.110
  1630:    24193.110    24195.110    24197.110    24203.110    24206.110
  1635:    24225.110    24225.210    24228.120    24249.120    24275.310
  1640:    24374.120    24375.510    24375.120    24418.120    24491.120
  1645:    24739.120    24990.120    25007.110    25007.210    25010.120
  1650:    25034.120    25057.310    25156.120    25157.500    25246.120
  1655:    25247.120    25262.120    25647.100    25652.100    25655.100
  1660:    25661.100    25664.100    25666.100    25667.100    25669.100
  1665:    25673.100    25675.100    25677.100    25679.100    25681.100
  1670:    25687.100    25688.100    25690.100    25693.100    25695.100
  1675:    25698.100    25712.100    25714.100    25717.100    25719.100
  1680:    25721.100    25722.100    25724.100    25729.100    25732.100
  1685:    25735.100    25736.100    25739.100    25741.100    25743.100
  1690:    25746.100    25748.100    25749.100    25755.100    25758.100
  1695:    25758.200    25760.100    25766.120    25789.120    25808.300
  1700:    25824.120    25908.510    25914.120    26103.110    26105.110
  1705:    26112.110    26158.120    26178.110    26178.110    26185.110
  1710:    26188.110    26195.110    26201.110    26206.110    26208.110
  1715:    26209.110    26211.110    26215.110    26217.110    26220.110
  1720:    26223.110    26229.110    26233.110    26235.110    26244.110
  1725:    26246.110    26252.110    26254.110    26256.110    26258.110
  1730:    26263.110    26266.110    26269.110    26273.110    26275.110
  1735:    26289.110    26291.110    26300.110    26302.110    26315.110
  1740:    26316.110    26319.110    26321.110    26327.110    26329.110
  1745:    26331.110    26333.110    26338.110    26366.110    26368.110
  1750:    26373.110    26375.110    26379.110    26382.110    26387.110
  1755:    26392.110    26394.110    26397.110    26400.110    26411.110
  1760:    26420.110    26421.110    26431.110    26437.110    26439.110
  1765:    26441.110    26454.110    26457.110    26459.110    26464.110
  1770:    26466.110    26468.110    26479.110    26489.110    26492.110
  1775:    26493.110    26496.110    26507.110    26509.110    26522.110
  1780:    26522.210    26526.120    26551.120    26572.310    26617.120
  1785:    26665.120    26672.500    26705.100    26956.120    26967.100
  1790:    26975.100    26977.100    26984.120    27007.100    27012.100
  1795:    27014.100    27015.100    27019.100    27022.100    27028.120
  1800:    27056.100    27060.100    27066.100    27069.100    27075.120
  1805:    27095.100    27097.100    27099.100    27102.100    27103.100
  1810:    27111.100    27114.100    27116.100    27118.100    27119.100
  1815:    27121.100    27123.100    27133.100    27137.100    27139.100
  1820:    27140.100    27147.100    27150.100    27151.100    27159.100
  1825:    27165.100    27169.100    27170.100    27173.100    27174.100
  1830:    27180.100    27181.100    27187.100    27191.100    27192.100
  1835:    27197.100    27199.100    27206.100    27208.100    27210.100
  1840:    27215.100    27216.100    27218.100    27220.100    27221.100
  1845:    27224.100    27226.100    27233.100    27239.100    27243.100
  1850:    27246.100    27247.100    27249.100    27251.100    27252.100
  1855:    27256.100    27257.100    27265.120    27275.200    27303.120
  1860:    27325.300    27350.120    27351.120    27425.540    27524.120
  1865:    27549.120    27550.120    27756.120    27783.110    27783.110
  1870:    27786.110    27800.110    27802.110    27803.110    27807.110
  1875:    27809.110    27811.110    27813.110    27818.110    27821.110
  1880:    27830.110    27838.110    27840.110    27844.110    27846.110
  1885:    27848.110    27850.110    27854.110    27857.110    27871.110
  1890:    27873.110    27878.110    27888.110    27892.110    27895.110
  1895:    27896.110    27930.110    27932.110    27947.110    27949.110
  1900:    27951.110    27953.110    27955.110    27963.110    27965.110
  1905:    27967.110    27977.110    27992.110    27993.110    28003.110
  1910:    28013.110    28015.110    28017.110    28036.110    28046.110
  1915:    28049.120    28076.120    28076.120    28114.110    28117.110
  1920:    28129.110    28136.110    28138.110    28145.110    28151.110
  1925:    28153.110    28154.110    28173.110    28175.110    28183.110
  1930:    28189.120    28212.120    28240.120    28243.120    28254.110
  1935:    28254.110    28257.110    28259.110    28388.110    28390.110
  1940:    28405.120    28640.110    28643.110    28700.110    28708.120
  1945:    28775.120    28796.120    28801.120    28811.120    28880.120
  1950:    28890.120    28901.120    28906.120    28941.110    28953.120
  1955:    28953.120    29111.120    29112.120    29134.110    29156.110
  1960:    29161.120    29186.120    29204.120    29225.340    29325.510
  1965:    29339.110    29341.110    29463.110    29475.110    29477.110
  1970:    29480.110    29482.110    29484.110    29489.110    29493.110
  1975:    29495.110    29500.110    29502.110    29507.110    29508.110
  1980:    29509.110    29512.110    29514.110    29516.110    29521.110
  1985:    29522.110    29524.110    29527.110    29528.110    29529.110
  1990:    29531.110    29537.110    29539.110    29543.110    29544.110
  1995:    29560.110    29562.110    29567.110    29573.110    29575.110
  2000:    29576.110    29584.110    29586.110    29587.110    29592.110
  2005:    29595.110    29597.110    29599.110    29601.110    29618.110
  2010:    29619.110    29625.110    29626.110    29627.110    29629.110
  2015:    29644.110    29646.110    29648.110    29685.110    29689.110
  2020:    29691.110    29696.110    29703.110    29705.110    29708.110
  2025:    29712.110    29718.110    29722.110    29726.110    29728.110
  2030:    29737.110    29751.110    29754.110    29758.110    29763.110
  2035:    29767.110    29775.110    29783.110    29785.110    29786.110
  2040:    29790.110    29794.110    29797.110    29810.110    29819.110
  2045:    29821.110    29823.110    29827.110    29829.110    29845.110
  2050:    29849.110    29852.110    29858.110    29862.110    29873.110
  2055:    29875.110    29876.110    29889.110    29891.110    29894.110
  2060:    29900.110    29904.110    29906.110    29907.110    29920.110
  2065:    29930.110    29932.110    29944.110    29944.210    29948.120
  2070:    29973.120    29994.310    30067.120    30094.500    30169.120
  2075:    30217.100    30345.100    30348.100    30351.100    30355.120
  2080:    30373.100    30389.120    30406.100    30408.100    30415.100
  2085:    30417.100    30420.120    30433.120    30438.100    30448.100
  2090:    30464.100    30465.100    30466.120    30491.100    30493.100
  2095:    30495.100    30496.100    30501.100    30503.100    30510.120
  2100:    30540.100    30544.100    30546.100    30556.100    30559.100
  2105:    30563.100    30564.100    30566.100    30570.100    30574.100
  2110:    30575.100    30586.100    30588.100    30590.100    30595.100
  2115:    30597.100    30600.100    30605.100    30607.100    30609.100
  2120:    30611.100    30613.100    30615.100    30617.100    30619.100
  2125:    30621.100    30622.100    30634.100    30635.100    30637.100
  2130:    30638.100    30643.100    30645.100    30649.100    30658.100
  2135:    30663.100    30665.100    30669.100    30671.100    30674.100
  2140:    30677.100    30678.100    30680.100    30681.100    30685.100
  2145:    30686.100    30688.100    30695.200    30701.120    30724.120
  2150:    30745.300    30803.120    30845.530    30976.120    30996.120
  2155:    30998.120    31001.120    31009.120    31014.100    31101.120
  2160:    31102.120    31197.100    31205.120    31226.100    31232.100
  2165:    31236.100    31242.100    31244.100    31246.100    31247.100
  2170:    31251.100    31253.100    31254.100    31257.100    31258.100
  2175:    31270.100    31273.100    31277.100    31279.100    31281.100
  2180:    31283.100    31287.100    31289.100    31292.100    31293.100
  2185:    31296.100    31302.100    31304.100    31306.100    31309.100
  2190:    31311.100    31312.100    31315.100    31318.100    31322.100
  2195:    31324.100    31327.100    31329.100    31337.100    31341.100
  2200:    31343.100    31346.100    31348.100    31355.100    31358.100
  2205:    31360.100    31362.100    31366.100    31368.100    31371.100
  2210:    31373.100    31378.100    31381.100    31383.100    31385.100
  2215:    31387.100    31392.100    31393.100    31395.100    31397.100
  2220:    31399.100    31402.100    31404.100    31408.100    31410.100
  2225:    31421.100    31423.100    31425.100    31432.100    31434.100
  2230:    31440.100    31450.100    31454.100    31455.100    31460.100
  2235:    31465.100    31472.120    31478.120    31504.120    31520.100
  2240:    31521.100    31532.100    31537.100    31539.100    31541.100
  2245:    31544.100    31546.100    31547.100    31549.100    31554.100
  2250:    31557.100    31558.100    31564.100    31566.100    31569.100
  2255:    31572.100    31574.100    31575.100    31579.100    31582.100
  2260:    31589.100    31592.100    31594.100    31597.100    31599.100
  2265:    31602.100    31604.100    31607.100    31609.100    31611.100
  2270:    31638.100    31645.100    31657.100    31664.100    31668.100
  2275:    31673.100    31675.100    31679.100    31683.100    31686.100
  2280:    31688.100    31692.100    31695.100    31696.100    31698.100
  2285:    31703.100    31718.100    31722.100    31724.100    31733.120
  2290:    31774.120    31778.120    31782.120    32062.120    32062.120
  2295:    32073.120    32113.120    32116.120    32121.100    32258.120
  2300:    32290.100    32300.100    32302.100    32304.100    32308.120
  2305:    32327.100    32333.100    32335.100    32339.100    32343.100
  2310:    32355.100    32361.120    32362.120    32399.100    32401.100
  2315:    32402.100    32404.100    32407.100    32410.100    32417.100
  2320:    32418.100    32420.100    32425.100    32433.100    32435.100
  2325:    32441.100    32443.100    32444.100    32445.100    32452.100
  2330:    32466.120    32485.120    32504.100    32505.100    32507.100
  2335:    32515.100    32517.100    32524.100    32525.100    32526.100
  2340:    32528.100    32533.100    32534.100    32538.100    32565.100
  2345:    32573.100    32580.120    32584.120    32615.120    32625.120
  2350:    32634.120    32645.330    32645.120    32647.120    32678.120
  2355:    32693.120    32745.510    32879.120    32896.110    32901.110
  2360:    32906.120    32924.110    32928.110    32931.110    32951.110
  2365:    32952.110    32956.110    32958.110    32967.110    32970.110
  2370:    32970.110    32982.110    32983.110    32986.110    32988.110
  2375:    32991.110    33002.110    33012.110    33025.110    33027.110
  2380:    33042.110    33044.110    33051.110    33059.110    33060.110
  2385:    33077.110    33080.110    33084.110    33086.110    33095.110
  2390:    33097.110    33129.110    33130.110    33142.110    33153.110
  2395:    33155.110    33158.110    33161.110    33169.110    33172.110
  2400:    33174.110    33178.110    33184.110    33208.110    33222.110
  2405:    33224.110    33226.110    33228.110    33231.110    33232.110
  2410:    33237.110    33238.110    33265.110    33278.110    33283.110
  2415:    33291.110    33297.110    33299.110    33300.110    33304.110
  2420:    33325.110    33326.110    33328.110    33335.110    33336.110
  2425:    33346.110    33350.110    33352.110    33358.110    33358.210
  2430:    33362.120    33388.120    33408.310    33450.120    33508.500
  2435:    33629.120    33629.120    33717.120    33718.120    33736.120
  2440:    33851.120    33870.100    33878.100    33886.120    33905.100
  2445:    33907.100    33908.100    33912.100    33913.100    33917.100
  2450:    33919.100    33921.100    33925.100    33926.100    33930.100
  2455:    33934.100    33935.100    33936.100    33944.100    33946.100
  2460:    33951.100    33963.100    33965.100    33967.100    33971.100
  2465:    33975.100    33977.100    33980.100    33982.100    33983.100
  2470:    33989.100    33991.100    33994.100    33996.100    34002.100
  2475:    34003.100    34005.100    34017.100    34020.100    34021.100
  2480:    34024.100    34026.100    34027.100    34029.100    34038.100
  2485:    34040.100    34043.100    34045.100    34050.100    34051.100
  2490:    34052.100    34054.100    34056.100    34058.100    34059.100
  2495:    34066.100    34070.100    34072.100    34074.100    34076.100
  2500:    34083.100    34085.100    34091.100    34099.100    34107.100
  2505:    34109.100    34110.200    34112.100    34117.120    34145.120
  2510:    34160.300    34260.500    34305.120    34305.120    34610.120
  2515:    34669.100    34677.100    34678.100    34680.100    34683.100
  2520:    34685.100    34689.100    34694.100    34695.100    34701.100
  2525:    34703.100    34706.100    34708.100    34710.100    34716.100
  2530:    34717.100    34719.100    34725.100    34727.100    34730.100
  2535:    34734.100    34737.100    34741.100    34742.100    34748.100
  2540:    34759.100    34761.100    34764.100    34767.100    34768.100
  2545:    34774.100    34779.100    34780.100    34792.100    34796.100
  2550:    34800.100    34802.100    34804.100    34807.100    34809.100
  2555:    34811.100    34815.100    34816.100    34820.100    34826.100
  2560:    34829.100    34833.100    34835.100    34837.100    34840.100
  2565:    34842.100    34845.100    34847.100    34849.100    34853.100
  2570:    34855.100    34860.100    34860.200    34866.120    34890.120
  2575:    34891.120    34910.300    34988.120    34988.120    35010.510
  2580:    35315.120    35394.110    35396.110    35397.110    35398.110
  2585:    35410.110    35429.110    35431.110    35437.110    35439.110
  2590:    35442.110    35444.110    35449.110    35451.110    35453.110
  2595:    35458.110    35474.110    35483.110    35487.110    35489.110
  2600:    35491.110    35512.110    35520.110    35522.110    35526.110
  2605:    35528.110    35531.110    35532.110    35535.110    35537.110
  2610:    35545.110    35547.110    35549.110    35555.110    35564.110
  2615:    35567.110    35571.110    35574.110    35576.110    35577.110
  2620:    35584.110    35591.110    35593.110    35595.110    35597.110
  2625:    35602.110    35615.110    35617.110    35618.110    35622.110
  2630:    35624.110    35624.210    35628.120    35652.120    35674.310
  2635:    35696.120    35774.500    35827.120    35827.120    35857.120
  2640:    35863.100    36024.120    36040.100    36044.100    36047.100
  2645:    36052.100    36054.100    36057.100    36058.100    36064.100
  2650:    36066.100    36068.100    36070.100    36073.100    36075.100
  2655:    36089.120    36109.100    36111.100    36112.100    36114.100
  2660:    36115.100    36118.100    36126.100    36130.100    36131.100
  2665:    36132.100    36138.100    36141.100    36143.100    36145.100
  2670:    36149.100    36150.100    36152.100    36164.100    36170.100
  2675:    36172.100    36174.100    36179.100    36180.100    36182.100
  2680:    36187.100    36189.100    36191.100    36194.100    36196.100
  2685:    36197.100    36201.100    36203.100    36204.100    36211.100
  2690:    36215.100    36222.100    36224.100    36226.100    36234.100
  2695:    36236.100    36239.100    36245.100    36246.100    36247.100
  2700:    36250.100    36252.100    36254.100    36261.100    36263.100
  2705:    36267.100    36272.100    36272.100    36275.100    36277.100
  2710:    36279.100    36281.100    36284.100    36287.100    36288.100
  2715:    36291.100    36300.100    36305.100    36310.100    36312.100
  2720:    36314.100    36318.100    36323.100    36325.100    36326.100
  2725:    36329.100    36330.100    36332.100    36337.100    36340.100
  2730:    36342.100    36343.100    36345.100    36352.100    36356.100
  2735:    36359.100    36363.100    36367.100    36373.100    36374.200
  2740:    36381.120    36406.120    36424.300    36524.500    36752.120
  2745:    36797.120    36838.100    37086.120    37086.120    37087.120
  2750:    37107.100    37114.100    37117.100    37125.100    37130.100
  2755:    37132.100    37135.100    37137.100    37144.100    37147.100
  2760:    37154.100    37156.100    37159.100    37162.100    37167.200
  2765:    37173.120    37199.120    37217.300    37309.120    37317.510
  2770:    37329.120    37330.120    37330.120    37370.120    37503.120
  2775:    37523.110    37539.110    37557.110    37561.110    37564.110
  2780:    37568.110    37586.110    37596.110    37608.110    37615.110
  2785:    37620.110    37622.110    37625.110    37626.110    37627.110
  2790:    37635.110    37637.110    37639.110    37642.110    37647.110
  2795:    37648.110    37654.110    37656.110    37658.110    37666.110
  2800:    37669.110    37672.110    37674.110    37697.110    37699.110
  2805:    37706.110    37724.110    37726.110    37739.110    37746.110
  2810:    37749.110    37754.110    37757.110    37760.110    37765.110
  2815:    37768.110    37771.110    37776.110    37781.110    37792.110
  2820:    37798.110    37810.110    37818.110    37820.110    37825.110
  2825:    37835.110    37839.110    37844.110    37846.110    37849.110
  2830:    37871.110    37881.110    37883.110    37886.110    37924.110
  2835:    37926.110    37928.110    37935.110    37935.210    37940.120
  2840:    37965.120    37985.310    38084.120    38085.510    38129.120
  2845:    38423.120    38446.120    38459.110    38461.110    38465.110
  2850:    38476.110    38482.110    38486.110    38489.110    38492.110
  2855:    38496.110    38498.110    38500.110    38505.110    38507.110
  2860:    38513.110    38514.110    38516.110    38518.110    38521.110
  2865:    38528.110    38529.110    38534.110    38536.110    38539.110
  2870:    38558.110    38561.110    38567.110    38569.110    38573.110
  2875:    38575.110    38577.110    38579.110    38581.110    38588.110
  2880:    38589.110    38596.110    38600.110    38602.110    38604.110
  2885:    38606.110    38612.110    38635.110    38638.110    38643.110
  2890:    38648.110    38652.110    38655.110    38657.110    38669.110
  2895:    38671.110    38674.110    38678.110    38692.110    38700.110
  2900:    38700.210    38705.120    38727.120    38750.310    38850.500
  2905:    38854.120    38942.120    39058.120    39075.100    39091.100
  2910:    39181.120    39182.120    39184.120    39200.100    39206.100
  2915:    39210.120    39231.120    39237.120    39246.120    39251.100
  2920:    39258.100    39262.100    39265.100    39275.120    39299.100
  2925:    39301.100    39314.100    39322.100    39325.100    39327.100
  2930:    39328.100    39330.100    39331.100    39335.100    39343.100
  2935:    39344.100    39345.100    39347.100    39349.100    39351.100
  2940:    39353.100    39355.100    39362.100    39367.100    39369.100
  2945:    39375.100    39377.100    39380.100    39382.100    39388.100
  2950:    39394.100    39396.100    39398.100    39400.100    39402.100
  2955:    39405.100    39407.100    39409.100    39412.100    39414.100
  2960:    39424.100    39430.100    39436.120    39439.120    39442.120
  2965:    39454.200    39485.120    39504.300    39579.120    39580.120
  2970:    39604.540    39623.120    39670.120    39789.120    39818.110
  2975:    39819.110    39963.110    39980.110    39982.110    39987.110
  2980:    39989.110    39993.110    39995.110    39999.110    40001.110
  2985:    40005.110    40007.110    40013.110    40017.110    40019.110
  2990:    40021.110    40024.110    40033.110    40043.110    40050.110
  2995:    40056.110    40058.110    40062.110    40071.110    40076.110
  3000:    40078.110    40091.110    40099.110    40102.110    40104.110
  3005:    40105.110    40108.110    40133.110    40134.110    40141.110
  3010:    40143.110    40147.110    40149.110    40180.110    40185.110
  3015:    40189.110    40193.110    40195.110    40197.110    40199.110
  3020:    40204.110    40206.110    40220.110    40221.110    40224.110
  3025:    40230.110    40233.110    40235.110    40237.110    40255.110
  3030:    40269.110    40271.110    40272.110    40276.110    40285.110
  3035:    40289.110    40295.110    40302.110    40306.110    40313.110
  3040:    40324.110    40346.110    40348.110    40351.110    40355.110
  3045:    40363.110    40367.110    40372.120    40406.110    40408.110
  3050:    40408.110    40412.110    40416.110    40419.110    40422.120
  3055:    40514.110    40517.110    40524.120    40524.120    40847.120
  3060:    40858.120    40937.120    40940.120    40954.120    40978.110
  3065:    40983.120    41010.120    41016.120    41038.110    41040.110
  3070:    41049.110    41050.110    41052.110    41059.110    41061.110
  3075:    41069.110    41073.110    41074.110    41081.110    41088.110
  3080:    41106.110    41110.110    41117.110    41122.110    41124.110
  3085:    41131.110    41132.110    41141.110    41147.110    41152.110
  3090:    41174.110    41177.110    41181.110    41182.110    41184.110
  3095:    41189.110    41198.110    41199.110    41200.110    41209.110
  3100:    41211.110    41214.110    41223.110    41230.110    41234.110
  3105:    41251.110    41253.110    41254.110    41261.110    41262.110
  3110:    41272.110    41274.110    41275.110    41280.110    41287.110
  3115:    41301.110    41309.110    41321.110    41323.110    41325.110
  3120:    41331.110    41342.110    41348.110    41350.110    41353.110
  3125:    41355.110    41363.110    41367.110    41373.110    41382.110
  3130:    41384.110    41395.110    41396.110    41404.340    41504.500
  3135:    41643.100    41645.100    41654.100    41667.120    41687.100
  3140:    41692.100    41694.100    41696.100    41698.100    41703.120
  3145:    41739.100    41743.100    41745.100    41747.100    41749.100
  3150:    41750.100    41753.100    41762.100    41767.120    41788.100
  3155:    41791.100    41795.100    41797.100    41799.100    41800.100
  3160:    41810.100    41816.120    41847.100    41848.100    41852.100
  3165:    41855.100    41856.100    41857.100    41861.100    41870.100
  3170:    41881.100    41882.100    41884.100    41888.100    41894.100
  3175:    41897.100    41902.100    41904.100    41905.100    41909.100
  3180:    41912.100    41913.100    41919.100    41926.100    41927.100
  3185:    41931.100    41932.100    41938.100    41940.100    41945.100
  3190:    41947.100    41948.100    41950.100    41965.100    41970.100
  3195:    41976.100    41985.100    41990.100    41997.120
E:
     0:     3199.000     1530.000     1231.000
F:
     0:       70.000       24.085       39.547
G:
     0:        1.000        1.000        1.000        1.000        1.000
     5:        1.000        1.000        1.000        1.000        0.000
H:
     0:        1.000        1.000        2.000        2.000
L:
     0:     6318.000     6191.000     6118.000     6151.000     6125.000
     5:     6107.000     6101.000     6120.000     6101.000     6101.000
    10:     6127.000     6105.000     6154.000     6113.000     6127.000
    15:     6107.000     6116.000     6108.000     6106.000     6528.000
    20:     6136.000
R:
     0:        1.000        1.000        1.000        1.000        1.000
     5:        1.000        1.000        1.000        1.000        0.000
S:
     0:        1.000        0.000
U:
     0:     6151.000        3.000        0.000
X:
     0:        0.000      123.001      238.002      260.003      266.004
     5:      270.005      271.006      281.007      287.008      288.009
    10:      343.010      349.011      351.012      352.013      357.014
    15:      361.015      368.016      371.017      373.018      376.019
    20:      379.020      380.021      381.022      384.023      385.024
    25:      387.025      407.026      409.027      410.028      414.029
    30:      419.030      420.031      422.032      423.033      424.034
    35:      427.035      433.036      435.037      441.038      465.039
    40:      467.040      470.041      474.042      476.043      477.044
    45:      478.045      489.046      494.047      496.048      498.049
    50:      505.050      506.051      508.052      513.053      516.054
    55:      517.055      519.056      521.057      524.058      530.059
    60:      533.060      534.061      561.062      563.063      567.064
    65:      567.065      568.066      570.067      571.068      574.069
    70:      576.070      578.071      581.072      582.073      594.074
    75:      597.075      600.076      610.077      611.078      616.079
    80:      621.080      621.080      624.081      671.000      671.000
    85:      935.001     1220.002     1225.003     1227.004     1230.005
    90:     1232.006     1235.007     1237.008     1239.009     1246.010
    95:     1249.011     1250.012     1257.013     1260.014     1271.015
   100:     1277.016     1279.017     1280.017     1280.018     1330.000
   105:     1330.000     1330.153     1330.154     1330.155     1330.156
   110:     1330.157     1330.158     1330.159     1330.160     1330.161
   115:     1330.162     1330.163     1330.164     1330.165     1330.166
   120:     1330.167     1330.168     1330.169     1330.170     1330.171
   125:     1330.172     1330.173     1330.174     1330.175     1330.176
   130:     1330.177     1330.178     1330.179     1330.180     1330.181
   135:     1330.182     1330.183     1330.184     1330.185     1330.186
   140:     1330.187     1330.188     1330.189     1330.190     1330.191
   145:     1330.192     1330.192     1330.193     1330.000     1330.000
   150:     1330.002     1330.004     1330.006     1330.008     1330.010
   155:     1330.012     1330.014     1330.016     1330.018     1330.020
   160:     1330.022     1330.024     1330.026     1330.028     1330.030
   165:     1330.032     1330.034     1330.036     1330.038     1330.040
   170:     1330.042     1330.044     1330.046     1330.048     1330.050
   175:     1330.052     1330.054     1330.056     1330.058     1330.060
   180:     1330.062     1330.064     1330.066     1330.068     1330.070
   185:     1330.072     1330.074     1330.076     1330.078     1330.080
   190:     1330.082     1330.084     1330.086     1330.088     1330.090
   195:     1330.092     1330.094     1330.096     1330.098     1330.100
   200:     1330.102     1330.104     1330.106     1330.108     1330.110
   205:     1330.112     1330.114     1330.116     1330.118     1330.120
   210:     1330.122     1330.124     1330.126     1330.128     1330.130
   215:     1330.132     1330.134     1330.136     1330.138     1330.140
   220:     1330.142     1330.144     1330.146     1330.148     1330.150
   225:     1330.152     1330.154     1330.156     1330.158     1330.160
   230:     1330.162     1330.164     1330.165     1330.166     1330.167
   235:     1330.168     1330.169     1330.170     1330.171     1330.172
   240:     1330.173     1330.174     1330.175     1330.176     1330.177
   245:     1330.178     1330.179     1330.180     1330.181     1330.182
   250:     1330.183     1330.184     1330.185     1330.186     1330.187
   255:     1330.188     1330.189     1330.190     1330.191     1330.192
   260:     1330.193     1330.194     1330.195     1330.196     1330.197
   265:     1330.198     1330.199     1330.200     1330.201     1330.202
   270:     1330.203     1330.204     1330.205     1330.206     1330.207
   275:     1330.208     1330.209     1330.210     1330.211     1330.212
   280:     1330.213     1330.214     1330.215     1330.216     1330.217
   285:     1330.218     1330.219     1330.220     1330.221     1330.222
   290:     1330.223     1330.224     1330.225     1330.226     1330.227
   295:     1330.228     1330.229     1330.230     1330.231     1330.232
   300:     1330.233     1330.234     1330.235     1330.236     1330.237
   305:     1330.238     1330.239     1330.240     1330.241     1330.242
   310:     1330.243     1330.244     1330.245     1330.246     1330.247
   315:     1330.248     1330.249     1330.250     1330.251     1330.252
   320:     1330.253     1330.254     1330.255     1330.256     1330.257
   325:     1330.258     1330.259     1330.260     1330.261     1330.262
   330:     1330.263     1330.264     1330.264     1330.000     1330.000
   335:     1330.001     1330.002     1330.003     1330.004     1330.005
   340:     1330.006     1330.007     1330.008     1330.009     1330.010
   345:     1330.011     1330.012     1330.013     1330.014     1330.015
   350:     1330.016     1330.017     1330.018     1330.019     1330.020
   355:     1330.021     1330.022     1330.023     1330.024     1330.025
   360:     1330.026     1330.027     1330.028     1330.028     1330.029
   365:     1330.030     1330.000     1330.000     1550.001     1643.002
   370:     1646.003     1651.004     1780.005     1792.006     1797.007
   375:     1835.008     1838.009     1840.010     1841.011     1844.012
   380:     1852.013     1857.014     1861.015     1862.016     1865.017
   385:     1868.018     1870.019     1874.020     1879.021     1882.022
   390:     1885.023     1887.024     1890.025     1891.026     1893.027
   395:     1895.028     1905.029     1912.030     1917.031     1921.032
   400:     1922.033     1925.034     1928.035     1930.036     1930.036
   405:     1980.000     1980.000     2377.001     2385.002     2389.003
   410:     2390.004     2393.005     2397.006     2401.007     2404.008
   415:     2407.009     2409.010     2411.011     2414.012     2415.013
   420:     2424.014     2429.015     2431.016     2435.017     2437.018
   425:     2439.019     2444.020     2447.021     2450.022     2459.023
   430:     2463.024     2466.025     2470.026     2472.027     2476.028
   435:     2477.029     2479.030     2485.031     2486.032     2489.033
   440:     2491.034     2493.035     2496.036     2497.037     2499.038
   445:     2502.039     2503.040     2505.041     2508.042     2510.043
   450:     2511.044     2512.045     2520.046     2524.047     2530.048
   455:     2533.049     2538.050     2540.051     2541.052     2547.053
   460:     2551.054     2558.055     2561.056     2567.057     2569.058
   465:     2571.059     2573.060     2576.061     2578.062     2580.062
   470:     2582.063     2630.000     2630.000     2765.001     2978.002
   475:     2984.003     3029.004     3034.005     3037.006     3040.007
   480:     3044.008     3046.009     3048.010     3051.011     3052.012
   485:     3054.013     3054.014     3055.015     3058.016     3060.017
   490:     3062.018     3063.019     3065.020     3066.021     3072.022
   495:     3074.023     3078.024     3080.025     3082.026     3090.027
   500:     3096.028     3098.029     3103.030     3105.031     3110.032
   505:     3113.033     3114.034     3115.035     3117.036     3119.037
   510:     3121.038     3130.039     3132.040     3139.041     3140.042
   515:     3142.043     3145.044     3149.045     3150.046     3153.047
   520:     3160.048     3162.049     3165.050     3166.051     3168.052
   525:     3171.053     3173.054     3174.055     3178.056     3184.057
   530:     3186.058     3189.059     3192.060     3194.061     3196.062
   535:     3198.063     3201.064     3206.065     3211.066     3212.067
   540:     3214.068     3216.069     3225.070     3227.071     3232.071
   545:     3232.072     3282.000     3282.000     3463.001     3529.002
   550:     3534.003     3809.004     3812.005     3816.006     3818.007
   555:     3820.008     3822.009     3823.010     3825.011     3827.012
   560:     3830.013     3831.014     3833.015     3844.016     3845.017
   565:     3852.018     3854.019     3859.020     3865.021     3868.022
   570:     3874.023     3875.024     3878.025     3880.026     3882.026
   575:     3932.000     3932.000     4296.001     4299.002     4304.003
   580:     4304.004     4328.005     4330.006     4334.007     4334.008
   585:     4338.009     4341.010     4347.011     4351.012     4352.013
   590:     4354.014     4356.015     4360.016     4362.017     4364.018
   595:     4368.019     4370.020     4377.021     4381.022     4382.023
   600:     4384.024     4387.025     4389.026     4396.027     4405.028
   605:     4410.029     4414.030     4417.031     4419.032     4421.033
   610:     4423.034     4429.035     4434.036     4438.037     4441.038
   615:     4446.039     4448.040     4455.041     4457.042     4459.043
   620:     4460.044     4467.045     4469.046     4472.047     4475.048
   625:     4480.049     4482.050     4488.051     4490.052     4492.053
   630:     4494.054     4496.055     4497.056     4500.057     4501.058
   635:     4507.059     4510.060     4513.061     4521.062     4523.063
   640:     4525.064     4527.065     4528.066     4532.066     4534.067
   645:     4535.068     4582.000     4582.000     5037.001     5040.002
   650:     5042.003     5047.004     5050.005     5056.006     5060.007
   655:     5067.008     5069.009     5074.010     5076.011     5077.012
   660:     5090.013     5092.014     5094.015     5098.016     5100.017
   665:     5103.018     5107.019     5109.020     5113.021     5118.022
   670:     5121.023     5124.024     5133.025     5135.026     5137.027
   675:     5139.028     5144.029     5146.030     5157.031     5159.032
   680:     5161.033     5163.034     5165.035     5167.036     5171.037
   685:     5173.038     5178.039     5180.040     5184.041     5184.041
   690:     5186.042     5234.000     5234.000     5362.001     5506.002
   695:     5511.003     5513.004     5518.005     5544.006     5546.007
   700:     5553.008     5557.009     5562.010     5567.011     5569.012
   705:     5573.013     5575.014     5578.015     5580.016     5581.017
   710:     5586.018     5588.019     5594.020     5596.021     5603.022
   715:     5607.023     5613.024     5615.025     5618.026     5622.027
   720:     5625.028     5626.029     5629.030     5630.031     5634.032
   725:     5639.033     5641.034     5645.035     5647.036     5650.037
   730:     5651.038     5652.039     5662.040     5668.041     5670.042
   735:     5677.043     5684.044     5685.045     5686.046     5688.047
   740:     5696.048     5699.049     5707.050     5712.051     5714.052
   745:     5715.053     5722.054     5728.055     5730.056     5743.057
   750:     5750.058     5751.059     5752.060     5754.061     5758.062
   755:     5760.063     5770.064     5772.065     5774.066     5778.067
   760:     5781.068     5783.069     5785.070     5787.071     5790.072
   765:     5793.073     5797.074     5800.075     5802.076     5804.077
   770:     5813.078     5818.079     5834.079     5884.000     5884.000
   775:     6166.001     6170.002     6344.003     6347.004     6348.005
   780:     6354.006     6359.007     6362.008     6363.009     6364.010
   785:     6365.011     6369.012     6371.013     6377.014     6380.015
   790:     6381.016     6383.017     6389.018     6393.019     6396.020
   795:     6398.021     6400.022     6401.023     6403.024     6405.025
   800:     6407.026     6416.027     6418.028     6420.029     6423.030
   805:     6429.031     6430.032     6435.033     6442.034     6443.035
   810:     6445.036     6448.037     6451.038     6459.039     6461.040
   815:     6463.041     6464.042     6469.043     6471.044     6476.045
   820:     6479.046     6480.047     6482.048     6485.049     6486.050
   825:     6489.050     6489.051     6539.000     6539.000     7029.001
   830:     7033.002     7036.003     7043.004     7046.005     7047.006
   835:     7049.007     7050.008     7054.009     7056.010     7059.011
   840:     7061.012     7062.013     7068.014     7069.015     7072.016
   845:     7074.017     7076.018     7080.019     7093.020     7096.021
   850:     7098.022     7100.023     7102.024     7104.025     7105.026
   855:     7110.027     7113.028     7116.029     7117.030     7121.031
   860:     7122.032     7125.033     7127.034     7129.035     7131.036
   865:     7136.037     7140.038     7140.038     7141.039     7190.000
   870:     7190.000     7223.001     7484.002     7492.003     7494.004
   875:     7525.005     7529.006     7531.007     7532.008     7536.009
   880:     7539.010     7573.011     7577.012     7583.013     7587.014
   885:     7613.015     7614.016     7616.017     7620.018     7621.019
   890:     7629.020     7632.021     7633.022     7635.023     7637.024
   895:     7639.025     7640.026     7651.027     7655.028     7656.029
   900:     7658.030     7665.031     7667.032     7668.033     7676.034
   905:     7682.035     7686.036     7688.037     7690.038     7692.039
   910:     7698.040     7699.041     7705.042     7708.043     7709.044
   915:     7715.045     7717.046     7723.047     7725.048     7728.049
   920:     7732.050     7733.051     7735.052     7737.053     7738.054
   925:     7742.055     7743.056     7750.057     7757.058     7760.059
   930:     7763.060     7765.061     7767.062     7768.063     7770.064
   935:     7774.065     7775.066     7792.066     7842.000     7842.000
   940:     7964.001     8092.002     8095.003     8098.004     8120.005
   945:     8154.006     8156.007     8162.008     8164.009     8185.010
   950:     8195.011     8211.012     8212.013     8238.014     8240.015
   955:     8242.016     8243.017     8248.018     8250.019     8287.020
   960:     8292.021     8293.022     8303.023     8307.024     8310.025
   965:     8312.026     8313.027     8317.028     8321.029     8322.030
   970:     8333.031     8335.032     8337.033     8342.034     8344.035
   975:     8347.036     8353.037     8354.038     8356.039     8358.040
   980:     8361.041     8362.042     8364.043     8366.044     8368.045
   985:     8370.046     8381.047     8382.048     8384.049     8386.050
   990:     8391.051     8392.052     8396.053     8405.054     8410.055
   995:     8412.056     8416.057     8418.058     8421.059     8424.060
  1000:     8425.061     8427.062     8428.063     8432.064     8433.065
  1005:     8435.066     8442.066     8492.000     8492.000     8661.002
  1010:     8844.004     8872.006     8879.008     8882.010     8888.012
  1015:     8891.014     8892.016     8893.018     8897.020     8899.022
  1020:     8900.024     8903.026     8904.028     8917.030     8920.032
  1025:     8924.034     8926.036     8927.038     8929.040     8933.042
  1030:     8935.044     8939.046     8940.048     8942.050     8948.052
  1035:     8951.054     8953.056     8955.058     8958.060     8959.062
  1040:     8961.064     8965.066     8968.068     8971.070     8973.072
  1045:     8976.074     8983.076     8988.078     8989.080     8993.082
  1050:     8994.084     9002.086     9004.088     9006.090     9009.092
  1055:     9013.094     9015.096     9018.098     9019.100     9025.102
  1060:     9027.104     9029.106     9031.108     9034.110     9038.112
  1065:     9040.114     9042.116     9043.118     9045.120     9048.122
  1070:     9051.124     9054.126     9056.128     9067.130     9069.132
  1075:     9072.134     9079.136     9080.138     9086.140     9097.142
  1080:     9100.144     9102.146     9107.148     9111.150     9167.152
  1085:     9168.154     9179.156     9183.158     9185.160     9188.162
  1090:     9190.164     9192.166     9194.168     9196.170     9200.172
  1095:     9203.174     9205.176     9211.178     9213.180     9216.182
  1100:     9218.184     9220.186     9222.188     9226.190     9228.192
  1105:     9236.194     9238.196     9240.198     9243.200     9245.202
  1110:     9248.204     9250.206     9254.208     9256.210     9257.212
  1115:     9284.214     9292.216     9303.218     9311.220     9315.222
  1120:     9319.224     9322.226     9325.228     9330.230     9332.232
  1125:     9335.234     9339.236     9341.238     9343.240     9345.242
  1130:     9349.244     9364.246     9369.248     9370.250     9767.252
  1135:     9936.254     9946.256     9948.258     9951.260     9973.262
  1140:     9980.264     9982.266     9986.268     9990.270    10001.272
  1145:    10045.274    10047.276    10049.278    10050.280    10054.282
  1150:    10057.284    10063.286    10065.288    10066.290    10071.292
  1155:    10079.294    10081.296    10087.298    10090.300    10090.302
  1160:    10091.304    10099.306    10150.308    10152.310    10154.312
  1165:    10162.314    10164.316    10170.318    10171.320    10173.322
  1170:    10174.324    10179.326    10181.328    10185.330    10211.332
  1175:    10220.334    11516.001    11525.002    11551.003    11553.004
  1180:    11555.005    11558.006    11560.007    11563.008    11565.009
  1185:    11568.010    11571.011    11573.012    11577.013    11580.014
  1190:    11581.015    11583.016    11591.017    11593.018    11598.019
  1195:    11609.020    11611.021    11614.022    11618.023    11621.024
  1200:    11624.025    11626.026    11628.027    11630.028    11636.029
  1205:    11638.030    11641.031    11642.032    11648.033    11650.034
  1210:    11652.035    11663.036    11666.037    11668.038    11670.039
  1215:    11672.040    11673.041    11676.042    11685.043    11687.044
  1220:    11689.045    11691.046    11696.047    11697.048    11699.049
  1225:    11700.050    11702.051    11704.052    11706.053    11713.054
  1230:    11716.055    11719.056    11721.057    11723.058    11729.059
  1235:    11732.060    11738.061    11745.062    11754.063    11756.064
  1240:    11756.064    11758.065    11806.000    11806.000    12214.001
  1245:    12223.002    12223.003    12226.004    12229.005    12230.006
  1250:    12234.007    12240.008    12241.009    12247.010    12249.011
  1255:    12252.012    12253.013    12255.014    12262.015    12263.016
  1260:    12265.017    12271.018    12273.019    12276.020    12280.021
  1265:    12283.022    12286.023    12287.024    12294.025    12304.026
  1270:    12306.027    12310.028    12313.029    12314.030    12320.031
  1275:    12324.032    12326.033    12338.034    12342.035    12346.036
  1280:    12348.037    12350.038    12352.039    12355.040    12357.041
  1285:    12361.042    12362.043    12366.044    12372.045    12375.046
  1290:    12379.047    12381.048    12383.049    12386.050    12388.051
  1295:    12391.052    12393.053    12395.054    12399.055    12401.056
  1300:    12406.057    12406.057    12456.000    12456.000    12545.001
  1305:    12722.002    12726.003    12729.004    12734.005    12736.006
  1310:    12739.007    12740.008    12746.009    12748.010    12750.011
  1315:    12751.012    12754.013    12757.014    12791.015    12792.016
  1320:    12794.017    12795.018    12797.019    12799.020    12808.021
  1325:    12812.022    12812.023    12813.024    12820.025    12823.026
  1330:    12825.027    12826.028    12830.029    12832.030    12834.031
  1335:    12846.032    12852.033    12854.034    12856.035    12861.036
  1340:    12862.037    12864.038    12869.039    12871.040    12873.041
  1345:    12876.042    12877.043    12878.044    12883.045    12885.046
  1350:    12886.047    12893.048    12897.049    12904.050    12906.051
  1355:    12908.052    12915.053    12917.054    12921.055    12927.056
  1360:    12928.057    12929.058    12932.059    12934.060    12936.061
  1365:    12943.062    12945.063    12949.064    12953.065    12954.066
  1370:    12957.067    12958.068    12961.069    12963.070    12966.071
  1375:    12969.072    12970.073    12973.074    12982.075    12987.076
  1380:    12992.077    12994.078    12996.079    13000.080    13005.081
  1385:    13007.082    13008.083    13011.084    13012.085    13014.086
  1390:    13019.087    13022.088    13024.089    13025.090    13027.091
  1395:    13034.092    13038.093    13041.094    13044.095    13049.096
  1400:    13055.097    13056.097    13106.000    13106.000    13419.001
  1405:    13688.002    13695.003    13698.004    13706.005    13711.006
  1410:    13714.007    13717.008    13718.009    13725.010    13728.011
  1415:    13735.012    13738.013    13741.014    13743.015    13748.015
  1420:    13798.000    13798.000    14023.001    14038.002    14147.003
  1425:    14153.004    14198.005    14205.006    14210.007    14212.008
  1430:    14247.009    14248.010    14261.011    14269.012    14272.013
  1435:    14274.014    14275.015    14277.016    14278.017    14283.018
  1440:    14290.019    14291.020    14293.021    14294.022    14297.023
  1445:    14298.024    14300.025    14302.026    14309.027    14314.028
  1450:    14316.029    14322.030    14324.031    14327.032    14329.033
  1455:    14335.034    14341.035    14343.036    14345.037    14348.038
  1460:    14350.039    14352.040    14354.041    14356.042    14360.043
  1465:    14362.044    14371.045    14377.046    14401.046    14451.000
  1470:    14451.000    14451.295    14451.296    14451.297    14451.298
  1475:    14451.299    14451.300    14451.301    14451.302    14451.303
  1480:    14451.304    14451.305    14451.306    14451.307    14451.308
  1485:    14451.309    14451.310    14451.311    14451.312    14451.313
  1490:    14451.314    14451.315    14451.316    14451.317    14451.318
  1495:    14451.319    14451.320    14451.321    14451.322    14451.323
  1500:    14451.324    14451.325    14451.326    14451.327    14451.328
  1505:    14451.329    14451.330    14451.331    14451.332    14451.333
  1510:    14451.334    14451.335    14451.336    14451.337    14451.338
  1515:    14451.339    14451.340    14451.341    14451.342    14451.343
  1520:    14451.344    14451.345    14451.346    14451.347    14451.348
  1525:    14451.349    14451.350    14451.351    14451.352    14451.353
Y:
     0:        0.000       87.001      180.002      238.003      240.004
     5:      247.005      250.006      254.007      256.008      260.009
    10:      277.010      280.011      282.012      285.013      286.014
    15:      293.015      294.016      298.017      303.018      306.019
    20:      308.020      309.021      312.022      314.023      319.024
    25:      319.025      320.026      328.027      340.028      343.029
    30:      348.030      356.031      357.032      361.033      365.034
    35:      369.035      380.036      387.037      392.038      394.039
    40:      395.040      399.041      401.042      405.043      408.044
    45:      410.045      412.046      418.047      440.048      448.049
    50:      450.050      455.051      461.052      463.053      466.054
    55:      470.055      474.056      476.057      479.058      480.059
    60:      485.060      486.061      496.062      517.063      520.064
    65:      525.065      535.066      539.067      541.068      541.068
    70:      591.000      591.000     1004.001     1005.002     1029.003
    75:     1034.004     1037.005     1039.006     1040.007     1043.008
    80:     1045.009     1047.010     1049.011     1052.012     1053.013
    85:     1056.014     1066.015     1073.016     1076.017     1078.018
    90:     1080.019     1085.020     1087.021     1089.022     1091.023
    95:     1094.024     1102.025     1104.026     1110.027     1113.028
   100:     1123.029     1125.030     1128.031     1129.032     1132.033
   105:     1149.034     1150.035     1155.036     1156.037     1162.038
   110:     1163.039     1164.040     1165.041     1166.042     1170.043
   115:     1173.044     1176.045     1186.046     1201.047     1211.048
   120:     1214.049     1216.050     1218.051     1226.052     1226.052
   125:     1276.000     1276.000     1883.001     1883.002     1890.003
   130:     1892.004     1894.005     1896.006     1898.007     1906.008
   135:     1910.009     1910.009     1960.000     1960.000     2593.001
   140:     2593.001     2643.000     2643.000     3162.002     3164.004
   145:     3171.006     3181.008     3183.010     3187.012     3190.014
   150:     3192.016     3194.018     3196.020     3198.022     3203.024
   155:     3208.026     3209.028     3214.030     3216.032     3219.034
   160:     3221.036     3227.038     3230.040     3236.042     3237.044
   165:     3243.046     3245.048     3249.050     3253.052     3255.054
   170:     3266.056     3267.058     3273.060     3275.062     3281.064
   175:     3285.066     3305.068     3307.070     3312.072     3314.074
   180:     3316.076     3318.078     3323.080     3328.082     3341.084
   185:     3346.086     3357.088     3359.090     3361.092     3364.094
   190:     3370.096     3372.098     3375.100     3377.102     3406.104
   195:     3463.106     3478.108     3478.110     3478.112     3481.114
   200:     3483.116     3487.118     3493.120     3495.122     3498.124
   205:     3500.126     3652.128     3654.130     3656.132     3658.134
   210:     3664.136     3666.138     3667.140     3676.142     3681.144
   215:     4099.146     4169.148     4171.150     4175.152     9145.001
   220:     9148.002     9150.003     9169.004     9170.005     9173.006
   225:     9179.007     9181.008     9183.009     9209.010     9211.011
   230:     9212.012     9218.013     9223.014     9226.015     9231.016
   235:     9237.017     9239.018     9242.019     9244.020     9251.021
   240:     9258.022     9266.023     9270.024     9272.025     9284.026
   245:     9286.027     9292.028     9294.029     9296.030     9300.031
   250:     9302.032     9304.033     9308.034     9310.035     9327.036
   255:     9335.037     9335.037     9338.038     9385.000     9385.000
   260:     9756.001     9804.002     9804.003     9806.004     9807.005
   265:     9811.006     9813.007     9816.008     9821.009     9823.010
   270:     9829.011     9832.012     9835.013     9838.014     9842.015
   275:     9843.016     9850.017     9852.018     9854.019     9864.020
   280:     9865.021     9869.022     9873.023     9875.024     9877.025
   285:     9879.026     9881.027     9883.028     9885.029     9887.030
   290:     9892.031     9894.032     9897.033     9904.034     9906.035
   295:     9924.036     9942.037     9944.038     9958.039     9960.040
   300:     9965.041     9966.042     9968.043     9971.044     9973.045
   305:     9975.046     9977.047     9981.048     9984.049     9986.050
   310:     9990.051    10012.052    10012.052    10062.000    10062.000
   315:    10656.001    10656.002    10661.003    10665.004    10674.005
   320:    10676.006    10678.007    10682.008    10682.008    10732.000
   325:    10732.000    11257.001    11289.002    11292.003    11294.004
   330:    11295.005    11305.006    11306.007    11313.008    11315.009
   335:    11317.010    11319.011    11337.012    11339.013    11348.014
   340:    11350.015    11352.016    11352.016    11402.000    11402.000
   345:    11802.001    11803.002    11810.003    11844.004    11850.005
   350:    11858.006    11860.007    11866.008    11868.009    11870.010
   355:    11873.011    11875.012    11878.013    11879.014    11881.015
   360:    11882.016    11890.017    11892.018    11894.019    11896.020
   365:    11898.021    11900.022    11910.023    11916.024    11920.025
   370:    11924.026    11932.027    11941.028    11948.029    11950.030
   375:    11954.031    11960.032    11964.033    11966.034    11969.035
   380:    11973.036    11975.037    11977.038    11979.039    11981.040
   385:    11991.041    11994.042    11998.043    12030.044    12030.044
   390:    12080.000    12080.000    12480.001    12516.002    12518.003
   395:    12520.004    12524.005    12526.006    12528.007    12531.008
   400:    12532.009    12546.010    12547.011    12551.012    12553.013
   405:    12555.014    12558.015    12560.016    12564.017    12566.018
   410:    12568.019    12570.020    12572.021    12579.022    12583.023
   415:    12585.024    12589.025    12627.026    12638.027    12643.028
   420:    12646.029    12648.030    12681.031    12690.032    12694.033
   425:    12696.034    12699.035    12700.035    12750.000    12750.000
   430:    13332.001    13335.002    13339.003    13341.004    13353.005
   435:    13360.006    13362.007    13364.008    13366.009    13368.010
   440:    13374.011    13374.011    13424.000    13424.000    13864.001
   445:    13865.002    13930.003    13933.004    13934.005    13961.006
   450:    13963.007    13968.008    13970.009    13972.010    13978.011
   455:    13980.012    13984.013    13986.014    13991.015    13993.016
   460:    13998.017    14002.018    14016.019    14018.020    14018.021
   465:    14028.022    14030.023    14034.024    14036.025    14036.025
   470:    14086.000    14086.000    14350.001    14406.002    14409.003
   475:    14473.004    14479.005    14481.006    14486.007    14488.008
   480:    14490.009    14493.010    14496.011    14502.012    14504.013
   485:    14506.014    14509.015    14510.016    14545.017    14546.018
   490:    14554.019    14562.020    14565.021    14570.022    14602.023
   495:    14604.024    14610.025    14614.026    14616.027    14618.028
   500:    14620.029    14623.030    14625.031    14628.032    14634.033
   505:    14637.034    14653.035    14655.036    14660.037    14664.038
   510:    14666.039    14668.040    14672.041    14674.042    14676.043
   515:    14678.044    14680.045    14683.046    14685.047    14688.048
   520:    14690.049    14702.050    14702.050    14752.000    14752.000
   525:    15140.001    15142.002    15144.003    15148.004    15150.005
   530:    15155.006    15156.007    15165.008    15171.009    15173.010
   535:    15180.011    15189.012    15192.013    15199.014    15208.015
   540:    15209.016    15210.017    15217.018    15219.019    15223.020
   545:    15225.021    15227.022    15230.023    15252.024    15253.025
   550:    15256.026    15258.027    15265.028    15267.029    15269.030
   555:    15271.031    15273.032    15275.033    15277.034    15279.035
   560:    15281.036    15285.037    15317.038    15324.039    15326.040
   565:    15334.041    15341.042    15343.043    15345.044    15346.045
   570:    15353.046    15356.047    15374.048    15374.048    15424.000
   575:    15424.000    16056.001    16056.001    16106.000    16106.000
   580:    16300.001    16302.002    16309.003    16375.004    16375.005
   585:    16382.006    16385.007    16392.008    16398.009    16403.010
   590:    16405.011    16406.012    16408.013    16412.014    16414.015
   595:    16417.016    16420.017    16426.018    16430.019    16432.020
   600:    16441.021    16443.022    16449.023    16451.024    16453.025
   605:    16455.026    16460.027    16463.028    16466.029    16470.030
   610:    16472.031    16486.032    16488.033    16497.034    16499.035
   615:    16512.036    16513.037    16516.038    16518.039    16524.040
   620:    16526.041    16528.042    16530.043    16535.044    16563.045
   625:    16565.046    16570.047    16572.048    16576.049    16579.050
   630:    16584.051    16589.052    16591.053    16594.054    16597.055
   635:    16608.056    16617.057    16618.058    16628.059    16634.060
   640:    16636.061    16638.062    16651.063    16654.064    16656.065
   645:    16661.066    16663.067    16665.068    16676.069    16686.070
   650:    16689.071    16690.072    16693.073    16704.074    16706.075
   655:    16719.076    16719.076    16769.000    16769.000    17127.002
   660:    17127.004    17129.006    17144.008    17146.010    17146.012
   665:    17151.014    17153.016    17155.018    17157.020    17161.022
   670:    17164.024    17174.026    17181.028    17183.030    17188.032
   675:    17190.034    17192.036    17193.038    17198.040    17201.042
   680:    17215.044    17216.046    17222.048    17232.050    17235.052
   685:    17238.054    17240.056    17274.058    17276.060    17291.062
   690:    17293.064    17295.066    17296.068    17299.070    17307.072
   695:    17308.074    17311.076    17320.078    17335.080    17337.082
   700:    17346.084    17357.086    17359.088    17361.090    17380.092
   705:    17390.094    17457.096    17460.098    17472.100    17480.102
   710:    17482.104    17488.106    17495.108    17497.110    17498.112
   715:    17517.114    17519.116    17527.118    17598.120    17598.122
   720:    17601.124    17603.126    17732.128    17733.130    17984.132
   725:    17987.134    18044.136    18284.138    18478.140    18500.142
   730:    18683.143    18685.144    18807.145    18819.146    18820.147
   735:    18823.148    18826.149    18828.150    18833.151    18836.152
   740:    18838.153    18844.154    18846.155    18850.156    18852.157
   745:    18853.158    18856.159    18857.160    18859.161    18865.162
   750:    18866.163    18868.164    18870.165    18872.166    18873.167
   755:    18875.168    18881.169    18883.170    18887.171    18888.172
   760:    18904.173    18906.174    18911.175    18917.176    18919.177
   765:    18920.178    18928.179    18929.180    18931.181    18935.182
   770:    18939.183    18941.184    18943.185    18945.186    18962.187
   775:    18963.188    18969.189    18969.190    18971.191    18973.192
   780:    18988.193    18990.194    18992.195    19029.196    19033.197
   785:    19035.198    19039.199    19047.200    19049.201    19052.202
   790:    19055.203    19062.204    19066.205    19070.206    19072.207
   795:    19081.208    19095.209    19098.210    19102.211    19107.212
   800:    19111.213    19119.214    19126.215    19128.216    19130.217
   805:    19134.218    19138.219    19140.220    19154.221    19162.222
   810:    19165.223    19166.224    19171.225    19173.226    19188.227
   815:    19192.228    19196.229    19202.230    19206.231    19216.232
   820:    19218.233    19220.234    19233.235    19235.236    19237.237
   825:    19243.238    19247.239    19249.240    19251.241    19264.242
   830:    19274.243    19275.244    19288.245    19288.245    19338.000
   835:    19338.000    19338.335    19338.336    19338.337    19338.338
   840:    19338.339    19338.340    19338.341    19338.342    19338.343
   845:    19338.344    19338.345    19338.346    19338.347    19338.348
   850:    19338.349    19338.350    19338.351    19338.352    19338.353
   855:    19338.354    19338.355    19338.356    19338.357    19338.358
   860:    19338.359    19338.360    19338.361    19338.362    19338.363
   865:    19338.364    19338.365    19338.366    19338.367    19338.368
   870:    19338.369    19338.370    19338.371    19338.372    19338.373
   875:    19338.374    19338.375    19338.376    19338.377    19338.378
   880:    19338.379    19338.380    19338.381    19338.382    19338.383
   885:    19338.384    19338.385    19338.386    19338.387    19338.388
   890:    19338.389    19338.390    19338.391    19338.392    19338.393
   895:    19338.394    19338.395    19338.396    19338.397    19338.398
   900:    19338.399    19338.400    19338.401    19338.402    19338.403
   905:    19338.404    19338.404    19338.000    19338.000    19721.001
   910:    19723.002    19724.003    19725.004    19737.005    19756.006
   915:    19758.007    19764.008    19766.009    19769.010    19771.011
   920:    19776.012    19778.013    19780.014    19785.015    19801.016
   925:    19810.017    19814.018    19816.019    19818.020    19839.021
   930:    19847.022    19849.023    19853.024    19855.025    19858.026
   935:    19859.027    19862.028    19864.029    19872.030    19874.031
   940:    19876.032    19882.033    19891.034    19894.035    19898.036
   945:    19901.037    19903.038    19904.039    19911.040    19918.041
   950:    19920.042    19922.043    19924.044    19929.045    19942.046
   955:    19944.047    19945.048    19949.049    19951.050    19951.050
   960:    20001.000    20001.000    20206.001    20223.002    20241.003
   965:    20245.004    20247.005    20251.006    20270.007    20280.008
   970:    20292.009    20298.010    20304.011    20305.012    20308.013
   975:    20310.014    20311.015    20318.016    20320.017    20323.018
   980:    20325.019    20330.020    20332.021    20338.022    20339.023
   985:    20342.024    20350.025    20353.026    20355.027    20357.028
   990:    20381.029    20382.030    20390.031    20408.032    20409.033
   995:    20422.034    20429.035    20433.036    20437.037    20441.038
  1000:    20443.039    20448.040    20451.041    20455.042    20460.043
  1005:    20464.044    20476.045    20482.046    20494.047    20502.048
  1010:    20503.049    20509.050    20519.051    20523.052    20527.053
  1015:    20530.054    20533.055    20554.056    20564.057    20566.058
  1020:    20570.059    20608.060    20609.061    20611.062    20618.063
  1025:    20618.063    20668.000    20668.000    21041.001    21044.002
  1030:    21048.003    21059.004    21065.005    21069.006    21072.007
  1035:    21074.008    21079.009    21081.010    21083.011    21088.012
  1040:    21089.013    21095.014    21097.015    21099.016    21101.017
  1045:    21103.018    21111.019    21112.020    21117.021    21119.022
  1050:    21121.023    21141.024    21144.025    21150.026    21152.027
  1055:    21156.028    21158.029    21160.030    21161.031    21164.032
  1060:    21171.033    21172.034    21178.035    21183.036    21185.037
  1065:    21187.038    21189.039    21194.040    21218.041    21220.042
  1070:    21225.043    21231.044    21235.045    21238.046    21240.047
  1075:    21252.048    21254.049    21256.050    21261.051    21275.052
  1080:    21283.053    21283.053    21333.000    21333.000    21547.002
  1085:    21548.004    21692.006    21709.008    21711.010    21716.012
  1090:    21718.014    21721.016    21723.018    21728.020    21730.022
  1095:    21734.024    21735.026    21741.028    21745.030    21748.032
  1100:    21750.034    21753.036    21762.038    21771.040    21779.042
  1105:    21784.044    21787.046    21791.048    21800.050    21804.052
  1110:    21806.054    21820.056    21828.058    21830.060    21832.062
  1115:    21834.064    21837.066    21861.068    21862.070    21870.072
  1120:    21872.074    21875.076    21877.078    21908.080    21914.082
  1125:    21918.084    21922.086    21924.088    21926.090    21928.092
  1130:    21932.094    21934.096    21949.098    21950.100    21953.102
  1135:    21959.104    21961.106    21963.108    21966.110    21983.112
  1140:    21998.114    21999.116    22001.118    22004.120    22014.122
  1145:    22018.124    22024.126    22030.128    22035.130    22042.132
  1150:    22052.134    22075.136    22077.138    22080.140    22084.142
  1155:    22091.144    22095.146    22135.148    22137.150    22137.152
  1160:    22140.154    22144.156    22147.158    22243.160    22246.162
  1165:    22707.164    22767.166    22768.168    22778.170    22779.172
  1170:    22781.174    22787.176    22790.178    22798.180    22801.182
  1175:    22802.184    22810.186    22817.188    22835.190    22839.192
  1180:    22845.194    22851.196    22853.198    22860.200    22861.202
  1185:    22869.204    22876.206    22881.208    22903.210    22906.212
  1190:    22909.214    22911.216    22912.218    22918.220    22927.222
  1195:    22927.224    22929.226    22937.228    22939.230    22942.232
  1200:    22952.234    22958.236    22963.238    22979.240    22981.242
  1205:    22983.244    22989.246    22991.248    23000.250    23003.252
  1210:    23004.254    23009.256    23016.258    23030.260    23038.262
  1215:    23049.264    23052.266    23054.268    23060.270    23070.272
  1220:    23077.274    23078.276    23082.278    23084.280    23092.282
  1225:    23096.284    23101.286    23110.288    23113.290    23123.292
  1230:    23124.294
