File: C:\MED-PC\Data\2018-04-27_09h22m_Subject M332.txt


Start Date: 04/27/18
End Date: 04/27/18
Subject: M332
Experiment: DOBLE_PICO_DEMORA
Group: EXP
Box: 9
Start Time: 09:22:30
End Time: 10:36:13
MSN: IF_ACO_MULTIPLE_PICO
A:     907.000
B:      20.000
D:      23.000
I:       1.000
J:   18000.000
K:    5400.000
M:       4.000
N:      21.000
O:      23.000
P:    1057.000
Q:       0.000
T:    1000.000
V:     600.000
W:      20.000
Z:       0.000
C:
     0:        0.120        0.120        0.120        0.120        0.120
     5:        0.120        0.120        0.120        0.120        0.120
    10:        0.120        0.120        0.120        0.120        0.120
    15:        0.120        0.120        0.120        0.120        0.120
    20:        0.120        0.120        0.120        0.120        0.120
    25:        0.120        0.120        0.120        0.120        0.510
    30:      145.110      153.110      163.110      166.110      170.110
    35:      179.120      180.120      196.120      196.120      205.120
    40:      226.110      230.110      232.110      234.110      241.110
    45:      243.110      245.110      252.110      253.110      263.110
    50:      264.110      268.110      277.110      289.110      291.110
    55:      295.110      299.110      301.110      303.110      305.110
    60:      311.110      312.110      315.110      324.110      331.110
    65:      332.110      335.110      340.110      343.110      346.110
    70:      348.110      350.110      372.110      376.110      379.110
    75:      383.110      386.110      397.110      399.110      404.110
    80:      409.110      412.110      423.110      425.110      427.110
    85:      438.110      440.110      441.110      451.110      468.110
    90:      468.110      478.110      480.110      485.110      488.110
    95:      502.110      504.110      506.110      514.110      526.110
   100:      528.110      532.110      534.110      536.110      538.110
   105:      540.110      540.210      545.120      590.310      595.120
   110:      690.500      696.120      698.120      745.120      760.120
   115:      777.120      788.120      794.120      821.120      984.120
   120:      991.120     1016.120     1018.120     1033.100     1044.100
   125:     1049.120     1075.120     1086.120     1098.100     1099.100
   130:     1101.100     1103.100     1111.100     1117.100     1120.100
   135:     1122.100     1127.100     1131.100     1134.100     1141.100
   140:     1154.100     1157.100     1167.100     1172.100     1179.100
   145:     1182.100     1184.100     1187.100     1188.100     1190.100
   150:     1194.100     1198.100     1200.100     1204.100     1212.100
   155:     1222.100     1224.100     1227.100     1229.100     1233.100
   160:     1236.100     1243.100     1244.100     1251.100     1258.100
   165:     1262.100     1267.100     1269.100     1271.100     1276.100
   170:     1291.100     1293.200     1295.100     1301.120     1343.300
   175:     1380.120     1443.500     1646.120     1809.120     1810.120
   180:     1888.120     1901.120     2003.120     2006.120     2014.100
   185:     2023.100     2026.100     2030.100     2034.100     2037.100
   190:     2040.100     2044.100     2052.100     2055.100     2059.100
   195:     2067.100     2072.100     2074.200     2076.100     2081.120
   200:     2124.300     2224.510     2239.120     2314.120     2336.120
   205:     2389.120     2418.120     2420.120     2644.120     2668.120
   210:     2683.110     2687.120     2714.110     2717.110     2769.110
   215:     2769.110     2773.120     2775.120     2793.110     2795.110
   220:     2797.110     2799.110     2801.110     2810.110     2815.110
   225:     2818.110     2825.110     2829.110     2831.110     2834.110
   230:     2837.110     2840.110     2840.210     2842.110     2845.120
   235:     2890.310     2897.120     2990.510     3075.120     3109.120
   240:     3111.120     3162.120     3177.120     3178.120     3227.120
   245:     3244.120     3259.110     3262.110     3265.110     3273.110
   250:     3275.110     3276.110     3289.110     3292.110     3298.110
   255:     3305.110     3309.110     3310.110     3313.110     3318.110
   260:     3322.110     3325.110     3327.110     3342.110     3346.110
   265:     3348.110     3352.110     3358.110     3360.110     3362.110
   270:     3368.110     3371.110     3372.110     3377.110     3380.110
   275:     3387.110     3399.110     3401.110     3404.110     3410.110
   280:     3412.110     3419.110     3429.110     3430.110     3432.110
   285:     3438.110     3446.110     3449.110     3451.110     3459.110
   290:     3463.110     3464.110     3468.110     3479.110     3483.110
   295:     3485.110     3487.110     3490.110     3492.110     3496.110
   300:     3501.110     3511.110     3511.110     3522.110     3529.110
   305:     3537.110     3543.110     3551.110     3552.110     3554.110
   310:     3561.110     3563.110     3565.110     3567.110     3571.110
   315:     3572.110     3573.110     3577.110     3588.110     3590.110
   320:     3595.110     3605.110     3606.110     3608.110     3610.110
   325:     3619.110     3622.110     3625.110     3627.110     3631.110
   330:     3655.110     3655.210     3658.110     3660.120     3705.310
   335:     3770.120     3781.120     3805.510     3833.120     3867.120
   340:     3892.120     3894.120     3895.120     3920.120     3924.120
   345:     4011.120     4218.110     4223.110     4226.110     4229.110
   350:     4234.110     4244.110     4247.110     4249.110     4253.110
   355:     4258.110     4275.110     4276.110     4280.110     4282.110
   360:     4299.110     4307.110     4318.110     4325.110     4329.110
   365:     4339.110     4359.110     4361.110     4363.110     4371.110
   370:     4374.110     4376.110     4378.110     4380.110     4383.110
   375:     4385.110     4391.110     4393.110     4394.110     4396.110
   380:     4422.110     4427.110     4429.110     4439.110     4444.110
   385:     4448.110     4448.210     4450.110     4454.120     4498.310
   390:     4499.120     4598.500     4763.120     4773.120     4836.120
   395:     4974.120     4997.100     5019.100     5088.100     5094.100
   400:     5099.100     5101.100     5105.100     5109.100     5115.100
   405:     5119.100     5132.100     5134.100     5137.100     5139.100
   410:     5152.100     5156.100     5159.100     5179.100     5180.100
   415:     5183.100     5188.100     5190.100     5193.100     5199.200
   420:     5207.120     5249.300     5275.120     5288.120     5324.120
   425:     5325.120     5349.510     5543.120     5543.120     5629.120
   430:     5682.120     5733.120     5989.120     6014.120     6028.110
   435:     6028.210     6031.120     6078.310     6178.500     6261.120
   440:     6326.120     6328.120     6395.120     6417.120     6418.120
   445:     6472.120     6521.120     6646.120     6682.100     6740.100
   450:     6741.100     6749.100     6751.100     6764.100     6771.100
   455:     6780.100     6785.100     6788.100     6789.100     6793.100
   460:     6797.100     6800.100     6800.200     6809.120     6832.120
   465:     6850.300     6857.120     6950.500     6985.120     7065.120
   470:     7127.120     7142.100     7242.120     7283.100     7287.100
   475:     7293.100     7305.120     7319.120     7320.120     7376.120
   480:     7378.120     7406.100     7412.100     7414.100     7418.100
   485:     7420.100     7423.100     7426.100     7430.100     7431.100
   490:     7435.100     7445.100     7447.100     7450.100     7452.100
   495:     7454.100     7465.100     7468.100     7472.100     7477.100
   500:     7479.100     7480.100     7493.100     7496.100     7501.100
   505:     7518.100     7520.100     7523.100     7528.100     7544.100
   510:     7548.100     7551.100     7553.200     7563.120     7603.300
   515:     7629.120     7629.120     7703.510     7760.120     7776.120
   520:     7856.120     7877.120     8187.120     8188.120     8189.120
   525:     8228.110     8232.110     8234.110     8243.110     8247.110
   530:     8249.110     8263.110     8267.110     8268.110     8276.110
   535:     8283.110     8312.110     8316.110     8326.110     8329.110
   540:     8330.110     8359.110     8359.210     8360.110     8365.120
   545:     8409.310     8508.120     8509.510     8617.120     8649.120
   550:     8655.120     8667.120     8716.120     8978.120     8992.120
   555:     8996.120     9005.110     9008.110     9010.110     9012.110
   560:     9016.110     9018.110     9031.110     9033.110     9040.110
   565:     9043.110     9046.110     9048.110     9060.110     9066.110
   570:     9067.110     9069.110     9074.110     9080.110     9083.110
   575:     9093.110     9096.110     9104.110     9105.110     9110.110
   580:     9116.110     9118.110     9121.110     9123.110     9125.110
   585:     9138.110     9148.110     9150.110     9156.110     9156.210
   590:     9162.120     9206.310     9216.120     9306.530     9454.120
   595:     9495.120     9518.120     9520.120     9551.120     9553.120
   600:     9589.120     9805.120     9825.120     9838.100     9841.100
   605:     9844.100     9846.100     9856.100     9859.100     9861.100
   610:     9864.100     9868.100     9870.100     9873.100     9882.100
   615:     9884.100     9889.100     9891.100     9900.100     9907.100
   620:     9911.100     9914.100     9925.100     9928.100     9951.100
   625:     9954.100     9956.100     9961.100     9963.100     9968.100
   630:     9981.100     9986.100    10003.100    10005.100    10008.100
   635:    10012.100    10036.100    10039.100    10055.100    10057.100
   640:    10061.100    10065.100    10069.100    10084.100    10092.100
   645:    10095.100    10104.100    10106.100    10112.100    10112.100
   650:    10116.100    10118.100    10122.100    10127.100    10137.100
   655:    10147.100    10152.100    10153.100    10155.100    10160.100
   660:    10163.100    10164.100    10169.100    10179.100    10189.100
   665:    10198.100    10219.100    10222.100    10223.100    10229.120
   670:    10237.120    10239.120    10249.100    10254.100    10258.100
   675:    10265.100    10276.100    10279.100    10282.100    10293.100
   680:    10297.100    10300.100    10304.100    10305.100    10309.100
   685:    10312.100    10337.100    10341.100    10343.100    10346.100
   690:    10767.100    10771.100    10779.100    10787.120    11106.330
   695:    11143.120    11144.120    11166.120    11172.120    11178.120
   700:    11206.540    11377.120    11479.120    11479.120    11492.110
   705:    11496.110    11499.110    11508.110    11521.110    11524.110
   710:    11527.110    11528.110    11538.110    11546.110    11552.110
   715:    11559.110    11564.110    11566.110    11568.110    11572.110
   720:    11581.110    11584.110    11603.110    11607.110    11613.110
   725:    11616.110    11624.110    11629.110    11645.110    11647.110
   730:    11674.110    11675.110    11677.110    11683.110    11686.110
   735:    11699.110    11701.110    11706.110    11710.110    11717.110
   740:    11718.110    11735.110    11736.110    11738.110    11740.110
   745:    11742.110    11743.110    11745.110    11749.110    11752.110
   750:    11755.110    11766.110    11771.110    11776.110    11788.110
   755:    11790.110    11792.110    11794.110    11800.110    11811.110
   760:    11812.110    11818.110    11820.110    11822.110    11826.110
   765:    11831.110    11834.110    11837.110    11840.110    11842.110
   770:    11844.110    11850.110    11852.110    11858.110    11861.110
   775:    11862.110    11882.110    11885.110    11886.110    11887.110
   780:    11891.110    11896.110    11898.110    11902.110    11905.110
   785:    11914.110    11925.110    11928.110    11934.110    11940.110
   790:    11941.110    11954.110    11982.110    11984.110    12031.110
   795:    12034.110    12043.110    12051.120    12095.120    12098.120
   800:    12109.110    12111.110    12125.110    12208.120    12224.120
   805:    12234.110    12240.110    12247.110    12326.120    12344.110
   810:    12350.110    12351.110    12354.110    12373.120    12375.120
   815:    12386.120    12551.120    12576.110    12725.110    12810.120
   820:    12835.110    12839.110    12843.110    12844.110    12847.110
   825:    12847.110    12850.110    12853.110    12878.110    12878.110
   830:    12880.110    12883.110    12891.110    12891.110    12897.110
   835:    12901.120    12954.120    12959.120    12959.120    12970.110
   840:    12973.110    12975.110    12983.110    12985.110    12987.110
   845:    13000.110    13006.340    13006.110    13106.510    13414.110
   850:    13514.110    13520.110    13726.110    13728.110    13731.110
   855:    13737.110    13739.110    13752.110    13752.210    13758.120
   860:    13802.310    13822.120    13902.500    14185.120    14302.120
   865:    14379.120    14387.100    14400.100    14404.100    14409.100
   870:    14412.100    14416.100    14419.100    14421.100    14426.100
   875:    14434.100    14436.100    14438.100    14440.100    14442.100
   880:    14448.100    14449.100    14460.100    14467.100    14470.100
   885:    14475.100    14483.100    14489.100    14502.200    14503.100
   890:    14510.120    14552.300    14652.500    14812.120    14940.120
   895:    15192.120    15199.120    15233.120    15259.120    15261.120
   900:    15263.120    15423.120    15447.100    15452.100    15454.100
   905:    15456.100    15458.100    15461.100    15461.100    15465.100
   910:    15467.100    15471.100    15474.100    15478.100    15480.100
   915:    15500.100    15507.200    15515.120    15557.300    15627.120
   920:    15657.510    15918.120    15920.120    15945.120    16257.120
   925:    16290.120    16306.120    16315.110    16315.210    16318.120
   930:    16365.310    16381.120    16465.510    16648.120    16871.120
   935:    16872.120    16923.120    16924.120    16958.120    16988.120
   940:    16989.120    17152.120    17153.120    17176.120    17198.110
   945:    17198.210    17201.120    17248.310    17283.120    17348.500
   950:    17513.120    17817.120    17867.100    17871.100    17874.100
   955:    17875.100    17878.100    17881.100    17891.100    17893.100
   960:    17904.100    17910.100    17913.100    17915.100    17921.100
   965:    17928.100    17935.100    17944.100    17947.100    17951.100
   970:    17951.200    17958.120    18001.300    18012.120    18101.500
   975:    18567.120    18635.120    18636.120    18637.120    18670.100
   980:    18683.100    18686.100    18689.100    18692.100    18694.100
   985:    18696.100    18704.100    18707.100    18709.100    18712.100
   990:    18714.100    18717.100    18723.100    18725.100    18727.100
   995:    18729.100    18730.200    18737.120    18777.120    18778.120
  1000:    18780.300    18789.120    18880.500    18954.120    19335.120
  1005:    19336.120    19338.120    19373.100    19384.100    19392.100
  1010:    19396.100    19403.100    19411.100    19414.100    19423.100
  1015:    19434.100    19437.100    19444.100    19454.100    19456.100
  1020:    19461.100    19463.100    19465.100    19466.100    19477.100
  1025:    19481.100    19482.100    19483.200    19490.120    19533.300
  1030:    19594.120    19595.120    19633.510    19657.120    19742.120
  1035:    19961.120    19962.120    19973.120    19987.110    20003.120
  1040:    20022.120    20042.110    20045.110    20047.110    20056.110
  1045:    20058.110    20065.110    20067.110    20072.110    20080.110
  1050:    20082.110    20087.110    20088.110    20092.110    20095.110
  1055:    20100.110    20102.110    20105.110    20109.110    20120.110
  1060:    20122.110    20123.110    20128.110    20135.110    20142.110
  1065:    20149.110    20150.110    20157.110    20159.110    20173.110
  1070:    20175.110    20177.110    20184.110    20186.110    20200.110
  1075:    20203.110    20207.110    20210.110    20211.110    20215.110
  1080:    20219.110    20221.110    20223.110    20231.110    20239.110
  1085:    20243.110    20245.110    20245.110    20249.110    20255.110
  1090:    20272.110    20276.110    20276.210    20282.120    20326.310
  1095:    20347.120    20426.500    20447.120    20469.120    20506.120
  1100:    20538.120    20727.120    20756.100    20759.100    20767.100
  1105:    20771.100    20784.100    20790.100    20797.100    20798.100
  1110:    20801.100    20804.100    20807.100    20813.100    20817.100
  1115:    20818.100    20837.100    20839.100    20843.100    20845.100
  1120:    20847.100    20857.100    20860.100    20866.100    20875.100
  1125:    20886.100    20895.100    20897.100    20900.100    20906.100
  1130:    20911.100    20920.100    20923.100    20930.100    20933.100
  1135:    20942.100    20959.100    20962.100    20964.100    20972.100
  1140:    20974.100    20977.100    20980.100    20983.100    20990.100
  1145:    21006.100    21010.100    21014.100    21025.100    21031.100
  1150:    21032.200    21040.120    21082.300    21098.120    21107.120
  1155:    21170.120    21182.540    21195.120    21240.120    21257.120
  1160:    21477.120    21625.120    21626.120    21648.110    21651.110
  1165:    21664.120    21693.110    21695.110    21703.110    21707.110
  1170:    21710.110    21720.110    21724.110    21727.110    21728.110
  1175:    21758.110    21759.110    21761.110    21763.110    21772.110
  1180:    21778.110    21779.110    21788.110    21807.110    21808.110
  1185:    21820.110    21822.110    21827.110    21856.110    21857.110
  1190:    21859.110    21863.110    21872.110    21879.110    21884.110
  1195:    21891.110    21896.110    21912.110    21918.110    21920.110
  1200:    21922.110    21926.110    21939.110    21946.110    21949.110
  1205:    21949.110    21952.110    21957.110    21968.110    21980.110
  1210:    21981.110    21984.110    21986.110    21990.110    22012.110
  1215:    22016.110    22042.110    22048.110    22059.110    22059.110
  1220:    22065.110    22066.110    22084.110    22086.110    22094.120
  1225:    22278.120    22279.120    22279.120    22506.120    22507.120
  1230:    22536.120    22721.120    22735.120    22754.120    22982.340
  1235:    23082.510    23229.120    23262.110    23271.110    23279.120
  1240:    23307.110    23310.110    23314.110    23323.110    23326.110
  1245:    23334.110    23341.110    23342.110    23344.110    23354.110
  1250:    23357.110    23361.110    23367.110    23378.110    23385.110
  1255:    23386.110    23392.110    23393.110    23400.110    23412.110
  1260:    23427.110    23432.110    23454.110    23454.110    23466.110
  1265:    23471.110    23479.110    23480.110    23484.110    23487.110
  1270:    23490.110    23497.110    23508.110    23515.110    23515.110
  1275:    23516.110    23519.110    23523.110    23530.110    23532.110
  1280:    23533.110    23535.110    23537.110    23542.110    23555.110
  1285:    23557.110    23561.110    23566.110    23568.110    23572.110
  1290:    23574.110    23576.110    23595.110    23600.110    23606.110
  1295:    23616.110    23619.110    23625.110    23627.110    23629.110
  1300:    23631.110    23639.110    23648.110    23650.110    23661.110
  1305:    23668.110    23682.110    23684.110    23686.110    23690.110
  1310:    23694.110    23702.110    23716.110    23737.110    23737.210
  1315:    23738.110    23741.120    23787.310    23802.120    23887.510
  1320:    23916.120    23964.120    23965.120    24027.120    24028.120
  1325:    24138.120    24175.120    24182.120    24184.120    24199.110
  1330:    24202.110    24204.110    24209.110    24209.110    24214.110
  1335:    24216.110    24223.110    24227.110    24231.110    24232.110
  1340:    24241.110    24245.110    24251.110    24253.110    24255.110
  1345:    24270.110    24274.110    24280.110    24289.110    24308.110
  1350:    24311.110    24324.110    24333.110    24358.110    24360.110
  1355:    24367.110    24369.110    24374.110    24374.110    24385.110
  1360:    24386.110    24399.110    24408.110    24412.110    24430.110
  1365:    24432.110    24450.110    24452.110    24456.110    24459.110
  1370:    24462.110    24464.110    24468.110    24484.110    24500.110
  1375:    24505.110    24513.110    24514.110    24520.110    24525.110
  1380:    24540.110    24540.210    24544.120    24589.120    24590.120
  1385:    24590.310    24690.530    24713.120    24762.120    24811.120
  1390:    24812.120    25012.120    25064.100    25243.120    25244.120
  1395:    25246.120    25269.120    25281.120    25295.100    25300.100
  1400:    25301.100    25307.100    25313.100    25318.100    25322.100
  1405:    25324.100    25326.100    25331.100    25344.100    25367.100
  1410:    25370.100    25377.100    25379.100    25391.100    25395.100
  1415:    25397.100    25402.100    25403.100    25407.100    25409.100
  1420:    25410.100    25429.100    25435.100    25439.100    25442.100
  1425:    25443.100    25445.100    25455.100    25456.100    25461.100
  1430:    25465.100    25476.100    25478.100    25483.100    25492.100
  1435:    25495.100    25497.100    25504.100    25527.100    25532.100
  1440:    25536.100    25544.100    25548.100    25553.100    25572.100
  1445:    25582.120    25601.100    25605.100    25615.100    25621.100
  1450:    25630.100    26026.100    26028.100    26030.100    26036.100
  1455:    26045.100    26048.100    26059.100    26060.100    26066.100
  1460:    26069.100    26072.100    26078.100    26091.100    26094.100
  1465:    26103.100    26107.100    26109.100    26127.100    26128.100
  1470:    26130.100    26135.100    26152.100    26155.100    26160.100
  1475:    26183.100    26186.100    26188.100    26191.100    26193.100
  1480:    26197.100    26210.100    26216.100    26223.100    26225.100
  1485:    26230.100    26232.100    26237.100    26246.100    26252.100
  1490:    26256.100    26258.100    26261.100    26268.100    26272.100
  1495:    26275.100    26286.100    26299.100    26304.100    26305.100
  1500:    26312.100    26316.100    26317.100    26338.100    26343.100
  1505:    26345.100    26367.100    26369.100    26372.100    26376.100
  1510:    26379.100    26386.120    26387.120    26423.100    26428.100
  1515:    26433.100    26438.120    26490.330    26549.120    26565.120
  1520:    26590.500    26597.100    26600.100    26811.120    26813.120
  1525:    26814.120    26844.120    26853.100    26871.100    26872.100
  1530:    26878.100    26911.100    26917.120    26958.100    26960.100
  1535:    26966.100    26980.100    26991.120    26999.120    27011.100
  1540:    27014.100    27017.100    27044.100    27047.100    27050.100
  1545:    27052.100    27058.100    27061.100    27064.100    27070.100
  1550:    27077.100    27080.100    27082.100    27084.100    27086.100
  1555:    27096.100    27116.100    27123.100    27126.100    27128.100
  1560:    27134.100    27137.100    27142.100    27145.100    27148.100
  1565:    27162.100    27172.100    27181.100    27186.100    27190.100
  1570:    27194.200    27195.100    27197.100    27201.120    27243.120
  1575:    27244.300    27344.500    27563.120    27659.100    27664.100
  1580:    27672.120    27769.120    27779.100    27783.100    27786.100
  1585:    27790.100    27795.100    27802.100    27805.100    27813.100
  1590:    27818.100    27822.100    27823.100    27826.100    27844.100
  1595:    27848.100    27867.100    27870.100    27872.100    27875.100
  1600:    27882.100    27885.100    27888.100    27895.100    27898.100
  1605:    27899.100    27902.100    27908.100    27912.100    27915.100
  1610:    27926.100    27933.100    27940.100    27943.100    27945.200
  1615:    27947.100    27956.120    27995.300    28016.120    28095.510
  1620:    28577.120    28608.120    28610.120    28622.120    28670.110
  1625:    28673.110    28693.120    28713.110    28715.110    28718.110
  1630:    28720.110    28726.110    28732.110    28736.110    28741.110
  1635:    28741.210    28744.110    28746.120    28788.120    28791.310
  1640:    28891.510    29008.120    29010.120    29091.120    29093.120
  1645:    29132.120    29173.120    29179.120    29199.120    29228.120
  1650:    29230.120    29234.120    29408.120    29442.120    29452.110
  1655:    29455.110    29455.110    29457.110    29458.110    29467.110
  1660:    29469.110    29470.110    29475.110    29481.110    29487.110
  1665:    29494.110    29496.110    29505.110    29507.110    29521.110
  1670:    29524.110    29526.110    29531.110    29534.110    29534.210
  1675:    29539.120    29584.310    29684.500    30111.120    30169.120
  1680:    30170.120    30261.120    30275.100    30297.100    30306.100
  1685:    30314.100    30317.100    30320.100    30323.100    30324.100
  1690:    30331.100    30335.200    30335.100    30343.120    30385.300
  1695:    30389.120    30401.120    30485.500    30875.120    30876.120
  1700:    30895.120    30933.120    30961.100    30966.100    30989.100
  1705:    30993.100    31001.100    31007.100    31010.100    31013.100
  1710:    31019.100    31021.100    31036.100    31038.100    31040.100
  1715:    31043.100    31050.100    31062.100    31067.100    31084.100
  1720:    31086.100    31096.200    31096.100    31103.120    31124.120
  1725:    31146.300    31157.120    31246.510    31446.120    31581.120
  1730:    31636.110    31640.110    31646.110    31663.110    31666.110
  1735:    31682.110    31684.110    31691.110    31692.110    31699.110
  1740:    31715.110    31727.110    31729.110    31735.110    31748.110
  1745:    31750.110    31756.110    31760.110    31761.110    31774.110
  1750:    31786.110    31787.110    31807.110    31821.110    31824.110
  1755:    31826.110    31828.110    31840.110    31858.110    31861.110
  1760:    31865.110    31870.110    31873.110    31874.110    31881.110
  1765:    31884.110    31892.110    31892.210    31892.110    31896.120
  1770:    31942.310    31985.120    32021.120    32032.120    32042.500
  1775:    32439.120    32490.100    32597.120    32599.120    32600.120
  1780:    32638.100    32641.100    32654.120    32676.100    32682.100
  1785:    32694.100    32698.200    32709.120    32741.120    32748.300
  1790:    32759.120    32848.510    33315.120    33316.120    33362.120
  1795:    33380.110    33384.110    33386.110    33396.110    33399.110
  1800:    33401.110    33403.110    33415.110    33419.110    33422.110
  1805:    33423.110    33429.110    33441.110    33442.110    33451.110
  1810:    33453.110    33456.110    33458.110    33460.110    33478.110
  1815:    33479.110    33481.110    33490.110    33492.110    33492.210
  1820:    33497.120    33542.310    33566.120    33642.510    33776.120
  1825:    33777.120    34056.120    34092.110    34098.110    34101.110
  1830:    34103.110    34105.110    34114.110    34116.110    34123.110
  1835:    34133.110    34135.110    34136.110    34141.110    34144.110
  1840:    34151.110    34152.110    34154.110    34165.110    34168.110
  1845:    34171.110    34178.110    34186.110    34191.110    34194.110
  1850:    34212.110    34214.110    34215.110    34224.110    34240.110
  1855:    34247.110    34253.110    34263.110    34265.110    34276.110
  1860:    34278.110    34281.110    34287.110    34287.210    34292.120
  1865:    34337.310    34386.120    34387.120    34397.120    34434.120
  1870:    34437.500    34882.120    34899.120    34924.100    34942.120
  1875:    34945.120    34947.120    34958.120    34970.100    34976.100
  1880:    34986.100    34994.100    35001.100    35003.100    35005.100
  1885:    35007.100    35012.100    35017.100    35033.100    35035.100
  1890:    35042.100    35046.200    35047.100    35055.120    35096.300
  1895:    35196.500    35254.120    35532.120    35534.120    35592.100
  1900:    35704.120    35705.120    35705.120    35736.120    35737.120
  1905:    35744.100    35751.100    35752.100    35767.100    35777.100
  1910:    35782.100    35784.100    35786.100    35788.100    35794.100
  1915:    35795.100    35801.100    35804.200    35811.120    35832.120
  1920:    35846.120    35854.300    35954.510    35965.120    35967.120
  1925:    35993.120    36249.120    36253.120    36300.110    36302.110
  1930:    36306.110    36309.110    36311.110    36319.110    36322.110
  1935:    36327.110    36337.110    36344.110    36345.110    36351.110
  1940:    36412.120    36452.110    36547.120    36616.120    36630.110
  1945:    36630.210    36634.120    36661.120    36661.120    36680.310
  1950:    36690.120    36698.120    36709.120    36709.120    36715.120
  1955:    36718.120    36746.120    36756.120    36780.500    36789.120
  1960:    36823.120    36908.120    36912.120    37065.120    37066.120
  1965:    37069.120    37069.120    37101.100    37171.100    37173.100
  1970:    37178.100    37185.120    37197.120    37204.100    37216.100
  1975:    37226.100    37232.100    37237.100    37243.100    37247.100
  1980:    37249.100    37256.100    37258.100    37260.100    37277.100
  1985:    37279.100    37281.100    37288.100    37294.100    37297.100
  1990:    37308.100    37311.100    37314.100    37317.100    37319.100
  1995:    37321.100    37325.100    37343.100    37346.100    37349.100
  2000:    37351.100    37353.100    37364.100    37368.100    37377.100
  2005:    37379.100    37380.100    37381.200    37389.120    37431.300
  2010:    37531.510    37640.120    37715.120    37993.110    37998.110
  2015:    38003.110    38006.110    38018.110    38021.110    38027.110
  2020:    38036.120    38068.120    38078.110    38080.110    38083.110
  2025:    38089.110    38093.110    38099.110    38104.110    38105.110
  2030:    38106.110    38109.110    38114.110    38130.110    38131.110
  2035:    38135.110    38137.110    38148.110    38149.110    38150.110
  2040:    38155.110    38157.110    38164.110    38172.110    38179.110
  2045:    38179.210    38185.120    38229.310    38249.120    38329.510
  2050:    38380.120    38382.120    38388.120    38652.120    38679.120
  2055:    38693.120    38694.120    38695.120    38709.110    38715.120
  2060:    38719.120    38721.120    38732.120    39180.120    39205.110
  2065:    39205.210    39209.120    39255.310    39258.120    39259.120
  2070:    39355.500    39410.120    39696.120    39697.120    39728.100
  2075:    39730.100    39735.100    39745.100    39748.100    39756.100
  2080:    39758.100    39769.100    39770.100    39773.100    39777.100
  2085:    39791.100    39793.100    39796.100    39798.100    39810.100
  2090:    39826.100    39830.100    39834.100    39841.100    39845.100
  2095:    39852.100    39854.100    39857.100    39867.100    39874.100
  2100:    39877.100    39882.100    39895.100    39897.100    39899.100
  2105:    39915.100    39917.100    39919.100    39922.100    39924.100
  2110:    39926.100    39933.100    39934.100    39936.100    39946.100
  2115:    39948.100    39953.100    39957.100    39957.200    39966.120
  2120:    40007.300    40107.510    40264.120    40265.120    40280.120
  2125:    40422.120    40555.120    40572.110    40573.110    40638.110
  2130:    40640.110    40643.110    40647.110    40651.110    40654.110
  2135:    40669.110    40671.110    40675.110    40680.110    40685.110
  2140:    40690.110    40691.110    40700.110    40704.110    40711.110
  2145:    40713.110    40718.110    40724.110    40725.110    40741.110
  2150:    40742.110    40745.110    40749.110    40749.210    40755.120
  2155:    40799.310    40800.120    40899.510    40913.120    41149.120
  2160:    41179.120    41216.120    41219.120    41418.120    41422.120
  2165:    41464.110    41467.110    41472.110    41475.110    41478.110
  2170:    41480.110    41491.110    41493.110    41511.110    41513.110
  2175:    41515.110    41518.110    41523.110    41531.110    41533.110
  2180:    41536.110    41538.110    41540.110    41548.110    41548.210
  2185:    41553.120    41598.310    41605.120    41692.120    41694.120
  2190:    41698.500    41753.100    41760.100    41770.100    41804.100
  2195:    41858.120    41860.120    41883.120
E:
     0:     2198.000      765.000      939.000
F:
     0:       70.000       33.813       29.153
G:
     0:        1.000        1.000        1.000        1.000        1.000
     5:        1.000        1.000        1.000        1.000        0.000
H:
     0:        1.000        1.000        2.000        2.000
L:
     0:     6132.000     6414.000     6109.000     6318.000     6134.000
     5:     6107.000     8644.000     6132.000     6389.000     6129.000
    10:     6165.000     6135.000     6115.000     6614.000     6207.000
    15:     6666.000     6194.000     6172.000     6114.000     6122.000
R:
     0:        1.000        1.000        1.000        1.000        1.000
     5:        1.000        1.000        1.000        1.000        0.000
S:
     0:        1.000        1.000
U:
     0:     6414.000        1.000        0.000
X:
     0:        0.000      342.001      353.002      408.003      409.004
     5:      411.005      412.006      421.007      427.008      429.009
    10:      432.010      436.011      441.012      444.013      451.014
    15:      464.015      466.016      477.017      482.018      489.019
    20:      491.020      493.021      497.022      498.023      500.024
    25:      503.025      508.026      510.027      514.028      521.029
    30:      532.030      534.031      536.032      539.033      543.034
    35:      546.035      552.036      554.037      561.038      567.039
    40:      571.040      576.041      579.042      581.043      585.044
    45:      601.045      603.045      604.046      653.000      653.000
    50:     1224.001     1233.002     1236.003     1239.004     1244.005
    55:     1246.006     1249.007     1253.008     1262.009     1264.010
    60:     1269.011     1276.012     1282.013     1284.013     1286.014
    65:     1334.000     1334.000     1732.001     1754.002     1823.003
    70:     1829.004     1834.005     1836.006     1840.007     1844.008
    75:     1850.009     1854.010     1867.011     1869.012     1872.013
    80:     1874.014     1887.015     1891.016     1894.017     1914.018
    85:     1915.019     1918.020     1923.021     1925.022     1928.023
    90:     1934.023     1984.000     1984.000     2487.001     2545.002
    95:     2546.003     2554.004     2557.005     2570.006     2577.007
   100:     2585.008     2590.009     2593.010     2595.011     2599.012
   105:     2602.013     2605.014     2605.014     2655.000     2655.000
   110:     2846.001     2988.002     2992.003     2997.004     3111.005
   115:     3117.006     3119.007     3123.008     3124.009     3127.010
   120:     3131.011     3135.012     3136.013     3140.014     3149.015
   125:     3152.016     3155.017     3156.018     3158.019     3169.020
   130:     3172.021     3177.022     3181.023     3183.024     3184.025
   135:     3198.026     3201.027     3205.028     3222.029     3224.030
   140:     3228.031     3232.032     3248.033     3252.034     3256.035
   145:     3258.035     3308.000     3308.000     3840.002     3843.004
   150:     3846.006     3848.008     3858.010     3861.012     3863.014
   155:     3866.016     3869.018     3872.020     3875.022     3884.024
   160:     3886.026     3891.028     3892.030     3902.032     3908.034
   165:     3913.036     3916.038     3927.040     3929.042     3952.044
   170:     3956.046     3958.048     3962.050     3965.052     3969.054
   175:     3982.056     3987.058     4004.060     4007.062     4009.064
   180:     4014.066     4037.068     4041.070     4057.072     4059.074
   185:     4063.076     4066.078     4070.080     4085.082     4093.084
   190:     4097.086     4105.088     4107.090     4114.092     4114.094
   195:     4117.096     4119.098     4123.100     4128.102     4138.104
   200:     4149.106     4154.108     4155.110     4156.112     4161.114
   205:     4164.116     4166.118     4170.120     4180.122     4190.124
   210:     4199.126     4220.128     4223.130     4225.132     4251.134
   215:     4256.136     4260.138     4267.140     4278.142     4281.144
   220:     4284.146     4295.148     4298.150     4301.152     4305.154
   225:     4307.156     4310.158     4313.160     4338.162     4343.164
   230:     4345.166     4347.168     4769.170     4772.172     4781.174
   235:     8389.001     8402.002     8405.003     8411.004     8414.005
   240:     8417.006     8420.007     8422.008     8427.009     8435.010
   245:     8438.011     8439.012     8442.013     8444.014     8449.015
   250:     8451.016     8462.017     8468.018     8471.019     8477.020
   255:     8484.021     8491.022     8504.022     8505.023     8554.000
   260:     8554.000     9348.001     9353.002     9355.003     9357.004
   265:     9359.005     9362.006     9363.007     9366.008     9368.009
   270:     9372.010     9375.011     9379.012     9381.013     9402.014
   275:     9408.014     9458.000     9458.000     9977.001     9980.002
   280:     9983.003     9985.004     9988.005     9991.006    10001.007
   285:    10002.008    10013.009    10020.010    10023.011    10025.012
   290:    10030.013    10038.014    10045.015    10053.016    10056.017
   295:    10060.018    10061.018    10111.000    10111.000    10679.001
   300:    10692.002    10695.003    10698.004    10701.005    10703.006
   305:    10705.007    10713.008    10716.009    10718.010    10721.011
   310:    10723.012    10726.013    10732.014    10735.015    10736.016
   315:    10739.017    10739.017    10789.000    10789.000    11281.001
   320:    11292.002    11301.003    11304.004    11311.005    11319.006
   325:    11322.007    11331.008    11343.009    11346.010    11352.011
   330:    11362.012    11364.013    11369.014    11371.015    11373.016
   335:    11375.017    11385.018    11389.019    11391.020    11391.020
   340:    11441.000    11441.000    11771.001    11774.002    11782.003
   345:    11785.004    11799.005    11804.006    11811.007    11813.008
   350:    11816.009    11819.010    11822.011    11827.012    11831.013
   355:    11833.014    11852.015    11854.016    11858.017    11860.018
   360:    11861.019    11872.020    11874.021    11880.022    11889.023
   365:    11901.024    11910.025    11912.026    11914.027    11920.028
   370:    11925.029    11935.030    11938.031    11944.032    11948.033
   375:    11957.034    11973.035    11976.036    11979.037    11987.038
   380:    11989.039    11992.040    11995.041    11998.042    12005.043
   385:    12020.044    12024.045    12028.046    12040.047    12045.048
   390:    12047.048    12097.000    12097.000    12470.002    12701.004
   395:    12706.006    12707.008    12713.010    12719.012    12724.014
   400:    12728.016    12730.018    12732.020    12737.022    12750.024
   405:    12773.026    12776.028    12783.030    12785.032    12797.034
   410:    12801.036    12803.038    12808.040    12809.042    12813.044
   415:    12815.046    12816.048    12835.050    12841.052    12845.054
   420:    12848.056    12849.058    12851.060    12861.062    12862.064
   425:    12867.066    12871.068    12882.070    12884.072    12889.074
   430:    12898.076    12901.078    12903.080    12910.082    12933.084
   435:    12938.086    12942.088    12950.090    12954.092    12959.094
   440:    12978.096    13007.098    13011.100    13021.102    13027.104
   445:    13036.106    13432.108    13434.110    13436.112    13442.114
   450:    13451.116    13454.118    13465.120    13466.122    13472.124
   455:    13475.126    13478.128    13484.130    13497.132    13500.134
   460:    13509.136    13513.138    13515.140    13533.142    13534.144
   465:    13536.146    13541.148    13558.150    13561.152    13566.154
   470:    13589.156    13592.158    13594.160    13597.162    13599.164
   475:    13603.166    13616.168    13622.170    13629.172    13631.174
   480:    13636.176    13638.178    13643.180    13652.182    13658.184
   485:    13662.186    13664.188    13667.190    13674.192    13678.194
   490:    13681.196    13692.198    13705.200    13710.202    13711.204
   495:    13718.206    13722.208    13723.210    13744.212    13749.214
   500:    13751.216    13773.218    13775.220    13778.222    13782.224
   505:    13785.226    13829.228    13834.230    13839.232    14003.233
   510:    14006.234    14259.235    14277.236    14278.237    14284.238
   515:    14317.239    14364.240    14366.241    14372.242    14386.243
   520:    14417.244    14420.245    14423.246    14450.247    14453.248
   525:    14456.249    14458.250    14464.251    14467.252    14470.253
   530:    14476.254    14483.255    14486.256    14488.257    14490.258
   535:    14492.259    14502.260    14522.261    14529.262    14532.263
   540:    14534.264    14540.265    14543.266    14548.267    14551.268
   545:    14554.269    14568.270    14578.271    14587.272    14592.273
   550:    14596.274    14600.274    14601.275    14603.276    14650.000
   555:    14650.000    14964.001    14970.002    15084.003    15089.004
   560:    15091.005    15095.006    15101.007    15108.008    15110.009
   565:    15118.010    15124.011    15127.012    15129.013    15131.014
   570:    15149.015    15153.016    15172.017    15175.018    15177.019
   575:    15180.020    15188.021    15191.022    15194.023    15201.024
   580:    15203.025    15204.026    15208.027    15213.028    15217.029
   585:    15221.030    15231.031    15238.032    15245.033    15249.034
   590:    15251.034    15252.035    15301.000    15301.000    15892.001
   595:    15914.002    15923.003    15931.004    15934.005    15936.006
   600:    15939.007    15940.008    15947.009    15952.009    15952.010
   605:    16002.000    16002.000    16478.001    16482.002    16506.003
   610:    16509.004    16517.005    16523.006    16526.007    16529.008
   615:    16535.009    16537.010    16552.011    16554.012    16556.013
   620:    16559.014    16566.015    16578.016    16583.017    16600.018
   625:    16602.019    16612.019    16613.020    16662.000    16662.000
   630:    17110.001    17258.002    17261.003    17296.004    17302.005
   635:    17314.006    17318.006    17368.000    17368.000    17855.001
   640:    17901.002    17906.003    17917.004    17924.005    17931.006
   645:    17933.007    17936.008    17938.009    17943.010    17948.011
   650:    17963.012    17965.013    17972.014    17977.014    17978.015
   655:    18027.000    18027.000    18422.001    18574.002    18581.003
   660:    18582.004    18597.005    18607.006    18612.007    18614.008
   665:    18616.009    18618.010    18624.011    18625.012    18631.013
   670:    18634.013    18684.000    18684.000    19005.001    19074.002
   675:    19077.003    19081.004    19108.005    19119.006    19130.007
   680:    19136.008    19140.009    19146.010    19150.011    19152.012
   685:    19160.013    19162.014    19164.015    19181.016    19182.017
   690:    19184.018    19191.019    19198.020    19200.021    19212.022
   695:    19214.023    19218.024    19221.025    19223.026    19225.027
   700:    19229.028    19247.029    19249.030    19253.031    19254.032
   705:    19256.033    19268.034    19272.035    19281.036    19282.037
   710:    19284.038    19285.038    19335.000    19335.000    19708.001
   715:    19710.002    19715.003    19724.004    19728.005    19736.006
   720:    19738.007    19748.008    19750.009    19753.010    19757.011
   725:    19770.012    19773.013    19776.014    19778.015    19790.016
   730:    19806.017    19810.018    19813.019    19821.020    19825.021
   735:    19832.022    19834.023    19836.024    19847.025    19853.026
   740:    19857.027    19862.028    19874.029    19877.030    19879.031
   745:    19894.032    19897.033    19899.034    19902.035    19904.036
   750:    19906.037    19912.038    19914.039    19916.040    19925.041
   755:    19928.042    19933.043    19937.044    19937.044    19987.000
   760:    19987.000    20042.001    20048.002    20059.003    20093.004
Y:
     0:        0.000      145.001      152.002      163.003      166.004
     5:      170.005      226.006      230.007      232.008      234.009
    10:      241.010      243.011      245.012      251.013      253.014
    15:      263.015      264.016      268.017      277.018      289.019
    20:      291.020      295.021      299.022      301.023      303.024
    25:      305.025      311.026      312.027      315.028      324.029
    30:      331.030      332.031      335.032      340.033      343.034
    35:      345.035      348.036      350.037      372.038      376.039
    40:      378.040      382.041      385.042      397.043      399.044
    45:      404.045      409.046      412.047      423.048      424.049
    50:      427.050      438.051      440.052      441.053      451.054
    55:      468.055      468.056      478.057      480.058      485.059
    60:      487.060      502.061      504.062      506.063      514.064
    65:      526.065      528.066      531.067      534.068      536.069
    70:      538.070      540.071      540.071      590.000      590.000
    75:     1049.001     1079.002     1082.003     1134.004     1134.005
    80:     1158.006     1160.007     1162.008     1165.009     1166.010
    85:     1175.011     1180.012     1183.013     1190.014     1194.015
    90:     1196.016     1199.017     1203.018     1205.019     1206.019
    95:     1207.020     1256.000     1256.000     1524.001     1527.002
   100:     1530.003     1538.004     1540.005     1541.006     1555.007
   105:     1557.008     1563.009     1570.010     1574.011     1576.012
   110:     1578.013     1583.014     1587.015     1590.016     1592.017
   115:     1607.018     1611.019     1613.020     1618.021     1623.022
   120:     1625.023     1627.024     1633.025     1636.026     1638.027
   125:     1642.028     1645.029     1652.030     1664.031     1666.032
   130:     1669.033     1675.034     1677.035     1684.036     1694.037
   135:     1696.038     1697.039     1703.040     1711.041     1714.042
   140:     1716.043     1725.044     1728.045     1729.046     1733.047
   145:     1744.048     1748.049     1750.050     1752.051     1755.052
   150:     1758.053     1761.054     1766.055     1776.056     1776.057
   155:     1788.058     1794.059     1802.060     1808.061     1816.062
   160:     1817.063     1819.064     1826.065     1829.066     1830.067
   165:     1833.068     1836.069     1837.070     1838.071     1842.072
   170:     1853.073     1855.074     1860.075     1870.076     1871.077
   175:     1873.078     1875.079     1884.080     1887.081     1890.082
   180:     1893.083     1896.084     1920.085     1920.085     1923.086
   185:     1970.000     1970.000     2383.001     2387.002     2391.003
   190:     2394.004     2399.005     2409.006     2412.007     2414.008
   195:     2418.009     2423.010     2439.011     2441.012     2445.013
   200:     2447.014     2463.015     2472.016     2482.017     2489.018
   205:     2494.019     2504.020     2523.021     2525.022     2527.023
   210:     2536.024     2538.025     2540.026     2542.027     2544.028
   215:     2547.029     2550.030     2556.031     2557.032     2559.033
   220:     2560.034     2586.035     2591.036     2594.037     2603.038
   225:     2609.039     2613.040     2613.040     2614.041     2663.000
   230:     2663.000     3341.001     3341.001     3391.000     3391.000
   235:     3915.001     3919.002     3922.003     3930.004     3934.005
   240:     3936.006     3950.007     3954.008     3955.009     3963.010
   245:     3970.011     3999.012     4003.013     4013.014     4016.015
   250:     4017.016     4047.017     4047.017     4047.018     4097.000
   255:     4097.000     4592.001     4595.002     4597.003     4599.004
   260:     4603.005     4605.006     4618.007     4620.008     4627.009
   265:     4630.010     4633.011     4635.012     4647.013     4653.014
   270:     4654.015     4656.016     4661.017     4667.018     4670.019
   275:     4680.020     4683.021     4691.022     4692.023     4697.024
   280:     4703.025     4705.026     4708.027     4710.028     4712.029
   285:     4725.030     4735.031     4737.032     4743.033     4743.033
   290:     4793.000     4793.000     4793.176     4793.178     4793.180
   295:     4793.182     4793.184     4793.186     4793.188     4793.190
   300:     4793.192     4793.194     4793.196     4793.198     4793.200
   305:     4793.202     4793.204     4793.206     4793.208     4793.210
   310:     4793.212     4793.214     4793.216     4793.218     4793.220
   315:     4793.222     4793.224     4793.226     4793.228     4793.230
   320:     4793.232     4793.234     4793.236     4793.238     4793.240
   325:     4793.242     4793.244     4793.246     4793.248     4793.250
   330:     4793.252     4793.254     4793.256     4793.258     4793.260
   335:     4793.262     4793.264     4793.266     4793.268     4793.270
   340:     4793.272     4793.274     4793.276     4793.278     4793.280
   345:     4793.282     4793.284     4793.286     4793.288     4793.290
   350:     4793.292     4793.294     4793.296     4793.298     4793.300
   355:     4793.302     4793.304     4793.306     4793.308     4793.310
   360:     4793.312     4793.314     4793.316     4793.318     4793.320
   365:     4793.322     4793.324     4793.326     4793.328     4793.330
   370:     4793.332     4793.334     4793.336     4793.338     4793.340
   375:     4793.342     4793.344     4793.346     4793.348     4793.350
   380:     4793.352     4793.354     4793.356     4793.358     4793.360
   385:     4793.362     4793.364     4793.366     4793.368     4793.370
   390:     4793.372     4793.374     4793.376     4793.378     4793.380
   395:     4793.382     4793.384     4793.386     4793.388     4793.390
   400:     4793.392     4793.394     4793.396     4793.398     4793.400
   405:     4793.402     4793.404     4793.406     4793.408     4793.410
   410:     4793.412     4793.414     4793.416     4793.418     4793.420
   415:     4793.422     4793.424     4793.426     4793.428     4793.429
   420:     4793.430     4793.431     4793.432     4793.433     4793.434
   425:     4793.435     4793.436     4793.437     4793.438     4793.438
   430:     4793.000     4793.000     5450.001     5450.001     5500.000
   435:     5500.000     6233.001     6233.001     6283.000     6283.000
   440:     6637.001     6692.002     6694.003     6697.004     6705.005
   445:     6707.006     6715.007     6717.008     6722.009     6730.010
   450:     6731.011     6736.012     6738.013     6741.014     6745.015
   455:     6750.016     6751.017     6755.018     6759.019     6770.020
   460:     6771.021     6773.022     6777.023     6785.024     6791.025
   465:     6798.026     6800.027     6806.028     6808.029     6823.030
   470:     6825.031     6827.032     6833.033     6835.034     6850.035
   475:     6853.036     6857.037     6859.038     6861.039     6865.040
   480:     6869.041     6870.042     6873.043     6881.044     6888.045
   485:     6892.046     6894.047     6895.048     6899.049     6905.050
   490:     6922.051     6925.052     6926.052     6976.000     6976.000
   495:     7441.002     7444.004     7486.006     7488.008     7496.010
   500:     7500.012     7503.014     7513.016     7517.018     7520.020
   505:     7521.022     7551.024     7552.026     7554.028     7556.030
   510:     7565.032     7571.034     7573.036     7581.038     7600.040
   515:     7601.042     7613.044     7615.046     7620.048     7649.050
   520:     7650.052     7652.054     7656.056     7665.058     7672.060
   525:     7677.062     7684.064     7690.066     7705.068     7711.070
   530:     7713.072     7715.074     7719.076     7732.078     7739.080
   535:     7742.082     7742.084     7746.086     7750.088     7761.090
   540:     7773.092     7775.094     7777.096     7779.098     7783.100
   545:     7805.102     7809.104     7835.106     7841.108     7852.110
   550:     7852.112     7858.114     7860.116     7877.118     7879.120
   555:     9055.121     9064.122     9100.123     9103.124     9107.125
   560:     9117.126     9119.127     9127.128     9134.129     9135.130
   565:     9137.131     9148.132     9150.133     9154.134     9160.135
   570:     9171.136     9178.137     9179.138     9185.139     9186.140
   575:     9194.141     9205.142     9220.143     9226.144     9247.145
   580:     9247.146     9259.147     9264.148     9272.149     9273.150
   585:     9277.151     9280.152     9283.153     9290.154     9301.155
   590:     9308.156     9309.157     9310.158     9312.159     9316.160
   595:     9323.161     9325.162     9326.163     9328.164     9330.165
   600:     9336.166     9348.167     9350.168     9354.169     9359.170
   605:     9361.171     9365.172     9367.173     9369.174     9388.175
   610:     9393.176     9399.177     9409.178     9412.179     9418.180
   615:     9420.181     9422.182     9424.183     9432.184     9441.185
   620:     9443.186     9454.187     9462.188     9475.189     9477.190
   625:     9479.191     9483.192     9487.193     9495.194     9509.195
   630:     9530.196     9530.196     9531.197     9580.000     9580.000
   635:     9891.001     9895.002     9897.003     9902.004     9902.005
   640:     9907.006     9909.007     9915.008     9920.009     9923.010
   645:     9925.011     9934.012     9938.013     9944.014     9946.015
   650:     9948.016     9963.017     9967.018     9973.019     9982.020
   655:    10000.021    10004.022    10017.023    10026.024    10051.025
   660:    10053.026    10060.027    10062.028    10067.029    10067.030
   665:    10078.031    10079.032    10092.033    10101.034    10105.035
   670:    10122.036    10125.037    10143.038    10144.039    10149.040
   675:    10152.041    10155.042    10157.043    10161.044    10177.045
   680:    10193.046    10198.047    10206.048    10207.049    10213.050
   685:    10218.051    10233.052    10233.052    10283.000    10283.000
   690:    10857.001    10860.002    10900.003    10902.004    10905.005
   695:    10907.006    10913.007    10919.008    10923.009    10928.010
   700:    10928.010    10931.011    10978.000    10978.000    11539.001
   705:    11542.002    11542.003    11543.004    11545.005    11554.006
   710:    11556.007    11557.008    11562.009    11567.010    11574.011
   715:    11581.012    11582.013    11592.014    11593.015    11607.016
   720:    11611.017    11613.018    11618.019    11620.020    11621.020
   725:    11671.000    11671.000    12061.001    12064.002    12070.003
   730:    12087.004    12091.005    12106.006    12109.007    12115.008
   735:    12117.009    12124.010    12139.011    12151.012    12154.013
   740:    12159.014    12173.015    12174.016    12180.017    12184.018
   745:    12186.019    12198.020    12211.021    12212.022    12231.023
   750:    12246.024    12249.025    12250.026    12253.027    12264.028
   755:    12282.029    12285.030    12289.031    12295.032    12297.033
   760:    12298.034    12306.035    12309.036    12316.037    12316.037
   765:    12316.038    12366.000    12366.000    12898.001    12901.002
   770:    12903.003    12913.004    12916.005    12919.006    12921.007
   775:    12933.008    12936.009    12939.010    12940.011    12946.012
   780:    12958.013    12960.014    12968.015    12970.016    12973.017
   785:    12975.018    12977.019    12995.020    12997.021    12999.022
   790:    13007.023    13009.024    13009.024    13059.000    13059.000
   795:    13509.001    13515.002    13517.003    13519.004    13521.005
   800:    13530.006    13533.007    13540.008    13550.009    13552.010
   805:    13553.011    13558.012    13560.013    13568.014    13569.015
   810:    13571.016    13582.017    13585.018    13587.019    13594.020
   815:    13603.021    13608.022    13610.023    13629.024    13630.025
   820:    13632.026    13640.027    13657.028    13664.029    13670.030
   825:    13679.031    13681.032    13693.033    13695.034    13697.035
   830:    13704.036    13704.036    13754.000    13754.000    14099.001
   835:    14102.002    14106.003    14109.004    14110.005    14119.006
   840:    14122.007    14126.008    14136.009    14144.010    14145.011
   845:    14151.012    14251.013    14430.014    14430.014    14480.000
   850:    14480.000    14942.001    14946.002    14951.003    14954.004
   855:    14966.005    14969.006    14975.007    15026.008    15028.009
   860:    15031.010    15037.011    15041.012    15047.013    15052.014
   865:    15053.015    15054.016    15057.017    15062.018    15078.019
   870:    15079.020    15083.021    15085.022    15096.023    15098.024
   875:    15099.025    15103.026    15105.027    15112.028    15120.029
   880:    15127.030    15127.030    15177.000    15177.000    15556.001
   885:    16052.002    16052.002    16102.000    16102.000    16567.001
   890:    16567.002    16632.003    16635.004    16637.005    16642.006
   895:    16645.007    16648.008    16664.009    16666.010    16669.011
   900:    16674.012    16679.013    16684.014    16686.015    16695.016
   905:    16699.017    16706.018    16707.019    16713.020    16719.021
   910:    16720.022    16735.023    16737.024    16739.025    16743.026
   915:    16744.026    16794.000    16794.000    17359.001    17362.002
   920:    17366.003    17370.004    17373.005    17375.006    17385.007
   925:    17387.008    17406.009    17408.010    17410.011    17412.012
   930:    17418.013    17425.014    17428.015    17431.016    17433.017
   935:    17435.018    17442.019    17442.019    17492.000
