File: C:\MED-PC\Data\2018-05-16_09h49m_Subject M327.txt


Start Date: 05/16/18
End Date: 05/16/18
Subject: M327
Experiment: DOBLE_PICO_ACO
Group: EXP
Box: 10
Start Time: 09:49:40
End Time: 11:03:02
MSN: IF_ACO_MULTIPLE_PICO
A:     168.000
B:      20.000
D:      22.000
I:       1.000
J:   18000.000
K:    5400.000
M:       1.000
N:      21.000
O:      22.000
P:     935.000
Q:       0.000
T:    1000.000
V:     600.000
W:      20.000
Z:       0.000
C:
     0:        0.120        0.120        0.120        0.120        0.120
     5:        0.120        0.120        0.120        0.120        0.120
    10:        0.120        0.120        0.120        0.120        0.120
    15:        0.120        0.120        0.120        0.120        0.120
    20:        0.120        0.120        0.120        0.120        0.120
    25:        0.120        0.120        0.510       41.110       48.120
    30:      114.110      117.110      120.110      174.110      181.110
    35:      187.110      193.110      204.120      208.120      240.120
    40:      246.110      251.110      252.110      258.110      260.110
    45:      263.110      270.110      283.110      293.110      300.110
    50:      310.110      312.110      338.110      343.110      349.110
    55:      355.110      406.120      417.110      422.110      425.110
    60:      432.110      435.110      445.110      452.110      455.110
    65:      482.110      489.110      491.110      495.120      515.110
    70:      517.110      518.110      527.110      529.110      531.110
    75:      532.110      538.110      540.110      543.110      543.210
    80:      546.120      593.310      647.120      649.120      693.500
    85:      771.120      789.120      973.120     1019.120     1025.100
    90:     1099.100     1128.100     1154.100     1159.120     1182.100
    95:     1229.100     1290.100     1316.100     1322.100     1329.100
   100:     1332.100     1335.100     1350.200     1359.120     1400.300
   105:     1454.120     1500.510     1639.120     1682.120     1685.120
   110:     1686.120     1688.120     1695.120     1697.120     1700.120
   115:     1768.120     1769.120     2072.120     2075.120     2082.120
   120:     2103.120     2106.120     2108.120     2122.110     2127.110
   125:     2131.110     2138.120     2139.120     2148.110     2151.110
   130:     2155.110     2161.110     2163.110     2168.110     2168.210
   135:     2173.120     2218.310     2318.500     2444.120     2469.120
   140:     2475.120     2484.120     2493.120     2499.120     2501.120
   145:     2516.120     2684.100     2690.120     2692.120     2739.120
   150:     2746.100     2794.100     2854.100     2913.100     2966.100
   155:     2973.200     2979.120     3023.300     3123.510     3249.120
   160:     3463.120     3485.120     3486.120     3489.120     3498.110
   165:     3504.110     3611.110     3672.110     3694.110     3700.110
   170:     3706.120     3726.110     3729.110     3743.110     3745.110
   175:     3749.110     3750.110     3752.110     3768.110     3779.110
   180:     3781.110     3782.110     3784.110     3789.110     3790.110
   185:     3791.110     3791.210     3796.120     3841.310     3941.500
   190:     4068.120     4345.120     4381.100     4431.100     4466.100
   195:     4481.100     4484.100     4544.100     4544.200     4552.120
   200:     4594.300     4631.120     4694.540     4841.120     4970.110
   205:     4972.110     4974.110     4982.120     4983.120     5007.110
   210:     5013.110     5015.110     5022.110     5026.110     5037.110
   215:     5040.110     5043.110     5044.110     5046.110     5060.110
   220:     5085.110     5091.110     5092.110     5095.110     5108.110
   225:     5110.110     5112.110     5115.110     5116.110     5118.110
   230:     5122.110     5128.110     5130.110     5132.110     5186.120
   235:     5192.110     5200.110     5204.110     5210.110     5216.110
   240:     5218.110     5225.110     5227.110     5263.110     5405.110
   245:     5407.110     5409.110     5416.110     5418.110     5584.120
   250:     5908.110     5910.110     5920.110     5924.110     5929.120
   255:     5947.110     5949.110     5953.110     5954.110     5964.110
   260:     5971.110     5972.110     5980.110     6000.110     6004.110
   265:     6011.110     6016.110     6017.110     6019.110     6023.110
   270:     6031.110     6038.110     6048.110     6057.110     6059.110
   275:     6063.110     6065.110     6066.110     6068.110     6075.110
   280:     6077.110     6080.110     6114.120     6120.110     6128.110
   285:     6134.110     6137.110     6145.110     6148.110     6158.120
   290:     6182.110     6184.110     6185.110     6190.110     6196.110
   295:     6199.110     6207.110     6209.110     6210.110     6338.110
   300:     6343.110     6349.110     6350.110     6358.110     6364.110
   305:     6367.110     6438.120     6447.120     6456.110     6470.110
   310:     6477.110     6479.110     6494.340     6594.500     6711.100
   315:     6904.100     7040.100     7079.100     7167.100     7227.200
   320:     7237.120     7277.300     7338.120     7339.120     7377.510
   325:     7503.120     7522.120     7721.120     7723.120     7728.120
   330:     7740.120     8023.120     8043.110     8049.110     8049.210
   335:     8055.120     8099.310     8199.510     8347.120     8370.120
   340:     8386.120     8737.120     8749.110     8754.110     8762.120
   345:     8817.110     8826.110     8829.110     8831.110     8839.110
   350:     8848.110     8852.110     8859.110     8860.110     8862.110
   355:     8863.110     8869.110     8869.210     8874.120     8919.310
   360:     9019.500     9305.120     9321.100     9496.100     9534.120
   365:     9549.100     9583.100     9587.100     9631.100     9643.200
   370:     9651.120     9693.300     9733.120     9793.500     9918.120
   375:     9943.120     9962.120     9970.120     9971.120    10362.120
   380:    10382.100    10424.100    10426.100    10428.100    10442.200
   385:    10451.120    10492.300    10592.510    10719.120    10880.110
   390:    10885.110    10891.110    10893.110    11300.120    11310.110
   395:    11310.210    11312.110    11316.120    11360.310    11460.500
   400:    11593.120    11618.120    11827.120    12010.100    12070.200
   405:    12078.120    12120.300    12220.510    12354.120    12415.120
   410:    12443.120    12444.120    12446.120    12457.120    12495.120
   415:    12537.110    12543.110    12553.110    12558.110    12559.110
   420:    12561.110    12566.110    12573.110    12577.110    12578.110
   425:    12579.110    12581.110    12675.120    12681.110    12688.110
   430:    12692.110    12694.110    12700.110    12706.110    12709.110
   435:    12718.110    12728.110    12732.110    12734.110    12736.110
   440:    12740.110    12744.110    12759.110    12764.110    12765.110
   445:    12768.110    12773.110    12776.110    12787.110    12788.110
   450:    12797.110    12805.110    12811.110    12813.110    12824.110
   455:    12834.110    12834.210    12839.120    12884.310    12984.510
   460:    13130.120    13150.120    13211.120    13215.120    13229.110
   465:    13489.120    13496.110    13500.110    13503.120    13521.120
   470:    13534.120    13537.120    13543.110    13547.110    13557.110
   475:    13558.110    13564.110    13580.110    13589.110    13590.110
   480:    13592.110    13595.110    13689.120    13701.110    13701.210
   485:    13702.110    13706.120    13751.310    13851.500    13987.120
   490:    13989.120    14518.100    14578.200    14604.120    14628.300
   495:    14728.500    14844.120    14857.120    14875.100    15021.120
   500:    15055.120    15069.100    15115.100    15163.100    15213.100
   505:    15258.100    15273.100    15333.200    15343.120    15383.300
   510:    15483.510    15615.120    15743.120    15760.120    15766.120
   515:    15788.120    15818.110    15819.110    15823.110    15826.110
   520:    15898.110    15900.110    15904.110    15911.120    15941.110
   525:    15948.110    15950.110    15952.110    15953.110    15959.110
   530:    15968.110    15975.110    15976.110    15979.110    15986.110
   535:    15989.110    16040.120    16048.110    16057.110    16059.110
   540:    16069.110    16070.110    16079.110    16085.110    16086.110
   545:    16090.110    16097.110    16106.110    16115.110    16119.110
   550:    16121.110    16132.110    16132.210    16136.120    16182.310
   555:    16282.510    16380.120    16428.120    16769.120    16785.110
   560:    16787.110    16793.110    16798.110    16799.110    16803.110
   565:    16810.110    16821.110    16826.110    16828.110    16831.110
   570:    16836.110    16844.110    16850.110    16858.110    16864.110
   575:    16865.110    16867.110    16872.110    16879.110    16893.110
   580:    16895.110    16900.110    16907.110    16909.110    16911.110
   585:    16913.110    16914.110    16915.110    16922.110    16922.210
   590:    16927.120    16972.310    17015.120    17072.530    17444.120
   595:    17457.100    17469.100    17572.100    17621.100    17625.100
   600:    17628.100    17712.100    17801.100    17808.120    17814.120
   605:    18044.100    18214.120    18231.120    18245.100    18250.100
   610:    18299.100    18438.100    18539.100    18545.100    18620.100
   615:    18626.100    18639.100    18645.120    18653.120    18663.100
   620:    18774.100    18778.100    18788.120    18802.100    18806.100
   625:    18811.100    18872.330    18972.510    19032.110    19034.110
   630:    19039.110    19040.110    19046.110    19048.110    19054.120
   635:    19076.120    19078.120    19084.110    19093.110    19095.110
   640:    19102.110    19108.110    19119.110    19125.110    19126.110
   645:    19127.110    19129.110    19131.110    19134.110    19146.110
   650:    19166.110    19167.110    19171.110    19188.110    19193.110
   655:    19198.110    19207.110    19213.110    19215.110    19217.110
   660:    19219.110    19224.120    19264.110    19269.110    19273.110
   665:    19275.110    19277.110    19282.110    19283.110    19284.110
   670:    19288.110    19314.110    19319.110    19373.110    19375.110
   675:    19376.110    19380.110    19381.110    19390.110    19391.110
   680:    19393.110    19406.110    19407.110    19418.110    19421.110
   685:    19422.110    19438.110    19439.110    19441.110    19447.110
   690:    19451.120    19466.120    19475.120    19483.110    19491.110
   695:    19494.110    19500.110    19506.110    19510.110    19514.110
   700:    19517.110    19518.110    19526.110    19536.110    19538.110
   705:    19541.110    19544.110    19574.110    19581.110    19582.110
   710:    19584.110    19586.110    19590.110    19592.110    19600.110
   715:    19602.110    19610.110    19610.210    19616.120    19660.310
   720:    19760.500    20181.120    20187.100    20327.120    20331.120
   725:    20369.120    20373.120    20413.120    20424.100    20432.100
   730:    20484.200    20492.120    20534.300    20576.120    20634.500
   735:    20709.120    20936.120    20957.100    21060.100    21127.100
   740:    21142.100    21145.100    21215.100    21246.100    21257.100
   745:    21275.200    21288.120    21325.300    21425.510    21466.120
   750:    21484.120    21495.120    21907.110    21912.110    21918.120
   755:    21920.120    21923.120    21934.110    21942.110    21950.110
   760:    21971.110    21977.110    21982.110    21990.110    21994.110
   765:    21998.110    22006.110    22013.110    22016.110    22018.110
   770:    22024.110    22026.110    22040.110    22042.110    22047.110
   775:    22048.110    22051.110    22070.120    22079.110    22079.210
   780:    22081.110    22084.120    22129.310    22182.120    22183.120
   785:    22229.540    22319.120    22723.110    22730.110    22754.110
   790:    22757.110    22761.120    22776.110    22780.110    22783.110
   795:    22788.110    22789.110    22798.110    22808.110    22816.110
   800:    22818.110    22826.110    22830.110    22839.110    22841.110
   805:    22845.110    22846.110    22847.110    22848.110    22858.110
   810:    22862.110    22864.110    22875.110    22876.110    22880.110
   815:    22885.110    22888.110    22890.110    22891.110    22893.110
   820:    22899.110    22902.110    22911.110    22914.110    22916.110
   825:    22918.110    22919.110    22925.120    22938.120    22945.110
   830:    22948.110    22951.110    22956.110    22957.110    22960.110
   835:    22964.110    22965.110    22972.110    22973.110    22980.110
   840:    22982.110    22991.110    23009.110    23020.110    23024.110
   845:    23025.110    23027.110    23034.110    23037.110    23042.120
   850:    23063.110    23065.110    23073.110    23075.110    23078.110
   855:    23079.110    23082.110    23083.110    23103.110    23104.110
   860:    23106.110    23110.110    23111.110    23113.110    23121.110
   865:    23123.110    23126.110    23134.110    23137.110    23142.120
   870:    23168.110    23171.110    23173.110    23183.110    23186.110
   875:    23208.110    23219.110    23223.110    23228.110    23230.110
   880:    23232.110    23239.110    23243.110    23249.120    23774.120
   885:    23792.110    23797.110    23804.110    23808.110    23827.110
   890:    23964.110    23968.110    23971.110    23972.110    23992.110
   895:    23997.120    24025.110    24029.340    24093.120    24129.500
   900:    24134.120    24134.120    24137.120    24451.120    24790.120
   905:    24841.100    24873.100    24901.200    24908.120    24951.300
   910:    25051.510    25145.120    25194.110    25202.110    25210.110
   915:    25220.110    25222.110    25223.110    25394.120    25410.110
   920:    25474.110    25481.110    25489.120    25507.110    25514.110
   925:    25521.110    25523.110    25527.110    25535.110    25545.110
   930:    25549.110    25550.110    25551.110    25553.110    25555.110
   935:    25558.110    25605.120    25608.120    25617.110    25622.110
   940:    25625.110    25628.110    25630.110    25637.110    25645.110
   945:    25648.110    25652.110    25654.110    25657.110    25663.110
   950:    25669.110    25670.110    25674.110    25675.110    25680.110
   955:    25701.110    25701.210    25707.120    25751.310    25851.500
   960:    25925.120    26206.120    26235.120    26242.100    26347.100
   965:    26377.100    26438.100    26498.200    26505.120    26548.300
   970:    26648.510    26762.120    27241.120    27264.110    27269.110
   975:    27277.110    27281.110    27291.110    27291.210    27296.120
   980:    27341.310    27441.530    27951.120    27994.100    28064.120
   985:    28071.100    28181.100    28226.100    28275.100    28359.100
   990:    28425.100    28500.100    28507.120    28511.120    28513.120
   995:    28627.100    28862.120    28952.120    28958.100    28964.100
  1000:    29000.100    29016.100    29190.120    29208.120    29226.120
  1005:    29237.120    29241.330    29249.120    29341.500    29423.120
  1010:    29447.120    29459.100    29616.120    29635.120    29643.100
  1015:    29837.100    29887.120    29897.100    29957.200    29965.120
  1020:    30007.300    30088.120    30107.510    30653.110    30663.120
  1025:    30697.110    30701.110    30703.110    30712.110    30713.110
  1030:    30716.110    30723.110    30731.110    30745.110    30745.210
  1035:    30746.110    30750.120    30795.310    30895.500    31451.120
  1040:    31470.100    31478.100    31480.100    31529.120    31530.200
  1045:    31580.300    31622.120    31680.500    32054.120    32095.120
  1050:    32160.100    32227.100    32280.100    32287.200    32294.120
  1055:    32337.300    32377.120    32437.510    32831.110    32839.120
  1060:    32906.120    32933.110    32941.110    32948.110    33006.110
  1065:    33008.110    33021.110    33023.110    33026.110    33028.110
  1070:    33031.110    33035.110    33053.120    33082.110    33082.210
  1075:    33087.120    33132.310    33232.510    33692.110    33812.120
  1080:    33873.110    33878.110    33889.110    33893.110    33893.210
  1085:    33896.110    33900.120    33943.310    34043.500    34168.120
  1090:    34625.120    34650.120    34656.100    34676.100    34716.200
  1095:    34724.120    34766.300    34819.120    34866.510    35531.120
  1100:    35543.110    35543.210    35547.120    35593.310    35645.120
  1105:    35655.120    35693.500    35960.120    35997.100    36032.100
  1110:    36105.100    36186.100    36195.120    36203.100    36208.100
  1115:    36366.100    36377.120    36381.120    36426.200    36432.120
  1120:    36476.300    36498.120    36576.510    36655.120    36877.120
  1125:    36880.120    36988.120    37012.110    37015.110    37022.110
  1130:    37026.110    37067.120    37083.110    37085.110    37090.110
  1135:    37100.110    37108.110    37110.110    37115.110    37126.110
  1140:    37132.110    37133.110    37139.110    37149.110    37153.110
  1145:    37161.110    37167.110    37171.110    37176.110    37179.110
  1150:    37180.110    37184.120    37194.110    37198.110    37203.110
  1155:    37212.110    37215.110    37217.110    37218.110    37221.110
  1160:    37224.110    37228.120    37244.110    37244.210    37245.110
  1165:    37248.120    37294.310    37394.500    37893.120    37894.120
  1170:    37895.120    37899.120    37909.120    37949.100    37996.100
  1175:    38009.200    38015.120    38059.300    38116.120    38159.510
  1180:    38502.110    38510.120    38559.110    38572.110    38574.110
  1185:    38580.110    38582.110    38596.110    38601.110    38602.110
  1190:    38603.110    38605.110    38608.110    38612.110    38622.110
  1195:    38626.110    38632.110    38633.110    38637.110    38647.110
  1200:    38660.110    38665.110    38666.110    38761.120    38768.110
  1205:    38769.110    38776.110    38777.110    38779.110    38782.110
  1210:    38796.110    38799.110    38804.110    38806.110    38809.120
  1215:    38826.120    38832.110    38832.210    38837.120    38882.310
  1220:    38982.510    39134.110    39460.110    39479.120    39496.110
  1225:    39502.110    39507.110    39511.110    39513.110    39516.110
  1230:    39524.110    39526.110    39531.110    39533.110    39539.110
  1235:    39553.110    39559.110    39563.110    39564.110    39567.110
  1240:    39575.110    39581.110    39582.110    39584.110    39598.110
  1245:    39600.110    39607.110    39613.110    39613.110    39615.110
  1250:    39616.110    39618.110    39630.110    39640.110    39644.110
  1255:    39644.210    39646.110    39648.120    39694.310    39794.500
  1260:    39812.120    39834.120    39844.100    39910.100    39931.100
  1265:    40150.120    40164.100    40259.120    40274.120    40275.120
  1270:    40292.100    40375.100    40382.120    40404.100    40435.200
  1275:    40438.120    40485.300    40531.120    40585.510    40615.120
  1280:    40809.110    40811.110    40818.120    40871.110    40884.110
  1285:    41063.110    41070.120    41090.110    41096.110    41099.110
  1290:    41105.110    41107.110    41115.110    41125.110    41131.110
  1295:    41132.110    41137.120    41158.110    41167.110    41168.110
  1300:    41177.110    41181.110    41182.110    41184.110    41189.110
  1305:    41196.110    41208.110    41210.110    41214.110    41214.110
  1310:    41216.110    41217.110    41219.110    41234.110    41237.110
  1315:    41243.110    41247.110    41247.210    41252.120    41297.310
  1320:    41325.120    41397.500    41954.100
E:
     0:     1323.000      192.000      800.000
F:
     0:       70.000       29.570       33.897
G:
     0:        1.000        1.000        1.000        1.000        1.000
     5:        1.000        1.000        1.000        1.000        0.000
H:
     0:        1.000        1.000        2.000        2.000
L:
     0:     6675.000     6654.000     6125.000     6432.000     6345.000
     5:     6588.000     6196.000     7374.000     6147.000     7334.000
    10:     6514.000     7820.000     6570.000     6258.000     6444.000
    15:     6177.000     6829.000     7434.000     6246.000     6505.000
R:
     0:        1.000        1.000        1.000        1.000        1.000
     5:        1.000        1.000        1.000        1.000        0.000
S:
     0:        1.000        1.000
U:
     0:     6588.000        5.000      622.000
X:
     0:        0.000      332.001      406.002      435.003      461.004
     5:      489.005      536.006      597.007      623.008      629.009
    10:      636.010      639.011      642.012      657.012      707.000
    15:      707.000     1072.001     1135.002     1183.003     1242.004
    20:     1302.005     1355.006     1362.006     1412.000     1412.000
    25:     1852.001     1901.002     1937.003     1951.004     1954.005
    30:     2014.006     2014.006     2064.000     2064.000     2064.199
    35:     2064.200     2064.201     2064.202     2064.203     2064.203
    40:     2064.000     2064.000     2365.001     2540.002     2594.003
    45:     2628.004     2631.005     2676.006     2688.006     2738.000
    50:     2738.000     3326.001     3368.002     3370.003     3372.004
    55:     3386.004     3436.000     3436.000     3985.001     4045.001
    60:     4095.000     4095.000     4762.001     4822.001     4872.000
    65:     4872.000     5018.001     5212.002     5258.003     5306.004
    70:     5356.005     5401.006     5416.007     5476.007     5526.000
    75:     5526.000     5911.002     5922.004     6025.006     6074.008
    80:     6079.010     6082.012     6165.014     6254.016     6497.018
    85:     6698.020     6704.022     6753.024     6892.026     6992.028
    90:     6998.030     7073.032     7079.034     7092.036     7116.038
    95:     7228.040     7232.042     7255.044     7259.046     7264.048
   100:     8641.001     8877.002     8886.003     8937.003     8987.000
   105:     8987.000     9309.001     9413.002     9479.003     9495.004
   110:     9498.005     9568.006     9599.007     9610.008     9628.008
   115:     9678.000     9678.000     9678.205     9678.206     9678.206
   120:     9678.000     9678.000    10069.001    10174.002    10203.003
   125:    10264.004    10325.004    10375.000    10375.000    10928.002
   130:    11004.004    11115.006    11159.008    11209.010    11293.012
   135:    11358.014    11434.016    11560.018    11891.020    11897.022
   140:    11934.024    11949.026    12392.027    12576.028    12771.029
   145:    12830.030    12890.030    12940.000    12940.000    13514.001
   150:    13522.002    13524.003    13574.003    13624.000    13624.000
   155:    14104.001    14171.002    14224.003    14231.003    14281.000
   160:    14281.000    14893.001    14914.002    14953.002    15003.000
   165:    15003.000    15306.001    15342.002    15415.003    15495.004
   170:    15513.005    15518.006    15676.007    15736.007    15786.000
   175:    15786.000    16340.001    16387.002    16400.002    16450.000
   180:    16450.000    16499.001    16565.002    16586.003    16819.004
   185:    16947.005    17030.006    17059.007    17090.007    17140.000
   190:    17140.000    17696.001
Y:
     0:        0.000       41.001      114.002      117.003      120.004
     5:      174.005      181.006      187.007      193.008      245.009
    10:      251.010      252.011      257.012      260.013      263.014
    15:      270.015      283.016      293.017      300.018      310.019
    20:      312.020      337.021      343.022      349.023      355.024
    25:      417.025      422.026      425.027      432.028      435.029
    30:      445.030      452.031      455.032      482.033      489.034
    35:      491.035      515.036      517.037      518.038      527.039
    40:      529.040      531.041      532.042      538.043      539.044
    45:      542.045      543.045      593.000      593.000     1214.001
    50:     1220.002     1223.003     1240.004     1244.005     1247.006
    55:     1254.007     1256.008     1260.009     1260.009     1310.000
    60:     1310.000     1684.001     1691.002     1797.003     1859.004
    65:     1880.005     1886.006     1912.007     1915.008     1929.009
    70:     1931.010     1935.011     1937.012     1938.013     1954.014
    75:     1965.015     1968.016     1968.017     1970.018     1975.019
    80:     1976.020     1978.021     1978.021     2028.000     2028.000
    85:     2304.002     2306.004     2307.006     2341.008     2347.010
    90:     2349.012     2356.014     2359.016     2371.018     2373.020
    95:     2376.022     2378.024     2379.026     2393.028     2419.030
   100:     2425.032     2426.034     2429.036     2442.038     2444.040
   105:     2445.042     2448.044     2450.046     2452.048     2455.050
   110:     2462.052     2463.054     2465.056     2526.058     2534.060
   115:     2538.062     2543.064     2549.066     2551.068     2558.070
   120:     2561.072     2597.074     2739.076     2741.078     2743.080
   125:     2750.082     2751.084     3241.086     3244.088     3254.090
   130:     3258.092     3280.094     3282.096     3286.098     3288.100
   135:     3298.102     3304.104     3306.106     3313.108     3333.110
   140:     3338.112     3344.114     3349.116     3350.118     3352.120
   145:     3356.122     3365.124     3371.126     3381.128     3390.130
   150:     3392.132     3397.134     3398.136     3400.138     3401.140
   155:     3408.142     3411.144     3413.146     3454.148     3462.150
   160:     3468.152     3471.154     3479.156     3482.158     3515.160
   165:     3518.162     3519.164     3523.166     3530.168     3533.170
   170:     3541.172     3542.174     3544.176     3672.178     3676.180
   175:     3682.182     3683.184     3692.186     3697.188     3700.190
   180:     3790.192     3803.194     3811.196     3812.198     5377.001
   185:     5382.002     5382.002     5432.000     5432.000     5982.001
   190:     5987.002     6050.003     6059.004     6062.005     6064.006
   195:     6072.007     6081.008     6085.009     6092.010     6093.011
   200:     6095.012     6096.013     6102.014     6102.014     6152.000
   205:     6152.000     6440.001     6444.002     6450.003     6452.004
   210:     6869.005     6869.005     6871.006     6919.000     6919.000
   215:     7236.001     7242.002     7252.003     7257.004     7258.005
   220:     7260.006     7265.007     7272.008     7276.009     7277.010
   225:     7278.011     7280.012     7380.013     7387.014     7391.015
   230:     7393.016     7399.017     7405.018     7407.019     7417.020
   235:     7427.021     7431.022     7433.023     7434.024     7439.025
   240:     7443.026     7457.027     7463.028     7464.029     7467.030
   245:     7472.031     7475.032     7486.033     7487.034     7496.035
   250:     7504.036     7510.037     7512.038     7523.039     7533.040
   255:     7533.040     7583.000     7583.000     7827.001     8094.002
   260:     8098.003     8142.004     8145.005     8155.006     8157.007
   265:     8162.008     8178.009     8187.010     8189.011     8190.012
   270:     8193.013     8299.014     8299.014     8300.015     8349.000
   275:     8349.000     8683.001     8684.002     8688.003     8691.004
   280:     8763.005     8766.006     8769.007     8806.008     8813.009
   285:     8815.010     8817.011     8818.012     8824.013     8834.014
   290:     8840.015     8841.016     8844.017     8851.018     8855.019
   295:     8914.020     8922.021     8924.022     8934.023     8936.024
   300:     8944.025     8950.026     8951.027     8955.028     8962.029
   305:     8971.030     8980.031     8984.032     8986.033     8997.034
   310:     8997.034     9047.000     9047.000     9549.001     9552.002
   315:     9558.003     9562.004     9564.005     9568.006     9575.007
   320:     9585.008     9591.009     9592.010     9595.011     9601.012
   325:     9608.013     9614.014     9623.015     9629.016     9630.017
   330:     9631.018     9637.019     9644.020     9658.021     9659.022
   335:     9664.023     9672.024     9674.025     9676.026     9677.027
   340:     9678.028     9680.029     9687.030     9687.030     9737.000
   345:     9737.000     9737.049     9737.050     9737.051     9737.052
   350:     9737.053     9737.054     9737.055     9737.056     9737.057
   355:     9737.058     9737.059     9737.060     9737.061     9737.062
   360:     9737.063     9737.064     9737.065     9737.066     9737.067
   365:     9737.068     9737.069     9737.070     9737.071     9737.072
   370:     9737.073     9737.074     9737.075     9737.076     9737.077
   375:     9737.078     9737.079     9737.080     9737.081     9737.082
   380:     9737.083     9737.084     9737.085     9737.086     9737.087
   385:     9737.088     9737.089     9737.090     9737.091     9737.092
   390:     9737.093     9737.094     9737.095     9737.096     9737.097
   395:     9737.098     9737.099     9737.100     9737.101     9737.102
   400:     9737.103     9737.104     9737.105     9737.106     9737.107
   405:     9737.108     9737.109     9737.110     9737.111     9737.112
   410:     9737.113     9737.114     9737.115     9737.116     9737.117
   415:     9737.118     9737.119     9737.120     9737.121     9737.122
   420:     9737.123     9737.124     9737.125     9737.126     9737.127
   425:     9737.128     9737.129     9737.130     9737.130     9737.000
   430:     9737.000    10218.001    10223.002    10245.003    10253.004
   435:    10261.005    10283.006    10289.007    10293.008    10301.009
   440:    10305.010    10310.011    10317.012    10325.013    10327.014
   445:    10329.015    10335.016    10337.017    10351.018    10353.019
   450:    10358.020    10359.021    10362.022    10390.023    10390.023
   455:    10393.024    10440.000    10440.000    10934.002    10941.004
   460:    10965.006    10968.008    10987.010    10991.012    10994.014
   465:    10999.016    11000.018    11009.020    11018.022    11027.024
   470:    11029.026    11037.028    11040.030    11049.032    11052.034
   475:    11055.036    11057.038    11058.040    11059.042    11069.044
   480:    11072.046    11075.048    11085.050    11087.052    11091.054
   485:    11096.056    11099.058    11101.060    11102.062    11104.064
   490:    11110.066    11113.068    11122.070    11125.072    11127.074
   495:    11129.076    11130.078    11155.080    11159.082    11162.084
   500:    11166.086    11168.088    11171.090    11175.092    11176.094
   505:    11183.096    11184.098    11191.100    11193.102    11202.104
   510:    11220.106    11231.108    11235.110    11236.112    11237.114
   515:    11245.116    11248.118    11274.120    11276.122    11284.124
   520:    11286.126    11289.128    11290.130    11293.132    11294.134
   525:    11313.136    11315.138    11317.140    11321.142    11322.144
   530:    11323.146    11332.148    11334.150    11337.152    11345.154
   535:    11348.156    11379.158    11382.160    11384.162    11394.164
   540:    11397.166    11419.168    11430.170    11434.172    11439.174
   545:    11441.176    11443.178    11450.180    11454.182    12002.184
   550:    12007.186    12014.188    12019.190    12037.192    12175.194
   555:    12179.196    12182.198    12183.200    12203.202    12236.204
   560:    13405.001    13412.002    13420.003    13431.004    13432.005
   565:    13434.006    13621.007    13685.008    13691.009    13718.010
   570:    13725.011    13732.012    13734.013    13738.014    13746.015
   575:    13756.016    13759.017    13761.018    13762.019    13764.020
   580:    13766.021    13768.022    13828.023    13833.024    13836.025
   585:    13839.026    13841.027    13847.028    13856.029    13859.030
   590:    13863.031    13864.032    13867.033    13874.034    13879.035
   595:    13881.036    13885.037    13886.038    13891.039    13912.040
   600:    13912.040    13962.000    13962.000    14578.001    14583.002
   605:    14591.003    14595.004    14605.005    14605.005    14655.000
   610:    14655.000    15201.001    15245.002    15249.003    15251.004
   615:    15259.005    15261.006    15264.007    15271.008    15279.009
   620:    15293.010    15293.010    15294.011    15343.000    15343.000
   625:    15736.001    15839.002    15846.003    15853.004    15911.005
   630:    15913.006    15926.007    15928.008    15931.009    15933.010
   635:    15936.011    15940.012    15987.013    15987.013    16037.000
   640:    16037.000    16496.001    16677.002    16682.003    16694.004
   645:    16698.005    16698.005    16700.006    16748.000    16748.000
   650:    17424.001    17424.001    17474.000    17474.000    17909.001
   655:    17912.002    17919.003    17923.004    17980.005    17982.006
   660:    17987.007    17997.008    18005.009    18007.010    18012.011
   665:    18023.012    18029.013    18030.014    18036.015    18046.016
   670:    18050.017    18058.018    18064.019    18069.020    18073.021
   675:    18076.022    18077.023    18091.024    18096.025    18101.026
   680:    18110.027    18112.028    18114.029    18115.030    18118.031
   685:    18121.032    18141.033    18141.033    18143.034    18191.000
   690:    18191.000    18534.001    18591.002    18604.003    18606.004
   695:    18612.005    18614.006    18628.007    18633.008    18634.009
   700:    18635.010    18637.011    18640.012    18644.013    18653.014
   705:    18658.015    18664.016    18665.017    18669.018    18679.019
   710:    18691.020    18697.021    18698.022    18799.023    18801.024
   715:    18808.025    18809.026    18811.027    18814.028    18828.029
   720:    18831.030    18836.031    18837.032    18864.033    18864.033
   725:    18914.000    18914.000    19065.001    19391.002    19428.003
   730:    19433.004    19439.005    19442.006    19444.007    19448.008
   735:    19455.009    19457.010    19462.011    19465.012    19470.013
   740:    19485.014    19491.015    19494.016    19495.017    19498.018
   745:    19506.019    19512.020    19513.021    19516.022    19529.023
   750:    19532.024    19538.025    19544.026    19545.027    19546.028
   755:    19547.029    19550.030    19562.031    19572.032    19576.033
   760:    19576.033    19577.034    19626.000    19626.000    19850.001
   765:    19852.002    19911.003    19925.004    20104.005    20131.006
   770:    20137.007    20139.008    20146.009    20147.010    20155.011
   775:    20166.012    20171.013    20173.014    20199.015    20207.016
   780:    20209.017    20217.018    20222.019    20223.020    20225.021
   785:    20230.022    20237.023    20248.024    20251.025    20254.026
   790:    20255.027    20256.028    20258.029    20260.030    20275.031
   795:    20278.032    20283.033    20288.034    20288.034    20338.000
