File: C:\MED-PC\Data\2018-05-07_12h29m_Subject M331.txt


Start Date: 05/07/18
End Date: 05/07/18
Subject: M331
Experiment: DOBLE_PICO_ACO
Group: EXP
Box: 8
Start Time: 12:29:11
End Time: 13:42:35
MSN: IF_ACO_MULTIPLE_PICO
A:    1036.000
B:      21.000
D:      21.000
I:       2.000
J:   18000.000
K:    5400.000
M:       0.000
N:      21.000
O:      22.000
P:     629.000
Q:       0.000
T:    1000.000
V:     600.000
W:      21.000
Z:       0.000
C:
     0:        0.120        0.120        0.120        0.120        0.120
     5:        0.120        0.120        0.120        0.120        0.120
    10:        0.120        0.120        0.120        0.510        7.110
    15:       13.120       36.110       57.110       67.120       79.120
    20:       92.120      102.110      112.110      118.120      146.110
    25:      148.110      208.110      225.120      244.110      249.110
    30:      269.110      275.110      341.110      352.110      365.110
    35:      371.110      384.120      403.120      413.110      428.110
    40:      438.110      445.110      453.110      462.110      465.110
    45:      486.110      501.110      507.110      523.120      531.110
    50:      534.110      548.110      548.210      552.120      598.310
    55:      626.120      628.120      633.120      638.120      645.120
    60:      649.120      651.120      655.120      657.120      661.120
    65:      665.120      668.120      672.120      678.120      681.120
    70:      685.120      687.120      692.120      696.120      698.510
    75:      700.120      703.120      707.120      710.120      715.120
    80:      717.120      790.120     1027.110     1046.110     1196.110
    85:     1213.110     1226.110     1248.110     1248.210     1253.120
    90:     1298.310     1329.120     1335.120     1343.120     1347.120
    95:     1351.120     1358.120     1366.120     1372.120     1381.120
   100:     1386.120     1393.120     1397.120     1398.120     1398.500
   105:     1402.120     1403.120     1404.120     1409.120     1409.120
   110:     1415.120     1416.120     1424.120     1426.120     1434.120
   115:     1441.120     1450.120     1681.120     1692.120     1717.100
   120:     1720.100     1725.100     1735.100     1739.100     1755.100
   125:     1758.100     1763.120     1772.120     1782.100     1786.100
   130:     1795.100     1797.100     1799.100     1805.100     1808.100
   135:     1813.120     1856.100     1859.100     1862.100     1866.100
   140:     1894.100     1925.120     1942.100     1948.100     1980.100
   145:     1986.100     1991.100     1998.100     2002.200     2008.120
   150:     2052.300     2082.120     2083.120     2085.120     2091.120
   155:     2097.120     2101.120     2101.120     2105.120     2112.120
   160:     2116.120     2119.120     2123.120     2127.120     2132.120
   165:     2136.120     2141.120     2145.120     2150.120     2152.530
   170:     2154.120     2160.120     2162.120     2168.120     2172.120
   175:     2177.120     2178.120     2180.120     2182.120     2187.120
   180:     2189.120     2200.120     2203.120     2207.120     2208.120
   185:     2214.120     2215.120     2251.100     2360.100     2393.120
   190:     2425.120     2586.100     2597.100     2605.100     2607.100
   195:     2614.100     2621.100     2625.100     2649.100     2663.100
   200:     2672.100     2674.100     2679.100     2689.100     2694.100
   205:     2703.100     2708.120     2715.120     2724.100     2743.100
   210:     2748.100     2771.100     2777.100     2780.100     2790.100
   215:     2792.100     2804.100     2807.100     2814.100     2819.100
   220:     2819.120     2827.120     2848.100     2851.100     2856.100
   225:     2861.100     2878.100     2883.100     2889.100     2895.100
   230:     2900.100     2906.100     2913.120     2931.100     2940.100
   235:     2944.100     2948.100     2951.100     2959.100     2961.100
   240:     2967.100     3001.100     3003.100     3006.100     3013.100
   245:     3023.100     3026.120     3054.100     3057.100     3066.100
   250:     3069.100     3090.100     3095.100     3099.100     3103.100
   255:     3108.100     3123.100     3127.100     3130.120     3171.120
   260:     3185.100     3302.120     3318.100     3446.100     3462.120
   265:     3471.120     3510.120     3544.120     3550.120     3558.120
   270:     3580.100     3585.100     3603.100     3647.100     3650.100
   275:     3662.100     3668.100     3669.100     3674.100     3679.100
   280:     3679.100     3689.120     3888.100     3891.100     3919.120
   285:     3952.330     3963.120     3971.120     4052.510     4180.110
   290:     4192.110     4196.110     4199.110     4207.110     4209.110
   295:     4215.110     4225.110     4235.110     4238.110     4242.110
   300:     4249.120     4256.120     4257.120     4263.110     4268.110
   305:     4367.110     4379.110     4383.110     4403.110     4412.110
   310:     4417.110     4433.110     4443.110     4451.120     4455.110
   315:     4459.110     4466.110     4482.110     4498.110     4517.110
   320:     4522.110     4533.110     4550.110     4560.110     4575.110
   325:     4581.110     4601.110     4607.120     4614.110     4624.110
   330:     4627.110     4630.110     4640.110     4651.110     4654.110
   335:     4659.110     4665.110     4672.110     4672.210     4677.120
   340:     4722.310     4770.120     4777.120     4783.120     4790.120
   345:     4794.120     4798.120     4809.120     4813.120     4816.120
   350:     4822.120     4822.500     4826.120     4831.120     4834.120
   355:     4839.120     4842.120     4846.120     4850.120     4858.120
   360:     4860.120     4863.120     4870.120     4877.120     4884.120
   365:     4891.120     5022.100     5024.100     5031.120     5143.120
   370:     5156.100     5171.100     5184.100     5188.100     5193.100
   375:     5198.100     5201.100     5215.100     5219.100     5221.100
   380:     5229.100     5234.100     5241.100     5245.100     5252.100
   385:     5269.100     5271.100     5286.100     5292.100     5303.100
   390:     5304.100     5316.100     5323.100     5328.100     5333.100
   395:     5337.100     5341.100     5345.100     5349.100     5362.100
   400:     5366.100     5372.100     5374.100     5380.120     5390.100
   405:     5392.100     5396.100     5398.100     5399.100     5403.100
   410:     5409.100     5411.100     5417.100     5420.100     5425.100
   415:     5426.200     5435.120     5476.300     5491.120     5494.120
   420:     5496.120     5497.120     5500.120     5504.120     5505.120
   425:     5509.120     5512.120     5517.120     5520.120     5524.120
   430:     5527.120     5531.120     5534.120     5538.120     5542.120
   435:     5547.120     5548.120     5552.120     5556.120     5560.120
   440:     5562.120     5564.120     5569.120     5570.120     5573.120
   445:     5573.120     5576.500     5577.120     5578.120     5581.120
   450:     5584.120     5586.120     5591.120     5592.120     5593.120
   455:     5596.120     5600.120     5602.120     5606.120     5609.120
   460:     5613.120     5615.120     5624.120     5625.120     5648.120
   465:     5663.120     5813.100     5817.100     5822.100     5825.100
   470:     5829.100     5833.120     5844.120     5965.120     5978.100
   475:     5998.100     6000.100     6054.100     6060.100     6068.100
   480:     6073.100     6081.100     6084.100     6086.100     6090.100
   485:     6092.100     6094.100     6107.100     6112.100     6117.100
   490:     6123.100     6126.100     6133.100     6141.100     6146.100
   495:     6153.100     6164.100     6169.100     6177.100     6177.200
   500:     6183.120     6227.300     6261.120     6263.120     6265.120
   505:     6270.120     6273.120     6274.120     6278.120     6284.120
   510:     6290.120     6294.120     6299.120     6304.120     6307.120
   515:     6311.120     6314.120     6317.120     6320.120     6325.120
   520:     6327.510     6329.120     6333.120     6336.120     6341.120
   525:     6344.120     6349.120     6353.120     6356.120     6358.120
   530:     6362.120     6366.120     6374.120     6375.120     6382.120
   535:     6383.120     6586.110     6592.120     6646.110     6651.110
   540:     6659.110     6664.120     6700.110     6715.110     6725.110
   545:     6733.110     6742.110     6758.110     6776.110     6779.110
   550:     6787.110     6796.110     6812.110     6830.110     6836.110
   555:     6842.110     6851.110     6857.120     6859.120     6869.110
   560:     6871.110     6898.110     6911.110     6922.110     6924.110
   565:     6933.110     6936.110     6953.110     6953.210     6958.120
   570:     7003.310     7031.120     7041.120     7044.120     7046.120
   575:     7053.120     7057.120     7061.120     7067.120     7070.120
   580:     7074.120     7078.120     7084.120     7087.120     7093.120
   585:     7097.120     7102.120     7103.510     7104.120     7111.120
   590:     7113.120     7122.120     7124.120     7134.120     7137.120
   595:     7142.120     7143.120     7151.120     7181.120     7486.110
   600:     7489.110     7492.110     7527.110     7546.110     7556.110
   605:     7568.120     7580.110     7604.110     7613.110     7625.110
   610:     7630.110     7637.110     7649.110     7663.110     7672.120
   615:     7686.110     7694.110     7701.110     7738.110     7738.210
   620:     7743.120     7788.310     7797.120     7798.120     7803.120
   625:     7805.120     7810.120     7813.120     7814.120     7815.120
   630:     7820.120     7822.120     7828.120     7833.120     7836.120
   635:     7840.120     7843.120     7850.120     7851.120     7857.120
   640:     7859.120     7864.120     7866.120     7870.120     7874.120
   645:     7880.120     7882.120     7887.120     7888.500     7889.120
   650:     7897.120     7897.120     7901.120     7904.120     7907.120
   655:     7911.120     7913.120     7920.120     7923.120     7929.120
   660:     7932.120     7937.120     8173.120     8182.100     8209.100
   665:     8222.100     8230.120     8246.120     8255.120     8267.100
   670:     8278.100     8282.100     8286.100     8292.100     8301.100
   675:     8305.100     8309.100     8339.100     8357.100     8359.100
   680:     8369.100     8376.100     8378.100     8387.100     8391.100
   685:     8398.100     8415.100     8418.100     8428.100     8437.100
   690:     8443.100     8452.100     8457.120     8468.100     8471.100
   695:     8481.100     8488.100     8488.200     8501.120     8538.300
   700:     8575.120     8576.120     8578.120     8583.120     8592.120
   705:     8599.120     8606.120     8611.120     8613.120     8619.120
   710:     8623.120     8627.120     8629.120     8637.120     8638.500
   715:     8644.120     8644.120     8654.120     8655.120     8659.120
   720:     8666.120     8667.120     8668.120     8668.120     8675.120
   725:     8676.120     8677.120     8682.120     8688.120     8688.120
   730:     9206.100     9221.100     9225.100     9229.100     9230.100
   735:     9233.100     9236.100     9245.100     9253.100     9260.100
   740:     9265.100     9266.200     9271.120     9316.300     9352.120
   745:     9354.120     9361.120     9369.120     9372.120     9374.120
   750:     9375.120     9381.120     9384.120     9390.120     9392.120
   755:     9396.120     9398.120     9403.120     9405.120     9412.120
   760:     9413.120     9415.120     9416.540     9767.110     9771.120
   765:     9867.110     9875.110     9886.110     9895.110     9900.110
   770:     9914.110     9921.120     9930.110     9934.110     9947.110
   775:     9970.110     9976.120     9987.110     9990.110    10000.110
   780:    10011.110    10029.110    10034.110    10038.110    10048.110
   785:    10057.120    10065.120    10075.110    10079.110    10086.110
   790:    10089.110    10097.110    10105.110    10123.110    10131.110
   795:    10141.110    10147.110    10156.110    10162.120    10172.110
   800:    10176.110    10179.110    10189.110    10192.110    10200.110
   805:    10217.110    10224.110    10234.110    10245.110    10257.110
   810:    10370.110    10384.120    10498.110    10506.110    10509.120
   815:    10815.110    10833.110    10840.120    10943.110    10952.110
   820:    10964.120    10987.110    10998.120    11030.120    11052.110
   825:    11054.110    11060.110    11091.110    11155.110    11165.120
   830:    11167.120    11179.120    11216.340    11316.510    11407.110
   835:    11514.110    11517.110    11524.110    11588.110    11592.110
   840:    11611.120    11634.110    11637.110    11641.110    11661.110
   845:    11666.110    11674.110    11678.120    11696.110    11700.110
   850:    11708.110    11714.110    11725.110    11743.110    11753.110
   855:    11763.110    11791.110    11802.110    11807.110    11817.110
   860:    11829.110    11847.110    11854.110    11867.110    11874.110
   865:    11881.110    11886.110    11899.110    11914.110    11931.110
   870:    11931.210    11936.120    11981.310    11989.120    11990.120
   875:    11996.120    11997.120    11998.120    12002.120    12002.120
   880:    12004.120    12005.120    12009.120    12011.120    12015.120
   885:    12018.120    12022.120    12026.120    12029.120    12033.120
   890:    12041.120    12045.120    12048.120    12051.120    12054.120
   895:    12059.120    12060.120    12064.120    12069.120    12073.120
   900:    12076.120    12080.120    12081.500    12089.120    12095.120
   905:    12103.120    12107.120    12113.120    12157.120    12279.120
   910:    12470.100    12514.100    12541.100    12550.100    12561.100
   915:    12567.120    12581.100    12586.100    12609.100    12614.100
   920:    12618.100    12625.100    12628.100    12632.100    12636.100
   925:    12644.100    12647.100    12660.100    12665.100    12671.100
   930:    12674.100    12675.100    12685.200    12688.100    12693.120
   935:    12735.300    12740.120    12742.120    12746.120    12750.120
   940:    12752.120    12759.120    12767.120    12774.120    12778.120
   945:    12780.120    12785.120    12787.120    12793.120    12795.120
   950:    12799.120    12801.120    12806.120    12809.120    12813.120
   955:    12815.120    12819.120    12823.120    12827.120    12828.120
   960:    12834.120    12835.500    12835.120    12839.120    12843.120
   965:    12845.120    12847.120    12851.120    12855.120    12856.120
   970:    12863.120    12864.120    12872.120    12873.120    12875.120
   975:    12880.120    12883.120    12890.120    12947.120    13239.100
   980:    13305.100    13312.100    13319.120    13344.100    13355.100
   985:    13360.100    13379.100    13381.100    13388.120    13403.100
   990:    13413.100    13417.100    13424.100    13428.100    13433.100
   995:    13436.100    13439.200    13445.120    13489.300    13503.120
  1000:    13505.120    13506.120    13507.120    13514.120    13520.120
  1005:    13527.120    13534.120    13538.120    13541.120    13543.120
  1010:    13548.120    13552.120    13555.120    13557.120    13561.120
  1015:    13564.120    13569.120    13574.120    13575.120    13583.120
  1020:    13586.120    13589.510    13591.120    13593.120    13597.120
  1025:    13599.120    13601.120    13603.120    13604.120    13607.120
  1030:    13608.120    13610.120    13611.120    13613.120    13646.120
  1035:    13905.110    13912.110    13914.110    13940.110    13947.110
  1040:    13954.110    13962.110    13967.110    13974.110    13977.110
  1045:    13997.110    14003.110    14012.110    14022.110    14033.110
  1050:    14038.120    14045.110    14047.110    14059.110    14069.110
  1055:    14079.110    14089.110    14104.120    14109.110    14124.110
  1060:    14131.110    14137.110    14157.110    14164.110    14168.110
  1065:    14173.110    14178.110    14184.110    14198.110    14206.110
  1070:    14206.210    14211.120    14256.310    14261.120    14261.120
  1075:    14263.120    14268.120    14277.120    14284.120    14289.120
  1080:    14294.120    14296.120    14301.120    14303.120    14308.120
  1085:    14311.120    14315.120    14317.120    14323.120    14327.120
  1090:    14332.120    14335.120    14340.120    14343.120    14350.120
  1095:    14353.120    14356.510    14358.120    14359.120    14363.120
  1100:    14366.120    14370.120    14373.120    14378.120    14382.120
  1105:    14386.120    14389.120    14394.120    14396.120    14398.120
  1110:    14402.120    14405.120    14408.120    14415.120    14416.120
  1115:    14417.120    14425.120    14428.120    14434.120    14438.120
  1120:    14747.120    14781.110    14789.110    14796.110    14799.120
  1125:    14820.110    14825.110    14827.110    14834.110    14839.120
  1130:    14844.120    14846.120    14859.110    14864.110    14880.110
  1135:    14901.110    14912.110    14923.110    14934.110    14951.110
  1140:    14962.110    14973.110    14973.210    14978.120    15023.310
  1145:    15027.120    15031.120    15036.120    15043.120    15050.120
  1150:    15056.120    15058.120    15064.120    15072.120    15080.120
  1155:    15084.120    15086.120    15090.120    15093.120    15100.120
  1160:    15100.120    15103.120    15107.120    15109.120    15117.120
  1165:    15118.120    15123.500    15125.120    15126.120    15127.120
  1170:    15132.120    15134.120    15142.120    15143.120    15144.120
  1175:    15426.120    15453.100    15457.100    15485.100    15494.120
  1180:    15505.100    15514.100    15518.100    15521.100    15524.100
  1185:    15531.100    15540.100    15543.100    15549.100    15552.100
  1190:    15556.100    15565.100    15569.100    15573.100    15577.100
  1195:    15604.100    15611.100    15617.100    15621.100    15628.100
  1200:    15642.100    15644.100    15646.100    15651.100    15656.100
  1205:    15673.100    15677.100    15679.100    15692.100    15693.100
  1210:    15697.100    15705.100    15716.100    15722.100    15725.100
  1215:    15728.100    15731.120    15733.200    15783.300    15805.120
  1220:    15811.120    15818.120    15824.120    15828.120    15830.120
  1225:    15835.120    15838.120    15843.120    15844.120    15844.120
  1230:    15846.120    15850.120    15852.120    15856.120    15858.120
  1235:    15864.120    15868.120    15871.120    15873.120    15877.120
  1240:    15880.120    15883.510    15885.120    15893.120    15893.120
  1245:    15894.120    15900.120    15901.120    15903.120    15906.120
  1250:    16193.110    16201.110    16206.110    16212.110    16215.120
  1255:    16236.110    16240.110    16242.110    16321.110    16334.110
  1260:    16343.110    16348.110    16356.110    16361.110    16364.110
  1265:    16376.110    16390.110    16395.110    16405.110    16415.110
  1270:    16439.110    16442.110    16447.110    16458.110    16462.110
  1275:    16466.110    16468.110    16472.110    16484.110    16492.110
  1280:    16501.110    16501.210    16507.120    16551.310    16557.120
  1285:    16559.120    16560.120    16566.120    16572.120    16574.120
  1290:    16581.120    16584.120    16586.120    16587.120    16588.120
  1295:    16593.120    16594.120    16600.120    16603.120    16607.120
  1300:    16608.120    16614.120    16615.120    16621.120    16621.120
  1305:    16627.120    16629.120    16634.120    16634.120    16635.120
  1310:    16635.120    16638.120    16641.120    16642.120    16647.120
  1315:    16648.120    16651.510    16653.120    16685.120    16693.120
  1320:    16982.110    16988.120    17009.110    17013.110    17035.120
  1325:    17047.110    17086.110    17090.110    17149.110    17168.110
  1330:    17172.110    17179.110    17191.110    17196.110    17204.110
  1335:    17209.110    17225.110    17234.110    17237.110    17246.110
  1340:    17254.110    17260.110    17270.110    17270.210    17275.120
  1345:    17320.310    17326.120    17327.120    17328.120    17335.120
  1350:    17342.120    17348.120    17349.120    17350.120    17356.120
  1355:    17361.120    17363.120    17369.120    17378.120    17381.120
  1360:    17383.120    17390.120    17398.120    17403.120    17404.120
  1365:    17410.120    17411.120    17415.120    17419.120    17420.120
  1370:    17420.500    17420.120    17426.120    17427.120    17433.120
  1375:    17434.120    17435.120    17439.120    17440.120    17447.120
  1380:    17448.120    17455.120    17456.120    17718.120    17860.100
  1385:    17873.120    17916.100    17919.100    17928.100    17932.100
  1390:    17935.100    17939.100    17948.100    17953.100    17955.100
  1395:    17964.120    17976.120    17987.120    18005.100    18009.100
  1400:    18019.100    18024.100    18036.100    18038.100    18044.100
  1405:    18057.100    18061.100    18065.200    18072.120    18115.300
  1410:    18139.120    18140.120    18142.120    18148.120    18150.120
  1415:    18152.120    18157.120    18161.120    18163.120    18169.120
  1420:    18176.120    18180.120    18182.120    18190.120    18197.120
  1425:    18200.120    18204.120    18208.120    18211.120    18215.500
  1430:    18216.120    18217.120    18221.120    18223.120    18228.120
  1435:    18229.120    18230.120    18232.120    18236.120    18238.120
  1440:    18241.120    18243.120    18257.120    18682.120    18691.100
  1445:    18778.100    18786.100    18799.100    18812.100    18814.100
  1450:    18819.100    18824.100    18835.100    18838.200    18844.120
  1455:    18888.300    18905.120    18911.120    18917.120    18924.120
  1460:    18934.120    18939.120    18944.120    18947.120    18951.120
  1465:    18952.120    18954.120    18959.120    18960.120    18965.120
  1470:    18967.120    18971.120    18972.120    18976.120    18977.120
  1475:    18982.120    18983.120    18986.120    18988.120    18988.500
  1480:    18991.120    18995.120    18998.120    19055.120    19458.120
  1485:    19471.100    19485.100    19491.100    19513.100    19519.100
  1490:    19523.100    19538.100    19553.100    19554.100    19556.100
  1495:    19569.100    19574.100    19586.100    19598.200    19599.100
  1500:    19606.120    19648.300    19651.120    19653.120    19655.120
  1505:    19658.120    19662.120    19663.120    19667.120    19669.120
  1510:    19675.120    19680.120    19684.120    19691.120    19693.120
  1515:    19697.120    19700.120    19701.120    19707.120    19708.120
  1520:    19711.120    19715.120    19718.120    19723.120    19724.120
  1525:    19726.120    19732.120    19733.120    19740.120    19741.120
  1530:    19745.120    19748.120    19748.510    19753.120    19755.120
  1535:    19759.120    19761.120    19765.120    19767.120    19774.120
  1540:    19821.120    19827.120    19829.120    20191.110    20195.120
  1545:    20212.110    20295.110    20301.110    20313.110    20323.110
  1550:    20329.110    20349.110    20362.110    20362.210    20367.120
  1555:    20412.310    20423.120    20424.120    20425.120    20426.120
  1560:    20432.120    20439.120    20445.120    20446.120    20452.120
  1565:    20458.120    20463.120    20465.120    20469.120    20471.120
  1570:    20472.120    20478.120    20480.120    20481.120    20486.120
  1575:    20488.120    20497.120    20512.510    21028.110    21033.120
  1580:    21058.110    21076.110    21090.120    21105.110    21109.110
  1585:    21117.110    21130.110    21130.210    21134.120    21180.310
  1590:    21183.120    21184.120    21187.120    21191.120    21199.120
  1595:    21200.120    21206.120    21207.120    21211.120    21213.120
  1600:    21219.120    21228.120    21234.120    21243.120    21247.120
  1605:    21248.120    21255.120    21262.120    21264.120    21265.120
  1610:    21270.120    21275.120    21276.120    21280.500    21280.120
  1615:    21727.100    21737.100    21741.100    21742.100    21748.100
  1620:    21754.100    21756.100    21758.100    21763.100    21765.100
  1625:    21768.100    21770.100    21776.100    21778.100    21780.100
  1630:    21786.100    21788.100    21794.100    21801.100    21805.100
  1635:    21806.100    21810.100    21821.100    21823.100    21827.100
  1640:    21830.100    21832.100    21835.120    21851.100    21853.100
  1645:    21856.100    21860.100    21865.100    21869.100    21875.100
  1650:    21881.200    21882.100    21887.120    21931.300    21942.120
  1655:    21943.120    21945.120    21949.120    21951.120    21954.120
  1660:    21955.120    21956.120    21962.120    21967.120    21971.120
  1665:    21973.120    21977.120    21979.120    21983.120    21985.120
  1670:    21989.120    21992.120    21997.120    22001.120    22005.120
  1675:    22011.120    22021.120    22026.120    22027.120    22028.120
  1680:    22031.510    22249.110    22260.120    22543.110    22551.110
  1685:    22620.110    22628.110    22634.110    22649.110    22649.210
  1690:    22654.120    22699.310    22704.120    22705.120    22714.120
  1695:    22722.120    22729.120    22735.120    22742.120    22747.120
  1700:    22750.120    22757.120    22763.120    22764.120    22769.120
  1705:    22771.120    22777.120    22779.120    22786.120    22788.120
  1710:    22793.120    22799.510    22823.120    23233.110    23322.110
  1715:    23365.110    23375.110    23383.110    23386.110    23407.110
  1720:    23433.110    23433.210    23437.120    23483.310    23489.120
  1725:    23496.120    23501.120    23501.120    23502.120    23509.120
  1730:    23514.120    23515.120    23516.120    23517.120    23525.120
  1735:    23529.120    23532.120    23536.120    23538.120    23547.120
  1740:    23552.120    23556.120    23557.120    23562.120    23562.120
  1745:    23563.120    23568.120    23570.120    23583.500    23601.120
  1750:    23603.120    23604.120    23946.100    23964.120    23978.100
  1755:    23983.100    23987.100    23993.100    23998.100    24002.100
  1760:    24004.100    24007.100    24010.100    24013.100    24020.100
  1765:    24026.100    24031.100    24033.100    24044.100    24050.100
  1770:    24056.100    24058.100    24069.100    24076.100    24079.100
  1775:    24082.100    24088.100    24091.100    24095.100    24100.100
  1780:    24104.100    24110.100    24113.100    24117.100    24123.100
  1785:    24130.100    24148.100    24155.120    24162.120    24168.100
  1790:    24171.100    24178.100    24183.100    24183.200    24190.120
  1795:    24233.300    24246.120    24247.120    24249.120    24254.120
  1800:    24259.120    24260.120    24264.120    24265.120    24266.120
  1805:    24271.120    24273.120    24277.120    24283.120    24285.120
  1810:    24290.120    24294.120    24298.120    24299.120    24300.120
  1815:    24301.120    24303.120    24306.120    24310.120    24313.120
  1820:    24316.120    24322.120    24324.120    24325.120    24328.120
  1825:    24330.120    24333.540    24333.120    24336.120    24341.120
  1830:    24344.120    24349.120    24352.120    24360.120    24362.120
  1835:    24363.120    24365.120    24369.120    24394.120    24405.120
  1840:    24832.110    24837.120    24915.110    24942.110    24956.110
  1845:    24962.110    24967.110    24973.110    24983.110    24990.110
  1850:    24997.110    25000.110    25020.110    25024.110    25033.110
  1855:    25037.110    25066.110    25072.120    25081.110    25102.110
  1860:    25129.110    25134.110    25142.110    25148.110    25151.110
  1865:    25163.110    25167.110    25173.110    25177.110    25180.120
  1870:    25190.110    25195.110    25216.110    25225.110    25231.110
  1875:    25240.110    25254.110    25269.110    25275.110    25279.110
  1880:    25290.110    25297.110    25416.110    25425.110    25441.120
  1885:    25458.110    25711.110    25715.120    26067.110    26080.110
  1890:    26093.110    26096.110    26108.110    26110.110    26124.110
  1895:    26133.340    26138.120    26233.510    26297.110    26681.110
  1900:    26684.110    26697.120    26720.110    26730.110    26742.110
  1905:    26792.110    26807.110    26814.110    26832.110    26839.110
  1910:    26843.110    26858.110    26858.210    26863.120    26908.310
  1915:    26931.120    26936.120    26940.120    26946.120    26953.120
  1920:    26959.120    26963.120    26968.120    26974.120    26980.120
  1925:    26984.120    26986.120    26994.120    26999.120    27003.120
  1930:    27005.120    27008.500    27010.120    27011.120    27016.120
  1935:    27023.120    27024.120    27259.120    27280.100    27289.100
  1940:    27383.100    27390.100    27397.100    27404.100    27410.100
  1945:    27414.100    27422.100    27427.100    27431.100    27438.100
  1950:    27448.100    27456.100    27462.100    27467.120    27478.100
  1955:    27483.100    27489.100    27492.100    27496.100    27506.100
  1960:    27515.100    27531.100    27536.100    27552.100    27556.100
  1965:    27559.100    27565.100    27569.100    27584.100    27596.100
  1970:    27599.100    27600.100    27602.100    27606.120    27611.100
  1975:    27612.200    27618.120    27662.300    27691.120    27698.120
  1980:    27706.120    27711.120    27712.120    27718.120    27722.120
  1985:    27725.120    27730.120    27732.120    27737.120    27739.120
  1990:    27743.120    27745.120    27750.120    27752.120    27756.120
  1995:    27759.120    27762.530    27763.120    27765.120    27770.120
  2000:    27775.120    27778.120    27780.120    27785.120    27787.120
  2005:    27788.120    27794.120    27795.120    27801.120    27802.120
  2010:    27806.120    27808.120    28208.100    28256.120    28375.100
  2015:    28385.100    28391.100    28395.100    28400.100    28409.100
  2020:    28416.100    28421.100    28426.100    28430.100    28434.100
  2025:    28437.100    28441.100    28445.100    28452.120    28457.100
  2030:    28464.100    28467.100    28469.100    28474.100    28480.100
  2035:    28486.100    28491.100    28494.100    28497.100    28508.100
  2040:    28516.100    28524.100    28530.100    28534.100    28539.100
  2045:    28547.120    28551.100    28553.100    28567.100    28575.100
  2050:    28586.100    28602.100    28604.100    28612.100    28627.100
  2055:    28630.100    28635.120    28646.100    28648.100    28654.100
  2060:    28655.100    28662.100    28665.100    28671.100    28672.100
  2065:    28676.100    28686.100    28692.100    28696.100    28699.100
  2070:    28703.100    28708.100    28712.100    28714.120    28739.120
  2075:    28759.100    28761.100    28781.100    28784.100    28788.100
  2080:    28805.120    28859.120    28876.100    28891.100    28898.100
  2085:    29385.100    29399.120    29457.100    29470.100    29473.100
  2090:    29482.100    29487.100    29488.100    29494.120    29538.100
  2095:    29541.100    29562.330    29563.100    29662.510    29926.110
  2100:    29952.110    29956.110    29963.110    29969.110    29981.110
  2105:    29986.110    29990.120    30005.110    30008.110    30029.110
  2110:    30043.110    30052.110    30061.110    30069.110    30083.110
  2115:    30098.110    30102.110    30108.110    30123.110    30127.110
  2120:    30143.120    30154.110    30159.110    30166.110    30170.110
  2125:    30178.110    30191.110    30202.110    30205.110    30222.110
  2130:    30234.110    30246.110    30262.120    30266.110    30271.110
  2135:    30278.110    30278.210    30283.120    30328.310    30343.120
  2140:    30345.120    30347.120    30351.120    30352.120    30358.120
  2145:    30359.120    30366.120    30371.120    30372.120    30378.120
  2150:    30380.120    30385.120    30387.120    30393.120    30395.120
  2155:    30428.510    30439.120    30440.120    30444.120    30460.120
  2160:    30617.110    30825.110    30830.110    30836.120    30841.120
  2165:    30847.120    31014.110    31019.110    31024.110    31038.110
  2170:    31043.110    31043.210    31048.120    31093.310    31107.120
  2175:    31109.120    31116.120    31124.120    31130.120    31135.120
  2180:    31144.120    31151.120    31160.120    31164.120    31166.120
  2185:    31167.120    31172.120    31174.120    31178.120    31180.120
  2190:    31184.120    31188.120    31191.120    31193.120    31193.500
  2195:    31197.120    31200.120    31206.120    31210.120    31211.120
  2200:    31436.120    31693.100    31702.120    31712.100    31716.100
  2205:    31727.100    31730.100    31736.100    31741.100    31743.100
  2210:    31746.100    31758.100    31762.100    31776.100    31779.100
  2215:    31785.100    31791.100    31796.200    31801.120    31846.300
  2220:    31847.120    31852.120    31856.120    31859.120    31863.120
  2225:    31863.120    31865.120    31869.120    31872.120    31876.120
  2230:    31879.120    31883.120    31885.120    31889.120    31891.120
  2235:    31896.120    31899.120    31903.120    31906.120    31909.120
  2240:    31913.120    31917.120    31921.120    31928.120    31934.120
  2245:    31935.120    31936.120    31941.120    31942.120    31944.120
  2250:    31946.500    31948.120    31968.120    31969.120    32283.100
  2255:    32303.120    32316.120    32332.100    32334.100    32341.100
  2260:    32349.100    32355.100    32358.100    32365.120    32378.100
  2265:    32389.100    32392.100    32395.100    32398.100    32409.100
  2270:    32414.100    32417.100    32419.100    32422.100    32428.100
  2275:    32461.100    32472.120    32486.100    32493.100    32497.100
  2280:    32503.100    32508.100    32516.100    32525.100    32534.100
  2285:    32538.100    32545.100    32552.100    32553.200    32560.120
  2290:    32603.300    32624.120    32630.120    32635.120    32640.120
  2295:    32646.120    32649.120    32656.120    32658.120    32662.120
  2300:    32665.120    32668.120    32671.120    32675.120    32678.120
  2305:    32682.120    32685.120    32686.120    32689.120    32693.120
  2310:    32696.120    32700.120    32703.120    32703.510    32707.120
  2315:    32711.120    32713.120    32718.120    32721.120    32724.120
  2320:    32727.120    32732.120    32733.120    32734.120    32737.120
  2325:    32764.120    33377.110    33377.210    33381.120    33427.310
  2330:    33436.120    33439.120    33440.120    33446.120    33452.120
  2335:    33462.120    33466.120    33469.120    33472.120    33474.120
  2340:    33479.120    33483.120    33486.120    33488.120    33494.120
  2345:    33497.120    33502.120    33504.120    33509.120    33511.120
  2350:    33517.120    33521.120    33523.120    33527.500    33528.120
  2355:    33846.100    33855.100    33861.100    33866.100    33873.100
  2360:    33877.100    33884.100    33890.100    33900.120    33906.100
  2365:    33915.100    33918.100    33929.100    33934.100    33942.100
  2370:    33950.100    33959.100    33963.100    33964.100    33968.100
  2375:    33973.100    33992.120    33996.100    33997.100    34005.100
  2380:    34010.100    34013.100    34022.100    34025.100    34033.100
  2385:    34044.120    34055.100    34060.100    34064.100    34090.100
  2390:    34100.100    34107.100    34111.100    34112.100    34116.100
  2395:    34122.100    34125.100    34132.100    34141.100    34150.200
  2400:    34156.120    34200.300    34211.120    34211.120    34218.120
  2405:    34222.120    34224.120    34228.120    34229.120    34230.120
  2410:    34231.120    34235.120    34237.120    34241.120    34243.120
  2415:    34247.120    34249.120    34254.120    34257.120    34261.120
  2420:    34263.120    34267.120    34270.120    34274.120    34277.120
  2425:    34280.120    34283.120    34288.120    34291.120    34295.120
  2430:    34298.120    34300.510    34303.120    34309.120    34310.120
  2435:    34311.120    34317.120    34319.120    34323.120    34326.120
  2440:    34333.120    34375.120    34807.110    34813.110    34817.110
  2445:    34822.120    34834.110    34837.110    34840.110    34851.110
  2450:    34855.110    34862.110    34869.110    34873.110    34880.110
  2455:    34883.110    34889.110    34893.110    34895.110    34905.110
  2460:    34910.110    34921.110    34921.210    34925.120    34971.310
  2465:    34980.120    34986.120    34991.120    34998.120    35004.120
  2470:    35008.120    35011.120    35018.120    35025.120    35032.120
  2475:    35039.120    35045.120    35050.120    35054.120    35057.120
  2480:    35060.120    35063.120    35067.120    35070.120    35071.500
  2485:    35074.120    35077.120    35083.120    35090.120    35091.120
  2490:    35098.120    35098.120    35101.120    35107.120    35108.120
  2495:    35556.100    35565.100    35567.100    35575.100    35577.100
  2500:    35581.100    35586.100    35591.100    35594.100    35598.100
  2505:    35602.100    35606.100    35615.100    35630.100    35635.100
  2510:    35640.100    35642.100    35644.100    35647.100    35654.100
  2515:    35657.100    35664.100    35667.100    35675.200    35680.120
  2520:    35725.300    35736.120    35742.120    35747.120    35751.120
  2525:    35753.120    35758.120    35761.120    35765.120    35767.120
  2530:    35770.120    35772.120    35776.120    35778.120    35780.120
  2535:    35783.120    35784.120    35785.120    35792.120    35794.120
  2540:    35801.120    35803.120    35807.120    35810.120    35816.120
  2545:    35817.120    35823.120    35825.500    35830.120    35832.120
  2550:    35832.120    35837.120    35843.120    35870.120    35895.120
  2555:    36239.120    36249.100    36273.100    36276.100    36279.100
  2560:    36285.100    36286.100    36291.100    36298.100    36303.100
  2565:    36306.100    36310.100    36316.100    36328.100    36332.100
  2570:    36345.100    36349.100    36351.100    36357.100    36360.100
  2575:    36362.100    36365.100    36372.100    36378.100    36383.100
  2580:    36391.100    36402.100    36407.120    36415.120    36424.100
  2585:    36425.200    36426.100    36433.120    36475.300    36496.120
  2590:    36497.120    36575.510    36577.120    36600.120    36615.110
  2595:    36620.120    36828.110    36847.120    36855.110    36936.110
  2600:    36945.120    36963.110    36974.110    36994.110    37005.110
  2605:    37010.110    37023.110    37026.110    37031.110    37033.110
  2610:    37051.110    37059.120    37066.110    37070.110    37081.110
  2615:    37088.110    37095.110    37099.110    37113.110    37125.110
  2620:    37138.110    37143.110    37150.110    37168.110    37174.110
  2625:    37180.110    37185.110    37192.110    37192.210    37197.120
  2630:    37242.310    37254.120    37261.120    37268.120    37274.120
  2635:    37281.120    37284.120    37286.120    37291.120    37292.120
  2640:    37294.120    37297.120    37299.120    37303.120    37305.120
  2645:    37309.120    37312.120    37316.120    37319.120    37322.120
  2650:    37325.120    37329.120    37337.120    37338.120    37342.510
  2655:    37372.120    37741.110    37745.120    37757.110    37763.110
  2660:    37779.110    37781.110    37795.110    37800.110    37820.110
  2665:    37822.110    37828.110    37841.110    37850.110    37852.110
  2670:    37873.110    37878.110    37882.110    37888.110    37895.120
  2675:    37897.120    37904.110    37908.110    37915.110    37918.110
  2680:    37927.110    37933.110    37949.110    37959.120    37964.110
  2685:    37964.210    37969.120    38014.310    38038.120    38042.120
  2690:    38048.120    38053.120    38060.120    38065.120    38070.120
  2695:    38077.120    38085.120    38088.120    38090.120    38094.120
  2700:    38098.120    38104.120    38110.120    38111.120    38114.530
  2705:    38126.120    38131.120    38137.120    38376.120    38631.100
  2710:    38640.100    38645.100    38649.100    38653.100    38656.100
  2715:    38658.100    38663.100    38668.120    38675.120    38693.100
  2720:    38697.100    38701.100    38704.100    38706.100    38709.100
  2725:    38710.100    38715.100    38722.100    38748.100    38760.100
  2730:    38765.100    38782.100    38793.100    38801.100    38805.100
  2735:    38806.100    38833.100    38843.100    38845.100    38846.100
  2740:    38869.100    38872.100    38883.100    38893.100    38916.100
  2745:    38919.100    38925.120    38936.100    38938.100    38946.100
  2750:    38949.100    38953.100    38962.100    38967.100    38969.100
  2755:    38974.100    38977.100    38987.100    38998.120    39002.120
  2760:    39004.100    39015.100    39017.100    39019.100    39024.100
  2765:    39029.100    39035.100    39110.120    39273.100    39279.100
  2770:    39280.100    39287.120    39380.100    39383.100    39385.100
  2775:    39465.100    39469.100    39485.100    39495.100    39500.100
  2780:    39504.100    39512.100    39523.100    39525.100    39529.100
  2785:    39534.100    39542.100    39549.100    39553.120    39587.100
  2790:    39591.100    39618.100    39676.100    39687.100    39703.100
  2795:    39706.100    39712.100    39719.120    39811.100    39914.330
  2800:    40014.500    40093.100    40098.100    40113.100    40120.120
  2805:    40180.100    40256.100    40259.100    40263.100    40269.100
  2810:    40274.120    40310.100    40315.100    40318.100    40323.100
  2815:    40544.100    40545.100    40565.120    40964.100    40969.100
  2820:    40972.100    40974.100    40983.100    40989.100    40992.100
  2825:    41000.100    41002.100    41007.100    41016.100    41018.100
  2830:    41020.100    41024.200    41025.100    41030.120    41074.300
  2835:    41083.120    41086.120    41089.120    41096.120    41097.120
  2840:    41097.120    41098.120    41103.120    41105.120    41117.120
  2845:    41121.120    41174.500    41523.100    41535.100    41537.100
  2850:    41556.100    41566.100    41570.100    41583.100    41590.100
  2855:    41594.100    41603.100    41610.100    41612.100    41629.100
  2860:    41632.100    41650.100    41653.100    41661.100    41663.100
  2865:    41677.100    41682.100    41683.100    41696.100    41702.100
  2870:    41706.100    41713.100    41722.100    41724.100    41728.100
  2875:    41733.100    41738.100    41750.100    41753.100    41760.100
  2880:    41765.100    41782.200    41791.120    41832.300    41850.120
  2885:    41852.120    41858.120    41863.120    41868.120    41870.120
  2890:    41874.120    41877.120    41881.120    41883.120    41889.120
  2895:    41891.120    41892.120    41896.120    41897.120    41899.120
  2900:    41904.120    41905.120    41912.120    41917.120    41918.120
  2905:    41920.120    41920.120    41932.510    41943.120    41946.120
  2910:    41978.120
E:
     0:     2911.000      865.000      589.000
F:
     0:       70.000       37.060       26.412
G:
     0:        1.000        1.000        1.000        1.000        1.000
     5:        1.000        1.000        1.000        1.000        0.000
H:
     0:        1.000        1.000        2.000        2.000
L:
     0:     6136.000     6138.000     6112.000     6105.000     6374.000
     5:     6137.000     6148.000     6198.000     6552.000     6330.000
    10:     6197.000     6109.000     6105.000     6140.000     6132.000
    15:     6172.000     6330.000     6143.000     6103.000    10198.000
    20:     6177.000
R:
     0:        1.000        1.000        1.000        1.000        1.000
     5:        1.000        1.000        1.000        1.000        0.000
S:
     0:        1.000        1.000
U:
     0:     6112.000        2.000        0.000
X:
     0:        0.000      318.001      322.002      326.003      336.004
     5:      340.005      356.006      359.007      383.008      387.009
    10:      396.010      398.011      400.012      406.013      409.014
    15:      457.015      460.016      463.017      467.018      495.019
    20:      543.020      549.021      581.022      587.023      592.024
    25:      599.025      603.025      653.000      653.000      752.002
    30:      861.004     1087.006     1097.008     1106.010     1108.012
    35:     1114.014     1121.016     1126.018     1149.020     1164.022
    40:     1173.024     1174.026     1180.028     1189.030     1194.032
    45:     1203.034     1225.036     1243.038     1248.040     1271.042
    50:     1277.044     1281.046     1291.048     1292.050     1304.052
    55:     1308.054     1315.056     1319.058     1349.060     1351.062
    60:     1356.064     1362.066     1379.068     1384.070     1390.072
    65:     1396.074     1401.076     1407.078     1432.080     1441.082
    70:     1444.084     1449.086     1451.088     1460.090     1461.092
    75:     1468.094     1501.096     1504.098     1507.100     1513.102
    80:     1523.104     1554.106     1557.108     1566.110     1570.112
    85:     1591.114     1596.116     1599.118     1604.120     1608.122
    90:     1623.124     1627.126     1685.128     1818.130     1946.132
    95:     2081.134     2086.136     2103.138     2147.140     2150.142
   100:     2163.144     2169.146     2170.148     2174.150     2179.152
   105:     2180.154     2388.156     2392.158     3522.001     3525.002
   110:     3657.003     3671.004     3685.005     3688.006     3693.007
   115:     3699.008     3702.009     3715.010     3720.011     3721.012
   120:     3730.013     3735.014     3742.015     3745.016     3753.017
   125:     3769.018     3772.019     3786.020     3792.021     3803.022
   130:     3804.023     3817.024     3824.025     3828.026     3834.027
   135:     3838.028     3842.029     3845.030     3849.031     3863.032
   140:     3867.033     3873.034     3875.035     3890.036     3892.037
   145:     3897.038     3898.039     3900.040     3904.041     3910.042
   150:     3912.043     3917.044     3921.045     3926.046     3927.046
   155:     3977.000     3977.000     4213.001     4217.002     4222.003
   160:     4226.004     4229.005     4378.006     4399.007     4401.008
   165:     4454.009     4460.010     4468.011     4474.012     4482.013
   170:     4484.014     4486.015     4491.016     4492.017     4494.018
   175:     4507.019     4512.020     4518.021     4523.022     4526.023
   180:     4533.024     4541.025     4547.026     4554.027     4564.028
   185:     4570.029     4578.030     4578.030     4628.000     4628.000
   190:     4922.001     4948.002     4962.003     5007.004     5018.005
   195:     5022.006     5026.007     5031.008     5041.009     5045.010
   200:     5049.011     5078.012     5096.013     5098.014     5108.015
   205:     5116.016     5117.017     5126.018     5131.019     5137.020
   210:     5154.021     5158.022     5168.023     5177.024     5182.025
   215:     5192.026     5208.027     5210.028     5220.029     5227.030
   220:     5228.030     5278.000     5278.000     5845.001     5860.002
   225:     5864.003     5868.004     5869.005     5872.006     5875.007
   230:     5884.008     5892.009     5899.010     5904.011     5905.011
   235:     5955.000     5955.000     6344.001     6388.002     6414.003
   240:     6424.004     6434.005     6454.006     6459.007     6483.008
   245:     6488.009     6492.010     6498.011     6501.012     6506.013
   250:     6510.014     6517.015     6521.016     6533.017     6539.018
   255:     6545.019     6548.020     6549.021     6558.021     6562.022
   260:     6608.000     6608.000     7011.001     7078.002     7084.003
   265:     7117.004     7127.005     7133.006     7152.007     7153.008
   270:     7176.009     7186.010     7189.011     7197.012     7201.013
   275:     7206.014     7209.015     7212.015     7262.000     7262.000
   280:     7591.001     7595.002     7623.003     7643.004     7652.005
   285:     7656.006     7659.007     7662.008     7669.009     7678.010
   290:     7681.011     7687.012     7690.013     7694.014     7703.015
   295:     7707.016     7711.017     7715.018     7742.019     7749.020
   300:     7755.021     7759.022     7766.023     7780.024     7782.025
   305:     7784.026     7789.027     7794.028     7811.029     7815.030
   310:     7817.031     7830.032     7831.033     7835.034     7843.035
   315:     7854.036     7860.037     7863.038     7866.039     7871.039
   320:     7921.000     7921.000     8360.001     8416.002     8420.003
   325:     8428.004     8432.005     8435.006     8440.007     8448.008
   330:     8453.009     8456.010     8506.011     8510.012     8519.013
   335:     8524.014     8536.015     8538.016     8544.017     8557.018
   340:     8561.019     8566.019     8616.000     8616.000     9091.001
   345:     9178.002     9186.003     9199.004     9213.005     9215.006
   350:     9219.007     9224.008     9235.009     9239.009     9289.000
   355:     9289.000     9771.001     9785.002     9791.003     9814.004
   360:     9819.005     9823.006     9838.007     9853.008     9854.009
   365:     9857.010     9869.011     9874.012     9886.013     9898.013
   370:     9899.014     9948.000     9948.000    10395.001    10404.002
   375:    10408.003    10410.004    10415.005    10422.006    10424.007
   380:    10426.008    10430.009    10433.010    10436.011    10438.012
   385:    10443.013    10446.014    10448.015    10454.016    10456.017
   390:    10462.018    10469.019    10472.020    10474.021    10478.022
   395:    10488.023    10490.024    10495.025    10498.026    10500.027
   400:    10519.028    10521.029    10524.030    10528.031    10532.032
   405:    10537.033    10543.034    10548.034    10550.035    10598.000
   410:    10598.000    10960.001    10993.002    10998.003    11002.004
   415:    11008.005    11013.006    11017.007    11019.008    11022.009
   420:    11025.010    11028.011    11035.012    11040.013    11046.014
   425:    11047.015    11059.016    11065.017    11071.018    11073.019
   430:    11084.020    11090.021    11094.022    11096.023    11103.024
   435:    11106.025    11110.026    11114.027    11119.028    11125.029
   440:    11128.030    11132.031    11138.032    11145.033    11163.034
   445:    11183.035    11186.036    11193.037    11198.038    11198.038
   450:    11248.000    11248.000    11520.001    11529.002    11622.003
   455:    11629.004    11636.005    11643.006    11649.007    11653.008
   460:    11661.009    11667.010    11671.011    11678.012    11688.013
   465:    11696.014    11701.015    11717.016    11722.017    11728.018
   470:    11731.019    11735.020    11745.021    11754.022    11770.023
   475:    11776.024    11791.025    11796.026    11799.027    11804.028
   480:    11808.029    11823.030    11836.031    11838.032    11840.033
   485:    11842.034    11851.035    11852.035    11902.000    11902.000
   490:    12347.002    12514.004    12524.006    12530.008    12534.010
   495:    12540.012    12548.014    12555.016    12560.018    12566.020
   500:    12569.022    12573.024    12577.026    12580.028    12585.030
   505:    12597.032    12603.034    12606.036    12608.038    12613.040
   510:    12619.042    12625.044    12630.046    12633.048    12636.050
   515:    12647.052    12656.054    12664.056    12669.058    12674.060
   520:    12678.062    12690.064    12692.066    12706.068    12715.070
   525:    12725.072    12741.074    12744.076    12752.078    12766.080
   530:    12769.082    12785.084    12787.086    12793.088    12794.090
   535:    12801.092    12804.094    12810.096    12811.098    12815.100
   540:    12826.102    12832.104    12835.106    12838.108    12843.110
   545:    12848.112    12852.114    12898.116    12900.118    12920.120
   550:    12923.122    12928.124    13016.126    13031.128    13037.130
   555:    13524.132    13596.134    13609.136    13612.138    13621.140
   560:    13626.142    13628.144    13677.146    13680.148    13703.149
   565:    15832.001    15851.002    15855.003    15866.004    15869.005
   570:    15875.006    15880.007    15882.008    15885.009    15898.010
   575:    15902.011    15915.012    15919.013    15924.014    15931.015
   580:    15936.015    15986.000    15986.000    16323.001    16371.002
   585:    16374.003    16381.004    16388.005    16394.006    16398.007
   590:    16418.008    16428.009    16431.010    16434.011    16437.012
   595:    16448.013    16453.014    16457.015    16458.016    16462.017
   600:    16467.018    16501.019    16525.020    16533.021    16537.022
   605:    16543.023    16547.024    16555.025    16564.026    16573.027
   610:    16578.028    16584.029    16591.030    16593.030    16643.000
   615:    16643.000    16962.001    16971.002    16977.003    16982.004
   620:    16988.005    16993.006    17000.007    17006.008    17022.009
   625:    17030.010    17034.011    17045.012    17050.013    17058.014
   630:    17065.015    17075.016    17079.017    17080.018    17084.019
   635:    17089.020    17112.021    17113.022    17121.023    17126.024
   640:    17129.025    17138.026    17141.027    17148.028    17171.029
   645:    17176.030    17180.031    17205.032    17216.033    17223.034
   650:    17226.035    17228.036    17232.037    17238.038    17241.039
   655:    17248.040    17257.041    17266.041    17316.000    17316.000
   660:    17800.001    17810.002    17812.003    17819.004    17822.005
   665:    17825.006    17831.007    17836.008    17838.009    17842.010
   670:    17846.011    17850.012    17860.013    17875.014    17880.015
   675:    17885.016    17887.017    17888.018    17892.019    17898.020
   680:    17902.021    17909.022    17911.023    17920.023    17970.000
   685:    17970.000    18394.001    18417.002    18421.003    18424.004
   690:    18429.005    18431.006    18435.007    18443.008    18447.009
   695:    18451.010    18455.011    18460.012    18472.013    18477.014
   700:    18489.015    18493.016    18495.017    18501.018    18505.019
   705:    18507.020    18510.021    18517.022    18523.023    18527.024
   710:    18535.025    18547.026    18568.027    18570.027    18570.028
   715:    18620.000    18620.000    19136.002    19145.004    19150.006
   720:    19154.008    19158.010    19161.012    19163.014    19168.016
   725:    19199.018    19202.020    19206.022    19209.024    19211.026
   730:    19214.028    19215.030    19220.032    19227.034    19253.036
   735:    19266.038    19270.040    19287.042    19299.044    19306.046
   740:    19310.048    19311.050    19338.052    19348.054    19350.056
   745:    19352.058    19374.060    19377.062    19388.064    19398.066
   750:    19421.068    19424.070    19441.072    19443.074    19452.076
   755:    19455.078    19458.080    19468.082    19473.084    19474.086
   760:    19480.088    19482.090    19492.092    19510.094    19520.096
   765:    19522.098    19524.100    19529.102    19535.104    19541.106
   770:    19779.108    19784.110    19786.112    19886.114    19889.116
   775:    19891.118    19971.120    19974.122    19991.124    20001.126
   780:    20006.128    20009.130    20017.132    20028.134    20031.136
   785:    20034.138    20039.140    20047.142    20054.144    20092.146
   790:    20097.148    20124.150    20181.152    20192.154    20209.156
   795:    20212.158    20217.160    20317.162    20598.163    20603.164
   800:    20618.165    20685.166    20761.167    20764.168    20768.169
   805:    20774.170    20815.171    20820.172    20824.173    20828.174
   810:    21049.175    21051.176    21469.177    21474.178    21477.179
   815:    21480.180    21489.181    21494.182    21497.183    21505.184
   820:    21507.185    21513.186    21522.187    21523.188    21525.189
   825:    21529.189    21530.190    21579.000    21579.000    21927.001
   830:    21939.002    21942.003    21960.004    21970.005    21975.006
   835:    21988.007    21994.008    21999.009    22008.010    22014.011
   840:    22017.012    22033.013    22036.014    22055.015    22058.016
   845:    22065.017    22067.018    22081.019    22087.020    22088.021
   850:    22101.022    22106.023    22110.024    22117.025    22126.026
   855:    22129.027    22133.028    22138.029    22143.030    22154.031
   860:    22157.032    22165.033    22170.034    22186.034    22236.000
Y:
     0:        0.000        7.001       36.002       57.003      102.004
     5:      112.005      145.006      147.007      208.008      244.009
    10:      249.010      269.011      274.012      341.013      351.014
    15:      364.015      371.016      413.017      428.018      437.019
    20:      445.020      453.021      462.022      465.023      486.024
    25:      501.025      507.026      531.027      534.028      548.029
    30:      548.029      598.000      598.000      927.001      945.002
    35:     1096.003     1112.004     1125.005     1148.006     1148.006
    40:     1198.000     1198.000     1198.159     1198.160     1198.161
    45:     1198.162     1198.163     1198.164     1198.165     1198.166
    50:     1198.167     1198.168     1198.169     1198.170     1198.171
    55:     1198.172     1198.173     1198.174     1198.175     1198.176
    60:     1198.177     1198.178     1198.179     1198.180     1198.181
    65:     1198.182     1198.183     1198.184     1198.185     1198.186
    70:     1198.187     1198.188     1198.189     1198.190     1198.191
    75:     1198.192     1198.193     1198.194     1198.195     1198.196
    80:     1198.197     1198.198     1198.199     1198.200     1198.201
    85:     1198.202     1198.202     1198.000     1198.000     1456.001
    90:     1516.002     1521.003     1529.004     1570.005     1585.006
    95:     1595.007     1603.008     1613.009     1629.010     1646.011
   100:     1649.012     1657.013     1666.014     1682.015     1700.016
   105:     1706.017     1712.018     1721.019     1739.020     1742.021
   110:     1768.022     1781.023     1792.024     1794.025     1803.026
   115:     1806.027     1823.028     1823.028     1873.000     1873.000
   120:     2256.001     2258.002     2262.003     2297.004     2316.005
   125:     2325.006     2349.007     2374.008     2382.009     2395.010
   130:     2400.011     2407.012     2418.013     2432.014     2456.015
   135:     2464.016     2471.017     2508.018     2508.018     2558.000
   140:     2558.000     2908.002     3009.004     3016.006     3028.008
   145:     3037.010     3042.012     3056.014     3071.016     3075.018
   150:     3089.020     3112.022     3129.024     3132.026     3142.028
   155:     3153.030     3171.032     3176.034     3179.036     3190.038
   160:     3216.040     3221.042     3228.044     3231.046     3238.048
   165:     3247.050     3265.052     3272.054     3283.056     3288.058
   170:     3297.060     3313.062     3317.064     3320.066     3330.068
   175:     3334.070     3342.072     3358.074     3365.076     3375.078
   180:     3387.080     3398.082     3512.084     3640.086     3648.088
   185:     3957.090     3975.092     4085.094     4094.096     4128.098
   190:     4193.100     4196.102     4202.104     4233.106     4297.108
   195:     4549.109     4656.110     4658.111     4666.112     4730.113
   200:     4733.114     4775.115     4778.116     4782.117     4803.118
   205:     4808.119     4815.120     4837.121     4842.122     4850.123
   210:     4855.124     4867.125     4884.126     4895.127     4905.128
   215:     4933.129     4943.130     4948.131     4958.132     4970.133
   220:     4988.134     4996.135     5008.136     5015.137     5022.138
   225:     5028.139     5040.140     5056.141     5073.142     5073.142
   230:     5123.000     5123.000     5438.001     5445.002     5447.003
   235:     5473.004     5480.005     5487.006     5495.007     5500.008
   240:     5507.009     5510.010     5530.011     5536.012     5545.013
   245:     5555.014     5566.015     5578.016     5580.017     5592.018
   250:     5602.019     5612.020     5622.021     5642.022     5657.023
   255:     5664.024     5670.025     5690.026     5697.027     5701.028
   260:     5706.029     5711.030     5717.031     5731.032     5739.033
   265:     5739.033     5789.000     5789.000     6213.001     6221.002
   270:     6228.003     6253.004     6258.005     6259.006     6267.007
   275:     6292.008     6297.009     6313.010     6334.011     6345.012
   280:     6356.013     6366.014     6384.015     6395.016     6406.017
   285:     6406.017     6456.000     6456.000     6766.001     6773.002
   290:     6778.003     6784.004     6808.005     6812.006     6814.007
   295:     6894.008     6906.009     6915.010     6921.011     6929.012
   300:     6933.013     6936.014     6949.015     6962.016     6967.017
   305:     6977.018     6987.019     7011.020     7014.021     7019.022
   310:     7031.023     7034.024     7038.025     7040.026     7044.027
   315:     7057.028     7064.029     7073.030     7073.030     7123.000
   320:     7123.000     7454.001     7481.002     7485.003     7519.004
   325:     7558.005     7562.006     7621.007     7639.008     7644.009
   330:     7651.010     7663.011     7668.012     7676.013     7681.014
   335:     7696.015     7705.016     7708.017     7718.018     7726.019
   340:     7732.020     7742.021     7742.021     7792.000     7792.000
   345:     8234.001     8256.002     8339.003     8344.004     8357.005
   350:     8367.006     8373.007     8392.008     8405.009     8406.009
   355:     8456.000     8456.000     8972.001     9001.002     9020.003
   360:     9049.004     9053.005     9060.006     9073.007     9073.007
   365:     9123.000     9123.000     9341.001     9635.002     9643.003
   370:     9712.004     9720.005     9726.006     9741.007     9741.007
   375:     9791.000     9791.000    10225.001    10314.002    10356.003
   380:    10366.004    10374.005    10378.006    10398.007    10424.008
   385:    10424.008    10474.000    10474.000    10972.002    11055.004
   390:    11082.006    11096.008    11102.010    11107.012    11113.014
   395:    11124.016    11130.018    11137.020    11141.022    11160.024
   400:    11164.026    11174.028    11177.030    11206.032    11222.034
   405:    11242.036    11269.038    11274.040    11283.042    11288.044
   410:    11291.046    11304.048    11307.050    11313.052    11317.054
   415:    11331.056    11335.058    11356.060    11365.062    11372.064
   420:    11380.066    11395.068    11409.070    11415.072    11420.074
   425:    11430.076    11437.078    11556.080    11565.082    11598.084
   430:    11852.086    12208.088    12220.090    12233.092    12237.094
   435:    12248.096    12251.098    12265.100    12437.101    12821.102
   440:    12824.103    12860.104    12871.105    12882.106    12932.107
   445:    12948.108    12955.109    12973.110    12980.111    12983.112
   450:    12998.113    12998.113    13048.000    13048.000    13048.150
   455:    13048.151    13048.152    13048.153    13048.154    13048.155
   460:    13048.156    13048.157    13048.158    13048.159    13048.160
   465:    13048.161    13048.162    13048.163    13048.164    13048.165
   470:    13048.166    13048.167    13048.168    13048.169    13048.170
   475:    13048.171    13048.172    13048.173    13048.174    13048.175
   480:    13048.176    13048.177    13048.178    13048.179    13048.180
   485:    13048.181    13048.182    13048.183    13048.183    13048.000
   490:    13048.000    13048.001    13048.002    13048.003    13048.004
   495:    13048.005    13048.006    13048.007    13048.008    13048.008
   500:    13048.000    13048.000    13721.001    13721.001    13771.000
   505:    13771.000    14278.001    14284.002    14288.003    14305.004
   510:    14307.005    14311.006    14321.007    14326.008    14332.009
   515:    14340.010    14344.011    14350.012    14354.013    14360.014
   520:    14363.015    14366.016    14376.017    14381.018    14392.019
   525:    14392.019    14442.000    14442.000    14481.001    14694.002
   530:    14721.003    14802.004    14829.005    14841.006    14860.007
   535:    14871.008    14876.009    14889.010    14892.011    14897.012
   540:    14899.013    14917.014    14933.015    14936.016    14947.017
   545:    14954.018    14961.019    14965.020    14980.021    14991.022
   550:    15004.023    15009.024    15016.025    15034.026    15040.027
   555:    15046.028    15051.029    15059.030    15059.030    15109.000
   560:    15109.000    15507.001    15523.002    15529.003    15545.004
   565:    15547.005    15561.006    15566.007    15586.008    15588.009
   570:    15594.010    15607.011    15616.012    15618.013    15639.014
   575:    15644.015    15648.016    15654.017    15670.018    15674.019
   580:    15681.020    15684.021    15693.022    15699.023    15715.024
   585:    15730.025    15730.025    15780.000    15780.000
