File: C:\MED-PC\Data\2018-05-09_13h08m_Subject M333.txt


Start Date: 05/09/18
End Date: 05/09/18
Subject: M333
Experiment: DOBLE_PICO_ACO
Group: EXP
Box: 10
Start Time: 13:08:50
End Time: 14:22:13
MSN: IF_ACO_MULTIPLE_PICO
A:     365.000
B:      21.000
D:      22.000
I:       2.000
J:   18000.000
K:    5400.000
M:       8.000
N:      21.000
O:      23.000
P:     538.000
Q:       0.000
T:    1000.000
V:     600.000
W:      21.000
Z:       0.000
C:
     0:        0.120        0.120        0.120        0.120        0.120
     5:        0.120        0.120        0.120        0.120        0.120
    10:        0.120        0.120        0.120        0.120        0.120
    15:        0.120        0.120        0.120        0.120        0.120
    20:        0.120        0.120        0.120        0.120        0.120
    25:        0.120        0.120        0.120        0.120        0.120
    30:        0.120        0.120        0.120        0.120        0.120
    35:        0.120        0.120        0.120        0.120        0.120
    40:        0.120        0.120        0.120        0.120        0.120
    45:        0.120        0.120        0.120        0.120        0.120
    50:        0.120        0.120        0.120        0.120        0.120
    55:        0.120        0.120        0.120        0.120        0.120
    60:        0.120        0.120        0.120        0.120        0.120
    65:        0.120        0.120        0.120        0.120        0.120
    70:        0.120        0.120        0.120        0.120        0.120
    75:        0.120        0.120        0.120        0.120        0.120
    80:        0.120        0.120        0.120        0.120        0.120
    85:        0.120        0.510       12.120       35.120      311.120
    90:      320.120      324.120      401.120      407.120      408.120
    95:      411.120      413.120      421.110      426.120      433.120
   100:      437.120      468.120      505.120      527.120      547.110
   105:      547.210      550.120      597.310      697.510      809.120
   110:      813.120      815.120      817.120      824.120      831.120
   115:      833.120      835.120      836.120      843.120      852.120
   120:      854.120      856.120      857.120      859.120      860.120
   125:      861.120      861.120      862.120      867.120      873.120
   130:      874.120      876.120      878.120      888.120      919.120
   135:      931.120      940.120      947.120      956.120      965.120
   140:      967.120      974.120      976.120      978.120      999.120
   145:     1011.110     1028.120     1033.120     1043.120     1102.110
   150:     1109.110     1111.120     1133.120     1162.120     1163.120
   155:     1185.110     1189.110     1193.120     1235.120     1250.120
   160:     1271.110     1271.210     1274.120     1321.310     1421.500
   165:     1751.120     1771.120     1801.100     1804.120     1829.120
   170:     1839.120     1877.120     1896.100     1901.100     1904.100
   175:     1914.120     1917.120     1925.120     1937.120     1938.120
   180:     1940.120     1942.120     1953.100     1959.100     1969.100
   185:     1971.100     1974.100     1981.120     1985.120     2001.120
   190:     2022.100     2026.120     2029.200     2079.300     2175.120
   195:     2177.120     2179.540     2181.120     2183.120     2193.120
   200:     2194.120     2213.120     2214.120     2216.120     2328.120
   205:     2329.120     2333.120     2341.120     2514.110     2517.120
   210:     2524.120     2528.120     2540.120     2555.120     2581.120
   215:     2583.120     2585.120     2586.120     2588.120     2590.120
   220:     2591.120     2612.110     2616.110     2620.120     2647.120
   225:     2656.120     2662.120     2681.110     2684.120     2703.120
   230:     2704.120     2725.110     2729.110     2732.110     2744.110
   235:     2747.120     2778.120     2780.120     2791.110     2793.110
   240:     2796.110     2847.110     2849.110     2855.110     2856.110
   245:     2867.110     2873.110     2878.120     2922.110     2929.110
   250:     2932.110     2943.110     2949.110     2953.110     2956.110
   255:     2965.110     2970.110     2975.110     2978.120     3006.110
   260:     3010.110     3015.120     3053.110     3058.110     3062.120
   265:     3163.110     3167.120     3189.120     3193.120     3254.120
   270:     3266.110     3274.110     3276.110     3279.120     3287.120
   275:     3291.120     3292.120     3294.120     3395.120     3396.120
   280:     3404.110     3408.120     3411.120     3415.120     3416.120
   285:     3427.120     3429.120     3434.120     3466.120     3514.110
   290:     3517.120     3531.120     3533.120     3539.120     3559.120
   295:     3639.110     3641.120     3658.120     3659.120     3679.120
   300:     3763.120     3770.120     3805.110     3809.110     3812.110
   305:     3814.120     3861.120     3862.120     3866.120     3885.120
   310:     3894.120     3898.120     3905.120     3907.120     3909.120
   315:     3910.120     3918.110     3923.110     3926.120     3951.120
   320:     3954.120     3970.120     3972.120     3976.110     3979.120
   325:     3979.340     4079.500     4085.100     4190.100     4199.100
   330:     4205.120     4209.120     4227.120     4228.120     4229.120
   335:     4234.120     4266.100     4273.120     4275.120     4286.120
   340:     4487.100     4495.120     4526.120     4661.120     4668.100
   345:     4728.200     4758.120     4778.300     4786.120     4878.510
   350:     5134.120     5244.110     5248.120     5288.120     5294.120
   355:     5297.120     5301.120     5306.120     5307.120     5311.120
   360:     5312.120     5322.120     5324.120     5326.120     5329.120
   365:     5330.120     5335.120     5337.120     5341.120     5343.120
   370:     5346.120     5347.120     5368.120     5391.120     5415.110
   375:     5420.110     5424.120     5439.120     5442.120     5452.120
   380:     5453.120     5467.110     5472.110     5488.110     5492.120
   385:     5520.120     5548.120     5550.120     5553.120     5555.120
   390:     5562.120     5567.110     5567.210     5570.120     5617.310
   395:     5717.500     6005.120     6013.120     6115.120     6120.120
   400:     6144.120     6146.120     6147.120     6212.100     6292.100
   405:     6301.120     6316.100     6327.100     6334.100     6341.120
   410:     6352.200     6402.300     6502.510     6511.120     6528.120
   415:     6529.120     6570.120     6613.120     6778.110     6781.120
   420:     6812.120     6813.120     6839.120     6904.110     6907.120
   425:     6940.120     6953.120     6990.120     7008.120     7016.110
   430:     7019.110     7028.110     7031.120     7051.110     7055.110
   435:     7062.110     7064.110     7119.110     7126.110     7126.210
   440:     7130.120     7176.310     7276.500     7671.120     7673.120
   445:     7682.120     7705.120     7730.120     7818.120     7831.120
   450:     7833.120     7834.120     7836.120     7841.120     7843.120
   455:     7846.120     7866.100     7872.120     7926.200     7976.300
   460:     8076.500     8418.120     8418.120     8431.120     8433.120
   465:     8435.120     8436.120     8451.120     8483.100     8631.120
   470:     8643.100     8647.120     8696.120     8698.120     8701.120
   475:     8703.200     8704.120     8704.120     8753.300     8799.120
   480:     8805.120     8809.120     8809.120     8815.120     8817.120
   485:     8825.120     8853.510     8941.120     8944.120     8945.120
   490:     8947.120     8952.120     9107.120     9221.110     9230.110
   495:     9270.110     9306.110     9312.110     9317.110     9319.110
   500:     9323.120     9365.110     9373.110     9375.110     9385.110
   505:     9390.110     9392.110     9405.110     9407.110     9410.110
   510:     9412.110     9422.110     9425.120     9459.110     9464.110
   515:     9467.110     9471.120     9508.110     9508.210     9511.120
   520:     9558.310     9658.500     9764.120    10044.120    10048.120
   525:    10050.120    10051.120    10135.100    10207.100    10212.120
   530:    10238.120    10261.100    10266.100    10267.200    10271.120
   535:    10317.300    10417.510    10435.120    10663.120    10727.110
   540:    10729.120    10749.120    10750.120    10771.120    10772.120
   545:    10792.110    10794.120    10813.120    10819.120    10821.120
   550:    10828.120    10831.120    10832.120    10838.120    10879.120
   555:    10900.110    10904.120    10957.110    10962.110    10964.110
   560:    11018.110    11025.110    11029.110    11032.110    11036.120
   565:    11058.110    11061.110    11064.110    11076.110    11076.210
   570:    11081.120    11126.310    11131.120    11226.530    11492.120
   575:    11530.120    11611.120    11615.120    11622.120    11629.120
   580:    11632.120    11641.120    11657.120    11673.120    11677.120
   585:    11679.120    11680.120    11729.100    11734.120    11794.120
   590:    11847.120    11876.100    11883.100    11887.120    11930.120
   595:    11932.120    11934.120    11936.120    11937.120    11942.120
   600:    11944.120    11965.100    11970.120    11975.100    11984.100
   605:    11998.100    12006.100    12009.100    12013.100    12016.100
   610:    12017.100    12045.100    12048.100    12050.100    12052.100
   615:    12054.100    12059.120    12085.120    12099.100    12107.100
   620:    12122.100    12128.100    12130.100    12135.100    12140.100
   625:    12144.100    12147.100    12216.100    12229.100    12236.120
   630:    12295.120    12319.120    12341.120    12371.100    12375.120
   635:    12389.120    12394.120    12396.120    12397.120    12399.120
   640:    12400.120    12416.120    12438.120    12442.120    12447.120
   645:    12455.120    12460.120    12462.120    12470.120    12478.120
   650:    12498.120    12516.120    12519.120    12545.120    12548.120
   655:    12569.100    12575.100    12576.100    12585.120    12628.120
   660:    12655.120    12668.120    12670.120    12692.120    13011.120
   665:    13026.330    13056.120    13058.120    13086.120    13094.120
   670:    13116.120    13126.510    13139.120    13141.120    13142.120
   675:    13146.120    13483.110    13488.120    13513.120    13537.110
   680:    13540.110    13542.110    13551.110    13553.110    13558.110
   685:    13562.110    13566.110    13570.110    13573.110    13589.110
   690:    13594.110    13600.120    13624.110    13628.110    13630.110
   695:    13640.110    13651.110    13652.110    13668.110    13676.110
   700:    13679.110    13690.110    13705.110    13711.110    13761.110
   705:    13765.120    13786.120    13787.120    13830.110    13830.210
   710:    13834.120    13880.310    13980.510    14490.110    14494.120
   715:    14514.120    14525.120    14527.120    14532.120    14539.120
   720:    14540.120    14543.120    14544.120    14553.110    14560.110
   725:    14563.120    14592.120    14594.120    14601.110    14604.110
   730:    14613.110    14624.110    14630.110    14630.210    14634.120
   735:    14680.310    14780.500    15167.120    15169.120    15171.120
   740:    15198.100    15208.100    15217.100    15223.100    15229.100
   745:    15231.100    15238.120    15269.100    15278.100    15284.100
   750:    15285.100    15323.100    15338.100    15349.100    15353.100
   755:    15357.100    15359.100    15362.100    15366.100    15369.100
   760:    15380.100    15383.200    15384.100    15390.120    15433.300
   765:    15533.500    15723.120    15780.100    15786.120    15810.120
   770:    15812.120    15814.120    15840.120    15847.120    15850.120
   775:    15873.120    15898.120    15919.120    15929.120    15941.120
   780:    15946.120    15975.120    16004.120    16005.120    16007.120
   785:    16009.120    16019.120    16051.120    16053.120    16056.120
   790:    16080.100    16088.100    16093.120    16118.120    16120.120
   795:    16121.120    16140.200    16143.120    16190.300    16193.120
   800:    16290.510    16686.110    16690.120    16738.110    16741.120
   805:    16765.120    16794.110    16798.120    16804.110    16807.110
   810:    16810.110    16814.120    16841.110    16845.110    16847.110
   815:    16859.110    16864.110    16871.110    16875.110    16879.110
   820:    16884.110    16887.110    16890.110    16891.110    16893.110
   825:    16896.110    16921.110    16926.110    16936.110    16936.210
   830:    16940.120    16986.310    17086.510    17503.110    17506.120
   835:    17539.120    17540.120    17551.110    17555.120    17576.120
   840:    17578.120    17580.120    17582.120    17584.120    17597.120
   845:    17602.110    17606.110    17654.110    17663.110    17670.110
   850:    17673.110    17684.120    17696.120    17698.120    17720.110
   855:    17731.110    17731.210    17736.120    17781.310    17881.500
   860:    18320.100    18332.120    18350.120    18352.120    18354.120
   865:    18361.120    18363.120    18395.120    18401.120    18403.120
   870:    18412.100    18421.100    18429.100    18430.100    18433.100
   875:    18437.100    18444.100    18450.100    18454.100    18481.200
   880:    18515.120    18531.300    18566.120    18583.120    18584.120
   885:    18597.120    18599.120    18601.120    18630.120    18631.510
   890:    18633.120    18647.120    18648.120    18655.120    18656.120
   895:    18672.120    18679.120    18685.120    18688.120    18695.120
   900:    18695.120    18712.120    18737.110    18769.110    18771.120
   905:    18804.120    18816.120    18820.120    18822.120    18823.120
   910:    18827.120    18827.120    18840.110    18917.110    18926.110
   915:    18932.110    18936.110    18938.120    18950.120    18977.110
   920:    18982.110    18992.110    19002.110    19006.120    19036.120
   925:    19042.110    19054.110    19058.110    19066.110    19072.110
   930:    19076.120    19102.110    19104.110    19107.110    19109.110
   935:    19119.110    19127.110    19145.110    19151.110    19155.110
   940:    19156.110    19159.110    19170.110    19173.110    19179.120
   945:    19192.120    19215.120    19218.120    19224.110    19228.120
   950:    19324.110    19324.210    19328.120    19374.310    19378.120
   955:    19474.500    19719.100    19727.120    19741.120    19748.120
   960:    19750.120    19753.120    19756.120    19757.120    19764.120
   965:    19773.120    19807.120    19809.120    19812.120    19846.120
   970:    19871.100    19921.100    19927.100    19931.120    19984.100
   975:    19989.120    20052.100    20059.120    20082.100    20096.100
   980:    20108.100    20112.100    20112.200    20117.120    20162.300
   985:    20170.120    20262.510    20337.110    20340.120    20362.110
   990:    20368.110    20432.110    20437.120    20697.110    20703.110
   995:    20706.110    20716.110    20721.110    20724.110    20734.110
  1000:    20747.110    20752.110    20758.110    20763.110    20772.110
  1005:    20782.110    20789.110    20796.110    20802.110    20807.110
  1010:    20822.110    20830.110    20838.110    20848.120    20863.110
  1015:    20867.110    20881.110    20886.110    20893.120    20926.110
  1020:    20926.210    20930.120    20976.310    21032.120    21055.120
  1025:    21056.120    21064.120    21066.120    21068.120    21069.120
  1030:    21069.120    21073.120    21076.500    21076.120    21078.120
  1035:    21104.120    21107.120    21110.120    21256.100    21294.100
  1040:    21304.100    21306.100    21311.120    21338.120    21341.120
  1045:    21355.120    21360.120    21406.120    21418.120    21457.120
  1050:    21480.100    21542.100    21550.120    21572.120    21577.120
  1055:    21612.100    21623.100    21626.100    21628.100    21670.100
  1060:    21677.100    21683.200    21688.120    21733.300    21833.510
  1065:    22333.110    22337.120    22364.120    22373.110    22376.120
  1070:    22396.110    22402.110    22407.120    22429.110    22433.110
  1075:    22434.110    22442.110    22447.110    22453.110    22460.110
  1080:    22465.110    22471.110    22482.110    22482.210    22486.120
  1085:    22532.310    22536.120    22632.500    22804.120    22840.120
  1090:    23046.100    23048.120    23086.100    23095.100    23104.120
  1095:    23140.100    23148.100    23166.100    23173.100    23174.100
  1100:    23177.100    23179.100    23184.100    23191.100    23197.100
  1105:    23201.100    23211.100    23213.100    23215.100    23221.120
  1110:    23233.200    23283.300    23301.120    23303.120    23316.120
  1115:    23383.510    23530.120    23812.110    23815.120    23826.120
  1120:    23855.120    23872.120    23878.110    23882.120    23904.120
  1125:    23916.120    23929.120    23935.110    23939.120    23959.110
  1130:    23966.110    23974.110    23987.110    23996.110    24002.110
  1135:    24006.110    24006.110    24014.110    24018.110    24023.110
  1140:    24034.110    24034.210    24040.120    24084.310    24184.500
  1145:    24325.120    24509.100    24518.120    24556.100    24560.120
  1150:    24579.120    24687.100    24700.100    24708.100    24718.120
  1155:    24742.120    24756.120    24780.100    24789.100    24795.100
  1160:    24796.100    24798.100    24801.100    24806.100    24810.100
  1165:    24821.100    24828.100    24840.200    24846.120    24890.300
  1170:    24990.510    25096.110    25099.120    25167.120    25192.120
  1175:    25334.110    25432.120    25473.120    25503.120    25526.120
  1180:    25528.120    25538.110    25541.120    25566.120    25567.120
  1185:    25581.110    25587.110    25625.110    25627.110    25635.110
  1190:    25635.210    25640.120    25685.310    25752.120    25779.120
  1195:    25784.120    25785.500    25789.120    25791.120    25879.100
  1200:    25919.120    25937.120    25990.100    25997.120    26038.120
  1205:    26064.120    26066.120    26092.120    26096.120    26104.120
  1210:    26106.120    26111.120    26113.120    26117.120    26121.120
  1215:    26121.120    26130.120    26136.120    26166.100    26172.120
  1220:    26201.120    26203.120    26205.120    26210.100    26221.100
  1225:    26231.100    26236.100    26244.100    26246.100    26250.100
  1230:    26261.100    26268.100    26270.100    26281.100    26291.100
  1235:    26294.100    26297.100    26302.100    26304.100    26307.100
  1240:    26313.100    26317.100    26325.100    26348.100    26359.100
  1245:    26361.100    26365.100    26367.100    26375.100    26377.100
  1250:    26379.100    26383.100    26386.100    26391.100    26396.100
  1255:    26399.100    26408.120    26408.200    26458.300    26558.500
  1260:    26604.120    26608.120    26609.120    26611.120    26616.120
  1265:    26617.120    26620.120    27136.100    27146.100    27153.120
  1270:    27185.100    27193.100    27196.200    27201.120    27246.300
  1275:    27346.510    27369.120    27375.120    27376.120    27378.120
  1280:    27380.120    27919.110    27926.110    27939.110    27945.110
  1285:    27949.110    27952.120    27971.120    27977.110    27979.110
  1290:    27987.110    27989.110    27993.110    27993.210    27993.110
  1295:    27999.120    28043.310    28143.500    28578.100    28589.100
  1300:    28597.100    28599.100    28602.120    28622.120    28634.100
  1305:    28645.100    28647.100    28654.100    28662.100    28667.100
  1310:    28671.100    28674.100    28679.120    28702.100    28713.100
  1315:    28725.100    28729.100    28731.100    28740.100    28747.100
  1320:    28752.100    28758.100    28761.100    28762.200    28768.120
  1325:    28812.300    28912.510    29414.110    29418.120    29433.120
  1330:    29446.110    29453.110    29464.110    29466.110    29471.110
  1335:    29474.110    29481.110    29495.110    29498.110    29519.110
  1340:    29524.110    29529.110    29542.110    29544.110    29545.110
  1345:    29552.110    29562.110    29562.210    29567.120    29612.310
  1350:    29712.510    29763.120    29825.120    29837.120    29839.120
  1355:    29921.120    30183.110    30189.110    30192.110    30204.110
  1360:    30221.110    30234.110    30239.110    30243.120    30265.110
  1365:    30271.110    30280.110    30285.110    30290.110    30294.110
  1370:    30303.110    30324.110    30330.110    30339.110    30342.110
  1375:    30345.110    30353.110    30358.110    30358.210    30363.120
  1380:    30408.310    30508.530    30942.100    30948.100    30953.100
  1385:    30958.100    30961.100    30967.120    30993.100    31003.100
  1390:    31007.100    31011.100    31024.100    31031.120    31047.120
  1395:    31062.100    31068.100    31078.100    31081.100    31093.100
  1400:    31103.100    31109.100    31112.100    31116.100    31123.100
  1405:    31126.100    31128.100    31134.120    31138.120    31169.100
  1410:    31173.120    31181.100    31191.100    31197.100    31212.100
  1415:    31219.100    31222.100    31227.100    31232.100    31236.100
  1420:    31241.100    31244.120    31264.120    31265.120    31281.120
  1425:    31296.100    31301.120    31319.120    31321.120    31342.120
  1430:    31476.100    31481.120    31525.100    31530.120    31590.120
  1435:    31656.100    31664.100    31667.100    31910.120    32202.120
  1440:    32205.120    32209.120    32210.120    32308.330    32317.120
  1445:    32350.120    32393.120    32408.540    32708.110    32711.120
  1450:    32725.120    32891.110    32901.110    32905.120    32917.120
  1455:    32918.120    32945.110    32951.110    32959.110    32964.110
  1460:    32968.110    32977.110    32981.110    32991.110    32993.110
  1465:    32999.110    33003.110    33033.110    33039.110    33046.110
  1470:    33049.110    33057.110    33062.110    33066.120    33085.120
  1475:    33086.120    33087.120    33094.110    33096.110    33118.110
  1480:    33121.110    33127.110    33131.110    33145.110    33147.110
  1485:    33174.110    33178.120    33202.110    33226.110    33233.110
  1490:    33242.110    33248.120    33286.110    33289.120    33339.110
  1495:    33342.120    33349.120    33351.120    33366.120    33368.120
  1500:    33386.120    33394.110    33398.120    33482.110    33485.120
  1505:    33493.120    33503.120    33549.120    33549.120    33688.110
  1510:    33692.120    33699.120    33701.120    33971.110    33979.110
  1515:    33984.110    33987.110    33991.120    34007.120    34033.110
  1520:    34036.120    34055.120    34058.120    34071.120    34084.110
  1525:    34093.110    34118.110    34127.110    34158.110    34167.110
  1530:    34172.120    34207.110    34208.340    34215.120    34253.120
  1535:    34308.510    34362.120    34372.120    34374.120    34375.120
  1540:    34377.120    34378.120    34382.120    34387.120    34750.110
  1545:    34753.120    34767.120    34769.120    34824.110    34827.120
  1550:    34859.120    34870.120    34922.120    34924.120    34924.120
  1555:    34934.120    34945.120    34950.120    34953.120    34989.110
  1560:    34989.210    34993.120    35039.310    35139.500    35482.100
  1565:    35490.120    35502.120    35529.100    35542.100    35545.100
  1570:    35550.100    35555.120    35575.120    35597.100    35608.100
  1575:    35610.100    35620.100    35630.100    35638.100    35643.100
  1580:    35653.100    35659.100    35667.100    35684.120    35715.100
  1585:    35728.100    35740.100    35744.100    35754.100    35764.100
  1590:    35770.100    35775.200    35780.120    35825.300    35829.120
  1595:    35925.500    36519.120    36523.120    36552.120    36594.100
  1600:    36606.100    36610.120    36638.100    36650.100    36654.200
  1605:    36660.120    36704.300    36804.510    36821.120    37341.110
  1610:    37348.110    37351.110    37355.120    37370.120    37384.110
  1615:    37387.120    37431.110    37437.110    37439.110    37447.110
  1620:    37450.110    37450.210    37459.120    37500.310    37600.500
  1625:    37903.120    38201.120    38223.100    38235.100    38240.120
  1630:    38275.100    38283.200    38290.120    38333.300    38338.120
  1635:    38376.120    38382.120    38385.120    38386.120    38433.510
  1640:    38476.120    38491.120    38492.120    38498.120    38502.120
  1645:    38506.120    38508.120    38555.120    38558.120    38565.120
  1650:    38568.120    38635.120    38659.110    38662.120    38669.120
  1655:    38673.120    38683.120    38686.120    38702.120    38705.120
  1660:    38745.110    38748.120    38756.120    38763.120    38774.120
  1665:    38778.120    38798.110    38801.120    38806.120    38816.120
  1670:    38827.120    38842.110    38848.110    38859.110    38866.110
  1675:    38876.110    38880.110    38884.110    38889.110    38892.110
  1680:    38902.110    38903.110    38937.110    38949.110    38954.110
  1685:    38959.110    38962.110    38965.110    38968.110    38974.110
  1690:    38976.110    38987.120    39005.110    39012.110    39014.110
  1695:    39044.110    39064.110    39067.110    39071.120    39099.110
  1700:    39099.210    39104.120    39149.310    39249.500    39310.120
  1705:    39312.120    39554.120    39557.120    39561.120    39565.120
  1710:    39719.100    39733.100    39739.100    39742.100    39745.120
  1715:    39760.120    39762.120    39778.100    39805.100    39809.100
  1720:    39815.120    39842.100    39864.100    39865.200    39867.100
  1725:    39870.120    39915.300    39918.120    39919.120    40009.120
  1730:    40011.120    40015.500    40560.100    40570.120    40584.120
  1735:    40589.100    40594.100    40605.100    40614.100    40620.200
  1740:    40620.100    40626.120    40670.300    40674.120    40770.510
  1745:    41249.110    41256.120    41268.120    41272.110    41276.120
  1750:    41297.110    41302.110    41314.110    41318.110    41322.110
  1755:    41326.110    41336.110    41340.110    41345.110    41349.110
  1760:    41352.110    41362.110    41365.110    41374.110    41376.110
  1765:    41389.110    41397.110    41404.110    41406.110    41409.110
  1770:    41425.110    41425.210    41431.120    41475.310    41546.120
  1775:    41563.120    41575.510    41808.110    41812.120    41832.120
  1780:    41845.110    41848.120    41858.120    41862.120    41889.120
  1785:    41890.120    41892.120    41894.120    41915.120    41937.110
  1790:    41942.110    41952.110    41956.120    41977.110    41981.110
  1795:    41989.110    41999.120
E:
     0:     1797.000      357.000      511.000
F:
     0:       70.000       36.270       27.200
G:
     0:        1.000        1.000        1.000        1.000        1.000
     5:        1.000        1.000        1.000        1.000        0.000
H:
     0:        1.000        1.000        2.000        2.000
L:
     0:     6176.000     6588.000     6443.000     6602.000     6363.000
     5:     6191.000     6133.000     6163.000     6108.000     6480.000
    10:     6166.000     6104.000     6660.000     6327.000     6483.000
    15:     6287.000     6455.000     7389.000     6933.000     6259.000
    20:     6146.000
R:
     0:        1.000        1.000        1.000        1.000        1.000
     5:        1.000        1.000        1.000        1.000        0.000
S:
     0:        1.000        1.000
U:
     0:     6443.000        2.000        0.000
X:
     0:        0.000      379.001      474.002      479.003      482.004
     5:      531.005      537.006      547.007      549.008      552.009
    10:      600.010      607.010      657.000      657.000      657.089
    15:      657.090      657.091      657.092      657.093      657.094
    20:      657.094      657.000      657.000     1151.001     1231.002
    25:     1255.003     1266.004     1273.005     1291.005     1341.000
    30:     1341.000     1931.001     1991.001     2041.000     2041.000
    35:     2447.001     2607.002     2667.002     2717.000     2717.000
    40:     3193.001     3266.002     3319.003     3324.004     3326.004
    45:     3376.000     3376.000     3878.002     4025.004     4032.006
    50:     4114.008     4124.010     4133.012     4147.014     4155.016
    55:     4158.018     4162.020     4165.022     4166.024     4194.026
    60:     4197.028     4199.030     4201.032     4203.034     4248.036
    65:     4256.038     4271.040     4277.042     4279.044     4284.046
    70:     4289.048     4293.050     4296.052     4365.054     4378.056
    75:     4520.058     4718.060     4724.062     4725.064     7347.001
    80:     7357.002     7366.003     7372.004     7378.005     7380.006
    85:     7418.007     7427.008     7433.009     7434.010     7472.011
    90:     7487.012     7498.013     7502.014     7506.015     7508.016
    95:     7511.017     7515.018     7518.019     7529.020     7532.020
   100:     7533.021     7582.000     7582.000     7828.001     8128.002
   105:     8137.003     8188.003     8238.000     8238.000     8677.001
   110:     8769.002     8778.003     8785.004     8787.005     8790.006
   115:     8794.007     8801.008     8806.009     8810.010     8838.010
   120:     8888.000     8888.000     9132.001     9285.002     9335.003
   125:     9341.004     9397.005     9465.006     9495.007     9510.008
   130:     9522.009     9525.010     9526.010     9576.000     9576.000
   135:     9755.001     9793.002     9803.003     9806.004     9980.005
   140:    10042.006    10111.007    10122.008    10125.009    10127.010
   145:    10170.011    10176.012    10182.012    10232.000    10232.000
   150:    10645.001    10685.002    10694.003    10739.004    10747.005
   155:    10765.006    10772.007    10773.008    10776.009    10778.010
   160:    10783.011    10790.012    10797.013    10801.014    10811.015
   165:    10813.016    10815.017    10832.017    10882.000    10882.000
   170:    11207.001    11254.002    11384.003    11398.004    11405.005
   175:    11477.006    11487.007    11492.008    11494.009    11496.010
   180:    11499.011    11504.012    11508.013    11519.014    11526.015
   185:    11538.015    11588.000    11588.000    11681.001    11792.002
   190:    11968.003    12013.004    12023.005    12033.006    12038.007
   195:    12046.008    12048.009    12052.010    12063.011    12070.012
   200:    12072.013    12083.014    12093.015    12096.016    12099.017
   205:    12104.018    12106.019    12110.020    12115.021    12119.022
   210:    12127.023    12150.024    12161.025    12164.026    12167.027
   215:    12169.028    12177.029    12179.030    12182.031    12185.032
   220:    12188.033    12193.034    12198.035    12202.036    12210.036
   225:    12260.000    12260.000    12838.001    12848.002    12887.003
   230:    12894.004    12898.004    12948.000    12948.000    13383.001
   235:    13394.002    13402.003    13404.004    13439.005    13450.006
   240:    13452.007    13458.008    13466.009    13472.010    13476.011
   245:    13479.012    13506.013    13517.014    13529.015    13533.016
   250:    13535.017    13545.018    13552.019    13557.020    13563.021
   255:    13566.022    13566.022    13616.000    13616.000    14049.002
   260:    14055.004    14060.006    14066.008    14068.010    14100.012
   265:    14110.014    14114.016    14118.018    14131.020    14169.022
   270:    14176.024    14185.026    14188.028    14201.030    14211.032
   275:    14216.034    14219.036    14223.038    14230.040    14234.042
   280:    14236.044    14276.046    14288.048    14298.050    14305.052
   285:    14320.054    14327.056    14329.058    14334.060    14340.062
   290:    14344.064    14348.066    14404.068    14583.070    14632.072
   295:    14764.074    14771.076    14774.078    18589.001    18637.002
   300:    18649.003    18653.004    18658.005    18705.006    18715.007
   305:    18717.008    18727.009    18737.010    18746.011    18750.012
   310:    18761.013    18767.014    18775.015    18822.016    18836.017
   315:    18848.018    18851.019    18861.020    18872.021    18878.022
   320:    18882.022    18932.000    18932.000    19600.001    19613.002
   325:    19645.003    19657.004    19660.004    19710.000    19710.000
   330:    20333.001    20345.002    20384.003    20393.003    20443.000
   335:    20443.000    20912.001    20926.002    20932.003    20935.004
   340:    20971.005    20998.006    21002.007    21036.008    21057.009
   345:    21058.009    21060.010    21108.000    21108.000    21652.001
   350:    21681.002    21687.003    21698.004    21706.005    21712.005
   355:    21712.006    21762.000
Y:
     0:        0.000      421.001      547.002      547.002      597.000
     5:      597.000      910.001     1002.002     1009.003     1084.004
    10:     1089.005     1171.006     1171.006     1221.000     1221.000
    15:     1555.002     1653.004     1658.006     1723.008     1766.010
    20:     1770.012     1773.014     1785.016     1832.018     1834.020
    25:     1837.022     1888.024     1890.026     1896.028     1897.030
    30:     1908.032     1915.034     1964.036     1971.038     1974.040
    35:     1985.042     1990.044     1994.046     1998.048     2007.050
    40:     2011.052     2016.054     2047.056     2052.058     2094.060
    45:     2100.062     2204.064     2307.066     2316.068     2318.070
    50:     2446.072     2556.074     2680.076     2847.078     2851.080
    55:     2853.082     2959.084     2964.086     3018.088     4286.001
    60:     4456.002     4462.003     4508.004     4513.005     4529.006
    65:     4609.007     4609.007     4659.000     4659.000     4935.001
    70:     5061.002     5173.003     5176.004     5185.005     5207.006
    75:     5212.007     5219.008     5220.009     5275.010     5283.011
    80:     5283.011     5333.000     5333.000     5701.001     5710.002
    85:     5750.003     5786.004     5792.005     5797.006     5799.007
    90:     5845.008     5853.009     5855.010     5865.011     5870.012
    95:     5872.013     5885.014     5887.015     5890.016     5892.017
   100:     5902.018     5939.019     5944.020     5947.021     5988.022
   105:     5988.022     6038.000     6038.000     6347.001     6412.002
   110:     6520.003     6577.004     6582.005     6584.006     6639.007
   115:     6645.008     6649.009     6652.010     6678.011     6681.012
   120:     6684.013     6697.014     6697.014     6747.000     6747.000
   125:     6747.065     6747.066     6747.067     6747.068     6747.069
   130:     6747.070     6747.071     6747.072     6747.073     6747.074
   135:     6747.075     6747.076     6747.077     6747.078     6747.079
   140:     6747.080     6747.081     6747.082     6747.083     6747.084
   145:     6747.085     6747.086     6747.087     6747.088     6747.089
   150:     6747.090     6747.091     6747.091     6747.000     6747.000
   155:     6747.001     6747.002     6747.003     6747.004     6747.005
   160:     6747.006     6747.007     6747.008     6747.008     6747.000
   165:     6747.000     7143.001     7195.002     7251.003     7261.004
   170:     7264.005     7267.006     7297.007     7302.008     7304.009
   175:     7316.010     7321.011     7328.012     7331.013     7336.014
   180:     7341.015     7344.016     7347.017     7348.018     7350.019
   185:     7353.020     7378.021     7383.022     7393.023     7393.023
   190:     7443.000     7443.000     7859.001     7907.002     7958.003
   195:     7962.004     8011.005     8019.006     8026.007     8029.008
   200:     8076.009     8087.010     8087.010     8137.000     8137.000
   205:     8242.001     8274.002     8345.003     8422.004     8431.005
   210:     8437.006     8441.007     8482.008     8487.009     8497.010
   215:     8507.011     8547.012     8559.013     8563.014     8571.015
   220:     8577.016     8607.017     8609.018     8612.019     8614.020
   225:     8624.021     8632.022     8650.023     8656.024     8660.025
   230:     8661.026     8664.027     8675.028     8678.029     8729.030
   235:     8829.031     8829.031     8879.000     8879.000     8954.001
   240:     8979.002     8985.003     9049.004     9313.005     9320.006
   245:     9323.007     9333.008     9338.009     9341.010     9350.011
   250:     9364.012     9369.013     9375.014     9379.015     9389.016
   255:     9399.017     9406.018     9413.019     9419.020     9424.021
   260:     9438.022     9447.023     9455.024     9480.025     9484.026
   265:     9498.027     9502.028     9543.029     9543.029     9593.000
   270:     9593.000    10093.001    10133.002    10156.003    10162.004
   275:    10189.005    10192.006    10194.007    10202.008    10206.009
   280:    10213.010    10220.011    10225.012    10231.013    10242.014
   285:    10242.014    10292.000    10292.000    10721.001    10787.002
   290:    10844.003    10868.004    10875.005    10883.006    10896.007
   295:    10905.008    10910.009    10915.010    10915.011    10923.012
   300:    10927.013    10932.014    10943.015    10943.015    10993.000
   305:    10993.000    11098.001    11337.002    11541.003    11584.004
   310:    11590.005    11628.006    11630.007    11638.008    11638.008
   315:    11688.000    11688.000    12261.001    12267.002    12280.003
   320:    12286.004    12290.005    12318.006    12320.007    12329.008
   325:    12330.009    12334.010    12334.010    12335.011    12384.000
   330:    12384.000    12886.001    12918.002    12925.003    12935.004
   335:    12938.005    12943.006    12946.007    12953.008    12967.009
   340:    12969.010    12991.011    12996.012    13001.013    13014.014
   345:    13016.015    13017.016    13024.017    13034.018    13034.018
   350:    13084.000    13084.000    13554.001    13560.002    13563.003
   355:    13575.004    13592.005    13605.006    13610.007    13636.008
   360:    13642.009    13651.010    13656.011    13661.012    13665.013
   365:    13674.014    13695.015    13701.016    13710.017    13713.018
   370:    13716.019    13724.020    13729.021    13729.021    13779.000
   375:    13779.000    13779.080    13779.082    13779.084    13779.086
   380:    13779.088    13779.090    13779.092    13779.094    13779.096
   385:    13779.098    13779.100    13779.102    13779.104    13779.106
   390:    13779.108    13779.110    13779.112    13779.114    13779.116
   395:    13779.118    13779.120    13779.122    13779.124    13779.126
   400:    13779.128    13779.130    13779.132    13779.134    13779.136
   405:    13779.138    13779.140    13779.142    13779.144    13779.146
   410:    13779.148    13779.150    13779.152    13779.154    13779.156
   415:    13779.158    13779.160    13779.162    13779.164    13779.166
   420:    13779.168    13779.170    13779.172    13779.174    13779.176
   425:    13779.178    13779.179    13779.180    13779.181    13779.181
   430:    13779.000    13779.000    14316.001    14323.002    14326.003
   435:    14359.004    14406.005    14412.006    14414.007    14422.008
   440:    14425.009    14425.009    14475.000    14475.000    14700.001
   445:    14786.002    14839.003    14883.004    14890.005    14901.006
   450:    14907.007    14917.008    14921.009    14926.010    14930.011
   455:    14933.012    14943.013    14944.014    14978.015    14990.016
   460:    14995.017    15000.018    15003.019    15006.020    15009.021
   465:    15015.022    15017.023    15046.024    15053.025    15055.026
   470:    15085.027    15105.028    15108.029    15140.030    15141.030
   475:    15191.000    15191.000    15670.001    15693.002    15718.003
   480:    15723.004    15734.005    15739.006    15743.007    15747.008
   485:    15757.009    15760.010    15766.011    15769.012    15772.013
   490:    15783.014    15786.015    15794.016    15796.017    15810.018
   495:    15817.019    15825.020    15827.021    15830.022    15845.023
   500:    15846.023    15896.000    15896.000    16129.001    16165.002
   505:    16257.003    16263.004    16273.005    16297.006    16301.007
   510:    16310.008
