File: C:\MED-PC\Data\2018-05-21_11h07m_Subject M328.txt


Start Date: 05/21/18
End Date: 05/21/18
Subject: M328
Experiment: DOBLE_PICO_ACO
Group: EXP
Box: 8
Start Time: 11:07:28
End Time: 12:20:47
MSN: IF_ACO_MULTIPLE_PICO
A:     301.000
B:      15.000
D:      18.000
I:       1.000
J:   18000.000
K:    5400.000
M:       2.000
N:      16.000
O:      18.000
P:     258.000
Q:       0.000
T:    1000.000
V:     600.000
W:      15.000
Z:       0.000
C:
     0:        0.120        0.120        0.120        0.120        0.120
     5:        0.120        0.120        0.120        0.120        0.120
    10:        0.120        0.120        0.120        0.120        0.120
    15:        0.120        0.120        0.120        0.120        0.510
    20:       10.110       16.120       23.120       34.110       86.110
    25:       93.120      107.110      121.110      123.110      191.110
    30:      200.120      211.120      214.120      214.120      270.120
    35:      274.120      309.120      312.120      314.120      320.110
    40:      330.110      348.120      358.110      363.110      367.110
    45:      374.120      386.120      400.120      401.120      402.120
    50:      404.120      406.120      412.120      442.120      445.120
    55:      455.110      473.110      503.120      516.110      523.110
    60:      527.110      543.110      543.210      549.120      593.310
    65:      624.120      693.510      768.120      789.120      813.120
    70:      817.120      831.110      837.120      869.120      890.120
    75:      891.120      910.120      915.120      919.120      927.110
    80:      935.120      967.120      969.120      970.120      974.120
    85:      978.120      986.120      991.120      994.120      996.120
    90:     1002.110     1010.120     1034.120     1044.120     1049.120
    95:     1067.110     1075.110     1082.120     1112.120     1120.110
   100:     1132.110     1181.120     1195.110     1203.120     1233.110
   105:     1241.120     1262.110     1262.210     1267.110     1275.110
   110:     1283.120     1312.310     1412.510     1521.120     1767.120
   115:     1935.120     1950.120     1951.120     1953.120     1981.120
   120:     1998.120     2006.120     2070.110     2070.210     2078.110
   125:     2088.120     2120.310     2220.530     2292.120     2294.120
   130:     2309.120     2320.120     2338.100     2345.100     2350.120
   135:     2362.120     2372.100     2373.100     2374.100     2377.120
   140:     2390.120     2411.100     2415.100     2419.120     2423.120
   145:     2456.100     2460.100     2463.100     2467.120     2504.100
   150:     2510.100     2512.100     2519.120     2576.120     2580.120
   155:     2584.120     2589.100     2594.100     2595.100     2598.120
   160:     2615.120     2622.100     2629.100     2631.100     2633.100
   165:     2637.120     2688.120     2696.100     2698.100     2699.100
   170:     2704.100     2705.120     2732.100     2736.100     2738.100
   175:     2739.100     2744.100     2746.100     2747.120     2767.120
   180:     2802.120     2807.120     2807.120     2811.120     2812.120
   185:     2821.100     2822.100     2825.100     2828.120     2858.120
   190:     2865.120     2870.100     2874.120     2899.100     2906.120
   195:     2915.120     2916.120     2926.100     2927.100     2933.100
   200:     2940.120     2950.120     2977.120     3028.100     3030.100
   205:     3034.120     3089.120     3090.120     3216.120     3237.120
   210:     3238.120     3262.120     3270.120     3287.120     3375.120
   215:     3490.120     3519.120     3536.120     3543.120     3547.120
   220:     3553.120     3559.120     3561.120     3571.120     3586.100
   225:     3601.120     3611.120     3639.120     3671.120     3673.120
   230:     3675.120     3679.120     3682.120     3698.120     3718.100
   235:     3720.100     3721.100     3725.120     3813.100     3815.100
   240:     3819.120     3877.120     3883.120     3888.120     3905.100
   245:     3910.120     3917.120     3937.100     3938.100     3942.120
   250:     4020.330     4065.120     4099.120     4120.500     4165.120
   255:     4180.120     4190.120     4198.120     4203.120     4321.120
   260:     4350.120     4354.120     4369.100     4374.120     4390.120
   265:     4430.120     4431.120     4436.120     4446.100     4451.120
   270:     4463.120     4465.120     4468.120     4473.120     4485.100
   275:     4500.100     4527.100     4531.120     4555.100     4564.100
   280:     4567.100     4568.120     4582.120     4600.120     4634.120
   285:     4638.120     4661.120     4664.120     4674.120     4718.120
   290:     4730.120     4736.120     4739.120     4745.120     4747.120
   295:     4774.120     4778.120     4783.100     4791.100     4793.100
   300:     4795.100     4798.120     4806.120     4812.120     4817.120
   305:     4824.120     4843.200     4857.120     4893.300     4993.500
   310:     5074.120     5112.120     5269.120     5343.100     5364.120
   315:     5393.120     5494.120     5501.120     5516.100     5517.100
   320:     5522.120     5544.120     5551.100     5555.100     5557.100
   325:     5559.100     5562.100     5562.120     5601.100     5603.100
   330:     5608.120     5611.200     5661.300     5690.120     5761.510
   335:     6170.110     6183.120     6204.120     6225.120     6230.120
   340:     6237.110     6243.120     6258.110     6266.110     6269.110
   345:     6272.110     6281.110     6285.120     6302.110     6312.120
   350:     6338.120     6341.120     6348.110     6365.110     6369.110
   355:     6374.120     6401.120     6407.110     6412.120     6427.110
   360:     6432.110     6437.110     6441.120     6474.120     6482.110
   365:     6489.120     6532.120     6532.120     6533.120     6535.120
   370:     6538.120     6544.120     6547.120     6548.120     6549.120
   375:     6554.110     6554.210     6570.110     6589.120     6604.310
   380:     6650.120     6704.540     6716.120     6725.120     6728.120
   385:     6995.120     7022.120     7086.120     7089.120     7096.120
   390:     7314.120     7339.110     7343.120     7357.120     7396.120
   395:     7398.120     7400.120     7402.120     7405.120     7465.110
   400:     7472.120     7493.120     7509.120     7510.120     7512.120
   405:     7556.110     7615.120     7684.110     7689.120     7696.120
   410:     7705.110     7710.120     7718.120     7729.110     7737.120
   415:     7742.120     7821.110     7831.120     7884.120     7912.120
   420:     7913.120     7915.120     7917.120     7918.120     7928.120
   425:     7941.120     7949.120     7962.120     7967.120     7971.120
   430:     7977.110     7994.120     8002.120     8014.110     8018.120
   435:     8024.120     8034.110     8039.120     8052.110     8058.110
   440:     8061.110     8071.120     8135.120     8155.110     8164.120
   445:     8188.110     8191.120     8266.120     8266.120     8281.110
   450:     8290.110     8298.110     8301.110     8305.110     8310.110
   455:     8312.120     8323.120     8332.110     8345.110     8363.110
   460:     8370.120     8401.110     8402.120     8421.110     8424.110
   465:     8481.110     8490.120     8504.340     8530.120     8538.120
   470:     8562.120     8604.500     8684.120     8686.120     8689.120
   475:     8695.120     8702.120     8828.100     8849.120     8878.100
   480:     8884.100     8887.100     8889.100     9032.100     9042.120
   485:     9047.120     9050.120     9053.120     9143.120     9157.100
   490:     9169.100     9173.100     9179.120     9217.200     9218.120
   495:     9267.300     9336.120     9338.120     9339.120     9367.510
   500:     9540.120     9688.120    10001.110    10004.120    10139.120
   505:    10143.120    10153.110    10153.210    10156.120    10203.310
   510:    10303.510    10356.120    10435.110    10439.120    10450.120
   515:    10461.110    10465.120    10471.120    10482.120    10483.120
   520:    10486.120    10487.120    10509.120    10510.120    10525.120
   525:    10537.110    10610.110    10617.120    10662.120    10667.120
   530:    10668.120    10675.120    10677.120    10685.120    10692.110
   535:    10707.120    10722.110    10725.110    10731.110    10733.120
   540:    10750.120    10757.120    10759.120    10763.120    10776.110
   545:    10779.110    10787.110    10790.120    10814.120    10818.120
   550:    10825.120    10830.120    10834.110    10845.120    10878.120
   555:    10890.120    10899.110    10905.120    10914.120    10916.120
   560:    10934.120    10934.120    10936.120    10942.120    10945.120
   565:    10949.120    10951.120    10966.110    10975.120    10993.120
   570:    11001.120    11004.120    11014.120    11016.120    11020.120
   575:    11024.120    11028.120    11033.120    11034.120    11042.110
   580:    11042.210    11055.120    11092.310    11106.120    11111.120
   585:    11162.120    11181.120    11192.500    11197.120    11210.120
   590:    11210.120    11213.120    11216.120    11273.120    11279.120
   595:    11297.100    11304.100    11309.120    11340.100    11344.100
   600:    11345.100    11347.100    11348.100    11350.100    11352.100
   605:    11353.120    11389.120    11394.100    11542.100    11568.100
   610:    11573.100    11580.120    11631.120    11636.120    11639.120
   615:    11640.120    11645.100    11658.100    11662.120    11695.120
   620:    11700.120    11708.120    11712.120    11713.120    11719.100
   625:    11728.100    11731.100    11742.100    11747.120    11753.120
   630:    11754.120    11802.200    11845.120    11852.300    11952.500
   635:    11980.120    11980.120    11983.120    12080.120    12085.120
   640:    12092.120    12157.120    12160.120    12420.100    12446.100
   645:    12451.120    12506.120    12519.120    12523.120    12526.120
   650:    12530.120    12535.120    12538.120    12541.120    12548.100
   655:    12608.200    12658.300    12746.120    12755.120    12758.510
   660:    12769.110    12774.120    12781.120    12847.120    12859.120
   665:    12869.120    12870.120    12877.120    12878.120    12885.120
   670:    12915.110    12931.110    12936.110    12963.110    12968.120
   675:    13017.120    13027.110    13035.110    13043.110    13045.110
   680:    13049.110    13087.110    13092.120    13110.110    13114.110
   685:    13120.110    13128.120    13134.120    13174.120    13176.120
   690:    13189.120    13192.120    13197.120    13203.110    13211.110
   695:    13222.110    13225.110    13226.110    13229.110    13237.110
   700:    13239.110    13242.110    13249.120    13280.120    13282.120
   705:    13289.110    13298.110    13301.110    13310.110    13313.120
   710:    13315.120    13350.120    13356.120    13359.120    13366.110
   715:    13374.120    13384.120    13391.110    13402.110    13406.110
   720:    13410.110    13416.110    13416.120    13427.120    13429.120
   725:    13435.110    13447.110    13454.110    13496.110    13496.210
   730:    13502.110    13511.110    13513.110    13518.110    13526.120
   735:    13546.310    13646.500    13697.120    13716.120    13722.120
   740:    13723.120    13731.120    13740.120    13768.100    13773.100
   745:    13784.120    13828.100    13836.120    13858.100    13903.100
   750:    13909.100    13913.120    13947.120    13982.120    13984.120
   755:    13993.100    14003.100    14007.120    14039.120    14041.120
   760:    14048.100    14056.100    14218.100    14223.120    14278.200
   765:    14328.300    14428.510    14932.110    14939.120    14964.120
   770:    14967.120    14980.110    14990.110    14996.110    15009.120
   775:    15062.120    15062.120    15068.110    15076.110    15083.110
   780:    15085.110    15095.110    15098.120    15127.120    15131.120
   785:    15136.120    15141.120    15160.110    15165.110    15165.210
   790:    15172.120    15215.310    15242.120    15270.120    15315.500
   795:    15542.100    15545.100    15546.100    15567.120    15585.100
   800:    15604.120    15641.100    15649.100    15654.120    15662.120
   805:    15738.120    15743.120    15753.120    15758.100    15764.100
   810:    15766.100    15780.120    15794.120    15799.100    15806.120
   815:    15817.120    15853.120    15858.120    15864.100    15871.120
   820:    15898.120    15906.100    15924.200    15974.300    16074.510
   825:    16280.120    16303.110    16311.120    16325.120    16329.120
   830:    16337.120    16424.120    16429.120    16436.120    16467.120
   835:    16469.120    16480.120    16487.120    16488.120    16489.120
   840:    16490.120    16490.120    16492.120    16493.120    16494.120
   845:    16495.120    16496.120    16498.120    16499.120    16502.120
   850:    16502.120    16505.120    16520.120    16521.120    16533.120
   855:    16579.120    16641.120    16644.120    17026.120    17141.120
   860:    17146.120    17147.120    17151.120    17167.110    17167.210
   865:    17172.120    17178.120    17217.310    17317.500    17329.120
   870:    17338.120    17342.120    17508.120    17511.120    17566.120
   875:    17568.120    18191.120    18275.120    18275.120    18277.120
   880:    18279.120    18280.120    18293.120    18307.100    18316.100
   885:    18322.120    18353.100    18359.100    18360.100    18363.100
   890:    18366.100    18366.120    18367.200    18417.300    18517.500
   895:    18651.120    18653.120    18656.120    18663.120    18675.120
   900:    18677.120    19001.120    19026.120    19045.120    19047.120
   905:    19511.100    19515.100    19516.100    19521.120    19545.120
   910:    19553.120    19571.200    19607.120    19621.300    19696.120
   915:    19721.510    20016.120    20032.120    20056.120    20074.120
   920:    20080.120    20083.120    20091.120    20099.120    20109.110
   925:    20157.120    20183.120    20184.120    20186.120    20189.120
   930:    20190.120    20202.120    20235.120    20240.120    20247.120
   935:    20250.120    20256.120    20258.120    20264.110    20274.110
   940:    20276.110    20288.120    20298.110    20313.110    20319.110
   945:    20325.110    20326.120    20356.120    20361.120    20367.120
   950:    20373.110    20380.120    20391.120    20392.120    20393.120
   955:    20407.110    20417.110    20419.110    20423.110    20427.110
   960:    20476.110    20476.210    20485.110    20491.110    20498.120
   965:    20526.310    20626.530    20677.120    20679.120    21251.120
   970:    21578.100    21586.100    21591.120    21620.120    21625.120
   975:    21629.120    21633.120    21634.120    21640.100    21646.100
   980:    21648.100    21653.120    21670.100    21674.100    21682.120
   985:    21705.120    21713.100    21719.100    21724.120    21753.100
   990:    21760.100    21763.100    21767.120    21821.100    21856.100
   995:    21885.120    21905.100    21910.100    21912.100    21916.100
  1000:    21919.120    21956.120    21957.120    22426.330    22435.120
  1005:    22460.120    22474.120    22485.120    22526.510    22534.120
  1010:    22543.110    23109.110    23117.120    23132.110    23145.110
  1015:    23149.110    23156.110    23160.110    23164.110    23171.120
  1020:    23246.120    23252.120    23266.120    23270.120    23273.120
  1025:    23277.120    23288.110    23288.210    23303.110    23317.110
  1030:    23322.110    23327.120    23338.310    23438.500    23842.120
  1035:    24456.120    24488.120    24634.120    24653.120    24675.120
  1040:    24677.120    24771.120    24771.120    24772.120    24772.120
  1045:    24773.120    24773.120    25497.120    25747.100    25760.100
  1050:    25766.120    25807.200    25816.100    25818.100    25821.100
  1055:    25827.120    25857.300    25957.510    26931.120    26950.120
  1060:    26953.120    26953.120    26955.120    26957.120    26958.120
  1065:    26959.120    26961.120    26999.120    27003.120    27005.120
  1070:    27051.120    27350.120    27560.110    27560.210    27564.110
  1075:    27578.120    27595.110    27602.120    27610.310    27658.120
  1080:    27665.120    27682.120    27706.120    27710.510    29564.110
  1085:    29564.210    29570.120    29614.310    29714.500    30025.120
  1090:    30169.120    30205.100    30217.100    30362.100    30377.100
  1095:    30378.100    30383.120    30422.200    30472.300    30549.120
  1100:    30555.120    30556.120    30572.500    30908.100    30915.100
  1105:    30920.100    30923.120    31009.120    31017.100    31024.100
  1110:    31032.120    32814.120    32815.120    32854.120    32857.120
  1115:    33379.120    33386.120    33390.120    33499.120    33502.120
  1120:    33503.120    33504.120    33579.100    33582.100    33588.100
  1125:    33600.100    33604.120    33639.200    33640.120    33646.120
  1130:    33653.120    33689.300    33789.510    33884.120    34025.120
  1135:    34029.120    34588.110    34588.210    34638.310    34656.120
  1140:    34675.120    34738.510    34950.120    35088.120    35215.120
  1145:    35215.120    35225.110    35229.110    35238.120    35315.120
  1150:    35365.110    35390.110    35393.120    35396.120    35420.120
  1155:    35519.120    35532.110    35532.210    35536.120    35563.120
  1160:    35566.120    35582.310    35682.500    35701.120    35766.100
  1165:    35774.100    35777.100    35780.100    35785.120    35809.120
  1170:    35816.100    35822.100    35877.100    35883.120    35921.120
  1175:    35925.120    35932.120    35938.100    35946.100    35948.100
  1180:    35953.120    35974.120    35983.120    35987.120    35994.120
  1185:    35999.100    36004.100    36006.100    36007.100    36012.120
  1190:    36038.120    36057.100    36065.100    36070.120    36111.120
  1195:    36113.120    36115.120    36126.100    36131.100    36133.100
  1200:    36134.100    36138.100    36138.120    36185.120    36190.120
  1205:    36195.100    36205.100    36209.120    36228.120    36230.120
  1210:    36250.120    36251.120    36256.100    36262.100    36263.100
  1215:    36266.100    36273.120    36281.120    36306.120    36310.120
  1220:    36316.200    36320.100    36321.100    36332.100    36336.120
  1225:    36366.300    36466.510    36829.120    36858.110    36869.110
  1230:    36879.110    36881.120    36889.120    36894.120    36902.110
  1235:    36911.110    36922.120    36957.120    36964.110    36969.120
  1240:    36977.120    36985.110    37254.120    37269.110    37269.210
  1245:    37319.310    37364.120    37414.120    37419.500    37430.120
  1250:    37776.100    37782.100    37786.120    37833.100    37991.120
  1255:    38001.100    38007.100    38013.120    38061.200    38069.120
  1260:    38111.300    38141.120    38148.120    38211.510    38279.120
  1265:    38378.110    38400.110    38410.110    38417.110    38453.120
  1270:    38469.110    38491.110    38493.120    38567.110    38570.110
  1275:    38581.120    38589.120    38590.120    38601.110    38607.120
  1280:    38638.120    38640.120    38641.120    38647.110    38657.110
  1285:    38659.110    38665.110    38667.110    38680.110    38683.120
  1290:    38686.120    38697.120    38698.120    38710.110    38715.110
  1295:    38717.110    38722.110    38732.110    38782.110    38795.120
  1300:    38802.120    38813.120    38822.110    38832.110    38834.110
  1305:    38838.110    38844.120    38860.120    38861.120    38871.110
  1310:    38876.110    38879.110    38885.110    38895.110    38901.110
  1315:    38947.110    38947.210    38952.120    38997.310    39019.120
  1320:    39021.120    39025.120    39028.120    39031.120    39033.120
  1325:    39035.120    39040.120    39084.120    39085.120    39097.510
  1330:    39156.120    39196.120    39830.110    39838.120    39858.110
  1335:    39858.210    39864.120    39908.310    40008.500    40046.120
  1340:    40053.100    40068.120    40092.120    40105.100    40109.100
  1345:    40116.120    40135.100    40139.100    40143.100    40150.120
  1350:    40159.120    40194.120    40197.120    40202.120    40207.120
  1355:    40218.100    40219.100    40221.100    40226.120    40259.120
  1360:    40262.120    40271.120    40277.120    40280.120    40282.120
  1365:    40290.120    40296.120    40307.100    40313.100    40315.100
  1370:    40318.100    40323.120    40343.120    40345.120    40349.120
  1375:    40357.120    40359.120    40364.120    40366.120    40380.120
  1380:    40381.120    40384.120    40392.120    40404.100    40405.100
  1385:    40406.100    40412.120    40440.120    40444.120    40465.120
  1390:    40474.100    40476.100    40482.100    40484.100    40490.120
  1395:    40534.120    40546.120    40559.100    40561.100    40566.120
  1400:    40583.120    40601.120    40604.120    40611.120    40615.120
  1405:    40618.120    40619.200    40632.100    40633.100    40638.100
  1410:    40644.120    40669.300    40769.500    40770.120    40772.120
  1415:    40775.120    40779.120    40784.120    40795.100    41944.120
  1420:    41975.100    41993.120
E:
     0:     1422.000      280.000      284.000
F:
     0:       70.000       34.367       30.442
G:
     0:        1.000        1.000        1.000        1.000        1.000
     5:        1.000        1.000        1.000        1.000        0.000
H:
     0:        1.000        1.000        2.000        2.000
L:
     0:     7335.000     6273.000     6239.000     6203.000     6656.000
     5:     6420.000     6191.000    10600.000    10649.000    23793.000
    10:     7176.000    30775.000     6444.000     6517.000     6215.000
R:
     0:        1.000        1.000        1.000        1.000        1.000
     5:        1.000        1.000        1.000        1.000        0.000
S:
     0:        1.000        1.000
U:
     0:     7335.000        0.000     6902.000
X:
     0:        0.000      118.002      124.004      151.006      152.008
     5:      154.010      191.012      194.014      235.016      240.018
    10:      242.020      284.022      290.024      292.026      368.028
    15:      373.030      375.032      401.034      409.036      411.038
    20:      413.040      476.042      478.044      478.046      484.048
    25:      512.050      516.052      518.054      519.056      524.058
    30:      526.060      600.062      601.064      605.066      649.068
    35:      679.070      705.072      707.074      713.076      808.078
    40:      810.080     1366.082     1498.084     1499.086     1501.088
    45:     1592.090     1594.092     1684.094     1716.096     1718.098
    50:     2149.099     2226.100     2264.101     2279.102     2306.103
    55:     2335.104     2344.105     2347.106     2563.107     2571.108
    60:     2572.109     2575.110     2623.110     2673.000     2673.000
    65:     3022.001     3195.002     3196.003     3230.004     3235.005
    70:     3236.006     3238.007     3241.008     3280.009     3282.010
    75:     3290.010     3340.000     3340.000     3340.057     3340.058
    80:     3340.059     3340.060     3340.061     3340.062     3340.063
    85:     3340.064     3340.065     3340.065     3340.000     3340.000
    90:     3445.001     3451.002     3487.003     3491.004     3493.005
    95:     3494.006     3495.007     3497.008     3500.009     3542.010
   100:     3690.011     3716.012     3721.013     3793.014     3806.015
   105:     3867.016     3875.017     3879.018     3890.019     3950.019
   110:     4000.000     4000.000     4467.001     4493.002     4595.003
   115:     4655.003     4705.000     4705.000     4827.001     4831.002
   120:     4886.003     4917.004     4961.005     4967.006     5051.007
   125:     5061.008     5106.009     5114.010     5276.011     5337.011
   130:     5387.000     5387.000     5614.001     5616.002     5617.003
   135:     5656.004     5712.005     5720.006     5829.007     5835.008
   140:     5837.009     5871.010     5936.011     5977.012     5996.012
   145:     6046.000     6046.000     7035.001     7045.002     7082.003
   150:     7088.004     7089.005     7091.006     7095.007     7096.007
   155:     7146.000     7146.000     8140.001     8144.002     8145.003
   160:     8200.003     8250.000     8250.000     9201.002     9210.004
   165:     9264.006     9269.008     9271.010     9293.012     9298.014
   170:     9337.016     9342.018     9376.020     9383.022     9386.024
   175:     9444.026     9480.028     9528.030     9533.032     9535.034
   180:     9539.036    13370.001    13383.002    13430.002    13440.003
   185:    13441.004    13445.005    13480.000    13480.000    13971.001
   190:    13982.002    14127.003    14142.004    14144.005    14187.005
   195:    14237.000    14237.000    14572.001    14580.002    14585.003
   200:    14681.004    14689.005    17244.006    17247.007    17253.008
   205:    17265.009    17304.009    17354.000    17354.000    17438.001
   210:    17446.002    17449.003    17452.004    17488.005    17494.006
   215:    17549.007    17610.008    17618.009    17620.010    17671.011
   220:    17676.012    17678.013    17679.014    17729.015    17736.016
   225:    17798.017    17803.018    17804.019    17806.020    17809.021
   230:    17867.022    17877.023    17928.024    17933.025    17935.026
   235:    17938.027    17988.027    17992.028    17993.029    18004.030
   240:    18038.000    18038.000    18394.001    18400.002    18451.003
   245:    18619.004    18625.005    18679.005    18729.000    18729.000
   250:    18774.001    18826.002    18829.003    18855.004    18859.005
   255:    18864.006    18939.007    18940.008    18942.009    19027.010
   260:    19034.011    19036.012    19039.013    19125.014    19125.015
   265:    19127.016    19195.017    19196.018    19203.019    19204.020
   270:    19280.021    19282.022    19340.022    19353.023    19354.024
   275:    19359.025    19390.000    19390.000    19415.001    20595.002
Y:
     0:        0.000       10.001       34.002       86.003      107.004
     5:      121.005      123.006      191.007      320.008      330.009
    10:      358.010      363.011      367.012      455.013      473.014
    15:      516.015      523.016      527.017      543.018      543.018
    20:      593.000      593.000      730.001      827.002      901.003
    25:      966.004      975.005     1020.006     1031.007     1094.008
    30:     1132.009     1162.010     1162.010     1166.011     1174.012
    35:     1212.000     1212.000     1869.001     1869.001     1877.002
    40:     1919.000     1919.000     2328.001     2395.002     2415.003
    45:     2423.004     2427.005     2429.006     2439.007     2459.008
    50:     2506.009     2523.010     2527.011     2564.012     2584.013
    55:     2590.014     2595.015     2640.016     2711.017     2711.017
    60:     2727.018     2761.000     2761.000     3396.002     3522.004
    65:     3613.006     3741.008     3762.010     3786.012     3878.014
    70:     4034.016     4070.018     4091.020     4109.022     4115.024
    75:     4118.026     4212.028     4245.030     4338.032     4347.034
    80:     4355.036     4358.038     4361.040     4367.042     4389.044
    85:     4402.046     4420.048     4458.050     4477.052     4481.054
    90:     4538.056     6058.001     6210.002     6210.002     6260.000
    95:     6260.000     6392.001     6417.002     6494.003     6567.004
   100:     6649.005     6679.006     6681.007     6687.008     6733.009
   105:     6736.010     6744.011     6791.012     6855.013     6923.014
   110:     6998.015     6999.015     7049.000     7049.000     7059.001
   115:     7205.002     7222.003     7226.004     7253.005     7317.006
   120:     7325.007     7334.008     7336.009     7340.010     7377.011
   125:     7401.012     7404.013     7411.014     7494.015     7502.016
   130:     7512.017     7515.018     7517.019     7520.020     7528.021
   135:     7530.022     7533.023     7579.024     7589.025     7592.026
   140:     7601.027     7657.028     7682.029     7692.030     7697.031
   145:     7701.032     7707.033     7725.034     7737.035     7745.036
   150:     7787.037     7787.037     7793.038     7801.039     7804.040
   155:     7809.041     7837.000     7837.000     8341.001     8389.002
   160:     8398.003     8405.004     8477.005     8484.006     8491.007
   165:     8493.008     8503.009     8569.010     8573.011     8573.011
   170:     8623.000     8623.000     8851.001     9715.002     9715.002
   175:     9765.000     9765.000    10152.001    10307.002    10317.003
   180:    10319.004    10341.005    10356.006    10362.007    10368.008
   185:    10416.009    10450.010    10460.011    10462.012    10466.013
   190:    10470.014    10519.015    10519.015    10528.016    10534.017
   195:    10569.000    10569.000    10569.037    10569.038    10569.039
   200:    10569.040    10569.041    10569.042    10569.043    10569.044
   205:    10569.045    10569.045    10569.046    10569.047    10569.048
   210:    10569.000    10569.000    12171.001    12171.001    12176.002
   215:    12207.003    12221.000    12221.000    14075.001    14075.001
   220:    14125.000    14125.000    14923.001    14923.001    14973.000
   225:    14973.000    15460.001    15464.002    15600.003    15625.004
   230:    15766.005    15766.005    15816.000    15816.000    16207.001
   235:    16218.002    16229.003    16251.004    16260.005    16313.006
   240:    16335.007    16619.008    16619.008    16669.000    16669.000
   245:    16836.001    16857.002    16868.003    16874.004    16927.005
   250:    16948.006    17024.007    17028.008    17059.009    17105.010
   255:    17114.011    17117.012    17122.013    17125.014    17138.015
   260:    17167.016    17172.017    17175.018    17179.019    17189.020
   265:    17240.021    17280.022    17290.023    17292.024    17295.025
   270:    17329.026    17333.027    17337.028    17343.029    17353.030
   275:    17359.031    17404.032    17404.032    17454.000    17454.000
   280:    18187.001    18214.002    18215.002    18265.000
