File: C:\MED-PC\Data\2018-05-01_10h59m_Subject M329.txt


Start Date: 05/01/18
End Date: 05/01/18
Subject: M329
Experiment: DOBLE_PICO_ACO
Group: EXP
Box: 9
Start Time: 10:59:09
End Time: 12:12:39
MSN: IF_ACO_MULTIPLE_PICO
A:    1036.000
B:      21.000
D:      22.000
I:       1.000
J:   18000.000
K:    5400.000
M:       0.000
N:      22.000
O:      22.000
P:     909.000
Q:       0.000
T:    1000.000
V:     600.000
W:      21.000
Z:       0.000
C:
     0:        0.120        0.120        0.120        0.120        0.120
     5:        0.120        0.120        0.120        0.120        0.120
    10:        0.120        0.120        0.510       14.120       45.120
    15:       48.120       52.120       89.110       98.120      208.110
    20:      213.120      277.110      284.120      345.120      353.110
    25:      360.110      363.110      366.110      370.110      375.120
    30:      401.110      406.110      410.110      421.110      423.110
    35:      428.120      488.110      494.110      497.110      501.110
    40:      503.110      509.110      516.110      569.120      578.110
    45:      578.210      582.120      628.310      728.500      839.120
    50:      857.120     1256.100     1260.100     1267.120     1274.120
    55:     1303.100     1356.100     1360.100     1363.200     1363.100
    60:     1368.120     1413.300     1513.510     1860.120     1861.120
    65:     1861.120     2116.110     2122.110     2125.120     2141.120
    70:     2148.110     2153.110     2156.110     2158.110     2163.110
    75:     2163.210     2166.120     2213.310     2313.530     2543.120
    80:     2544.120     2667.120     2958.100     2965.100     2967.100
    85:     2970.100     2974.100     2980.100     2983.100     2986.100
    90:     2991.100     2994.120     3008.100     3014.100     3019.100
    95:     3022.100     3030.120     3036.120     3042.100     3047.100
   100:     3049.100     3050.100     3058.100     3060.100     3066.100
   105:     3071.120     3080.100     3088.100     3092.100     3095.100
   110:     3099.100     3100.100     3102.120     3120.100     3125.100
   115:     3129.100     3133.100     3139.100     3143.100     3145.120
   120:     3184.100     3189.100     3193.100     3197.100     3213.100
   125:     3214.120     3229.100     3235.100     3238.100     3242.100
   130:     3245.100     3248.100     3250.100     3253.100     3258.120
   135:     3278.100     3282.100     3288.100     3294.100     3297.100
   140:     3306.100     3309.100     3312.100     3315.100     3329.100
   145:     3331.100     3333.100     3337.100     3341.120     3357.120
   150:     3378.100     3384.100     3386.100     3390.100     3392.100
   155:     3394.100     3396.100     3399.100     3401.100     3458.120
   160:     3473.100     3479.100     3484.100     3487.100     3490.100
   165:     3493.100     3499.120     3570.120     3583.100     3588.100
   170:     3590.100     3595.100     3599.100     3603.120     3641.120
   175:     3656.120     3669.100     3676.100     3681.100     3685.100
   180:     3688.100     3690.100     3692.120     3717.120     3731.100
   185:     3736.100     3739.100     3741.100     3745.100     3746.100
   190:     3815.100     3818.100     3821.100     3824.100     3827.100
   195:     3831.100     3835.120     3839.120     3865.120     3893.120
   200:     3899.120     3934.120     3934.120     3978.100     4113.330
   205:     4213.510     4294.120     4308.110     4310.110     4316.120
   210:     4349.110     4355.110     4358.120     4388.120     4399.110
   215:     4404.110     4409.110     4410.110     4415.120     4457.110
   220:     4463.110     4467.110     4472.110     4480.110     4482.110
   225:     4488.110     4494.120     4510.110     4513.110     4515.110
   230:     4518.110     4522.110     4527.110     4530.110     4547.110
   235:     4553.110     4556.110     4564.110     4570.120     4582.110
   240:     4583.110     4586.110     4587.110     4591.110     4653.120
   245:     4663.110     4667.110     4675.110     4686.110     4689.110
   250:     4698.110     4705.120     4731.110     4734.110     4742.110
   255:     4744.110     4746.110     4751.110     4753.110     4757.110
   260:     4767.120     4809.120     4819.120     4831.110     4839.110
   265:     4841.110     4843.110     4845.110     4847.110     4861.110
   270:     4861.210     4866.120     4911.310     5011.500     5228.120
   275:     5632.100     5642.100     5648.100     5652.100     5660.100
   280:     5663.100     5666.120     5676.100     5681.100     5683.100
   285:     5686.100     5690.100     5692.200     5695.100     5697.120
   290:     5742.300     5842.500     6003.120     6227.100     6235.100
   295:     6238.100     6240.100     6243.100     6246.100     6258.100
   300:     6260.100     6263.120     6274.100     6277.100     6278.100
   305:     6280.100     6282.100     6286.100     6289.100     6292.120
   310:     6302.100     6316.100     6328.100     6332.120     6344.100
   315:     6347.100     6355.100     6359.100     6362.100     6364.100
   320:     6367.100     6370.120     6384.100     6388.100     6392.100
   325:     6396.100     6398.100     6401.100     6403.100     6405.100
   330:     6412.120     6424.120     6437.100     6444.100     6444.200
   335:     6447.100     6450.120     6494.300     6594.540     6733.120
   340:     6734.120     6773.120     6929.120     6950.120     6956.120
   345:     7016.120     7031.110     7037.120     7391.110     7396.110
   350:     7400.110     7406.120     7418.110     7421.110     7422.110
   355:     7424.110     7426.110     7430.110     7432.110     7434.110
   360:     7437.110     7439.120     7454.110     7456.110     7458.110
   365:     7462.110     7468.110     7475.110     7478.110     7479.110
   370:     7482.110     7489.110     7492.110     7496.110     7498.110
   375:     7502.110     7508.110     7517.120     7528.110     7530.110
   380:     7533.110     7536.110     7538.110     7542.110     7545.110
   385:     7555.110     7558.110     7560.110     7563.120     7579.110
   390:     7581.110     7584.110     7590.120     7606.120     7619.110
   395:     7623.110     7635.110     7646.110     7649.110     7654.110
   400:     7657.110     7665.110     7724.120     7733.110     7736.110
   405:     7744.110     7746.110     7752.110     7756.110     7759.110
   410:     7764.110     7767.110     7778.110     7781.110     7783.110
   415:     7786.110     7788.120     7804.120     7814.110     7822.110
   420:     7827.110     7832.110     7844.110     7846.110     7848.110
   425:     7937.110     7941.110     7944.110     7948.110     8163.120
   430:     8175.120     8180.120     8195.120     8209.120     8244.110
   435:     8394.340     8408.120     8409.120     8458.120     8491.120
   440:     8494.510     8510.110     8515.120     8680.110     8687.120
   445:     8694.120     8711.120     8744.110     8752.110     8753.110
   450:     8757.110     8762.110     8847.110     8853.110     8856.110
   455:     8859.110     8861.110     8862.110     8866.110     8868.110
   460:     8872.110     8874.110     8877.110     8885.110     8887.110
   465:     8890.110     8892.110     8893.110     8895.110     8901.110
   470:     8903.110     8914.110     8921.110     8924.110     8929.110
   475:     8933.110     8936.110     8942.110     8950.120     8974.110
   480:     8981.110     8983.110     8985.110     8988.110     8991.110
   485:     9005.110     9007.110     9009.110     9043.110     9045.110
   490:     9047.110     9050.110     9053.110     9057.110     9059.110
   495:     9064.110     9071.120     9075.120     9096.120     9106.110
   500:     9111.110     9119.110     9126.110     9137.110     9139.110
   505:     9144.110     9144.210     9149.120     9194.310     9294.500
   510:     9546.120     9901.100     9906.100     9909.100     9912.100
   515:     9914.100     9917.100     9922.120     9935.100     9938.100
   520:     9941.100     9943.100     9945.100     9949.120     9960.120
   525:     9961.200    10011.300    10111.510    10292.120    10336.120
   530:    10597.120    10662.110    10665.110    10672.110    10683.110
   535:    10689.120    10703.110    10706.110    10708.110    10712.110
   540:    10715.110    10718.110    10721.110    10727.110    10732.120
   545:    10748.110    10811.110    10811.210    10816.120    10861.310
   550:    10961.500    11167.120    11194.120    11420.100    11443.120
   555:    11464.100    11468.100    11473.100    11478.100    11486.100
   560:    11491.100    11494.120    11505.100    11508.100    11513.100
   565:    11516.100    11518.100    11523.100    11526.120    11530.120
   570:    11540.100    11544.100    11545.100    11550.100    11551.100
   575:    11554.100    11556.100    11563.100    11565.200    11566.120
   580:    11615.300    11715.510    11913.120    11915.120    12323.120
   585:    12333.120    12339.110    12346.120    12358.120    12368.110
   590:    12368.210    12372.120    12418.310    12518.510    12801.120
   595:    12891.120    12957.120    12965.120    12980.110    13049.110
   600:    13055.110    13060.120    13071.120    13077.110    13083.110
   605:    13087.110    13090.110    13095.110    13124.120    13133.110
   610:    13138.110    13139.110    13149.110    13158.110    13168.110
   615:    13168.210    13173.120    13218.310    13318.500    13498.120
   620:    13746.100    13750.100    13753.100    13756.100    13758.100
   625:    13768.100    13773.100    13776.120    13791.100    13794.100
   630:    13796.100    13806.100    13812.120    13818.120    13820.120
   635:    13823.120    13841.100    13846.100    13861.120    13883.100
   640:    13888.100    13890.100    13892.100    13894.100    13897.100
   645:    13900.100    13902.100    13907.120    13919.100    13923.100
   650:    13924.100    13927.100    13928.100    13930.100    13932.100
   655:    13937.120    13943.200    13993.300    14093.500    14162.120
   660:    14175.120    14382.120    14509.100    14517.100    14522.100
   665:    14541.100    14548.100    14553.100    14556.100    14566.120
   670:    14584.120    14585.120    14598.100    14601.100    14604.100
   675:    14606.100    14609.100    14614.100    14617.100    14625.100
   680:    14628.120    14650.120    14661.100    14666.100    14668.100
   685:    14673.100    14674.100    14678.100    14682.120    14682.100
   690:    14712.100    14716.100    14719.100    14721.100    14721.200
   695:    14723.100    14726.120    14771.300    14871.510    14982.120
   700:    14983.120    15200.120    15244.110    15293.110    15306.110
   705:    15312.120    15333.120    15342.110    15345.110    15361.110
   710:    15363.110    15368.110    15372.110    15375.120    15390.110
   715:    15394.110    15396.110    15406.110    15409.110    15411.110
   720:    15418.110    15422.110    15428.110    15435.120    15445.110
   725:    15448.110    15450.110    15454.110    15459.110    15465.110
   730:    15469.110    15470.110    15476.110    15480.110    15487.110
   735:    15500.110    15509.110    15515.110    15523.110    15523.210
   740:    15527.120    15573.310    15673.500    15814.120    15915.120
   745:    15922.120    15931.100    15932.100    15939.100    15941.100
   750:    15949.100    15953.100    15961.120    15976.100    15979.100
   755:    15987.100    15990.100    15993.100    15998.100    16007.100
   760:    16014.120    16025.120    16033.100    16036.100    16046.100
   765:    16050.100    16053.120    16068.120    16070.120    16075.100
   770:    16078.100    16084.100    16086.100    16089.100    16093.100
   775:    16096.120    16104.120    16105.120    16114.100    16118.100
   780:    16121.100    16123.100    16125.100    16130.100    16133.100
   785:    16137.100    16140.100    16142.120    16156.100    16159.100
   790:    16162.100    16165.100    16169.100    16173.100    16176.100
   795:    16180.100    16184.100    16185.120    16191.120    16203.100
   800:    16206.100    16208.100    16210.100    16212.100    16216.100
   805:    16219.100    16222.100    16227.100    16231.100    16236.120
   810:    16245.120    16263.100    16267.100    16268.100    16271.100
   815:    16275.100    16276.200    16277.100    16281.120    16326.300
   820:    16330.120    16426.500    16554.120    16573.120    16580.120
   825:    16885.120    16924.100    16927.100    16929.100    16932.100
   830:    16936.100    16939.120    16954.120    16982.100    16985.100
   835:    16995.100    17002.100    17005.100    17009.120    17025.100
   840:    17028.100    17030.100    17033.100    17037.100    17039.100
   845:    17042.200    17048.120    17092.300    17192.510    17306.120
   850:    17328.120    17332.120    17362.120    17470.120    17481.120
   855:    17502.120    17546.120    17586.110    17600.120    17601.120
   860:    17604.120    17615.120    17663.120    17674.110    17678.110
   865:    17741.110    17746.110    17749.110    17754.110    17765.110
   870:    17768.110    17773.110    17775.110    17783.110    17786.110
   875:    17789.110    17793.110    17797.110    17801.120    17810.110
   880:    17816.110    17820.110    17826.110    17828.110    17830.110
   885:    17832.110    17835.110    17842.110    17842.210    17846.120
   890:    17892.310    17992.510    18134.120    18522.120    18539.110
   895:    18545.110    18550.110    18555.110    18557.110    18560.110
   900:    18564.110    18566.110    18568.110    18577.110    18580.110
   905:    18583.110    18597.120    18611.110    18617.110    18619.110
   910:    18620.110    18624.110    18626.110    18631.110    18633.110
   915:    18635.110    18643.110    18645.110    18648.110    18649.110
   920:    18651.110    18654.110    18658.110    18670.110    18674.110
   925:    18682.110    18683.110    18683.210    18688.120    18733.310
   930:    18833.510    18965.120    19121.110    19130.120    19480.110
   935:    19481.110    19487.110    19490.110    19549.110    19549.210
   940:    19553.120    19599.310    19699.500    19789.120    20072.120
   945:    20084.100    20141.100    20143.100    20146.100    20148.100
   950:    20154.100    20158.100    20161.100    20163.100    20169.120
   955:    20193.100    20196.100    20198.100    20202.100    20211.100
   960:    20214.100    20215.120    20237.100    20241.100    20244.100
   965:    20245.100    20248.100    20250.100    20253.100    20254.100
   970:    20262.120    20266.120    20274.100    20277.100    20278.100
   975:    20282.100    20286.100    20290.100    20293.100    20295.100
   980:    20301.200    20306.120    20351.300    20451.510    20620.120
   985:    20638.120    20703.120    20868.120    20881.110    20974.110
   990:    20984.110    20987.110    20989.110    20993.110    20998.110
   995:    21000.110    21007.110    21013.110    21022.120    21039.110
  1000:    21041.110    21046.110    21048.110    21051.110    21054.110
  1005:    21061.110    21065.110    21067.110    21069.110    21070.110
  1010:    21074.110    21077.110    21081.110    21085.110    21091.110
  1015:    21093.110    21095.110    21097.110    21098.110    21102.110
  1020:    21104.110    21107.110    21111.110    21120.110    21127.110
  1025:    21135.110    21144.110    21144.210    21149.120    21194.310
  1030:    21294.500    21396.120    21401.120    21434.100    21440.100
  1035:    21450.100    21462.100    21470.100    21475.100    21479.100
  1040:    21485.120    21504.100    21508.100    21510.100    21513.100
  1045:    21516.100    21519.100    21521.100    21523.100    21526.100
  1050:    21531.100    21535.100    21538.100    21544.100    21545.120
  1055:    21750.120    21763.100    21771.100    21777.100    21781.100
  1060:    21782.120    21796.100    21799.100    21805.100    21808.100
  1065:    21809.100    21814.120    21828.100    21830.100    21832.100
  1070:    21835.100    21837.100    21840.100    21846.120    21866.100
  1075:    21871.100    21873.100    21876.100    21885.120    21895.200
  1080:    21899.120    21945.300    22045.510    22229.120    22269.120
  1085:    22575.120    22769.110    22769.210    22773.120    22819.310
  1090:    22919.500    23004.120    23005.120    23029.120    23176.100
  1095:    23178.100    23181.100    23186.100    23191.100    23194.100
  1100:    23197.100    23200.100    23206.100    23208.100    23218.100
  1105:    23223.120    23235.100    23239.100    23240.100    23243.100
  1110:    23245.100    23247.100    23250.100    23255.120    23269.100
  1115:    23272.100    23275.100    23277.100    23279.100    23282.100
  1120:    23287.100    23293.100    23297.120    23297.100    23319.100
  1125:    23323.100    23328.100    23331.100    23335.100    23342.120
  1130:    23355.100    23360.100    23369.100    23372.100    23375.100
  1135:    23382.120    23391.120    23392.120    23399.120    23412.100
  1140:    23417.100    23419.100    23420.100    23422.100    23424.100
  1145:    23434.120    23447.100    23450.100    23454.100    23457.100
  1150:    23460.100    23464.100    23478.120    23492.100    23496.100
  1155:    23498.100    23503.100    23505.100    23506.100    23509.100
  1160:    23520.200    23520.120    23521.100    23559.120    23570.300
  1165:    23670.510    23804.120    23992.120    24021.120    24044.110
  1170:    24051.110    24055.110    24065.110    24069.110    24071.110
  1175:    24072.110    24075.110    24078.110    24080.110    24085.110
  1180:    24090.110    24093.110    24094.120    24111.110    24114.110
  1185:    24118.110    24120.110    24129.110    24132.110    24137.110
  1190:    24186.110    24191.110    24195.110    24200.110    24204.110
  1195:    24212.110    24219.110    24221.110    24228.110    24230.110
  1200:    24236.110    24239.110    24243.110    24253.110    24256.110
  1205:    24263.110    24273.120    24284.110    24287.110    24290.110
  1210:    24292.110    24295.110    24298.110    24300.110    24303.110
  1215:    24305.110    24306.110    24314.110    24319.110    24320.110
  1220:    24323.110    24325.110    24327.110    24334.110    24337.110
  1225:    24340.110    24356.110    24359.110    24361.110    24361.210
  1230:    24365.120    24411.310    24511.500    24643.120    24675.120
  1235:    24719.120    24731.120    25123.120    25141.100    25145.100
  1240:    25147.100    25150.100    25153.100    25156.100    25160.100
  1245:    25161.120    25178.100    25183.100    25201.200    25220.120
  1250:    25241.120    25251.300    25351.540    25488.120    25777.120
  1255:    25869.110    25881.120    25899.110    25902.110    25908.110
  1260:    25918.110    25933.110    25935.110    25937.110    25940.110
  1265:    25947.110    25954.110    25958.120    25972.110    25978.110
  1270:    25983.110    25985.110    25987.110    25989.110    25997.110
  1275:    26000.110    26003.110    26012.110    26022.110    26025.110
  1280:    26028.110    26030.110    26034.110    26044.110    26045.110
  1285:    26047.110    26050.110    26054.120    26069.110    26077.110
  1290:    26079.110    26087.110    26089.110    26093.110    26102.110
  1295:    26105.110    26108.110    26125.110    26129.110    26133.110
  1300:    26147.110    26152.110    26159.110    26161.110    26163.110
  1305:    26167.110    26169.110    26177.120    26190.120    26192.120
  1310:    26203.110    26206.110    26215.110    26218.110    26221.110
  1315:    26223.120    26238.120    26246.110    26254.110    26259.110
  1320:    26319.110    26322.110    26325.110    26328.110    26332.110
  1325:    26339.120    26369.110    26372.110    26374.110    26377.110
  1330:    26381.120    26444.120    26450.120    26454.120    26462.120
  1335:    26470.120    26472.120    26474.120    26508.120    26511.120
  1340:    26512.120    26526.120    26540.110    26545.110    26552.110
  1345:    26556.110    26561.120    26571.120    26647.120    26652.120
  1350:    26662.110    26666.110    26672.110    26674.110    26691.110
  1355:    26694.110    26697.110    26703.120    26721.120    26737.110
  1360:    26746.110    26752.110    26760.110    26770.110    26785.110
  1365:    26788.110    26798.110    26801.110    26803.110    26804.110
  1370:    26810.110    26859.120    26875.110    26886.110    26894.120
  1375:    27026.110    27029.110    27035.110    27102.120    27105.120
  1380:    27115.120    27118.120    27132.110    27138.110    27143.110
  1385:    27151.340    27160.120    27251.500    27367.100    27372.100
  1390:    27376.100    27379.100    27382.100    27385.100    27388.100
  1395:    27392.120    27410.100    27415.100    27418.100    27420.100
  1400:    27423.100    27428.120    27470.100    27473.100    27475.100
  1405:    27477.100    27480.100    27483.100    27487.100    27491.100
  1410:    27495.120    27495.100    27505.120    27522.100    27526.100
  1415:    27528.100    27529.100    27531.100    27534.100    27535.100
  1420:    27538.100    27540.100    27545.120    27560.100    27565.100
  1425:    27568.100    27570.100    27573.100    27577.100    27582.120
  1430:    27590.120    27612.100    27616.100    27618.100    27622.100
  1435:    27624.100    27626.100    27628.100    27634.120    27640.120
  1440:    27645.120    27660.100    27664.100    27666.100    27670.100
  1445:    27671.100    27673.100    27675.100    27682.120    27698.100
  1450:    27702.100    27706.100    27709.100    27711.100    27719.100
  1455:    27723.120    27742.100    27746.100    27750.100    27754.100
  1460:    27758.100    27772.120    27780.120    27790.120    27791.120
  1465:    27796.120    27813.120    27816.120    27818.120    27833.100
  1470:    27837.100    27841.100    27843.100    27848.100    27854.100
  1475:    27856.100    27861.120    27893.200    27895.100    27898.120
  1480:    27943.300    28043.500    28159.120    28183.120    28209.120
  1485:    28416.100    28438.100    28445.100    28446.100    28449.100
  1490:    28453.100    28459.100    28463.120    28476.100    28479.100
  1495:    28481.100    28486.100    28489.100    28491.100    28494.100
  1500:    28495.120    28499.120    28506.100    28516.100    28519.100
  1505:    28522.100    28525.100    28533.100    28535.100    28539.100
  1510:    28543.120    28599.100    28603.100    28605.100    28607.100
  1515:    28609.100    28612.100    28617.100    28620.120    28632.100
  1520:    28636.100    28639.100    28641.100    28644.100    28651.120
  1525:    28659.200    28664.120    28709.300    28809.510    28980.120
  1530:    29207.120    29222.120    29236.110    29241.110    29244.110
  1535:    29248.110    29251.110    29254.110    29257.110    29264.110
  1540:    29270.120    29271.110    29282.110    29287.110    29289.110
  1545:    29291.110    29297.110    29302.110    29305.110    29310.120
  1550:    29320.110    29324.110    29330.110    29336.110    29343.110
  1555:    29351.110    29352.110    29355.110    29358.110    29361.110
  1560:    29378.110    29381.110    29383.110    29386.110    29389.110
  1565:    29401.110    29402.110    29411.110    29415.110    29417.110
  1570:    29420.110    29425.110    29431.120    29448.110    29455.110
  1575:    29464.110    29467.110    29470.110    29473.110    29476.110
  1580:    29478.110    29488.110    29490.110    29492.110    29502.120
  1585:    29505.120    29558.110    29558.210    29562.120    29608.310
  1590:    29708.500    29826.120    29827.120    29860.120    30008.100
  1595:    30028.100    30034.100    30039.100    30042.100    30046.100
  1600:    30051.120    30083.100    30086.100    30088.100    30090.100
  1605:    30092.100    30098.100    30101.100    30108.120    30121.100
  1610:    30127.100    30131.100    30134.100    30137.100    30142.120
  1615:    30147.120    30155.100    30158.100    30161.100    30164.100
  1620:    30168.100    30175.120    30181.120    30195.100    30199.100
  1625:    30202.100    30205.100    30207.100    30209.100    30211.100
  1630:    30215.120    30220.120    30235.100    30238.100    30244.100
  1635:    30247.100    30250.100    30251.100    30256.120    30260.120
  1640:    30277.100    30281.100    30284.100    30288.100    30292.100
  1645:    30297.100    30304.120    30310.120    30310.200    30318.120
  1650:    30360.300    30460.530    30587.120    30751.100    30777.120
  1655:    30911.100    30924.120    30930.120    30998.100    31002.100
  1660:    31005.100    31008.100    31015.100    31025.100    31034.120
  1665:    31041.120    31051.100    31056.100    31058.100    31059.100
  1670:    31064.100    31068.100    31076.120    31091.100    31095.100
  1675:    31099.100    31102.100    31105.100    31107.100    31111.100
  1680:    31116.120    31122.120    31123.120    31125.120    31129.120
  1685:    31152.100    31156.100    31159.100    31163.100    31169.100
  1690:    31173.100    31182.120    31187.120    31208.120    31209.120
  1695:    31210.120    31214.120    31215.120    31216.120    31217.120
  1700:    31218.120    31219.120    31220.120    31227.120    31233.120
  1705:    31245.100    31248.100    31252.100    31257.100    31259.100
  1710:    31262.100    31264.100    31269.120    31286.100    31291.100
  1715:    31294.100    31297.100    31299.100    31300.100    31304.120
  1720:    31309.120    31327.100    31342.100    31346.100    31353.100
  1725:    31361.100    31363.100    31366.100    31368.100    31371.100
  1730:    31374.100    31377.100    31382.120    31404.100    31407.100
  1735:    31412.100    31415.100    31417.100    31420.100    31423.100
  1740:    31428.100    31437.120    31447.120    31450.120    31499.100
  1745:    31503.100    31506.100    31509.100    31512.100    31515.100
  1750:    31518.100    31523.100    31525.100    31530.120    31935.100
  1755:    31946.100    31960.100    31963.100    31968.120    31974.120
  1760:    31986.100    31989.100    31994.100    31996.100    32116.120
  1765:    32125.100    32128.100    32132.100    32138.100    32143.100
  1770:    32148.120    32166.120    32167.120    32223.100    32228.100
  1775:    32231.100    32260.330    32360.510    32396.110    32459.120
  1780:    32473.110    32481.110    32484.110    32546.120    32554.110
  1785:    32561.110    32565.110    32569.110    32760.110    32761.110
  1790:    32773.110    32780.120    32843.120    32850.120    32852.120
  1795:    32863.110    32870.110    32872.110    32877.110    32889.110
  1800:    32889.120    32907.120    32917.110    32990.110    32990.210
  1805:    32995.120    33040.310    33140.510    33247.120    33280.120
  1810:    33303.120    33561.120    33572.110    33578.110    33581.110
  1815:    33587.120    33599.110    33605.110    33607.110    33615.110
  1820:    33619.110    33621.110    33625.110    33632.110    33640.110
  1825:    33644.110    33650.120    33660.120    33667.110    33674.110
  1830:    33677.110    33681.110    33683.110    33685.110    33688.110
  1835:    33695.110    33699.110    33701.110    33704.120    33716.110
  1840:    33718.110    33722.110    33727.110    33730.110    33738.110
  1845:    33741.110    33743.110    33745.110    33747.110    33753.110
  1850:    33760.110    33772.110    33775.110    33777.110    33778.110
  1855:    33783.110    33788.110    33806.120    33818.110    33818.210
  1860:    33822.120    33868.310    33968.510    34128.120    34362.120
  1865:    34383.120    34396.120    34491.110    34498.120    34546.120
  1870:    34556.110    34563.110    34565.110    34569.120    34580.120
  1875:    34592.110    34598.110    34600.110    34603.110    34609.110
  1880:    34613.120    34621.110    34624.110    34627.110    34631.110
  1885:    34633.110    34638.110    34642.120    34651.110    34651.210
  1890:    34656.120    34701.310    34801.500    34953.120    35101.100
  1895:    35118.100    35122.100    35124.100    35130.100    35133.100
  1900:    35135.100    35138.100    35142.120    35144.120    35207.100
  1905:    35212.100    35218.100    35219.100    35223.100    35228.120
  1910:    35240.100    35247.100    35252.100    35256.100    35256.120
  1915:    35277.100    35281.100    35284.100    35288.100    35290.100
  1920:    35295.100    35298.120    35303.120    35313.100    35316.100
  1925:    35321.100    35323.100    35326.100    35327.100    35334.120
  1930:    35339.120    35347.100    35351.100    35355.100    35358.100
  1935:    35360.100    35364.120    35369.120    35407.200    35418.120
  1940:    35457.300    35557.510    35620.120    35621.120    35646.120
  1945:    35720.120    35725.120    35730.120    35743.120    35929.120
  1950:    35939.120    36142.110    36150.110    36153.110    36155.110
  1955:    36160.110    36210.110    36213.110    36217.110    36219.110
  1960:    36222.110    36226.120    36234.110    36234.210    36239.120
  1965:    36284.310    36384.500    36501.120    36517.120    36523.120
  1970:    36540.120    36603.120    36698.100    36715.100    36763.100
  1975:    36765.100    36768.100    36771.100    36778.120    36798.100
  1980:    36803.100    36805.100    36811.100    36814.100    36817.100
  1985:    36820.100    36823.100    36826.120    36829.120    36830.120
  1990:    36836.120    36846.100    36850.100    36887.100    36896.100
  1995:    36900.100    36902.100    36908.100    36910.100    36912.100
  2000:    36915.100    36918.100    36922.100    36925.100    36926.120
  2005:    36935.100    36938.100    36941.100    36943.100    36945.100
  2010:    36948.100    36950.100    36957.120    36976.100    36979.100
  2015:    36981.100    36985.100    36985.200    36987.100    36990.120
  2020:    37035.300    37135.510    37489.110    37602.120    37615.110
  2025:    37624.110    37649.110    37655.120    37679.110    37687.110
  2030:    37689.110    37690.110    37692.110    37694.110    37698.110
  2035:    37700.120    37722.110    37729.110    37734.110    37735.110
  2040:    37742.110    37744.110    37753.110    37758.110    37765.120
  2045:    37774.110    37776.110    37779.110    37785.110    37789.110
  2050:    37795.110    37799.110    37809.110    37819.110    37819.210
  2055:    37825.120    37869.310    37969.500    38035.120    38292.100
  2060:    38296.100    38303.100    38306.100    38311.100    38317.100
  2065:    38320.120    38338.100    38344.100    38347.100    38350.100
  2070:    38353.100    38356.100    38360.120    38385.100    38390.100
  2075:    38392.100    38396.100    38398.100    38400.100    38404.100
  2080:    38406.100    38411.120    38422.120    38435.100    38438.100
  2085:    38439.100    38442.100    38445.100    38448.100    38452.120
  2090:    38462.120    38475.100    38479.100    38481.100    38489.100
  2095:    38492.100    38495.100    38499.120    38511.120    38519.100
  2100:    38525.100    38528.100    38530.100    38532.100    38537.120
  2105:    38562.100    38566.100    38569.100    38572.100    38574.100
  2110:    38576.100    38578.100    38579.200    38585.120    38629.300
  2115:    38729.510    38812.120    38830.120    38892.120    38905.120
  2120:    39226.120    39242.110    39287.110    39293.110    39300.120
  2125:    39320.110    39331.110    39335.110    39343.110    39346.110
  2130:    39348.110    39360.110    39367.120    39376.110    39379.110
  2135:    39382.110    39389.110    39396.120    39407.110    39407.210
  2140:    39412.120    39457.310    39557.500    39600.120    39790.120
  2145:    39968.100    39973.100    39979.100    39991.100    39998.100
  2150:    40004.100    40007.100    40012.120    40028.100    40032.100
  2155:    40034.100    40036.100    40038.100    40041.100    40045.100
  2160:    40048.100    40052.120    40060.120    40067.100    40071.100
  2165:    40074.100    40076.100    40081.100    40081.120    40099.100
  2170:    40103.100    40107.100    40109.100    40110.100    40114.100
  2175:    40118.100    40122.120    40127.120    40139.100    40144.100
  2180:    40147.100    40148.100    40150.100    40153.100    40159.200
  2185:    40160.100    40161.120    40209.300    40309.500    40431.120
  2190:    40738.100    40747.100    40761.100    40764.100    40770.100
  2195:    40777.100    40783.120    40793.100    40798.100    40800.100
  2200:    40802.100    40804.100    40806.100    40810.100    40815.100
  2205:    40816.100    40820.100    40823.120    40882.100    40885.100
  2210:    40887.100    40890.100    40892.100    40895.100    40899.120
  2215:    40915.100    40919.100    40923.100    40926.100    40929.100
  2220:    40931.100    40936.120    40942.200    40943.120    40992.300
  2225:    41092.510    41226.120    41245.120    41248.120    41252.120
  2230:    41537.110    41545.120    41564.120    41570.110    41640.110
  2235:    41643.110    41647.110    41649.110    41651.110    41654.110
  2240:    41660.120    41676.110    41679.110    41681.110    41684.110
  2245:    41689.120    41706.120    41712.110    41717.110    41723.110
  2250:    41724.110    41727.110    41729.110    41730.110    41734.110
  2255:    41737.110    41740.110    41752.110    41758.110    41759.110
  2260:    41759.110    41769.110    41769.210    41774.120    41819.310
  2265:    41919.500    41967.120    41990.120
E:
     0:     2268.000      919.000      804.000
F:
     0:       70.000       33.112       30.697
G:
     0:        1.000        1.000        1.000        1.000        1.000
     5:        1.000        1.000        1.000        1.000        0.000
H:
     0:        1.000        1.000        2.000        2.000
L:
     0:     6453.000     6904.000     6129.000     6769.000     6135.000
     5:     6355.000     6380.000     6134.000     6257.000     6115.000
    10:     6107.000     6109.000     6996.000     6527.000     6260.000
    15:     6126.000     6162.000     6109.000     6195.000     6123.000
    20:     6425.000
R:
     0:        1.000        1.000        1.000        1.000        1.000
     5:        1.000        1.000        1.000        1.000        0.000
S:
     0:        1.000        1.000
U:
     0:     6769.000        3.000        0.000
X:
     0:        0.000      527.001      532.002      575.003      627.004
     5:      631.005      635.005      635.006      685.000      685.000
    10:     1330.002     1337.004     1339.006     1342.008     1346.010
    15:     1351.012     1355.014     1358.016     1362.018     1379.020
    20:     1385.022     1391.024     1394.026     1414.028     1418.030
    25:     1421.032     1421.034     1429.036     1431.038     1438.040
    30:     1452.042     1459.044     1464.046     1466.048     1470.050
    35:     1472.052     1491.054     1497.056     1500.058     1504.060
    40:     1511.062     1514.064     1555.066     1561.068     1565.070
    45:     1568.072     1584.074     1600.076     1606.078     1609.080
    50:     1613.082     1617.084     1619.086     1622.088     1624.090
    55:     1649.092     1654.094     1660.096     1665.098     1669.100
    60:     1677.102     1680.104     1684.106     1686.108     1700.110
    65:     1703.112     1705.114     1709.116     1749.118     1756.120
    70:     1757.122     1761.124     1764.126     1766.128     1768.130
    75:     1770.132     1773.134     1845.136     1850.138     1856.140
    80:     1859.142     1862.144     1864.146     1954.148     1959.150
    85:     1962.152     1966.154     1970.156     2041.158     2047.160
    90:     2053.162     2056.164     2059.166     2062.168     2103.170
    95:     2108.172     2110.174     2113.176     2116.178     2118.180
   100:     2187.182     2190.184     2193.186     2195.188     2199.190
   105:     2202.192     2349.194     4003.001     4014.002     4020.003
   110:     4024.004     4031.005     4034.006     4048.007     4052.008
   115:     4054.009     4058.010     4061.011     4063.011     4066.012
   120:     4113.000     4113.000     4498.001     4505.002     4509.003
   125:     4511.004     4514.005     4517.006     4529.007     4531.008
   130:     4545.009     4547.010     4549.011     4551.012     4553.013
   135:     4557.014     4560.015     4573.016     4587.017     4599.018
   140:     4615.019     4618.020     4626.021     4629.022     4633.023
   145:     4635.024     4638.025     4655.026     4659.027     4663.028
   150:     4666.029     4669.030     4672.031     4674.032     4676.033
   155:     4708.034     4714.035     4715.035     4718.036     4765.000
   160:     4765.000     5371.001     5376.002     5379.003     5383.004
   165:     5385.005     5388.006     5405.007     5408.008     5411.009
   170:     5413.010     5416.011     5431.011     5481.000     5481.000
   175:     5940.001     5983.002     5987.003     5992.004     5997.005
   180:     6005.006     6010.007     6024.008     6028.009     6032.010
   185:     6035.011     6037.012     6043.013     6060.014     6063.015
   190:     6065.016     6069.017     6071.018     6073.019     6076.020
   195:     6082.021     6084.021     6134.000     6134.000     6562.001
   200:     6566.002     6569.003     6572.004     6574.005     6583.006
   205:     6589.007     6607.008     6610.009     6612.010     6622.011
   210:     6657.012     6662.013     6699.014     6704.015     6705.016
   215:     6708.017     6709.018     6713.019     6716.020     6718.021
   220:     6735.022     6738.023     6740.024     6742.025     6744.026
   225:     6745.027     6748.028     6759.028     6809.000     6809.000
   230:     7225.001     7232.002     7237.003     7257.004     7263.005
   235:     7268.006     7271.007     7313.008     7316.009     7319.010
   240:     7321.011     7324.012     7329.013     7332.014     7340.015
   245:     7376.016     7381.017     7383.018     7388.019     7390.020
   250:     7394.021     7398.022     7427.023     7431.024     7434.025
   255:     7436.026     7437.026     7438.027     7487.000     7487.000
   260:     7744.001     7745.002     7753.003     7755.004     7763.005
   265:     7767.006     7790.007     7793.008     7800.009     7804.010
   270:     7807.011     7811.012     7821.013     7846.014     7850.015
   275:     7860.016     7863.017     7889.018     7892.019     7897.020
   280:     7900.021     7902.022     7906.023     7928.024     7932.025
   285:     7934.026     7937.027     7939.028     7944.029     7947.030
   290:     7950.031     7954.032     7969.033     7973.034     7976.035
   295:     7979.036     7983.037     7986.038     7990.039     7994.040
   300:     7998.041     8017.042     8020.043     8021.044     8024.045
   305:     8026.046     8030.047     8033.048     8036.049     8041.050
   310:     8045.051     8077.052     8081.053     8082.054     8084.055
   315:     8088.056     8090.056     8090.057     8140.000     8140.000
   320:     8637.001     8640.002     8643.003     8645.004     8649.005
   325:     8695.006     8699.007     8708.008     8715.009     8718.010
   330:     8738.011     8742.012     8744.013     8746.014     8751.015
   335:     8752.016     8755.016     8805.000     8805.000     9189.001
   340:     9246.002     9248.003     9251.004     9253.005     9259.006
   345:     9263.007     9266.008     9268.009     9298.010     9301.011
   350:     9303.012     9307.013     9316.014     9319.015     9342.016
   355:     9346.017     9349.018     9350.019     9353.020     9355.021
   360:     9358.022     9359.023     9379.024     9382.025     9383.026
   365:     9387.027     9391.028     9395.029     9398.030     9400.031
   370:     9406.031     9456.000     9456.000     9595.001     9601.002
   375:     9611.003     9623.004     9631.005     9637.006     9640.007
   380:     9666.008     9669.009     9672.010     9674.011     9678.012
   385:     9680.013     9683.014     9685.015     9688.016     9693.017
   390:     9696.018     9699.019     9705.020     9924.021     9932.022
   395:     9939.023     9942.024     9957.025     9960.026     9966.027
   400:     9969.028     9971.029     9989.030     9992.031     9993.032
   405:     9996.033     9998.034    10001.035    10027.036    10032.037
   410:    10034.038    10037.039    10056.039    10106.000    10106.000
   415:    10363.001    10364.002    10368.003    10373.004    10377.005
   420:    10381.006    10384.007    10387.008    10392.009    10395.010
   425:    10404.011    10422.012    10425.013    10427.014    10429.015
   430:    10431.016    10434.017    10436.018    10456.019    10459.020
   435:    10462.021    10463.022    10466.023    10469.024    10473.025
   440:    10479.026    10483.027    10506.028    10509.029    10515.030
   445:    10518.031    10522.032    10542.033    10546.034    10556.035
   450:    10558.036    10562.037    10599.038    10604.039    10605.040
   455:    10607.041    10608.042    10611.043    10633.044    10636.045
   460:    10641.046    10643.047    10646.048    10650.049    10679.050
   465:    10682.051    10684.052    10689.053    10691.054    10693.055
   470:    10696.056    10706.056    10707.057    10756.000    10756.000
   475:    11385.001    11390.002    11392.003    11395.004    11397.005
   480:    11400.006    11405.007    11422.008    11428.009    11445.009
   485:    11495.000    11495.000    11495.195    11495.196    11495.197
   490:    11495.198    11495.199    11495.200    11495.201    11495.202
   495:    11495.203    11495.204    11495.205    11495.206    11495.207
   500:    11495.208    11495.209    11495.210    11495.211    11495.212
   505:    11495.213    11495.214    11495.215    11495.216    11495.217
   510:    11495.218    11495.219    11495.220    11495.221    11495.222
   515:    11495.223    11495.224    11495.225    11495.226    11495.227
   520:    11495.228    11495.229    11495.230    11495.231    11495.232
   525:    11495.233    11495.234    11495.235    11495.236    11495.237
   530:    11495.238    11495.239    11495.240    11495.241    11495.242
   535:    11495.243    11495.244    11495.245    11495.246    11495.247
   540:    11495.248    11495.249    11495.250    11495.251    11495.252
   545:    11495.253    11495.254    11495.255    11495.256    11495.257
   550:    11495.258    11495.259    11495.260    11495.261    11495.262
   555:    11495.262    11495.263    11495.000    11495.000    11495.001
   560:    11495.002    11495.003    11495.004    11495.005    11495.006
   565:    11495.007    11495.008    11495.009    11495.010    11495.011
   570:    11495.012    11495.013    11495.014    11495.015    11495.016
   575:    11495.017    11495.018    11495.019    11495.020    11495.021
   580:    11495.022    11495.023    11495.024    11495.025    11495.026
   585:    11495.027    11495.028    11495.029    11495.030    11495.031
   590:    11495.032    11495.033    11495.034    11495.034    11495.000
   595:    11495.000    11795.001    11815.002    11821.003    11826.004
   600:    11829.005    11833.006    11870.007    11873.008    11875.009
   605:    11877.010    11879.011    11885.012    11888.013    11908.014
   610:    11914.015    11918.016    11921.017    11924.018    11942.019
   615:    11945.020    11948.021    11951.022    11955.023    11982.024
   620:    11986.025    11989.026    11992.027    11994.028    11996.029
   625:    11998.030    12022.031    12025.032    12031.033    12034.034
   630:    12037.035    12038.036    12064.037    12068.038    12071.039
   635:    12075.040    12079.041    12084.042    12097.042    12147.000
   640:    12147.000    12438.002    12597.004    12685.006    12688.008
   645:    12691.010    12695.012    12701.014    12712.016    12738.018
   650:    12742.020    12744.022    12746.024    12750.026    12754.028
   655:    12777.030    12782.032    12786.034    12788.036    12791.038
   660:    12793.040    12797.042    12838.044    12842.046    12846.048
   665:    12849.050    12856.052    12859.054    12931.056    12935.058
   670:    12938.060    12943.062    12945.064    12948.066    12950.068
   675:    12972.070    12978.072    12980.074    12983.076    12985.078
   680:    12986.080    13013.082    13029.084    13032.086    13040.088
   685:    13047.090    13050.092    13052.094    13054.096    13057.098
   690:    13060.100    13063.102    13090.104    13094.106    13099.108
   695:    13102.110    13103.112    13107.114    13110.116    13115.118
   700:    13185.120    13189.122    13192.124    13195.126    13198.128
   705:    13201.130    13205.132    13209.134    13212.136    13622.138
   710:    13632.140    13647.142    13649.144    13672.146    13675.148
   715:    13680.150    13682.152    13811.154    13814.156    13819.158
   720:    13825.160    13829.162    13909.164    13915.166    13917.168
   725:    16787.001    16805.002    16809.003    16811.004    16816.005
   730:    16820.006    16822.007    16824.008    16894.009    16899.010
   735:    16904.011    16906.012    16910.013    16927.014    16934.015
   740:    16939.016    16942.017    16963.018    16967.019    16970.020
   745:    16974.021    16976.022    16981.023    16999.024    17003.025
   750:    17007.026    17009.027    17012.028    17013.029    17034.030
   755:    17037.031    17041.032    17044.033    17047.034    17094.034
   760:    17144.000    17144.000    17457.001    17474.002    17522.003
   765:    17524.004    17527.005    17530.006    17557.007    17562.008
   770:    17564.009    17570.010    17573.011    17576.012    17579.013
   775:    17583.014    17605.015    17609.016    17646.017    17655.018
   780:    17659.019    17661.020    17667.021    17669.022    17672.023
   785:    17674.024    17678.025    17681.026    17684.027    17694.028
   790:    17697.029    17700.030    17702.031    17704.032    17707.033
   795:    17709.034    17736.035    17739.036    17740.037    17744.038
   800:    17744.038    17746.039    17794.000    17794.000    18116.001
   805:    18121.002    18127.003    18130.004    18135.005    18141.006
   810:    18162.007    18168.008    18171.009    18174.010    18177.011
   815:    18180.012    18209.013    18214.014    18216.015    18220.016
   820:    18222.017    18224.018    18228.019    18230.020    18259.021
   825:    18262.022    18263.023    18266.024    18269.025    18272.026
   830:    18299.027    18303.028    18305.029    18313.030    18316.031
   835:    18319.032    18343.033    18349.034    18352.035    18354.036
   840:    18356.037    18386.038    18390.039    18394.040    18396.041
   845:    18398.042    18400.043    18402.044    18403.044    18453.000
   850:    18453.000    18863.001    18869.002    18874.003    18886.004
   855:    18893.005    18900.006    18903.007    18924.008    18927.009
   860:    18929.010    18932.011    18934.012    18937.013    18940.014
   865:    18944.015    18962.016    18966.017    18969.018    18972.019
   870:    18976.020    18995.021    18999.022    19002.023    19004.024
   875:    19006.025    19009.026    19013.027    19035.028    19039.029
   880:    19042.030    19044.031    19046.032    19048.033    19055.033
   885:    19056.034    19105.000    19105.000    19533.001    19542.002
   890:    19556.003    19559.004    19565.005    19572.006    19589.007
   895:    19593.008    19595.009    19597.010    19599.011    19601.012
   900:    19605.013    19610.014    19611.015    19615.016    19677.017
   905:    19680.018    19682.019    19685.020    19687.021    19690.022
   910:    19710.023    19714.024    19718.025    19721.026    19724.027
   915:    19726.028    19737.028    19787.000    19787.000
Y:
     0:        0.000       89.001      207.002      277.003      353.004
     5:      359.005      363.006      366.007      370.008      401.009
    10:      406.010      410.011      421.012      423.013      488.014
    15:      494.015      497.016      501.017      503.018      509.019
    20:      515.020      578.021      578.021      628.000      628.000
    25:     1230.001     1237.002     1263.003     1268.004     1270.005
    30:     1272.006     1277.007     1277.007     1327.000     1327.000
    35:     1327.195     1327.196     1327.197     1327.198     1327.199
    40:     1327.200     1327.201     1327.202     1327.203     1327.204
    45:     1327.205     1327.206     1327.207     1327.208     1327.209
    50:     1327.210     1327.211     1327.212     1327.213     1327.214
    55:     1327.215     1327.216     1327.217     1327.218     1327.219
    60:     1327.220     1327.221     1327.222     1327.223     1327.224
    65:     1327.225     1327.226     1327.227     1327.228     1327.229
    70:     1327.230     1327.231     1327.232     1327.233     1327.234
    75:     1327.235     1327.236     1327.237     1327.238     1327.239
    80:     1327.240     1327.241     1327.242     1327.243     1327.244
    85:     1327.245     1327.246     1327.246     1327.000     1327.000
    90:     1763.002     2123.004     2128.006     2132.008     2150.010
    95:     2153.012     2154.014     2156.016     2158.018     2162.020
   100:     2164.022     2166.024     2169.026     2186.028     2188.030
   105:     2190.032     2194.034     2200.036     2207.038     2210.040
   110:     2211.042     2214.044     2221.046     2224.048     2228.050
   115:     2230.052     2234.054     2240.056     2260.058     2262.060
   120:     2265.062     2268.064     2270.066     2274.068     2277.070
   125:     2287.072     2290.074     2292.076     2311.078     2313.080
   130:     2316.082     2351.084     2355.086     2367.088     2378.090
   135:     2381.092     2386.094     2389.096     2397.098     2465.100
   140:     2468.102     2476.104     2478.106     2484.108     2488.110
   145:     2491.112     2496.114     2499.116     2510.118     2513.120
   150:     2515.122     2518.124     2546.126     2554.128     2559.130
   155:     2564.132     2576.134     2578.136     2580.138     2669.140
   160:     2673.142     2676.144     2680.146     2976.148     3242.149
   165:     3412.150     3476.151     3484.152     3485.153     3489.154
   170:     3494.155     3579.156     3585.157     3588.158     3591.159
   175:     3593.160     3594.161     3598.162     3600.163     3604.164
   180:     3606.165     3609.166     3617.167     3619.168     3622.169
   185:     3624.170     3625.171     3627.172     3633.173     3635.174
   190:     3646.175     3653.176     3656.177     3661.178     3665.179
   195:     3668.180     3674.181     3706.182     3713.183     3715.184
   200:     3717.185     3720.186     3723.187     3737.188     3739.189
   205:     3741.190     3775.191     3777.192     3779.193     3782.194
   210:     3785.195     3789.196     3791.197     3796.198     3838.199
   215:     3843.200     3851.201     3858.202     3869.203     3871.204
   220:     3876.205     3876.205     3926.000     3926.000     4476.001
   225:     4480.002     4487.003     4497.004     4518.005     4521.006
   230:     4523.007     4527.008     4530.009     4533.010     4535.011
   235:     4541.012     4562.013     4626.014     4626.014     4676.000
   240:     4676.000     5300.001     5329.002     5329.002     5379.000
   245:     5379.000     5841.001     5909.002     5916.003     5938.004
   250:     5944.005     5948.006     5951.007     5956.008     5994.009
   255:     5999.010     6000.011     6010.012     6018.013     6028.014
   260:     6029.014     6079.000     6079.000     6452.001     6500.002
   265:     6513.003     6549.004     6552.005     6568.006     6571.007
   270:     6575.008     6579.009     6597.010     6601.011     6604.012
   275:     6614.013     6617.014     6618.015     6626.016     6629.017
   280:     6636.018     6653.019     6655.020     6657.021     6661.022
   285:     6666.023     6672.024     6677.025     6678.026     6683.027
   290:     6687.028     6694.029     6707.030     6716.031     6723.032
   295:     6730.033     6730.033     6780.000     6780.000     7173.001
   300:     7261.002     7266.003     7328.004     7334.005     7337.006
   305:     7341.007     7352.008     7355.009     7360.010     7363.011
   310:     7371.012     7374.013     7377.014     7380.015     7385.016
   315:     7398.017     7404.018     7408.019     7413.020     7416.021
   320:     7418.022     7420.023     7423.024     7430.025     7430.025
   325:     7480.000     7480.000     8026.001     8033.002     8037.003
   330:     8042.004     8044.005     8047.006     8052.007     8053.008
   335:     8055.009     8064.010     8068.011     8071.012     8099.013
   340:     8104.014     8106.015     8108.016     8112.017     8113.018
   345:     8118.019     8121.020     8123.021     8131.022     8133.023
   350:     8135.024     8137.025     8139.026     8142.027     8146.028
   355:     8157.029     8162.030     8169.031     8171.032     8171.032
   360:     8221.000     8221.000     8508.001     8867.002     8868.003
   365:     8874.004     8877.005     8936.006     8937.006     8987.000
   370:     8987.000     9417.001     9510.002     9520.003     9522.004
   375:     9524.005     9529.006     9534.007     9535.008     9543.009
   380:     9548.010     9574.011     9576.012     9582.013     9584.014
   385:     9586.015     9589.016     9596.017     9600.018     9602.019
   390:     9604.020     9606.021     9609.022     9612.023     9616.024
   395:     9620.025     9626.026     9628.027     9630.028     9632.029
   400:     9634.030     9638.031     9640.032     9642.033     9647.034
   405:     9656.035     9663.036     9670.037     9680.038     9680.038
   410:     9730.000     9730.000    10454.001    10454.001    10504.000
   415:    10504.000    10878.001    10885.002    10889.003    10899.004
   420:    10903.005    10904.006    10906.007    10908.008    10912.009
   425:    10914.010    10919.011    10923.012    10927.013    10944.014
   430:    10948.015    10952.016    10954.017    10962.018    10965.019
   435:    10971.020    11020.021    11025.022    11029.023    11033.024
   440:    11037.025    11046.026    11053.027    11055.028    11062.029
   445:    11063.030    11070.031    11072.032    11077.033    11086.034
   450:    11090.035    11097.036    11118.037    11121.038    11124.039
   455:    11126.040    11129.041    11132.042    11134.043    11137.044
   460:    11139.045    11140.046    11148.047    11152.048    11154.049
   465:    11156.050    11159.051    11161.052    11168.053    11171.054
   470:    11173.055    11189.056    11192.057    11195.058    11195.058
   475:    11245.000    11245.000    11762.002    11793.004    11796.006
   480:    11802.008    11812.010    11827.012    11829.014    11831.016
   485:    11834.018    11840.020    11848.022    11866.024    11871.026
   490:    11877.028    11879.030    11881.032    11883.034    11891.036
   495:    11894.038    11897.040    11906.042    11916.044    11919.046
   500:    11922.048    11924.050    11928.052    11938.054    11939.056
   505:    11941.058    11944.060    11963.062    11971.064    11973.066
   510:    11981.068    11983.070    11987.072    11996.074    11999.076
   515:    12002.078    12019.080    12023.082    12027.084    12041.086
   520:    12046.088    12052.090    12055.092    12057.094    12060.096
   525:    12063.098    12097.100    12100.102    12109.104    12111.106
   530:    12115.108    12139.110    12148.112    12153.114    12213.116
   535:    12216.118    12219.120    12222.122    12225.124    12263.126
   540:    12266.128    12268.130    12271.132    12434.134    12439.136
   545:    12446.138    12450.140    12556.142    12559.144    12566.146
   550:    12568.148    12585.150    12588.152    12591.154    12631.156
   555:    12640.158    12646.160    12654.162    12664.164    12679.166
   560:    12682.168    12692.170    12695.172    12697.174    12698.176
   565:    12704.178    12768.180    12780.182    12920.184    12923.186
   570:    12929.188    13026.190    13032.192    13037.194    15130.001
   575:    15135.002    15138.003    15142.004    15145.005    15148.006
   580:    15151.007    15158.008    15164.009    15176.010    15181.011
   585:    15183.012    15185.013    15191.014    15196.015    15198.016
   590:    15214.017    15218.018    15224.019    15230.020    15237.021
   595:    15245.022    15246.023    15249.024    15251.025    15255.026
   600:    15272.027    15274.028    15277.029    15280.030    15283.031
   605:    15294.032    15296.033    15305.034    15308.035    15311.036
   610:    15314.037    15319.038    15342.039    15349.040    15358.041
   615:    15361.042    15364.043    15367.044    15369.045    15372.046
   620:    15382.047    15384.048    15386.049    15451.050    15452.050
   625:    15502.000    15502.000    15502.169    15502.170    15502.171
   630:    15502.172    15502.173    15502.174    15502.175    15502.176
   635:    15502.177    15502.178    15502.179    15502.180    15502.181
   640:    15502.182    15502.183    15502.184    15502.185    15502.186
   645:    15502.186    15502.000    15502.000    15502.001    15502.002
   650:    15502.003    15502.004    15502.005    15502.006    15502.007
   655:    15502.008    15502.009    15502.010    15502.011    15502.012
   660:    15502.013    15502.014    15502.015    15502.016    15502.017
   665:    15502.018    15502.019    15502.020    15502.021    15502.022
   670:    15502.023    15502.024    15502.025    15502.026    15502.027
   675:    15502.028    15502.029    15502.030    15502.031    15502.032
   680:    15502.033    15502.034    15502.035    15502.036    15502.037
   685:    15502.038    15502.039    15502.040    15502.041    15502.042
   690:    15502.042    15502.000    15502.000    15502.001    15502.002
   695:    15502.003    15502.004    15502.005    15502.006    15502.007
   700:    15502.008    15502.009    15502.010    15502.011    15502.012
   705:    15502.013    15502.014    15502.015    15502.016    15502.016
   710:    15502.000    15502.000    16087.001    16094.002    16097.003
   715:    16099.004    16105.005    16154.006    16157.007    16161.008
   720:    16163.009    16166.010    16179.011    16179.011    16229.000
   725:    16229.000    16582.001    16709.002    16717.003    16742.004
   730:    16772.005    16780.006    16782.007    16783.008    16786.009
   735:    16788.010    16791.011    16815.012    16822.013    16827.014
   740:    16828.015    16836.016    16838.017    16846.018    16851.019
   745:    16867.020    16870.021    16872.022    16879.023    16882.024
   750:    16889.025    16892.026    16902.027    16913.028    16913.028
   755:    16963.000    16963.000    17475.001    17521.002    17526.003
   760:    17553.004    17564.005    17569.006    17577.007    17579.008
   765:    17582.009    17593.010    17610.011    17613.012    17616.013
   770:    17622.014    17641.015    17641.015    17691.000    17691.000
   775:    18136.001    18169.002    18238.003    18242.004    18245.005
   780:    18247.006    18250.007    18253.008    18275.009    18278.010
   785:    18280.011    18283.012    18311.013    18316.014    18321.015
   790:    18323.016    18326.017    18327.018    18329.019    18332.020
   795:    18336.021    18339.022    18351.023    18356.024    18357.025
   800:    18358.026    18368.027    18368.027    18418.000
