File: C:\MED-PC\Data\2018-05-10_12h27m_Subject M333.txt


Start Date: 05/10/18
End Date: 05/10/18
Subject: M333
Experiment: DOBLE_PICO_ACO
Group: EXP
Box: 10
Start Time: 12:27:00
End Time: 13:40:22
MSN: IF_ACO_MULTIPLE_PICO
A:     381.000
B:      20.000
D:      21.000
I:       1.000
J:   18000.000
K:    5400.000
M:       0.000
N:      20.000
O:      21.000
P:     610.000
Q:       0.000
T:    1000.000
V:     600.000
W:      20.000
Z:       0.000
C:
     0:        0.120        0.120        0.120        0.120        0.120
     5:        0.120        0.120        0.120        0.120        0.120
    10:        0.120        0.120        0.120        0.120        0.510
    15:       10.120       22.120      117.110      121.120      185.110
    20:      189.120      227.110      233.110      243.110      247.110
    25:      251.120      326.110      331.120      350.120      384.110
    30:      390.110      448.110      455.110      460.110      464.120
    35:      495.120      507.110      511.120      541.110      541.210
    40:      545.120      589.120      591.310      691.510      732.120
    45:      736.120     1111.110     1117.110     1121.120     1129.120
    50:     1219.110     1278.110     1278.210     1281.120     1327.120
    55:     1328.310     1428.530     1868.100     1878.120     1888.120
    60:     1892.120     1892.120     1902.100     1909.120     1916.120
    65:     1942.100     1952.100     1970.100     1975.120     2030.120
    70:     2096.100     2102.120     2185.120     2205.120     2246.100
    75:     2248.100     2261.100     2268.100     2278.100     2286.100
    80:     2289.100     2295.100     2300.100     2306.100     2311.100
    85:     2315.100     2322.120     2344.120     2377.100     2381.120
    90:     2433.120     2924.120     2946.120     2948.120     2980.100
    95:     2991.100     2995.120     3051.100     3058.100     3072.100
   100:     3074.100     3078.100     3085.100     3087.100     3092.100
   105:     3098.100     3104.100     3109.100     3116.100     3130.100
   110:     3134.100     3137.100     3141.120     3146.120     3175.120
   115:     3228.330     3328.510     3332.120     3335.120     3341.120
   120:     3342.120     3344.120     3458.110     3473.120     3475.120
   125:     3496.120     3505.120     3534.110     3540.110     3575.110
   130:     3641.110     3707.110     3714.110     3721.110     3725.110
   135:     3729.120     3762.110     3766.110     3777.110     3780.110
   140:     3790.110     3793.110     3798.110     3803.110     3806.110
   145:     3811.110     3816.110     3823.110     3829.110     3834.110
   150:     3839.110     3842.110     3848.120     3874.110     3874.210
   155:     3878.120     3924.310     4024.500     4330.120     4497.120
   160:     4529.100     4581.100     4589.100     4592.100     4596.100
   165:     4600.120     4621.120     4641.100     4641.200     4646.120
   170:     4691.300     4791.500     5325.120     5328.120     5346.120
   175:     5347.120     5353.120     5361.120     5415.100     5427.100
   180:     5438.100     5443.120     5471.100     5475.200     5482.120
   185:     5525.300     5625.510     6146.110     6150.120     6163.120
   190:     6173.120     6204.110     6210.110     6264.110     6264.210
   195:     6267.120     6314.310     6414.500     6630.120     6649.120
   200:     6684.120     6848.120     6864.100     6883.100     6896.100
   205:     6903.100     6906.100     6908.100     6912.100     6926.100
   210:     6929.100     6939.100     6944.100     6945.100     6952.100
   215:     6963.100     6972.120     7023.200     7029.120     7073.300
   220:     7082.120     7173.510     7739.110     7744.120     7782.120
   225:     7790.110     7795.110     7806.110     7806.210     7811.120
   230:     7856.310     7956.510     7994.120     7996.120     8238.110
   235:     8241.120     8245.120     8285.110     8323.110     8330.110
   240:     8337.110     8342.120     8363.110     8365.110     8374.110
   245:     8384.110     8431.110     8438.110     8445.110     8449.110
   250:     8454.110     8457.110     8467.110     8471.110     8473.110
   255:     8495.110     8498.110     8502.110     8507.110     8509.110
   260:     8513.110     8519.120     8528.120     8538.110     8544.110
   265:     8546.110     8557.110     8565.120     8590.110     8590.210
   270:     8594.120     8640.310     8740.500     9248.120     9287.100
   275:     9293.120     9322.120     9347.200     9397.300     9497.510
   280:     9802.120     9893.110     9896.120     9919.120     9940.110
   285:     9945.110     9956.110     9960.110     9962.110     9966.120
   290:     9988.110     9995.110     9997.110    10000.120    10023.120
   295:    10030.110    10038.110    10048.110    10055.110    10060.110
   300:    10063.110    10067.110    10069.110    10077.120    10101.110
   305:    10114.110    10117.110    10119.110    10122.110    10126.110
   310:    10126.210    10131.120    10176.310    10276.500    10753.100
   315:    10767.120    10780.120    10785.120    10788.120    10789.120
   320:    10805.120    10821.100    10833.100    10837.100    10843.100
   325:    10847.120    10881.200    10886.120    10931.300    10934.120
   330:    11031.510    11120.110    11122.120    11329.110    11331.120
   335:    11366.110    11368.120    11393.120    11406.110    11408.120
   340:    11451.110    11454.120    11464.120    11466.120    11487.110
   345:    11492.110    11502.110    11507.110    11511.120    11518.120
   350:    11520.120    11559.110    11564.110    11628.110    11636.110
   355:    11642.110    11647.120    11661.120    11662.120    11667.120
   360:    11668.120    11673.110    11673.210    11676.120    11723.310
   365:    11815.120    11817.120    11823.500    12298.120    12326.120
   370:    12366.100    12379.100    12382.100    12385.100    12390.100
   375:    12392.100    12394.100    12396.100    12403.120    12426.200
   380:    12432.120    12476.300    12484.120    12576.500    12589.120
   385:    12976.100    12980.100    13219.120    13230.100    13241.100
   390:    13248.100    13253.100    13257.120    13285.100    13290.200
   395:    13296.120    13340.120    13340.300    13352.120    13367.120
   400:    13396.120    13401.120    13405.120    13408.120    13440.510
   405:    13475.120    13538.120    13547.120    13553.120    13568.120
   410:    13574.120    13576.120    13576.120    13582.120    13583.120
   415:    13587.120    13594.120    13595.120    13597.120    13599.120
   420:    13604.120    13610.120    13618.120    13620.120    13621.120
   425:    13625.120    13630.120    13631.120    13635.120    13671.120
   430:    13676.120    13678.120    13679.120    13683.120    13692.120
   435:    13700.120    13707.120    13720.120    13724.120    13725.120
   440:    13744.120    13745.120    13759.110    13762.120    13764.120
   445:    13766.120    13768.120    13800.120    13819.110    13864.110
   450:    13871.110    13881.110    13885.120    13904.120    13915.110
   455:    13920.110    13923.120    13947.120    13957.120    13959.120
   460:    13972.110    13990.110    13995.110    13997.110    14007.110
   465:    14017.110    14020.110    14025.120    14048.110    14052.110
   470:    14053.110    14055.110    14070.110    14070.210    14071.110
   475:    14076.120    14120.310    14220.540    14304.120    14692.110
   480:    14702.110    14732.110    14753.110    14760.110    14769.110
   485:    14774.120    14798.110    14805.110    14806.110    14817.110
   490:    14832.110    14838.110    14841.110    14847.110    14855.110
   495:    14860.110    14865.110    14871.110    14875.120    14904.110
   500:    14907.110    14921.110    14928.110    14934.110    14950.110
   505:    14953.110    14955.110    14958.110    14961.110    14983.110
   510:    14988.110    14994.120    15035.110    15039.120    15062.120
   515:    15070.110    15074.120    15101.110    15105.120    15149.110
   520:    15153.120    15286.110    15291.120    15298.120    15479.120
   525:    15487.110    15489.120    15492.120    15527.120    15552.110
   530:    15556.120    15603.110    15606.120    15642.120    15671.110
   535:    15674.120    15696.120    15723.120    15778.110    15783.110
   540:    15786.120    15853.110    15856.120    15912.110    15914.120
   545:    15939.120    15949.120    15964.110    15966.120    15971.120
   550:    15972.120    16020.340    16031.120    16095.120    16120.500
   555:    16287.100    16378.100    16393.100    16394.100    16397.100
   560:    16403.100    16406.100    16412.120    16427.120    16442.100
   565:    16454.100    16470.100    16472.100    16476.100    16478.100
   570:    16483.100    16490.100    16502.100    16508.100    16511.100
   575:    16513.100    16515.100    16521.100    16535.100    16546.100
   580:    16548.100    16550.100    16553.100    16555.100    16558.120
   585:    16598.100    16614.100    16627.100    16634.100    16640.100
   590:    16642.100    16646.100    16649.100    16653.100    16658.120
   595:    16663.120    16710.120    16758.100    16761.100    16766.120
   600:    16809.120    16818.200    16820.120    16868.300    16894.120
   605:    16896.120    16968.500    17387.100    17391.120    17419.100
   610:    17434.100    17444.100    17453.120    17489.100    17507.100
   615:    17521.100    17527.100    17531.100    17533.100    17540.120
   620:    17557.120    17568.100    17581.200    17581.100    17586.120
   625:    17631.300    17731.510    17803.120    17847.110    17850.120
   630:    17861.120    17865.120    17871.120    17911.120    17919.120
   635:    17921.120    17922.120    18000.110    18004.120    18019.120
   640:    18034.110    18037.120    18048.120    18058.120    18062.120
   645:    18078.120    18112.110    18114.120    18149.110    18151.120
   650:    18159.120    18179.120    18201.120    18215.110    18218.120
   655:    18240.120    18249.110    18308.110    18316.110    18319.110
   660:    18322.110    18328.120    18356.110    18359.110    18359.210
   665:    18363.120    18409.310    18509.500    18980.100    18987.120
   670:    18993.120    19005.120    19010.120    19014.120    19037.100
   675:    19048.100    19051.120    19099.100    19107.100    19112.100
   680:    19118.100    19121.100    19128.100    19136.100    19140.100
   685:    19141.100    19146.100    19147.100    19149.100    19152.120
   690:    19159.200    19209.300    19309.500    19854.100    19864.100
   695:    19879.120    19914.200    19914.100    19919.120    19964.300
   700:    20064.510    20487.110    20490.120    20526.110    20538.110
   705:    20543.110    20551.120    20576.120    20581.110    20591.110
   710:    20601.110    20608.110    20615.110    20618.110    20622.110
   715:    20625.110    20633.110    20636.120    20662.110    20667.110
   720:    20669.110    20692.110    20692.210    20697.120    20742.310
   725:    20842.510    21413.110    21421.110    21427.110    21431.110
   730:    21438.120    21446.120    21458.110    21463.110    21481.110
   735:    21485.110    21488.110    21493.110    21495.110    21499.110
   740:    21502.110    21515.110    21520.120    21547.110    21547.210
   745:    21550.120    21597.310    21697.510    21788.120    21804.120
   750:    21806.120    21911.120    21929.120    21946.120    21948.120
   755:    21981.120    22001.120    22008.120    22029.120    22042.110
   760:    22044.120    22094.110    22096.120    22159.110    22162.120
   765:    22181.120    22211.120    22233.110    22237.120    22242.110
   770:    22245.110    22318.110    22327.110    22337.110    22418.110
   775:    22418.210    22423.120    22468.310    22568.510    22582.120
   780:    22588.120    22594.120    22598.120    22599.120    22627.120
   785:    23125.110    23130.120    23147.120    23159.110    23162.120
   790:    23184.120    23192.110    23196.110    23255.110    23269.110
   795:    23269.210    23274.120    23319.310    23380.120    23419.500
   800:    23473.100    23480.120    23499.120    23630.100    23635.120
   805:    23646.120    23647.120    23656.120    23658.120    23692.120
   810:    23734.100    23747.100    23754.120    23808.100    23823.100
   815:    23836.100    23839.100    23844.120    23892.100    23902.100
   820:    23906.100    23908.100    23918.100    23933.100    23940.100
   825:    23942.100    23946.100    23960.100    23975.100    23983.100
   830:    24008.100    24020.200    24022.120    24070.300    24085.120
   835:    24170.500    24443.120    24463.120    24576.100    24581.120
   840:    24607.120    24629.100    24647.100    24658.100    24662.120
   845:    24690.100    24706.100    24716.100    24718.100    24726.100
   850:    24731.100    24733.100    24738.120    24776.200    24781.120
   855:    24826.300    24926.540    25480.110    25485.120    25502.120
   860:    25507.110    25513.110    25517.120    25536.120    25557.110
   865:    25598.110    25605.110    25622.110    25627.110    25630.110
   870:    25630.110    25641.110    25650.110    25655.110    25659.110
   875:    25662.110    25665.110    25669.120    25683.110    25688.110
   880:    25690.110    25691.110    25699.110    25702.110    25715.110
   885:    25724.110    25728.120    25750.110    25768.110    25770.110
   890:    25774.110    25777.110    25784.110    25787.110    25788.110
   895:    25791.110    25798.110    25810.110    25818.110    25828.120
   900:    25861.110    25863.110    25875.110    25878.110    25881.120
   905:    25884.120    25887.120    25905.120    25908.120    25909.120
   910:    25911.120    25942.110    25949.110    25955.120    25958.120
   915:    25967.120    26003.110    26008.110    26012.120    26028.120
   920:    26029.120    26038.120    26041.120    26065.110    26069.120
   925:    26103.110    26105.120    26142.110    26149.120    26156.110
   930:    26161.110    26164.110    26168.110    26171.110    26173.110
   935:    26176.110    26180.110    26197.110    26203.120    26240.120
   940:    26263.110    26362.110    26365.120    26390.120    26405.120
   945:    26407.120    26409.120    26411.120    26465.120    26472.110
   950:    26476.120    26499.120    26513.120    26562.120    26586.110
   955:    26590.120    26619.120    26624.120    26726.340    26826.500
   960:    26842.120    27004.100    27008.120    27134.100    27142.120
   965:    27165.120    27173.120    27178.120    27180.120    27198.100
   970:    27211.100    27217.100    27219.100    27223.120    27267.100
   975:    27279.100    27294.100    27299.100    27305.100    27311.100
   980:    27345.100    27348.100    27351.100    27353.100    27358.120
   985:    27389.100    27404.100    27410.100    27412.100    27419.100
   990:    27427.100    27431.100    27435.100    27437.100    27449.100
   995:    27449.200    27455.120    27499.300    27504.120    27528.120
  1000:    27599.500    27992.100    27996.120    28042.100    28089.100
  1005:    28096.100    28168.100    28177.100    28191.120    28215.100
  1010:    28223.100    28226.100    28228.200    28232.120    28278.300
  1015:    28286.120    28378.510    28393.120    28442.120    28568.110
  1020:    28571.120    28737.120    28739.120    28740.120    28742.120
  1025:    28757.120    28765.110    28768.120    28770.120    28786.120
  1030:    28788.120    28822.120    28828.110    28830.120    28909.110
  1035:    28912.120    28943.120    28947.120    28972.120    28976.120
  1040:    28982.110    28985.120    28993.120    29015.110    29026.110
  1045:    29029.110    29032.110    29036.120    29069.110    29075.110
  1050:    29075.210    29079.120    29125.310    29204.120    29225.510
  1055:    29253.120    29254.120    29256.120    29258.120    29855.110
  1060:    29855.210    29858.120    29905.310    29918.120    29920.120
  1065:    29955.120    30005.530    30403.120    30418.100    30422.120
  1070:    30463.100    30480.100    30484.100    30485.100    30493.120
  1075:    30524.100    30540.100    30552.100    30554.100    30558.100
  1080:    30559.100    30564.100    30573.100    30588.100    30589.100
  1085:    30592.100    30597.100    30601.120    30638.100    30653.100
  1090:    30656.100    30667.100    30671.100    30675.100    30681.100
  1095:    30686.100    30692.100    30696.100    30702.100    30706.100
  1100:    30708.100    30711.120    30733.120    30755.100    30766.100
  1105:    30770.100    30779.100    30781.100    30785.100    30789.100
  1110:    30792.120    30795.120    30823.120    30866.120    30866.120
  1115:    30884.120    30923.100    30929.100    30935.120    30959.120
  1120:    30971.100    30997.100    31008.120    31035.120    31056.100
  1125:    31062.120    31098.120    31119.120    31161.120    31168.120
  1130:    31218.100    31221.120    31580.120    31633.100    31640.120
  1135:    31688.100    31699.100    31788.100    31805.330    31814.120
  1140:    31905.500    32107.120    32109.120    32110.120    32112.120
  1145:    32149.100    32157.120    32183.120    32200.120    32222.120
  1150:    32226.120    32226.120    32443.120    32448.120    32507.120
  1155:    32621.120    32685.100    32698.100    32704.100    32745.200
  1160:    32753.120    32795.300    32895.510    32915.120    32931.120
  1165:    33451.110    33455.120    33471.120    33473.120    33484.120
  1170:    33496.110    33507.110    33517.110    33517.210    33522.120
  1175:    33567.310    33667.500    34218.100    34232.100    34240.100
  1180:    34246.120    34274.100    34278.200    34283.120    34328.300
  1185:    34428.510    34698.110    34703.120    34717.120    34717.120
  1190:    34732.110    34741.110    34747.110    34750.110    34795.110
  1195:    34801.110    34812.110    34817.110    34822.120    34852.110
  1200:    34854.110    34864.110    34876.110    34879.110    34884.110
  1205:    34887.110    34893.110    34899.110    34905.120    34925.110
  1210:    34928.110    34932.110    34946.110    34957.110    34963.110
  1215:    34970.110    34977.110    34980.110    34986.110    34990.110
  1220:    35004.110    35006.110    35015.110    35016.110    35020.110
  1225:    35024.110    35041.110    35060.110    35060.210    35064.120
  1230:    35110.310    35210.540    35511.120    35638.110    35643.120
  1235:    35653.120    35654.120    35658.120    35668.110    35671.120
  1240:    35692.120    35693.120    35725.110    35764.110    35769.110
  1245:    35777.110    35786.110    35789.120    35808.110    35813.110
  1250:    35822.110    35830.110    35833.110    35841.110    35845.120
  1255:    35861.120    35862.120    35863.120    35875.110    35889.110
  1260:    35896.110    35910.110    35912.110    35914.110    35919.110
  1265:    35921.110    35930.110    35945.110    35949.120    35963.110
  1270:    35965.110    35974.110    35991.110    35996.110    36004.110
  1275:    36060.110    36067.110    36077.110    36082.110    36087.110
  1280:    36092.120    36108.120    36119.120    36136.110    36143.110
  1285:    36148.120    36213.110    36304.110    36310.120    36342.110
  1290:    36346.120    36401.110    36409.110    36411.120    36432.120
  1295:    36496.120    36549.120    36562.120    36564.120    36641.120
  1300:    36722.120    36846.120    36861.110    36868.120    36898.120
  1305:    37010.340    37019.120    37029.120    37030.120    37034.120
  1310:    37034.120    37035.120    37062.120    37110.500    37204.100
  1315:    37214.120    37216.120    37280.120    37302.100    37308.120
  1320:    37341.120    37352.120    37761.100    37766.100    37775.100
  1325:    37781.100    37785.120    37797.100    37811.100    37819.100
  1330:    37821.200    37821.100    37822.100    37827.120    37871.300
  1335:    37959.120    37971.510    37991.120    37997.120    38013.120
  1340:    38016.120    38019.120    38126.110    38130.120    38150.120
  1345:    38151.120    38211.110    38318.120    38329.110    38349.110
  1350:    38358.110    38370.110    38377.110    38384.120    38411.120
  1355:    38418.120    38420.120    38425.110    38428.120    38452.110
  1360:    38457.110    38463.110    38475.110    38479.110    38487.110
  1365:    38488.110    38491.110    38497.110    38502.120    38525.110
  1370:    38530.110    38547.110    38549.110    38553.110    38556.110
  1375:    38558.110    38564.110    38567.110    38571.120    38594.120
  1380:    38609.110    38609.210    38612.120    38659.310    38759.500
  1385:    39159.100    39163.120    39178.100    39200.100    39208.120
  1390:    39232.120    39234.120    39236.120    39259.100    39270.100
  1395:    39276.100    39282.120    39291.120    39310.100    39321.100
  1400:    39338.100    39348.100    39351.100    39359.120    39370.200
  1405:    39420.300    39520.510    39871.110    39875.120    39909.120
  1410:    39917.110    39920.110    39923.120    39945.120    39965.120
  1415:    39982.110    39989.110    40003.110    40008.110    40011.110
  1420:    40016.110    40019.120    40037.110    40041.110    40046.110
  1425:    40048.110    40057.110    40059.110    40062.110    40071.110
  1430:    40073.110    40075.110    40078.110    40087.110    40090.120
  1435:    40107.110    40113.110    40126.110    40128.110    40132.110
  1440:    40135.110    40138.110    40142.110    40142.210    40146.120
  1445:    40192.310    40292.500    40816.100    40828.120    40835.100
  1450:    40841.100    40846.100    40850.120    40884.100    40895.200
  1455:    40901.120    40945.300    40952.120    41045.510    41550.110
  1460:    41565.110    41569.120    41590.120    41603.110    41606.110
  1465:    41616.110    41620.110    41625.110    41631.120    41653.120
  1470:    41659.110    41673.110    41673.210    41677.120    41723.310
  1475:    41823.530    41881.120    41907.120    41955.120    41961.120
  1480:    41965.120    41968.120
E:
     0:     1482.000      359.000      527.000
F:
     0:       70.000       24.965       39.173
G:
     0:        1.000        1.000        1.000        1.000        1.000
     5:        1.000        1.000        1.000        1.000        0.000
H:
     0:        1.000        1.000        2.000        2.000
L:
     0:     6269.000     6940.000     6199.000     6167.000     6144.000
     5:     6135.000     7240.000     7080.000     6231.000     6599.000
    10:     6148.000     6104.000     6157.000     6339.000     6383.000
    15:     8499.000     6202.000     7208.000     6204.000     6134.000
R:
     0:        1.000        1.000        1.000        1.000        1.000
     5:        1.000        1.000        1.000        1.000        0.000
S:
     0:        0.000        1.000
U:
     0:     6199.000        2.000        0.000
X:
     0:        0.000      440.002      474.004      514.006      524.008
     5:      542.010      668.012      818.014      820.016      833.018
    10:      839.020      850.022      857.024      861.026      867.028
    15:      872.030      878.032      883.034      887.036      949.038
    20:     1552.040     1563.042     1623.044     1630.046     1644.048
    25:     1646.050     1650.052     1657.054     1659.056     1664.058
    30:     1670.060     1676.062     1681.064     1688.066     1702.068
    35:     1706.070     1709.072     3101.001     3153.002     3161.003
    40:     3164.004     3168.005     3213.006     3213.006     3263.000
    45:     3263.000     3886.001     3898.002     3909.003     3942.004
    50:     3947.004     3997.000     3997.000     4447.001     4466.002
    55:     4479.003     4486.004     4488.005     4491.006     4495.007
    60:     4509.008     4512.009     4522.010     4527.011     4528.012
    65:     4535.013     4546.014     4606.014     4656.000     4656.000
    70:     5202.001     5262.001     5312.000     5312.000     5788.001
    75:     5856.002     5868.003     5872.004     5878.005     5916.005
    80:     5966.000     5966.000     6509.001     6521.002     6524.003
    85:     6528.004     6533.005     6535.006     6536.007     6538.008
    90:     6569.008     6619.000     6619.000     7018.001     7022.002
    95:     7272.003     7283.004     7290.005     7295.006     7327.007
   100:     7333.007     7383.000     7383.000     7383.089     7383.090
   105:     7383.091     7383.092     7383.093     7383.094     7383.095
   110:     7383.096     7383.097     7383.098     7383.099     7383.100
   115:     7383.101     7383.102     7383.103     7383.104     7383.105
   120:     7383.106     7383.107     7383.108     7383.109     7383.110
   125:     7383.111     7383.112     7383.113     7383.114     7383.115
   130:     7383.116     7383.117     7383.118     7383.119     7383.120
   135:     7383.121     7383.122     7383.123     7383.124     7383.125
   140:     7383.126     7383.126     7383.000     7383.000     7383.001
   145:     7383.002     7383.003     7383.004     7383.005     7383.006
   150:     7383.007     7383.008     7383.009     7383.010     7383.011
   155:     7383.011     7383.012     7383.000     7383.000     7854.001
   160:     7910.002     7921.003     7972.004     7980.005     7986.006
   165:     7991.007     7994.008     8002.009     8010.010     8013.011
   170:     8014.012     8019.013     8020.014     8022.015     8032.015
   175:     8082.000     8082.000     8626.001     8637.002     8686.002
   180:     8687.003     8736.000     8736.000     8789.001     8946.002
   185:     9050.003     9063.004     9124.005     9139.006     9152.007
   190:     9155.008     9208.009     9218.010     9222.011     9224.012
   195:     9234.013     9249.014     9256.015     9258.016     9262.017
   200:     9276.018     9291.019     9299.020     9324.021     9336.021
   205:     9386.000     9386.000     9791.001     9845.002     9863.003
   210:     9874.004     9906.005     9921.006     9931.007     9934.008
   215:     9942.009     9946.010     9948.011     9991.011    10041.000
   220:    10041.000    10041.121    10041.122    10041.123    10041.124
   225:    10041.125    10041.126    10041.127    10041.128    10041.129
   230:    10041.130    10041.131    10041.132    10041.133    10041.134
   235:    10041.135    10041.136    10041.137    10041.138    10041.139
   240:    10041.140    10041.141    10041.142    10041.143    10041.144
   245:    10041.145    10041.146    10041.146    10041.000    10041.000
   250:    10041.001    10041.002    10041.003    10041.004    10041.005
   255:    10041.006    10041.007    10041.008    10041.009    10041.009
   260:    10041.000    10041.000    10454.002    10499.004    10515.006
   265:    10520.008    10521.010    10559.012    10576.014    10588.016
   270:    10590.018    10593.020    10595.022    10600.024    10609.026
   275:    10623.028    10625.030    10628.032    10633.034    10674.036
   280:    10689.038    10691.040    10703.042    10707.044    10711.046
   285:    10717.048    10721.050    10728.052    10732.054    10738.056
   290:    10742.058    10743.060    10791.062    10802.064    10806.066
   295:    10815.068    10817.070    10821.072    10824.074    10959.076
   300:    10965.078    11006.080    11033.082    11092.084    11253.086
   305:    11669.088    11724.090    11734.092    11824.094    12185.095
   310:    12720.096    12734.097    12740.098    12780.098    12830.000
   315:    12830.000    13380.001    13394.002    13402.003    13436.004
   320:    13440.004    13490.000    13490.000    13490.085    13490.086
   325:    13490.087    13490.088    13490.089    13490.090    13490.091
   330:    13490.092    13490.093    13490.093    13490.094    13490.095
   335:    13490.000    13490.000    13890.001    13908.002    13930.003
   340:    13990.004    14001.005    14007.006    14040.007    14051.008
   345:    14068.009    14078.010    14082.011    14100.011    14150.000
   350:    14150.000    14673.001    14693.002    14698.003    14703.004
   355:    14741.005    14753.005    14803.000    14803.000
Y:
     0:        0.000      117.001      185.002      227.003      233.004
     5:      242.005      247.006      326.007      384.008      390.009
    10:      448.010      454.011      460.012      507.013      541.014
    15:      541.014      591.000      591.000     1010.001     1016.002
    20:     1118.003     1177.004     1177.004     1227.000     1227.000
    25:     1227.073     1227.074     1227.075     1227.076     1227.077
    30:     1227.078     1227.079     1227.080     1227.081     1227.082
    35:     1227.083     1227.084     1227.085     1227.086     1227.087
    40:     1227.088     1227.089     1227.090     1227.091     1227.092
    45:     1227.093     1227.094     1227.095     1227.096     1227.097
    50:     1227.098     1227.098     1227.000     1227.000     1747.001
    55:     1805.002     1811.003     1865.004     1865.004     1915.000
    60:     1915.000     2480.001     2531.002     2536.003     2547.004
    65:     2547.004     2597.000     2597.000     2878.001     2926.002
    70:     2963.003     2971.004     2978.005     3003.006     3005.007
    75:     3014.008     3025.009     3072.010     3079.011     3085.012
    80:     3089.013     3094.014     3097.015     3107.016     3111.017
    85:     3113.018     3136.019     3139.020     3143.021     3148.022
    90:     3150.023     3154.024     3179.025     3185.026     3187.027
    95:     3197.028     3231.029     3231.029     3281.000     3281.000
   100:     3676.001     3724.002     3729.003     3740.004     3744.005
   105:     3746.006     3771.007     3778.008     3780.009     3814.010
   110:     3821.011     3831.012     3838.013     3844.014     3847.015
   115:     3851.016     3853.017     3884.018     3898.019     3901.020
   120:     3903.021     3905.022     3910.023     3910.023     3960.000
   125:     3960.000     4048.001     4258.002     4295.003     4335.004
   130:     4380.005     4416.006     4420.007     4431.008     4436.009
   135:     4488.010     4493.011     4557.012     4565.013     4571.014
   140:     4602.015     4602.015     4652.000     4652.000     4970.001
   145:     5030.002     5075.003     5082.004     5092.005     5126.006
   150:     5131.007     5183.008     5201.009     5206.010     5208.011
   155:     5218.012     5228.013     5231.014     5259.015     5263.016
   160:     5264.017     5266.018     5281.019     5281.019     5282.020
   165:     5331.000     5331.000     5802.002     5812.004     5843.006
   170:     5863.008     5870.010     5880.012     5909.014     5915.016
   175:     5916.018     5928.020     5943.022     5948.024     5952.026
   180:     5958.028     5966.030     5970.032     5976.034     5982.036
   185:     6014.038     6017.040     6032.042     6039.044     6045.046
   190:     6060.048     6064.050     6065.052     6068.054     6071.056
   195:     6093.058     6099.060     6145.062     6181.064     6211.066
   200:     6260.068     6397.070     6597.072     6663.074     6713.076
   205:     6781.078     6888.080     6894.082     6963.084     7022.086
   210:     7074.088     8958.001     9111.002     9144.003     9223.004
   215:     9259.005     9326.006     9359.007     9418.008     9426.009
   220:     9429.010     9433.011     9466.012     9469.013     9469.013
   225:     9519.000     9519.000     9942.001     9981.002     9993.003
   230:     9998.004    10036.005    10046.006    10056.007    10063.008
   235:    10070.009    10072.010    10077.011    10080.012    10087.013
   240:    10117.014    10122.015    10123.016    10147.017    10147.017
   245:    10197.000    10197.000    10768.001    10775.002    10781.003
   250:    10786.004    10813.005    10817.006    10835.007    10839.008
   255:    10842.009    10847.010    10850.011    10853.012    10856.013
   260:    10870.014    10901.015    10902.015    10952.000    10952.000
   265:    11296.001    11349.002    11414.003    11487.004    11497.005
   270:    11500.006    11573.007    11581.008    11592.009    11673.010
   275:    11673.010    11723.000    11723.000    12279.001    12313.002
   280:    12346.003    12350.004    12409.005    12423.006    12424.006
   285:    12474.000    12474.000    13028.002    13055.004    13061.006
   290:    13105.008    13146.010    13153.012    13170.014    13175.016
   295:    13177.018    13178.020    13189.022    13198.024    13203.026
   300:    13207.028    13210.030    13213.032    13230.034    13236.036
   305:    13238.038    13239.040    13247.042    13250.044    13263.046
   310:    13271.048    13298.050    13316.052    13318.054    13322.056
   315:    13325.058    13332.060    13334.062    13336.064    13339.066
   320:    13346.068    13358.070    13366.072    13409.074    13411.076
   325:    13423.078    13426.080    13490.082    13496.084    13551.086
   330:    13556.088    13613.090    13651.092    13690.094    13703.096
   335:    13709.098    13712.100    13716.102    13719.104    13721.106
   340:    13724.108    13728.110    13745.112    13811.114    13910.116
   345:    14020.118    14134.120    16115.001    16313.002    16376.003
   350:    16457.004    16530.005    16563.006    16574.007    16577.008
   355:    16580.009    16617.010    16623.011    16623.011    16673.000
   360:    16673.000    17302.001    17302.001    17352.000    17352.000
   365:    17908.001    17953.002    17964.003    17974.004    17974.004
   370:    18024.000    18024.000    18294.001    18328.002    18336.003
   375:    18342.004    18346.005    18391.006    18397.007    18408.008
   380:    18413.009    18448.010    18450.011    18460.012    18471.013
   385:    18475.014    18480.015    18483.016    18489.017    18495.018
   390:    18521.019    18524.020    18528.021    18542.022    18553.023
   395:    18558.024    18566.025    18573.026    18576.027    18581.028
   400:    18586.029    18600.030    18602.031    18611.032    18612.033
   405:    18615.034    18620.035    18637.036    18656.037    18656.037
   410:    18706.000    18706.000    19134.002    19164.004    19221.006
   415:    19260.008    19265.010    19272.012    19281.014    19304.016
   420:    19308.018    19318.020    19326.022    19329.024    19336.026
   425:    19371.028    19385.030    19391.032    19405.034    19408.036
   430:    19410.038    19414.040    19416.042    19425.044    19441.046
   435:    19458.048    19461.050    19470.052    19486.054    19492.056
   440:    19499.058    19556.060    19562.062    19573.064    19578.066
   445:    19583.068    19631.070    19639.072    19709.074    19800.076
   450:    19838.078    19897.080    19904.082    20356.084    21622.001
   455:    21707.002    21825.003    21845.004    21854.005    21866.006
   460:    21873.007    21921.008    21947.009    21953.010    21958.011
   465:    21971.012    21974.013    21982.014    21984.015    21986.016
   470:    21993.017    22020.018    22026.019    22043.020    22045.021
   475:    22048.022    22051.023    22054.024    22059.025    22062.026
   480:    22105.027    22105.027    22155.000    22155.000    22506.001
   485:    22552.002    22555.003    22617.004    22624.005    22638.006
   490:    22643.007    22646.008    22651.009    22671.010    22676.011
   495:    22680.012    22682.013    22692.014    22694.015    22697.016
   500:    22705.017    22708.018    22710.019    22712.020    22722.021
   505:    22742.022    22748.023    22761.024    22762.025    22767.026
   510:    22770.027    22773.028    22777.029    22777.029    22827.000
   515:    22827.000    23331.001    23346.002    23384.003    23387.004
   520:    23397.005    23401.006    23406.007    23440.008    23454.009
   525:    23454.009    23504.000
