File: C:\MED-PC\Data\2018-05-08_12h25m_Subject M333.txt


Start Date: 05/08/18
End Date: 05/08/18
Subject: M333
Experiment: DOBLE_PICO_ACO
Group: EXP
Box: 10
Start Time: 12:25:05
End Time: 13:38:33
MSN: IF_ACO_MULTIPLE_PICO
A:     661.000
B:      20.000
D:      21.000
I:       2.000
J:   18000.000
K:    5400.000
M:       0.000
N:      20.000
O:      22.000
P:     478.000
Q:       0.000
T:    1000.000
V:     600.000
W:      20.000
Z:       0.000
C:
     0:        0.120        0.120        0.120        0.120        0.120
     5:        0.120        0.120        0.120        0.120        0.120
    10:        0.120        0.120        0.120        0.120        0.120
    15:        0.120        0.120        0.120        0.120        0.120
    20:        0.120        0.120        0.120        0.120        0.120
    25:        0.120        0.120        0.120        0.120        0.120
    30:        0.120        0.120        0.120        0.120        0.120
    35:        0.120        0.120        0.120        0.120        0.120
    40:        0.120        0.120        0.120        0.120        0.120
    45:        0.120        0.120        0.120        0.120        0.120
    50:        0.120        0.120        0.120        0.510       16.120
    55:       33.120       44.110       47.120      117.120      156.120
    60:      163.120      193.110      195.120      276.120      337.110
    65:      341.120      387.110      391.120      418.110      425.110
    70:      427.120      438.120      504.110      510.110      513.120
    75:      549.120      554.110      554.210      557.120      604.310
    80:      704.510      714.120      817.120      821.120      831.120
    85:      916.120      943.120      945.120      957.120      995.110
    90:      999.120     1005.120     1011.120     1016.120     1055.110
    95:     1059.120     1061.120     1063.120     1088.110     1090.120
   100:     1099.120     1119.120     1123.120     1126.120     1164.110
   105:     1167.120     1186.120     1214.120     1221.110     1223.110
   110:     1232.110     1235.120     1254.120     1265.120     1274.120
   115:     1301.110     1301.210     1308.120     1349.120     1351.310
   120:     1421.120     1425.120     1428.120     1437.120     1451.510
   125:     1590.120     1592.120     1593.120     1595.120     1615.120
   130:     1617.120     1619.120     1621.120     1624.120     1647.110
   135:     1652.110     1655.120     1686.120     1705.120     1719.110
   140:     1724.110     1727.120     1746.120     1750.120     1776.110
   145:     1779.110     1781.110     1796.110     1800.120     1846.110
   150:     1849.110     1852.120     1863.120     1867.120     1907.110
   155:     1910.110     1913.110     1940.110     1946.110     1959.120
   160:     2001.110     2001.210     2004.120     2051.310     2151.500
   165:     2444.100     2456.120     2490.100     2499.100     2561.100
   170:     2568.120     2573.100     2575.100     2585.100     2589.100
   175:     2596.120     2634.120     2637.120     2650.120     2669.100
   180:     2684.100     2705.100     2709.100     2716.120     2760.100
   185:     2763.100     2765.200     2769.100     2772.120     2815.300
   190:     2915.500     2924.120     2927.120     3071.120     3272.100
   195:     3277.120     3284.120     3301.120     3312.120     3313.120
   200:     3325.100     3331.100     3338.100     3340.100     3342.100
   205:     3354.100     3360.100     3362.100     3367.120     3373.120
   210:     3380.120     3383.120     3387.120     3409.100     3420.100
   215:     3434.100     3438.100     3447.120     3450.120     3490.120
   220:     3497.100     3503.120     3519.120     3539.100     3553.100
   225:     3556.100     3557.200     3557.100     3562.120     3607.300
   230:     3707.500     3757.120     3762.120     3787.120     3788.120
   235:     3796.100     3805.120     3818.120     3838.120     3845.120
   240:     3851.120     3854.120     3855.120     3884.120     3886.120
   245:     3887.120     3898.120     3931.120     3970.120     3972.120
   250:     3980.120     4013.100     4020.100     4026.100     4027.100
   255:     4036.100     4039.100     4045.100     4053.100     4057.100
   260:     4067.100     4074.100     4082.100     4085.100     4091.100
   265:     4096.120     4120.120     4133.120     4138.100     4145.120
   270:     4150.100     4157.100     4163.100     4171.100     4173.100
   275:     4175.100     4197.100     4202.100     4208.100     4214.100
   280:     4223.120     4251.120     4254.120     4265.100     4275.100
   285:     4292.100     4294.100     4299.100     4306.100     4309.100
   290:     4313.100     4319.100     4323.100     4325.200     4330.120
   295:     4375.300     4475.500     5143.100     5201.100     5203.200
   300:     5208.120     5252.120     5253.300     5353.510     5371.120
   305:     5380.120     5385.120     5388.120     5389.120     5391.120
   310:     5393.120     5395.120     5402.120     5403.120     5410.120
   315:     5415.120     5422.120     5430.120     5540.120     5586.120
   320:     5618.120     5623.120     5678.120     5684.120     5708.120
   325:     5745.110     5747.120     5786.120     5790.120     5793.120
   330:     5804.120     5806.120     5811.120     5859.110     5875.110
   335:     5879.120     5911.120     5912.120     5920.120     5928.120
   340:     5938.120     5953.110     5960.110     5994.110     5994.210
   345:     5997.120     6044.310     6144.510     6165.120     6403.120
   350:     6408.120     6411.120     6414.120     6486.120     6508.120
   355:     6527.110     6570.110     6577.110     6582.110     6587.120
   360:     6611.120     6615.120     6618.120     6624.110     6628.120
   365:     6648.120     6650.120     6667.120     6669.120     6674.110
   370:     6676.110     6696.110     6700.110     6710.110     6712.110
   375:     6718.110     6723.110     6727.110     6730.110     6740.110
   380:     6745.110     6755.120     6780.110     6782.110     6788.110
   385:     6792.120     6824.110     6824.210     6828.120     6874.310
   390:     6974.510     7152.120     7159.120     7160.120     7176.120
   395:     7268.120     7276.120     7291.120     7294.120     7314.110
   400:     7317.120     7331.120     7373.120     7395.120     7397.120
   405:     7399.120     7411.120     7412.120     7421.120     7422.120
   410:     7484.120     7487.120     7513.110     7545.110     7551.110
   415:     7569.110     7574.110     7578.120     7608.110     7612.120
   420:     7644.120     7678.120     7715.120     7736.110     7736.210
   425:     7738.120     7786.310     7789.120     7886.540     8314.110
   430:     8318.120     8358.120     8377.120     8382.120     8415.110
   435:     8423.110     8425.120     8448.120     8463.110     8517.110
   440:     8523.110     8526.110     8541.110     8546.110     8550.110
   445:     8562.110     8566.120     8597.110     8599.110     8604.110
   450:     8607.110     8612.110     8616.110     8624.110     8628.110
   455:     8632.110     8636.120     8673.110     8677.120     8707.120
   460:     8718.110     8720.110     8727.120     8765.110     8768.110
   465:     8778.110     8788.110     8794.110     8798.110     8810.110
   470:     8817.110     8822.120     8853.110     8859.110     8863.110
   475:     8864.120     8897.120     8925.120     8946.110     8949.120
   480:     8968.120     8992.120     9012.120     9025.110     9087.120
   485:     9136.120     9139.120     9142.120     9146.120     9161.120
   490:     9163.120     9178.120     9186.110     9188.120     9218.120
   495:     9298.110     9301.120     9361.110     9364.120     9402.120
   500:     9454.110     9458.120     9467.120     9468.120     9469.120
   505:     9587.110     9591.120     9607.120     9686.340     9786.530
   510:     9797.100     9802.120     9824.120     9832.120     9855.120
   515:     9871.120    10036.100    10057.120    10073.120    10098.100
   520:    10104.100    10107.120    10124.120    10176.100    10183.100
   525:    10194.100    10200.100    10203.100    10213.100    10217.100
   530:    10225.100    10227.100    10233.120    10252.120    10265.100
   535:    10283.100    10289.100    10293.100    10296.100    10313.100
   540:    10326.100    10328.100    10332.100    10338.100    10343.100
   545:    10345.100    10350.120    10388.100    10400.100    10419.100
   550:    10422.100    10429.100    10439.100    10452.100    10459.100
   555:    10473.120    10526.100    10531.100    10539.120    10575.100
   560:    10584.100    10592.100    10600.100    10603.100    10703.100
   565:    10709.100    10715.120    10812.120    10833.120    11068.100
   570:    11074.120    11084.120    11125.100    11135.100    11143.100
   575:    11147.120    11163.120    11165.120    11167.120    11168.120
   580:    11184.120    11208.100    11210.100    11225.100    11237.100
   585:    11242.100    11247.100    11258.100    11279.100    11281.100
   590:    11285.120    11314.120    11348.100    11355.100    11359.100
   595:    11365.120    11371.120    11420.120    11422.120    11426.120
   600:    11463.100    11469.100    11477.120    11515.120    11517.120
   605:    11586.330    11588.120    11606.120    11610.120    11628.120
   610:    11678.120    11681.120    11686.500    11952.120    11982.100
   615:    11991.120    12005.120    12019.120    12024.120    12038.100
   620:    12047.100    12052.120    12060.120    12062.120    12073.120
   625:    12077.120    12096.120    12100.120    12104.120    12136.120
   630:    12173.120    12176.120    12201.120    12211.120    12212.120
   635:    12241.120    12255.100    12261.120    12275.120    12279.120
   640:    12283.120    12315.200    12320.120    12365.300    12465.500
   645:    12965.100    12972.100    12982.100    12986.100    12993.100
   650:    12997.120    13028.100    13039.100    13042.100    13053.100
   655:    13066.100    13076.100    13088.200    13095.120    13138.300
   660:    13238.500    13735.100    13751.100    13834.100    13842.100
   665:    13850.100    13854.100    13862.100    13866.120    13883.100
   670:    13894.200    13899.120    13944.300    13949.120    14016.120
   675:    14017.120    14032.120    14044.510    14055.120    14066.120
   680:    14071.120    14102.120    14136.120    14173.120    14177.120
   685:    14219.120    14221.120    14241.120    14256.120    14268.120
   690:    14286.120    14289.120    14291.120    14293.120    14295.120
   695:    14297.120    14299.120    14316.120    14319.120    14322.120
   700:    14330.120    14335.110    14339.120    14342.120    14344.120
   705:    14353.120    14365.120    14380.120    14384.120    14402.120
   710:    14404.120    14406.120    14410.120    14430.120    14436.120
   715:    14444.120    14479.120    14481.120    14502.110    14504.120
   720:    14518.120    14519.120    14542.120    14563.120    14572.120
   725:    14597.120    14599.120    14600.120    14613.120    14622.110
   730:    14624.120    14661.110    14664.120    14688.120    14690.120
   735:    14691.120    14692.120    14756.110    14756.210    14759.120
   740:    14806.310    14906.510    15034.120    15082.120    15093.120
   745:    15129.120    15134.120    15142.120    15157.120    15160.120
   750:    15162.120    15164.120    15205.120    15229.120    15230.120
   755:    15233.120    15548.110    15548.210    15552.120    15598.310
   760:    15609.120    15610.120    15621.120    15698.510    15899.120
   765:    15901.120    15908.120    15910.120    15911.120    15913.120
   770:    16119.120    16121.120    16124.120    16128.120    16222.110
   775:    16230.110    16233.110    16237.110    16293.110    16300.110
   780:    16305.110    16310.110    16314.120    16337.110    16337.210
   785:    16340.120    16387.310    16487.500    16790.120    16809.120
   790:    16810.120    16824.120    16828.120    16842.100    16874.100
   795:    16910.100    16917.120    16922.100    16937.100    16940.100
   800:    16946.100    16951.120    16987.100    17008.100    17013.100
   805:    17015.100    17018.100    17023.100    17033.100    17045.100
   810:    17051.100    17061.100    17068.100    17074.100    17075.100
   815:    17079.100    17085.100    17093.200    17117.120    17143.300
   820:    17243.510    17558.110    17563.120    17571.120    17573.120
   825:    17574.120    17602.110    17605.120    17655.120    17660.120
   830:    17679.120    17689.120    17701.110    17706.110    17758.110
   835:    17761.110    17764.110    17830.110    17834.110    17842.110
   840:    17857.110    17861.110    17872.110    17872.210    17876.120
   845:    17922.310    18022.500    18276.100    18283.120    18291.120
   850:    18296.120    18311.100    18314.100    18323.120    18327.120
   855:    18337.120    18337.120    18338.120    18354.120    18356.120
   860:    18357.120    18358.120    18379.120    18380.120    18395.120
   865:    18487.120    18500.100    18506.100    18514.100    18519.120
   870:    18565.100    18584.100    18588.100    18594.100    18598.100
   875:    18606.100    18609.100    18616.100    18620.100    18625.200
   880:    18627.100    18629.120    18675.300    18771.120    18775.510
   885:    18800.120    18810.120    18816.110    18819.120    18837.120
   890:    18874.120    18877.120    18908.120    18941.120    18969.120
   895:    18989.120    18996.120    18997.120    19026.110    19028.120
   900:    19040.120    19041.120    19155.110    19161.110    19165.120
   905:    19274.120    19377.110    19382.110    19384.110    19391.110
   910:    19405.110    19405.210    19408.120    19455.310    19459.120
   915:    19555.500    19626.120    19659.100    19664.100    19669.120
   920:    19711.120    19714.120    19716.120    19717.120    19733.100
   925:    19736.120    19847.100    19853.120    20054.100    20064.100
   930:    20150.100    20158.100    20162.100    20168.100    20172.120
   935:    20204.100    20210.200    20214.120    20260.300    20360.500
   940:    20782.100    20836.100    20845.100    20849.120    20873.100
   945:    20882.100    20883.100    20891.120    20915.100    20920.100
   950:    20936.100    20939.100    20944.100    20949.100    20952.100
   955:    20953.100    20962.100    20968.100    20974.100    20975.200
   960:    20976.100    20980.120    21025.300    21125.540    21376.120
   965:    21393.120    21394.120    21409.120    21410.120    21433.120
   970:    21442.110    21446.120    21460.120    21463.120    21501.110
   975:    21504.120    21556.110    21559.120    21602.120    21603.120
   980:    21607.120    21614.110    21666.110    21674.110    21680.110
   985:    21687.120    21700.120    21713.110    21717.110    21726.110
   990:    21731.110    21734.110    21739.110    21745.110    21748.110
   995:    21751.110    21754.110    21765.110    21770.110    21775.110
  1000:    21780.110    21796.110    21800.110    21804.110    21810.110
  1005:    21821.120    21847.110    21859.110    21862.110    21866.120
  1010:    21883.120    21897.120    21909.110    21914.110    21918.110
  1015:    21921.120    21947.120    21969.110    21973.120    22005.120
  1020:    22022.120    22029.110    22033.120    22075.120    22114.110
  1025:    22118.120    22161.120    22182.120    22185.120    22186.120
  1030:    22186.120    22213.120    22271.120    22276.120    22329.110
  1035:    22336.120    22367.120    22393.110    22397.120    22413.120
  1040:    22525.110    22530.120    22557.120    22565.120    22566.120
  1045:    22568.120    22572.120    22585.120    22586.120    22594.120
  1050:    22598.120    22603.120    22604.120    22605.120    22620.110
  1055:    22625.110    22628.120    22657.120    22663.120    22700.110
  1060:    22703.120    22762.120    22776.120    22827.120    22892.120
  1065:    22898.110    22902.120    22925.340    22969.120    23025.500
  1070:    23051.120    23055.120    23060.120    23284.100    23302.100
  1075:    23354.100    23365.120    23380.100    23393.100    23405.100
  1080:    23413.100    23416.100    23418.100    23432.100    23439.100
  1085:    23453.120    23474.100    23487.100    23490.100    23502.100
  1090:    23508.100    23514.100    23516.100    23523.100    23528.100
  1095:    23531.100    23543.100    23547.100    23551.100    23563.100
  1100:    23580.100    23584.100    23587.100    23592.100    23598.100
  1105:    23602.100    23610.100    23625.100    23637.100    23638.100
  1110:    23640.200    23645.120    23690.300    23696.120    23697.120
  1115:    23790.510    24136.120    24144.120    24151.110    24195.110
  1120:    24199.110    24202.110    24206.120    24237.110    24240.110
  1125:    24245.110    24255.110    24259.110    24267.120    24302.110
  1130:    24304.110    24309.110    24311.110    24316.110    24325.110
  1135:    24339.110    24345.110    24348.110    24352.120    24383.110
  1140:    24386.110    24392.110    24397.120    24424.110    24424.210
  1145:    24427.120    24474.310    24574.500    24717.120    25032.100
  1150:    25040.100    25047.120    25075.120    25080.100    25082.100
  1155:    25091.100    25098.100    25103.100    25105.100    25110.120
  1160:    25139.120    25144.120    25169.100    25178.100    25196.100
  1165:    25199.100    25207.100    25212.100    25217.100    25219.100
  1170:    25221.100    25224.100    25226.100    25229.100    25229.200
  1175:    25235.120    25279.300    25379.510    25422.120    25469.120
  1180:    25471.120    25473.120    25474.120    25478.120    25585.120
  1185:    25608.120    25617.120    25627.120    25631.120    25638.110
  1190:    25641.120    25646.120    25647.120    25653.120    25661.120
  1195:    25708.120    25713.120    25716.120    25725.120    25728.120
  1200:    25730.120    25732.120    25768.120    25769.120    25781.120
  1205:    25787.110    25792.110    25795.110    25799.120    25828.120
  1210:    25861.120    25864.120    25866.120    25869.120    25876.110
  1215:    25939.110    25947.110    25958.110    25963.110    25966.110
  1220:    25972.110    25983.110    25986.110    25996.120    26011.110
  1225:    26016.110    26022.110    26026.120    26064.110    26068.120
  1230:    26109.110    26114.120    26136.110    26136.210    26139.120
  1235:    26186.310    26286.510    26815.120    26822.110    26830.110
  1240:    26834.120    26846.120    26854.110    26857.110    26862.120
  1245:    26877.120    26882.120    26888.110    26890.110    26901.110
  1250:    26906.110    26914.110    26923.110    26925.110    26930.110
  1255:    26930.210    26934.120    26980.310    27072.120    27080.500
  1260:    27090.120    27112.120    27119.120    27125.120    27363.100
  1265:    27369.120    27392.120    27411.120    27460.100    27639.100
  1270:    27649.100    27651.100    27655.100    27660.120    27675.100
  1275:    27677.100    27678.100    27682.100    27686.100    27692.100
  1280:    27698.100    27699.200    27701.100    27705.120    27749.300
  1285:    27754.120    27849.510    28261.110    28265.120    28279.120
  1290:    28285.120    28297.120    28308.110    28311.120    28321.120
  1295:    28337.120    28340.120    28368.110    28372.110    28385.110
  1300:    28391.120    28410.120    28426.110    28430.110    28432.110
  1305:    28441.110    28447.110    28450.110    28456.110    28462.110
  1310:    28469.110    28473.110    28474.110    28476.110    28524.110
  1315:    28524.210    28528.120    28574.310    28674.530    28906.100
  1320:    28921.120    28958.120    28962.120    28964.120    28967.120
  1325:    28970.120    28972.120    28978.100    28982.100    28988.120
  1330:    29042.120    29084.120    29103.120    29117.100    29138.100
  1335:    29142.100    29147.100    29152.100    29162.120    29182.120
  1340:    29203.100    29209.100    29218.100    29221.100    29229.100
  1345:    29233.100    29241.100    29243.100    29245.100    29264.100
  1350:    29267.100    29269.100    29280.100    29295.100    29303.100
  1355:    29305.100    29311.100    29333.100    29340.100    29345.100
  1360:    29349.100    29352.100    29354.100    29356.100    29363.100
  1365:    29368.100    29370.100    29378.120    29382.120    29412.100
  1370:    29429.100    29438.100    29470.100    29476.100    29480.100
  1375:    29486.100    29491.100    29492.100    29498.100    29506.100
  1380:    29515.100    29523.100    29530.100    29540.100    29544.100
  1385:    29546.100    29552.100    29558.100    29571.100    29574.100
  1390:    29578.100    29588.100    29626.100    29635.100    29644.100
  1395:    29652.120    29682.120    29697.100    29701.120    29744.120
  1400:    29775.120    29797.120    29809.120    29827.120    29838.100
  1405:    29843.120    29872.120    29875.120    29903.120    29912.120
  1410:    29965.120    29992.120    30206.120    30219.120    30232.120
  1415:    30236.120    30247.120    30293.120    30325.120    30405.100
  1420:    30420.100    30425.120    30467.120    30474.330    30484.120
  1425:    30519.120    30567.120    30574.510    30601.120    30671.110
  1430:    30675.120    30705.120    30745.120    30788.110    30794.110
  1435:    30795.110    30833.110    30837.120    30891.120    30892.120
  1440:    30914.110    30965.110    30973.110    30977.110    30980.110
  1445:    30981.110    30986.120    31001.120    31024.110    31028.110
  1450:    31030.120    31057.120    31058.120    31065.110    31070.110
  1455:    31075.110    31077.110    31081.110    31085.110    31096.110
  1460:    31097.110    31104.110    31107.110    31112.110    31115.110
  1465:    31120.110    31130.110    31134.120    31161.110    31164.110
  1470:    31174.110    31193.110    31203.110    31210.110    31215.110
  1475:    31215.210    31219.120    31265.310    31365.500    31845.100
  1480:    31854.100    31868.100    31869.100    31879.100    31882.100
  1485:    31890.120    31912.100    31924.100    31971.100    31972.200
  1490:    31977.120    32022.300    32122.510    32630.110    32636.110
  1495:    32640.110    32643.120    32661.120    32677.120    32689.110
  1500:    32699.110    32703.110    32707.110    32710.120    32730.120
  1505:    32732.120    32738.110    32743.110    32752.110    32758.110
  1510:    32761.110    32761.210    32768.120    32811.310    32911.500
  1515:    33448.100    33462.100    33465.100    33473.100    33478.100
  1520:    33486.100    33490.100    33493.100    33503.120    33513.120
  1525:    33520.100    33522.200    33527.120    33572.300    33577.120
  1530:    33672.500    33762.120    33765.120    33778.120    33784.120
  1535:    34094.100    34101.120    34126.120    34139.100    34151.100
  1540:    34158.100    34162.100    34168.100    34172.100    34178.100
  1545:    34189.100    34200.100    34205.100    34210.120    34239.120
  1550:    34255.100    34258.100    34271.100    34285.100    34290.100
  1555:    34297.100    34301.100    34310.100    34314.100    34315.200
  1560:    34319.120    34365.300    34465.510    34494.120    34496.120
  1565:    34499.120    34662.120    34667.120    34668.120    34971.110
  1570:    34974.120    34997.120    35011.110    35016.110    35021.120
  1575:    35044.120    35051.110    35097.110    35098.110    35103.110
  1580:    35103.110    35107.110    35107.210    35110.120    35157.310
  1585:    35257.500    35588.120    35595.120    35596.120    35598.120
  1590:    35617.120    35629.120    35631.120    35636.120    35640.120
  1595:    35650.120    35652.120    35654.120    35659.120    35662.120
  1600:    35668.120    35675.120    35686.120    35702.120    35704.120
  1605:    35723.120    35725.120    35726.120    35727.120    35728.120
  1610:    35729.120    35735.120    35745.120    35770.100    35777.120
  1615:    35829.100    35835.100    35843.100    35851.120    35877.120
  1620:    35879.120    35881.120    35889.200    35893.120    35939.300
  1625:    36039.510    36436.110    36441.120    36454.120    36463.120
  1630:    36468.120    36473.110    36478.110    36480.110    36531.110
  1635:    36536.110    36541.110    36544.110    36550.110    36554.110
  1640:    36561.110    36564.110    36578.110    36582.110    36594.110
  1645:    36603.110    36607.110    36611.120    36622.120    36624.120
  1650:    36629.110    36632.110    36639.110    36644.110    36658.110
  1655:    36670.110    36674.110    36678.110    36685.110    36685.210
  1660:    36690.120    36735.310    36835.530    37038.120    37052.120
  1665:    37068.100    37167.100    37173.120    37212.120    37216.120
  1670:    37227.100    37234.100    37238.120    37270.100    37278.100
  1675:    37281.100    37285.100    37289.100    37292.100    37303.100
  1680:    37313.100    37317.100    37324.100    37328.100    37330.100
  1685:    37342.100    37349.100    37352.100    37353.100    37355.100
  1690:    37358.100    37360.100    37362.100    37365.100    37367.100
  1695:    37369.100    37375.100    37378.100    37385.100    37395.100
  1700:    37398.100    37408.100    37411.100    37412.100    37418.100
  1705:    37428.100    37432.100    37437.100    37454.100    37471.100
  1710:    37475.100    37480.120    37500.120    37517.100    37525.100
  1715:    37528.100    37534.120    37564.120    37566.120    37567.120
  1720:    37571.120    37581.100    37593.100    37597.120    37635.100
  1725:    37639.100    37650.100    37656.100    37659.100    37662.100
  1730:    37672.100    37683.100    37693.120    37724.120    37780.120
  1735:    37827.120    37875.120    37910.120    37910.120    37955.120
  1740:    37996.100    38054.120    38097.120    38107.120    38126.100
  1745:    38287.120    38322.120    38336.120    38350.120    38383.120
  1750:    38403.120    38415.100    38422.120    38461.120    38480.100
  1755:    38502.100    38521.100    38530.120    38635.330    38735.510
  1760:    38782.110    38787.120    38854.110    38859.120    38871.120
  1765:    38889.120    38909.110    38917.110    38924.110    38927.110
  1770:    38931.120    38956.120    38968.110    38971.120    39006.120
  1775:    39008.120    39015.110    39018.120    39053.110    39060.110
  1780:    39065.120    39093.120    39119.120    39137.120    39148.110
  1785:    39180.110    39237.110    39244.110    39249.110    39252.110
  1790:    39258.110    39261.110    39264.110    39269.110    39273.110
  1795:    39276.110    39279.110    39285.110    39298.110    39303.110
  1800:    39317.110    39320.110    39322.110    39324.110    39327.110
  1805:    39333.110    39337.110    39348.110    39355.110    39361.110
  1810:    39363.110    39368.110    39378.110    39378.210    39383.120
  1815:    39428.310    39528.510    39613.120    39973.120    39974.120
  1820:    39976.120    39985.120    39988.120    39995.120    40061.110
  1825:    40067.110    40072.110    40081.110    40090.110    40094.110
  1830:    40095.110    40099.110    40102.120    40116.110    40124.110
  1835:    40127.110    40138.110    40144.110    40147.110    40152.110
  1840:    40157.110    40164.110    40169.110    40169.210    40174.120
  1845:    40219.310    40319.500    40528.120    40874.100    40885.100
  1850:    40892.100    40894.100    40898.100    40902.120    40923.100
  1855:    40934.100    40934.200    40935.100    40939.120    40984.300
  1860:    41084.500    41305.120    41310.120    41347.100    41642.100
  1865:    41650.100    41657.100    41659.100    41663.120    41676.100
  1870:    41686.100    41695.100    41702.200    41703.100    41707.120
  1875:    41752.300    41849.120    41852.510    41853.120    41854.120
  1880:    41856.120    41857.120    41858.120    41862.120    41864.120
  1885:    41866.120    41904.120    41905.120    41922.120    41945.120
  1890:    41948.120    41950.120    41951.120
E:
     0:     1893.000      535.000      460.000
F:
     0:       70.000       28.417       35.892
G:
     0:        1.000        1.000        1.000        1.000        1.000
     5:        1.000        1.000        1.000        1.000        0.000
H:
     0:        1.000        1.000        2.000        2.000
L:
     0:     6245.000     6522.000     6277.000     7380.000     6393.000
     5:     6328.000     6663.000     6162.000     6130.000     6650.000
    10:     6248.000     6251.000     6649.000     6297.000     6169.000
    15:     6204.000     6529.000     6424.000     6256.000     6281.000
R:
     0:        1.000        1.000        1.000        1.000        1.000
     5:        1.000        1.000        1.000        1.000        0.000
S:
     0:        1.000        1.000
U:
     0:     6393.000        4.000        0.000
X:
     0:        0.000      293.001      339.002      348.003      410.004
     5:      422.005      423.006      434.007      438.008      518.009
    10:      533.010      554.011      558.012      609.013      612.014
    15:      614.014      618.015      664.000      664.000     1020.001
    20:     1074.002     1080.003     1086.004     1089.005     1090.006
    25:     1102.007     1108.008     1110.009     1158.010     1169.011
    30:     1182.012     1186.013     1246.014     1287.015     1301.016
    35:     1305.017     1306.017     1306.018     1356.000     1356.000
    40:     1444.001     1661.002     1668.003     1674.004     1675.005
    45:     1684.006     1688.007     1694.008     1701.009     1705.010
    50:     1715.011     1722.012     1730.013     1733.014     1739.015
    55:     1786.016     1799.017     1805.018     1811.019     1819.020
    60:     1821.021     1823.022     1845.023     1850.024     1856.025
    65:     1862.026     1913.027     1923.028     1940.029     1942.030
    70:     1947.031     1954.032     1957.033     1962.034     1967.035
    75:     1972.036     1973.036     2023.000     2023.000     2690.001
    80:     2749.002     2751.002     2801.000     2801.000     2801.084
    85:     2801.086     2801.088     2801.090     2801.092     2801.094
    90:     2801.096     2801.098     2801.100     2801.102     2801.104
    95:     2801.106     2801.108     2801.110     2801.112     2801.114
   100:     2801.116     2801.118     2801.120     2801.122     2801.124
   105:     2801.126     2801.128     2801.130     2801.132     2801.134
   110:     2801.136     2801.138     2801.140     2801.142     2801.144
   115:     2801.146     2801.148     2801.150     2801.152     2801.154
   120:     2801.156     2801.158     2801.160     2801.162     2801.164
   125:     2801.166     2801.168     2801.170     2801.172     2801.174
   130:     2801.176     2801.178     2801.180     2801.182     2801.184
   135:     2801.186     2801.188     2801.190     2801.192     2801.194
   140:     2801.196     2801.198     2801.200     2801.202     2801.203
   145:     2801.204     2801.205     2801.206     2801.206     2801.000
   150:     2801.000     2801.001     2801.002     2801.003     2801.004
   155:     2801.005     2801.006     2801.007     2801.008     2801.009
   160:     2801.010     2801.011     2801.011     2801.000     2801.000
   165:     2801.001     2801.002     2801.003     2801.004     2801.005
   170:     2801.006     2801.007     2801.008     2801.008     2801.000
   175:     2801.000     3155.001     3188.002     3224.003     3235.004
   180:     3251.005     3254.006     3260.007     3301.008     3322.009
   185:     3327.010     3328.011     3331.012     3336.013     3347.014
   190:     3358.015     3364.016     3374.017     3382.018     3387.019
   195:     3388.020     3393.021     3399.022     3407.022     3457.000
   200:     3457.000     3710.001     3746.002     3748.003     3934.004
   205:     3941.005     3949.006     3999.007     4019.008     4023.009
   210:     4029.010     4033.011     4040.012     4043.013     4051.014
   215:     4055.015     4060.015     4062.016     4110.000     4110.000
   220:     4214.001     4219.002     4288.003     4401.004     4609.005
   225:     4618.006     4704.007     4712.008     4716.009     4722.010
   230:     4759.011     4765.011     4815.000     4815.000     5237.001
   235:     5290.002     5299.003     5327.004     5336.005     5338.006
   240:     5369.007     5375.008     5391.009     5394.010     5399.011
   245:     5403.012     5406.013     5407.014     5417.015     5423.016
   250:     5429.017     5429.017     5431.018     5479.000     5479.000
   255:     5479.083     5479.084     5479.085     5479.086     5479.087
   260:     5479.088     5479.089     5479.090     5479.091     5479.092
   265:     5479.093     5479.094     5479.095     5479.096     5479.097
   270:     5479.098     5479.099     5479.100     5479.101     5479.102
   275:     5479.103     5479.104     5479.105     5479.106     5479.107
   280:     5479.108     5479.109     5479.110     5479.111     5479.112
   285:     5479.113     5479.114     5479.115     5479.116     5479.117
   290:     5479.117     5479.000     5479.000     5936.001     5945.002
   295:     5984.003     5987.004     5995.005     6002.006     6008.007
   300:     6009.008     6073.009     6082.010     6100.011     6104.012
   305:     6111.013     6116.014     6121.015     6124.016     6125.017
   310:     6128.018     6130.019     6133.020     6133.020     6183.000
   315:     6183.000     6466.001     6563.002     6742.003     6751.004
   320:     6754.005     6758.006     6777.007     6780.008     6780.009
   325:     6785.010     6789.011     6795.012     6801.013     6802.013
   330:     6804.014     6852.000     6852.000     7083.002     7155.004
   335:     7160.006     7294.008     7315.010     7320.012     7324.014
   340:     7329.016     7380.018     7387.020     7396.022     7399.024
   345:     7406.026     7410.028     7418.030     7420.032     7422.034
   350:     7441.036     7444.038     7446.040     7458.042     7473.044
   355:     7480.046     7482.048     7488.050     7511.052     7518.054
   360:     7522.056     7526.058     7529.060     7532.062     7533.064
   365:     7541.066     7545.068     7548.070     7590.072     7606.074
   370:     7616.076     7647.078     7654.080     7657.082     7663.084
   375:     7668.086     7670.088     7676.090     7683.092     7692.094
   380:     7700.096     7708.098     7718.100     7721.102     7724.104
   385:     7730.106     7736.108     7748.110     7751.112     7756.114
   390:     7766.116     7803.118     7812.120     7822.122     7874.124
   395:     8015.126     8582.128     8597.130    10023.001    10032.002
   400:    10045.003    10047.004    10057.005    10060.006    10089.007
   405:    10101.008    10149.009    10149.009    10199.000    10199.000
   410:    10736.001    10749.002    10752.003    10760.004    10766.005
   415:    10774.006    10777.007    10780.008    10808.009    10809.009
   420:    10859.000    10859.000    11281.001    11325.002    11338.003
   425:    11345.004    11348.005    11355.006    11358.007    11365.008
   430:    11375.009    11387.010    11392.011    11441.012    11444.013
   435:    11458.014    11471.015    11477.016    11483.017    11488.018
   440:    11496.019    11500.020    11501.020    11551.000    11551.000
   445:    12064.001    12123.002    12129.003    12137.004    12183.004
   450:    12233.000    12233.000    12466.002    12565.004    12624.006
   455:    12631.008    12668.010    12675.012    12678.014    12683.016
   460:    12686.018    12689.020    12701.022    12711.024    12714.026
   465:    12722.028    12725.030    12728.032    12739.034    12746.036
   470:    12749.038    12750.040    12753.042    12755.044    12757.046
   475:    12760.048    12762.050    12765.052    12766.054    12773.056
   480:    12775.058    12783.060    12792.062    12795.064    12805.066
   485:    12808.068    12810.070    12816.072    12825.074    12829.076
   490:    12834.078    12851.080    12869.082    12872.084    12914.086
   495:    12923.088    12926.090    12978.092    12991.094    13032.096
   500:    13037.098    13048.100    13054.102    13057.104    13060.106
   505:    13070.108    13080.110    13394.112    13524.114    13813.116
   510:    13877.118    13900.120    13919.122    16272.001    16282.002
   515:    16289.003    16291.004    16295.005    16321.006    16331.007
   520:    16332.007    16333.008    16382.000    16382.000    16644.001
   525:    16940.002    16948.003    16955.004    16956.005    16973.006
   530:    16983.007    16992.008    17000.008    17000.009    17050.000
Y:
     0:        0.000       44.001      193.002      337.003      386.004
     5:      418.005      424.006      504.007      510.008      554.009
    10:      554.009      604.000      604.000      895.001      955.002
    15:      988.003     1064.004     1121.005     1123.006     1131.007
    20:     1201.008     1201.008     1251.000     1251.000     1447.001
    25:     1451.002     1519.003     1523.004     1576.005     1579.006
    30:     1581.007     1595.008     1645.009     1649.010     1707.011
    35:     1710.012     1712.013     1740.014     1745.015     1800.016
    40:     1800.016     1850.000     1850.000     2242.001     2355.002
    45:     2371.003     2449.004     2457.005     2490.006     2490.006
    50:     2540.000     2540.000     2922.001     2965.002     2973.003
    55:     2978.004     3020.005     3070.006     3072.007     3092.008
    60:     3096.009     3106.010     3108.011     3114.012     3119.013
    65:     3123.014     3126.015     3136.016     3141.017     3176.018
    70:     3178.019     3184.020     3220.021     3220.021     3270.000
    75:     3270.000     3610.001     3808.002     3841.003     3846.004
    80:     3865.005     3869.006     3904.007     4031.008     4031.008
    85:     4081.000     4081.000     4509.002     4610.004     4618.006
    90:     4658.008     4712.010     4718.012     4721.014     4736.016
    95:     4741.018     4745.020     4756.022     4792.024     4794.026
   100:     4799.028     4802.030     4807.032     4811.034     4819.036
   105:     4823.038     4826.040     4868.042     4913.044     4915.046
   110:     4960.048     4963.050     4973.052     4983.054     4989.056
   115:     4993.058     5005.060     5012.062     5048.064     5054.066
   120:     5058.068     5141.070     5220.072     5381.074     5493.076
   125:     5556.078     5649.080     5782.082    10530.001    10696.002
   130:    10817.003    10856.004    10951.005    10951.005    11001.000
   135:    11001.000    11643.001    11643.001    11693.000    11693.000
   140:    12216.001    12224.002    12227.003    12231.004    12287.005
   145:    12295.006    12299.007    12304.008    12331.009    12331.009
   150:    12381.000    12381.000    12696.001    12739.002    12838.003
   155:    12843.004    12895.005    12898.006    12901.007    12967.008
   160:    12971.009    12979.010    12994.011    12998.012    13009.013
   165:    13009.013    13059.000    13059.000    13100.001    13309.002
   170:    13439.003    13445.004    13661.005    13665.006    13667.007
   175:    13675.008    13688.009    13688.009    13738.000    13738.000
   180:    14055.002    14114.004    14169.006    14227.008    14279.010
   185:    14287.012    14293.014    14326.016    14330.018    14339.020
   190:    14344.022    14347.024    14352.026    14358.028    14361.030
   195:    14363.032    14367.034    14378.036    14383.038    14388.040
   200:    14393.042    14409.044    14413.046    14417.048    14423.050
   205:    14460.052    14471.054    14475.056    14522.058    14526.060
   210:    14531.062    14582.064    14642.066    14727.068    14942.070
   215:    15006.072    15138.074    15233.076    15238.078    15313.080
   220:    15511.082    16764.001    16808.002    16812.003    16815.004
   225:    16850.005    16853.006    16857.007    16867.008    16872.009
   230:    16915.010    16917.011    16922.012    16924.013    16929.014
   235:    16937.015    16952.016    16958.017    16961.018    16996.019
   240:    16999.020    17005.021    17037.022    17037.022    17087.000
   245:    17087.000    17346.001    17494.002    17499.003    17502.004
   250:    17583.005    17646.006    17654.007    17666.008    17671.009
   255:    17674.010    17680.011    17691.012    17693.013    17719.014
   260:    17724.015    17729.016    17771.017    17816.018    17844.019
   265:    17844.019    17894.000    17894.000    18429.001    18437.002
   270:    18461.003    18464.004    18495.005    18497.006    18508.007
   275:    18513.008    18521.009    18530.010    18532.011    18537.012
   280:    18537.012    18587.000    18587.000    18998.001    19045.002
   285:    19105.003    19109.004    19122.005    19163.006    19167.007
   290:    19169.008    19178.009    19184.010    19187.011    19193.012
   295:    19199.013    19206.014    19210.015    19211.016    19213.017
   300:    19261.018    19261.018    19311.000    19311.000    19311.131
   305:    19311.132    19311.133    19311.134    19311.135    19311.136
   310:    19311.137    19311.138    19311.139    19311.140    19311.141
   315:    19311.142    19311.143    19311.144    19311.145    19311.146
   320:    19311.147    19311.148    19311.149    19311.150    19311.151
   325:    19311.152    19311.153    19311.154    19311.155    19311.156
   330:    19311.157    19311.158    19311.159    19311.160    19311.161
   335:    19311.162    19311.163    19311.164    19311.164    19311.000
   340:    19311.000    19819.001    19825.002    19829.003    19877.004
   345:    19888.005    19892.006    19895.007    19927.008    19931.009
   350:    19941.010    19946.011    19950.012    19950.012    20000.000
   355:    20000.000    20506.001    20546.002    20551.003    20586.004
   360:    20632.005    20632.006    20638.007    20638.008    20641.009
   365:    20642.009    20692.000    20692.000    21089.001    21125.002
   370:    21130.003    21133.004    21183.005    21189.006    21194.007
   375:    21197.008    21203.009    21206.010    21214.011    21216.012
   380:    21230.013    21235.014    21247.015    21255.016    21259.017
   385:    21282.018    21285.019    21291.020    21296.021    21310.022
   390:    21322.023    21327.024    21331.025    21337.026    21338.026
   395:    21388.000    21388.000    21388.123    21388.124    21388.125
   400:    21388.126    21388.127    21388.128    21388.129    21388.130
   405:    21388.131    21388.132    21388.133    21388.134    21388.135
   410:    21388.136    21388.137    21388.138    21388.139    21388.140
   415:    21388.141    21388.142    21388.143    21388.144    21388.145
   420:    21388.146    21388.147    21388.148    21388.149    21388.150
   425:    21388.151    21388.152    21388.153    21388.154    21388.155
   430:    21388.156    21388.157    21388.158    21388.159    21388.160
   435:    21388.161    21388.161    21388.000    21388.000    21388.001
   440:    21388.002    21388.003    21388.004    21388.005    21388.006
   445:    21388.007    21388.008    21388.009    21388.010    21388.011
   450:    21388.012    21388.013    21388.014    21388.015    21388.016
   455:    21388.017    21388.018    21388.018    21388.000    21388.000
