File: C:\MED-PC\Data\2018-05-16_11h05m_Subject M329.txt


Start Date: 05/16/18
End Date: 05/16/18
Subject: M329
Experiment: DOBLE_PICO_ACO
Group: EXP
Box: 9
Start Time: 11:05:20
End Time: 12:18:40
MSN: IF_ACO_MULTIPLE_PICO
A:     654.000
B:      19.000
D:      21.000
I:       2.000
J:   18000.000
K:    5400.000
M:     232.000
N:      19.000
O:      21.000
P:     641.000
Q:       0.000
T:    1000.000
V:     600.000
W:      19.000
Z:       0.000
C:
     0:        0.120        0.120        0.120        0.120        0.120
     5:        0.120        0.120        0.120        0.120        0.120
    10:        0.120        0.120        0.120        0.120        0.120
    15:        0.120        0.510      144.110      149.120      191.120
    20:      195.120      209.120      221.110      268.110      277.110
    25:      281.110      284.120      287.120      288.120      304.110
    30:      311.110      315.110      352.120      362.110      366.110
    35:      370.120      385.120      402.120      412.110      421.110
    40:      424.110      428.120      484.110      495.110      499.110
    45:      503.120      582.120      593.120      607.110      607.210
    50:      612.120      657.310      757.510      961.120     1001.120
    55:     1310.110     1310.210     1315.120     1360.310     1460.500
    60:     1566.120     1781.120     1814.120     1905.120     1916.100
    65:     1921.100     1924.120     1929.120     1933.120     1950.100
    70:     1954.100     1958.100     1967.120     1980.120     2018.100
    75:     2023.100     2025.100     2029.120     2078.200     2084.120
    80:     2128.300     2228.510     2326.120     2342.120     2572.120
    85:     2676.110     2685.120     2698.120     2738.120     2747.110
    90:     2753.120     2802.120     2806.120     2819.110     2827.110
    95:     2831.110     2836.120     2846.120     2853.120     2866.110
   100:     2866.210     2871.120     2916.310     3016.500     3118.120
   105:     3272.120     3280.120     3539.100     3542.100     3544.100
   110:     3549.100     3552.100     3563.120     3581.100     3584.100
   115:     3587.100     3590.100     3602.120     3612.120     3625.100
   120:     3629.100     3630.100     3632.100     3635.100     3639.100
   125:     3641.200     3642.100     3643.120     3691.300     3791.500
   130:     3850.120     3993.120     4005.120     4080.120     4087.120
   135:     4102.120     4340.120     4357.120     4385.100     4388.100
   140:     4391.100     4397.100     4403.100     4405.100     4408.100
   145:     4413.120     4445.200     4451.120     4495.300     4595.500
   150:     4636.120     4818.120     4981.120     4983.120     5027.100
   155:     5084.120     5087.120     5108.120     5112.120     5133.120
   160:     5139.120     5155.100     5160.100     5163.100     5163.100
   165:     5166.100     5169.100     5182.120     5211.100     5214.100
   170:     5215.200     5216.100     5220.120     5265.300     5365.540
   175:     5459.120     5596.120     6068.120     6079.110     6083.110
   180:     6086.120     6092.120     6093.120     6103.110     6108.110
   185:     6112.120     6125.120     6125.120     6131.120     6141.120
   190:     6149.110     6155.110     6158.110     6160.110     6162.110
   195:     6163.110     6166.110     6168.120     6175.120     6185.120
   200:     6193.110     6201.110     6204.110     6206.110     6208.110
   205:     6215.120     6229.120     6254.110     6261.110     6305.110
   210:     6309.110     6313.110     6317.110     6318.120     6354.120
   215:     6360.110     6366.120     6380.110     6383.110     6385.110
   220:     6388.110     6401.120     6432.110     6435.110     6437.110
   225:     6442.120     6447.120     6479.110     6491.120     6613.110
   230:     6623.110     6625.110     6640.110     6643.110     6671.110
   235:     6678.110     6681.110     6684.110     6687.110     6691.120
   240:     6736.110     6744.110     6755.110     6763.110     6774.110
   245:     6780.120     6787.120     6802.120     6803.120     6807.120
   250:     6813.110     6818.110     6819.110     6822.110     6826.110
   255:     6831.120     6850.110     6853.110     6855.110     6859.110
   260:     6940.110     6944.110     7016.110     7022.110     7026.110
   265:     7028.110     7036.110     7040.110     7054.110     7056.110
   270:     7058.110     7062.120     7066.120     7067.120     7071.120
   275:     7088.120     7094.120     7102.120     7115.110     7118.110
   280:     7125.110     7127.110     7129.110     7133.110     7137.120
   285:     7157.120     7165.340     7166.120     7175.120     7176.120
   290:     7189.120     7265.510     7457.110     7461.110     7466.120
   295:     7653.120     7660.110     7668.110     7670.110     7671.110
   300:     7677.110     7679.110     7711.110     7716.120     7727.120
   305:     7744.120     7754.110     7761.110     7762.110     7764.110
   310:     7766.110     7772.110     7774.120     7797.120     7802.120
   315:     7827.110     7833.110     7836.110     7839.110     7841.110
   320:     7843.110     7846.110     7851.110     7854.110     7888.110
   325:     7896.110     7896.210     7900.120     7946.310     8046.510
   330:     8197.120     8206.120     8343.120     8350.120     8454.120
   335:     8482.110     8527.110     8536.110     8542.120     8542.120
   340:     8748.120     8756.110     8756.210     8760.120     8806.310
   345:     8906.500     8940.120     9056.120     9094.120     9096.120
   350:     9295.120     9296.120     9312.100     9316.100     9319.120
   355:     9368.100     9372.100     9373.100     9375.100     9377.100
   360:     9379.100     9381.100     9382.100     9389.120     9393.120
   365:     9396.120     9419.100     9422.100     9425.100     9426.100
   370:     9429.100     9433.120     9441.120     9446.120     9465.100
   375:     9468.100     9470.100     9473.100     9477.100     9481.120
   380:     9489.120     9490.120     9521.100     9525.100     9525.200
   385:     9529.120     9575.300     9675.500     9746.120     9825.120
   390:    10140.120    10159.100    10235.100    10239.100    10241.100
   395:    10243.100    10248.120    10253.120    10262.100    10266.100
   400:    10268.100    10270.100    10274.100    10279.100    10282.120
   405:    10291.120    10295.200    10298.120    10345.300    10445.510
   410:    10610.120    10626.120    10813.110    10819.120    10882.120
   415:    10891.110    10950.110    10957.110    10960.110    10964.110
   420:    10969.120    10980.120    10990.110    10998.110    11002.110
   425:    11004.110    11006.110    11010.110    11012.120    11018.120
   430:    11039.110    11046.110    11048.110    11051.110    11055.110
   435:    11056.110    11060.120    11066.120    11074.120    11099.110
   440:    11099.210    11103.120    11149.310    11249.500    11501.120
   445:    11708.120    11734.100    11740.100    11756.100    11760.100
   450:    11767.120    11786.100    11789.100    11791.100    11795.100
   455:    11798.100    11802.120    11806.120    11809.120    11824.120
   460:    11849.200    11851.120    11899.300    11999.510    12158.120
   465:    12216.120    12392.120    12425.120    12438.110    12444.120
   470:    12471.120    12473.120    12474.120    12491.110    12502.110
   475:    12545.120    12553.110    12560.110    12563.110    12566.110
   480:    12572.120    12581.120    12601.120    12609.110    12616.110
   485:    12620.110    12621.110    12626.110    12631.110    12634.120
   490:    12635.110    12637.120    12648.120    12664.110    12664.210
   495:    12669.120    12714.310    12814.500    12956.120    13018.120
   500:    13078.120    13471.120    13473.120    13474.120    13486.100
   505:    13488.100    13493.100    13496.100    13498.100    13503.120
   510:    13509.120    13538.100    13541.100    13543.100    13546.200
   515:    13547.100    13551.120    13582.120    13596.300    13696.510
   520:    13894.120    13907.120    13992.120    14348.120    14348.120
   525:    14356.110    14356.210    14360.120    14406.310    14506.510
   530:    14743.120    15125.110    15129.120    15150.120    15153.120
   535:    15153.120    15162.120    15163.120    15166.120    15175.110
   540:    15175.210    15180.120    15225.310    15325.500    15363.120
   545:    15455.120    15858.120    15868.100    15871.100    15875.100
   550:    15883.120    15886.120    15893.120    15894.120    15899.120
   555:    15909.120    15924.120    15928.200    15931.120    15978.300
   560:    16078.510    16109.120    16304.120    16618.120    16627.120
   565:    16634.120    16639.120    16641.120    16643.120    16666.110
   570:    16674.120    16687.120    16693.120    16701.110    16708.110
   575:    16708.210    16712.120    16758.310    16858.530    16968.120
   580:    17126.120    17142.120    17150.120    17307.120    17328.100
   585:    17331.100    17361.100    17365.100    17369.100    17373.120
   590:    17375.120    17380.120    17385.120    17390.120    17402.120
   595:    17412.120    17426.120    17437.100    17442.100    17442.100
   600:    17445.100    17450.100    17454.120    17463.120    17479.100
   605:    17482.100    17486.100    17488.100    17491.100    17492.100
   610:    17495.100    17502.120    17510.120    17529.120    17544.120
   615:    17555.100    17561.100    17564.100    17566.100    17570.120
   620:    17586.120    17612.120    17643.120    17670.120    17674.120
   625:    17674.120    17676.120    17698.100    17704.100    17708.100
   630:    17710.100    17711.100    17714.100    17716.100    17719.100
   635:    17722.100    17725.120    17730.120    17744.120    17806.120
   640:    17831.100    18284.120    18288.120    18291.120    18293.120
   645:    18307.100    18314.100    18317.100    18323.100    18325.100
   650:    18332.120    18357.100    18361.100    18364.100    18368.100
   655:    18370.100    18374.100    18389.120    18402.120    18413.100
   660:    18416.100    18419.100    18421.100    18426.120    18426.120
   665:    18434.120    18486.120    18497.100    18503.100    18504.100
   670:    18506.100    18509.100    18512.100    18514.100    18523.100
   675:    18536.120    18545.120    18590.100    18593.100    18596.100
   680:    18599.100    18601.100    18611.120    18658.330    18710.120
   685:    18758.510    18855.120    18864.110    18912.110    18916.110
   690:    18919.110    18924.120    18930.120    18945.110    18954.110
   695:    18956.110    18959.110    18966.120    18984.120    18995.110
   700:    19019.120    19027.120    19032.120    19043.110    19053.110
   705:    19056.110    19058.110    19065.120    19085.120    19101.110
   710:    19113.110    19118.110    19121.110    19125.120    19130.120
   715:    19132.120    19148.120    19168.110    19173.110    19177.110
   720:    19184.110    19205.120    19213.110    19225.110    19229.110
   725:    19233.110    19235.110    19237.110    19239.110    19241.110
   730:    19243.110    19250.120    19252.120    19266.110    19269.110
   735:    19271.110    19273.110    19280.120    19288.120    19343.110
   740:    19421.110    19421.210    19422.110    19426.120    19471.310
   745:    19571.530    19603.120    19611.120    19780.120    19780.120
   750:    19803.120    19805.120    20069.120    20083.100    20087.100
   755:    20091.100    20093.100    20096.100    20100.100    20111.120
   760:    20111.120    20126.100    20130.100    20132.100    20133.100
   765:    20135.100    20140.100    20145.120    20155.120    20176.100
   770:    20180.100    20180.100    20183.100    20185.100    20191.100
   775:    20196.120    20205.120    20214.120    20224.120    20236.100
   780:    20241.100    20243.100    20245.100    20249.100    20250.100
   785:    20254.100    20261.100    20263.100    20266.100    20267.100
   790:    20268.100    20273.100    20285.120    20305.120    20308.120
   795:    20309.120    20336.120    20341.120    20363.100    20366.100
   800:    20677.100    20680.100    20684.100    20687.100    20691.100
   805:    20694.100    20698.100    20702.100    20706.100    20707.100
   810:    20710.100    20716.100    20719.100    20721.100    20723.100
   815:    20739.100    20742.100    20745.100    20748.100    20750.100
   820:    20752.100    20758.120    20766.120    20767.120    20774.120
   825:    20781.120    20784.120    20787.120    20807.100    20810.100
   830:    20812.100    20814.100    20816.100    20820.120    20882.120
   835:    20888.120    20930.120    20934.120    20939.120    20957.100
   840:    20964.100    20967.100    20988.100    20992.100    20994.100
   845:    21017.100    21021.100    21023.100    21027.100    21031.120
   850:    21053.100    21065.100    21071.100    21073.100    21081.100
   855:    21084.100    21086.100    21089.100    21093.120    21096.120
   860:    21102.120    21105.120    21140.100    21142.100    21145.100
   865:    21147.100    21148.100    21150.100    21153.100    21156.100
   870:    21159.120    21202.100    21220.100    21229.100    21238.100
   875:    21242.100    21246.120    21350.100    21354.100    21362.120
   880:    21371.330    21471.500    21746.120    21896.100    21899.100
   885:    21902.100    21932.100    21936.100    21938.100    21940.100
   890:    21942.100    21944.100    21952.120    21956.120    21966.120
   895:    21987.100    21991.100    21993.100    21995.100    21997.100
   900:    21999.100    22001.100    22004.100    22008.120    22019.120
   905:    22050.100    22054.100    22056.100    22058.100    22062.120
   910:    22068.120    22072.120    22098.120    22101.120    22106.120
   915:    22110.200    22113.120    22160.300    22260.510    22375.120
   920:    22527.120    22538.120    22600.110    22616.110    22641.110
   925:    22700.110    22710.120    22857.120    22865.110    22871.110
   930:    22876.110    22885.110    22891.110    22891.210    22895.120
   935:    22941.310    23041.510    23082.120    23233.120    23423.120
   940:    23431.110    23457.110    23462.120    23542.110    23549.110
   945:    23550.110    23556.120    23565.120    23576.120    23587.110
   950:    23591.110    23593.110    23597.120    23621.110    23626.110
   955:    23629.110    23632.110    23635.110    23639.110    23641.110
   960:    23646.110    23652.120    23652.110    23658.120    23667.120
   965:    23680.110    23680.210    23684.120    23730.310    23830.510
   970:    23931.120    24008.120    24038.120    24241.110    24247.120
   975:    24266.120    24275.120    24278.120    24286.120    24287.120
   980:    24289.120    24295.110    24300.110    24305.120    24545.110
   985:    24545.210    24549.120    24595.310    24695.500    24850.120
   990:    25082.120    25101.100    25108.100    25114.100    25116.100
   995:    25120.100    25122.100    25134.120    25138.120    25147.100
  1000:    25151.100    25153.100    25156.100    25158.100    25161.100
  1005:    25168.120    25175.120    25184.120    25189.120    25199.100
  1010:    25203.100    25207.100    25209.100    25210.100    25212.100
  1015:    25215.100    25221.100    25225.100    25226.120    25229.120
  1020:    25234.120    25262.100    25265.100    25269.100    25274.100
  1025:    25276.100    25280.100    25281.120    25296.120    25322.200
  1030:    25325.120    25372.300    25472.500    25544.120    25704.120
  1035:    26023.100    26028.100    26033.120    26052.120    26059.120
  1040:    26066.100    26070.100    26073.100    26075.100    26076.100
  1045:    26079.100    26082.100    26083.100    26083.200    26089.120
  1050:    26133.300    26233.500    26305.120    26518.120    26533.120
  1055:    26639.120    26649.120    26804.120    26816.120    26839.100
  1060:    26849.100    26857.100    26863.120    26875.120    26899.200
  1065:    26901.120    26949.300    27049.510    27118.120    27118.120
  1070:    27210.120    27605.110    27613.120    27618.120    27622.120
  1075:    27627.120    27639.110    27643.110    27645.120    27653.120
  1080:    27672.120    27683.110    27683.210    27687.120    27733.310
  1085:    27829.120    27833.510    27905.120    28206.110    28211.120
  1090:    28238.110    28243.120    28266.120    28269.120    28277.120
  1095:    28303.110    28308.110    28310.110    28313.110    28316.120
  1100:    28322.120    28323.120    28324.120    28332.120    28354.110
  1105:    28357.110    28361.110    28366.120    28387.110    28390.110
  1110:    28394.110    28401.120    28413.120    28429.110    28441.110
  1115:    28445.110    28446.110    28448.110    28450.110    28456.110
  1120:    28459.110    28461.110    28466.110    28466.210    28469.120
  1125:    28516.310    28616.500    28701.120    28714.120    28723.120
  1130:    28974.120    29131.120    29142.100    29149.100    29158.100
  1135:    29162.100    29165.100    29169.120    29173.120    29176.120
  1140:    29185.120    29190.120    29203.120    29218.200    29268.300
  1145:    29368.500    29415.120    29416.120    29433.120    29455.120
  1150:    29468.120    29497.120    29567.100    29581.120    29589.120
  1155:    29605.120    29607.120    29608.120    29621.100    29626.100
  1160:    29627.100    29630.100    29632.100    29636.100    29639.100
  1165:    29643.120    29645.120    29646.120    29671.100    29674.100
  1170:    29675.100    29677.100    29681.100    29685.100    29687.100
  1175:    29692.100    29695.100    29709.120    29735.120    29740.120
  1180:    29758.120    29783.100    29787.100    29789.100    29792.100
  1185:    29795.100    29797.100    29840.100    29845.100    29848.100
  1190:    29851.100    29853.100    29855.100    29857.100    29860.100
  1195:    29864.120    29869.120    29874.120    29933.100    29939.120
  1200:    29943.120    29943.120    29953.120    29964.120    29980.120
  1205:    29993.200    30002.120    30043.300    30143.540    30164.120
  1210:    30173.120    30243.120    30266.120    30710.110    30718.110
  1215:    30722.120    30729.120    30732.120    30737.120    30738.120
  1220:    30761.110    30765.110    30816.110    30822.110    30825.110
  1225:    30828.110    30832.120    30839.120    30850.120    30856.110
  1230:    30865.110    30874.110    30879.120    30887.120    30915.110
  1235:    30918.110    30932.110    30937.120    30968.120    30977.110
  1240:    30980.110    30983.110    30985.110    30986.110    30990.110
  1245:    30997.110    30999.110    31005.120    31025.120    31037.120
  1250:    31040.120    31071.120    31117.120    31121.120    31132.110
  1255:    31138.110    31142.110    31146.110    31155.110    31157.110
  1260:    31160.110    31164.110    31167.120    31207.110    31211.110
  1265:    31213.110    31217.110    31220.110    31222.110    31225.110
  1270:    31227.110    31231.120    31239.120    31244.120    31258.120
  1275:    31287.120    31326.120    31347.110    31354.110    31357.110
  1280:    31360.110    31372.110    31374.110    31386.110    31393.110
  1285:    31397.110    31399.110    31401.110    31403.110    31405.110
  1290:    31425.110    31427.110    31429.110    31432.110    31438.110
  1295:    31444.120    31444.120    31457.110    31464.110    31514.110
  1300:    31539.110    31542.110    31579.110    31609.110    31779.110
  1305:    31785.110    31789.120    31943.340    32043.510    32260.110
  1310:    32267.110    32269.110    32274.120    32282.120    32292.120
  1315:    32300.110    32303.110    32306.110    32309.110    32310.110
  1320:    32313.110    32316.120    32364.110    32367.110    32370.110
  1325:    32372.110    32375.110    32378.120    32385.120    32387.120
  1330:    32393.120    32433.110    32440.110    32444.110    32446.110
  1335:    32450.110    32453.110    32456.110    32461.120    32513.110
  1340:    32516.110    32519.110    32522.110    32527.110    32532.110
  1345:    32537.120    32543.120    32574.110    32580.110    32583.110
  1350:    32585.110    32586.110    32598.110    32600.110    32611.120
  1355:    32651.110    32654.110    32663.110    32665.110    32672.110
  1360:    32672.210    32677.120    32722.310    32822.500    32859.120
  1365:    32867.120    32868.120    32903.120    32906.120    33065.120
  1370:    33071.120    33366.120    33378.100    33385.100    33388.100
  1375:    33391.100    33401.120    33419.120    33435.120    33438.200
  1380:    33488.300    33588.510    33734.120    33810.120    34159.110
  1385:    34164.110    34168.120    34174.120    34181.120    34184.120
  1390:    34196.110    34198.110    34200.110    34207.120    34242.120
  1395:    34249.110    34249.210    34253.120    34299.310    34399.500
  1400:    34447.120    34456.120    34612.120    34965.120    34966.120
  1405:    34970.120    34987.120    34994.120    35001.120    35014.120
  1410:    35041.120    35057.120    35066.120    35072.120    35110.100
  1415:    35115.100    35117.100    35118.100    35121.100    35124.100
  1420:    35128.100    35141.120    35170.200    35172.120    35220.300
  1425:    35320.500    35436.120    35936.100    35940.100    35943.120
  1430:    35947.120    35952.120    35972.120    35980.100    35983.100
  1435:    35985.100    35986.100    35988.100    35990.100    35993.100
  1440:    35996.100    35996.200    36001.120    36046.300    36146.510
  1445:    36235.120    36287.120    36574.120    36590.110    36598.120
  1450:    36604.120    36609.120    36616.120    36622.110    36625.110
  1455:    36626.110    36630.110    36632.110    36636.120    36649.120
  1460:    36676.120    36683.110    36684.110    36688.110    36691.110
  1465:    36694.110    36697.120    36702.120    36726.120    36734.110
  1470:    36742.110    36744.110    36746.110    36751.110    36755.110
  1475:    36758.120    36779.120    36784.120    36794.110    36794.210
  1480:    36798.120    36844.310    36944.510    37027.120    37145.120
  1485:    37153.120    37426.120    37499.120    37523.120    37525.120
  1490:    37529.120    37530.120    37532.120    37533.120    37535.120
  1495:    37536.120    37576.110    37576.210    37581.120    37626.310
  1500:    37726.510    37738.120    37897.120    38163.110    38172.120
  1505:    38184.120    38194.110    38200.120    38218.120    38222.120
  1510:    38232.120    38243.110    38248.110    38258.120    38284.120
  1515:    38292.110    38296.110    38300.120    38310.120    38317.120
  1520:    38318.120    38336.120    38350.110    38355.110    38359.110
  1525:    38359.210    38363.120    38409.310    38509.500    38531.120
  1530:    38620.120    38953.120    38961.120    38969.100    38972.100
  1535:    38978.100    38979.100    38982.100    38987.100    38991.100
  1540:    38994.120    38998.120    39024.120    39051.100    39055.100
  1545:    39057.100    39060.100    39063.100    39072.120    39075.120
  1550:    39080.120    39111.200    39115.120    39161.300    39261.530
  1555:    39289.120    39371.120    39565.120    39656.100    39664.120
  1560:    39667.120    39668.120    39669.120    39676.120    39679.120
  1565:    39719.100    39722.100    39726.100    39730.100    39733.120
  1570:    39747.120    39777.120    39792.120    39839.120    39859.120
  1575:    39879.100    39882.100    39885.100    39887.100    39889.100
  1580:    39891.100    39896.100    39904.120    39909.120    39920.120
  1585:    39960.100    39968.100    39970.100    39972.100    39975.100
  1590:    39977.100    39981.100    39984.100    39989.100    39993.100
  1595:    40010.100    40015.100    40019.100    40023.100    40026.100
  1600:    40039.100    40042.100    40043.100    40047.100    40049.100
  1605:    40060.100    40069.100    40072.100    40075.100    40078.100
  1610:    40078.120    40080.120    40085.120    40111.120    40205.100
  1615:    40472.100    40474.100    40479.100    40483.120    40486.120
  1620:    40501.120    40526.120    40529.120    40545.120    40552.120
  1625:    40554.120    40561.120    40563.120    40592.120    40597.120
  1630:    40604.120    40628.120    40636.100    40640.100    40643.100
  1635:    40645.100    40647.100    40649.100    40650.100    40685.100
  1640:    40687.100    40690.100    40692.100    40695.100    40697.100
  1645:    40699.100    40700.100    40702.100    40705.100    40741.100
  1650:    40765.100    40768.100    40771.100    40774.120    40779.120
  1655:    40792.120    40804.120    40816.120    40819.120    40864.120
  1660:    40874.100    41061.330    41161.540    41260.120    41262.120
  1665:    41279.110    41289.110    41294.120    41318.120    41325.110
  1670:    41328.110    41330.110    41333.110    41336.110    41341.120
  1675:    41348.120    41357.120    41380.110    41383.110    41386.110
  1680:    41389.110    41393.110    41396.120    41404.120    41412.120
  1685:    41418.120    41432.110    41439.110    41445.110    41446.110
  1690:    41451.110    41456.110    41460.110    41462.110    41463.110
  1695:    41476.120    41482.120    41502.120    41508.110    41513.110
  1700:    41516.110    41519.110    41523.110    41526.120    41555.110
  1705:    41563.110    41567.110    41569.110    41571.110    41577.110
  1710:    41580.110    41589.110    41593.110    41598.110    41604.110
  1715:    41605.110    41608.110    41617.120    41630.110    41632.110
  1720:    41634.110    41636.110    41638.110    41640.110    41641.110
  1725:    41648.120    41661.110    41664.110    41666.110    41671.110
  1730:    41683.120    41806.110    41807.110    41811.110    41815.120
  1735:    41982.120
E:
     0:     1736.000      498.000      515.000
F:
     0:       70.000       34.033       29.438
G:
     0:        1.000        1.000        1.000        1.000        1.000
     5:        1.000        1.000        1.000        1.000        0.000
H:
     0:        1.000        1.000        2.000        2.000
L:
     0:     6276.000     6346.000     6643.000     6300.000     6285.000
     5:     6304.000     6102.000     7415.000     6122.000     6489.000
    10:     6371.000     6215.000     6761.000     6128.000     6343.000
    15:     6261.000     7811.000     6857.000     6125.000
R:
     0:        1.000        1.000        1.000        1.000        1.000
     5:        1.000        1.000        1.000        1.000        0.000
S:
     0:        0.000        0.000
U:
     0:     6285.000        4.000        0.000
X:
     0:        0.000      456.001      460.002      490.003      493.004
     5:      497.005      557.006      562.007      565.008      617.008
    10:      667.000      667.000     1189.001     1192.002     1194.003
    15:     1199.004     1202.005     1231.006     1234.007     1237.008
    20:     1240.009     1275.010     1279.011     1280.012     1282.013
    25:     1285.014     1289.015     1291.015     1292.016     1341.000
    30:     1341.000     1935.001     1938.002     1940.003     1946.004
    35:     1952.005     1954.006     1957.007     1995.007     2045.000
    40:     2045.000     2476.001     2604.002     2609.003     2612.004
    45:     2613.005     2615.006     2618.007     2660.008     2663.009
    50:     2665.009     2665.010     2715.000     2715.000     3120.001
    55:     3124.002     3176.003     3180.004     3181.005     3183.006
    60:     3185.007     3187.008     3189.009     3190.010     3227.011
    65:     3230.012     3233.013     3234.014     3237.015     3273.016
    70:     3276.017     3278.018     3281.019     3285.020     3329.021
    75:     3333.022     3333.022     3383.000     3383.000     3867.001
    80:     3943.002     3946.003     3948.004     3951.005     3969.006
    85:     3974.007     3976.008     3978.009     3981.010     3987.011
    90:     4003.011     4053.000     4053.000     4538.001     4543.002
    95:     4559.003     4563.004     4589.005     4593.006     4594.007
   100:     4598.008     4601.009     4653.009     4703.000     4703.000
   105:     5374.001     5376.002     5381.003     5384.004     5386.005
   110:     5426.006     5429.007     5431.008     5434.008     5435.009
   115:     5484.000     5484.000     6026.001     6029.002     6033.003
   120:     6086.003     6136.000     6136.000     6605.002     6609.004
   125:     6639.006     6643.008     6646.010     6714.012     6720.014
   130:     6720.016     6723.018     6728.020     6756.022     6760.024
   135:     6763.026     6766.028     6769.030     6770.032     6772.034
   140:     6833.036     6838.038     6841.040     6843.042     6976.044
   145:     6982.046     6985.048     6988.050     6988.052     6991.054
   150:     6994.056     6997.058     7000.060     7109.062     7585.064
   155:     7591.066     7595.068     7601.070     7603.072     7635.074
   160:     7639.076     7641.078     7645.080     7648.082     7651.084
   165:     7691.086     7694.088     7696.090     7699.092     7774.094
   170:     7780.096     7782.098     7784.100     7787.102     7790.104
   175:     7792.106     7801.108     7867.110     7871.112     7874.114
   180:     7877.116     7879.118     9360.002     9365.004     9369.006
   185:     9371.008     9374.010     9378.012     9403.014     9407.016
   190:     9409.018     9411.020     9413.022     9418.024     9454.026
   195:     9457.028     9458.030     9460.032     9463.034     9469.036
   200:     9514.038     9518.040     9521.042     9523.044     9526.046
   205:     9528.048     9531.050     9539.052     9541.054     9544.056
   210:     9545.058     9546.060     9551.062     9640.064     9644.066
   215:     9955.068     9958.070     9961.072     9965.074     9968.076
   220:     9972.078     9976.080     9980.082     9983.084     9985.086
   225:     9988.088     9994.090     9996.092     9999.094    10001.096
   230:    10016.098    10020.100    10022.102    10026.104    10028.106
   235:    10030.108    10085.110    10088.112    10090.114    10092.116
   240:    10094.118    10235.120    10242.122    10244.124    10266.126
   245:    10269.128    10272.130    10295.132    10299.134    10301.136
   250:    10305.138    10331.140    10343.142    10349.144    10351.146
   255:    10359.148    10362.150    10364.152    10367.154    10418.156
   260:    10420.158    10422.160    10425.162    10426.164    10428.166
   265:    10431.168    10434.170    10480.172    10498.174    10507.176
   270:    10516.178    10519.180    10628.182    10632.184    11174.185
   275:    11177.186    11180.187    11209.188    11214.189    11216.190
   280:    11218.191    11220.192    11222.193    11265.194    11269.195
   285:    11271.196    11272.197    11275.198    11277.199    11279.200
   290:    11281.201    11328.202    11331.203    11333.204    11336.205
   295:    11388.205    11438.000    11438.000    11844.001    11851.002
   300:    11856.003    11859.004    11862.005    11865.006    11890.007
   305:    11894.008    11896.009    11899.010    11901.011    11904.012
   310:    11942.013    11946.014    11949.015    11952.016    11953.017
   315:    11955.018    11957.019    11964.020    11967.021    12005.022
   320:    12008.023    12012.024    12017.025    12019.026    12023.027
   325:    12065.027    12115.000    12115.000    12666.001    12671.002
   330:    12709.003    12713.004    12716.005    12718.006    12719.007
   335:    12721.008    12724.009    12725.010    12726.010    12776.000
   340:    12776.000    13382.001    13392.002    13400.003    13442.003
   345:    13492.000    13492.000    14018.001    14024.002    14034.003
   350:    14038.004    14041.005    14094.005    14144.000    14144.000
   355:    14343.001    14396.002    14401.003    14402.004    14405.005
   360:    14408.006    14411.007    14414.008    14446.009    14449.010
   365:    14451.011    14452.012    14456.013    14460.014    14463.015
   370:    14467.016    14470.017    14558.018    14562.019    14564.020
   375:    14567.021    14570.022    14572.023    14615.024    14620.025
   380:    14623.026    14626.027    14628.028    14630.029    14632.030
   385:    14635.031    14708.032    14768.032    14818.000    14818.000
   390:    15374.001    15381.002    15384.003    15387.004    15434.004
   395:    15484.000    15484.000    16195.001    16199.002    16201.003
   400:    16203.004    16205.005    16208.006    16212.007    16255.007
   405:    16305.000    16305.000    16920.001    16924.002    16964.003
   410:    16967.004    16969.005    16970.006    16972.007    16974.008
   415:    16977.009    16980.010    16980.010    17030.000    17030.000
   420:    17490.001    17493.002    17498.003    17500.004    17503.005
   425:    17508.006    17511.007    17572.008    17575.009    17577.010
   430:    17581.011    17583.012    17632.012    17682.000    17682.000
   435:    18076.002    18139.004    18142.006    18146.008    18150.010
   440:    18299.012    18302.014    18305.016    18307.018    18309.020
   445:    18311.022    18316.024    18380.026    18388.028    18390.030
   450:    18392.032    18395.034    18397.036    18401.038    18404.040
   455:    18409.042    18413.044    18430.046    18435.048    18439.050
   460:    18443.052    18446.054    18459.056    18462.058    18463.060
   465:    18467.062    18469.064    18480.066    18489.068    18492.070
   470:    18495.072    18498.074    18625.076    18892.078    18894.080
   475:    18899.082    19056.084    19060.086    19063.088    19065.090
   480:    19067.092    19069.094    19070.096    19105.098    19107.100
   485:    19110.102    19112.104    19115.106    19117.108    19119.110
   490:    19120.112    19122.114    19125.116    19161.118    19185.120
   495:    19188.122    19191.124    19294.126
Y:
     0:        0.000      144.001      221.002      268.003      277.004
     5:      281.005      304.006      311.007      315.008      362.009
    10:      366.010      412.011      421.012      424.013      484.014
    15:      495.015      499.016      607.017      607.017      657.000
    20:      657.000     1210.001     1210.001     1260.000     1260.000
    25:     1708.001     1779.002     1851.003     1859.004     1863.005
    30:     1898.006     1898.006     1948.000     1948.000     2661.002
    35:     2665.004     2685.006     2691.008     2731.010     2738.012
    40:     2740.014     2742.016     2744.018     2745.020     2748.022
    45:     2775.024     2784.026     2786.028     2788.030     2791.032
    50:     2836.034     2844.036     2888.038     2891.040     2895.042
    55:     2899.044     2943.046     2962.048     2965.050     2967.052
    60:     2970.054     3014.056     3017.058     3019.060     3061.062
    65:     3195.064     3205.066     3207.068     3222.070     3225.072
    70:     3253.074     3261.076     3263.078     3266.080     3269.082
    75:     3318.084     3326.086     3337.088     3345.090     3356.092
    80:     3395.094     3400.096     3401.098     3404.100     3408.102
    85:     3432.104     3435.106     3438.108     3442.110     3522.112
    90:     3526.114     3598.116     3604.118     3608.120     3610.122
    95:     3618.124     3622.126     3636.128     3638.130     3640.132
   100:     3697.134     3700.136     3707.138     3709.140     3712.142
   105:     3715.144     4040.145     4043.146     4242.147     4250.148
   110:     4252.149     4253.150     4260.151     4261.152     4293.153
   115:     4336.154     4343.155     4344.156     4347.157     4348.158
   120:     4354.159     4409.160     4415.161     4418.162     4421.163
   125:     4423.164     4425.165     4428.166     4433.167     4437.168
   130:     4471.169     4478.170     4478.170     4528.000     4528.000
   135:     4964.001     5008.002     5018.003     5238.004     5238.004
   140:     5288.000     5288.000     5655.001     5733.002     5792.003
   145:     5799.004     5802.005     5807.006     5832.007     5841.008
   150:     5844.009     5846.010     5848.011     5852.012     5881.013
   155:     5888.014     5891.015     5893.016     5897.017     5898.018
   160:     5941.019     5941.019     5991.000     5991.000     6429.001
   165:     6482.002     6493.003     6544.004     6551.005     6554.006
   170:     6557.007     6600.008     6607.009     6611.010     6612.011
   175:     6617.012     6622.013     6626.014     6655.015     6655.015
   180:     6705.000     6705.000     7365.001     7365.001     7415.000
   185:     7415.000     8034.001     8084.002     8084.002     8134.000
   190:     8134.000     8722.001     8757.002     8764.003     8764.003
   195:     8814.000     8814.000     8814.119     8814.120     8814.121
   200:     8814.122     8814.123     8814.124     8814.125     8814.126
   205:     8814.127     8814.128     8814.129     8814.130     8814.131
   210:     8814.132     8814.133     8814.134     8814.135     8814.136
   215:     8814.137     8814.138     8814.139     8814.140     8814.141
   220:     8814.142     8814.143     8814.144     8814.145     8814.146
   225:     8814.147     8814.148     8814.149     8814.150     8814.151
   230:     8814.152     8814.153     8814.154     8814.154     8814.155
   235:     8814.000     8814.000     9153.001     9170.002     9194.003
   240:     9254.004     9419.005     9425.006     9429.007     9438.008
   245:     9444.009     9444.009     9494.000     9494.000     9883.001
   250:     9910.002     9995.003    10001.004    10003.005    10039.006
   255:    10043.007    10046.008    10074.009    10079.010    10081.011
   260:    10085.012    10088.013    10092.014    10094.015    10098.016
   265:    10105.017    10132.018    10132.018    10182.000    10182.000
   270:    10593.001    10647.002    10652.003    10896.004    10896.004
   275:    10946.000    10946.000    11501.001    11535.002    11539.003
   280:    11579.004    11580.004    11630.000    11630.000    12002.001
   285:    12034.002    12099.003    12104.004    12106.005    12109.006
   290:    12150.007    12153.008    12157.009    12183.010    12186.011
   295:    12190.012    12225.013    12237.014    12241.015    12242.016
   300:    12244.017    12247.018    12253.019    12255.020    12258.021
   305:    12262.022    12262.022    12312.000    12312.000    12879.002
   310:    12887.004    12930.006    12934.008    12985.010    12991.012
   315:    12993.014    12997.016    13025.018    13033.020    13043.022
   320:    13084.024    13087.026    13100.028    13146.030    13149.032
   325:    13151.034    13154.036    13155.038    13159.040    13166.042
   330:    13167.044    13301.046    13306.048    13311.050    13315.052
   335:    13323.054    13326.056    13329.058    13333.060    13375.062
   340:    13379.064    13382.066    13385.068    13389.070    13391.072
   345:    13393.074    13396.076    13516.078    13523.080    13526.082
   350:    13529.084    13541.086    13543.088    13555.090    13561.092
   355:    13565.094    13568.096    13570.098    13572.100    13574.102
   360:    13594.104    13596.106    13598.108    13601.110    13607.112
   365:    13626.114    13633.116    13683.118    13708.120    13711.122
   370:    13748.124    13778.126    13948.128    13954.130    14429.131
   375:    14435.132    14437.133    14469.134    14472.135    14474.136
   380:    14478.137    14479.138    14482.139    14532.140    14536.141
   385:    14538.142    14541.143    14544.144    14602.145    14609.146
   390:    14613.147    14615.148    14618.149    14622.150    14625.151
   395:    14682.152    14685.153    14688.154    14691.155    14696.156
   400:    14701.157    14742.158    14749.159    14752.160    14753.161
   405:    14755.162    14767.163    14769.164    14820.165    14823.166
   410:    14832.167    14833.168    14840.169    14841.169    14891.000
   415:    14891.000    15462.001    15467.002    15498.003    15500.004
   420:    15503.005    15552.006    15552.006    15602.000    15602.000
   425:    16045.001    16077.002    16080.003    16081.004    16086.005
   430:    16087.006    16138.007    16140.008    16143.009    16146.010
   435:    16149.011    16189.012    16197.013    16199.014    16201.015
   440:    16207.016    16210.017    16249.018    16249.018    16299.000
   445:    16299.000    16931.001    16931.001    16981.000    16981.000
   450:    17417.001    17448.002    17497.003    17502.004    17546.005
   455:    17550.006    17604.007    17609.008    17613.009    17613.009
   460:    17663.000    17663.000    17663.128    17663.130    17663.132
   465:    17663.134    17663.136    17663.138    17663.140    17663.142
   470:    17663.144    17663.146    17663.148    17663.150    17663.152
   475:    17663.154    17663.156    17663.158    17663.160    17663.162
   480:    17663.164    17663.166    17663.168    17663.170    17663.172
   485:    17663.174    17663.176    17663.178    17663.180    17663.182
   490:    17663.184    17663.186    17663.188    17663.190    17663.192
   495:    17663.194    17663.196    17663.198    17663.200    17663.202
   500:    17663.204    17663.206    17663.208    17663.210    17663.212
   505:    17663.214    17663.216    17663.218    17663.220    17663.222
   510:    17663.224    17663.226    17663.228    17663.230    17663.232
