File: C:\MED-PC\Data\2018-05-08_12h25m_Subject M331.txt


Start Date: 05/08/18
End Date: 05/08/18
Subject: M331
Experiment: DOBLE_PICO_ACO
Group: EXP
Box: 8
Start Time: 12:25:05
End Time: 13:38:29
MSN: IF_ACO_MULTIPLE_PICO
A:     814.000
B:      22.000
D:      23.000
I:       1.000
J:   18000.000
K:    5400.000
M:       0.000
N:      23.000
O:      23.000
P:     819.000
Q:       0.000
T:    1000.000
V:     600.000
W:      22.000
Z:       0.000
C:
     0:        0.120        0.120        0.120        0.120        0.120
     5:        0.120        0.120        0.120        0.120        0.120
    10:        0.120        0.510        9.120       45.110       50.120
    15:       61.120       74.120       88.110       92.110       95.110
    20:      184.110      196.120      275.110      283.110      293.110
    25:      310.110      315.120      322.120      331.110      337.110
    30:      354.110      364.120      368.120      374.120      385.110
    35:      399.120      435.110      442.110      447.110      452.120
    40:      457.120      471.120      476.120      488.110      494.110
    45:      502.110      511.110      514.110      521.110      528.120
    50:      536.120      546.110      546.210      549.120      596.310
    55:      603.120      605.120      608.120      610.120      613.120
    60:      615.120      619.120      621.120      626.120      628.120
    65:      629.120      633.120      636.120      640.120      644.120
    70:      648.120      651.120      651.120      655.120      657.120
    75:      661.120      662.120      663.120      667.120      668.120
    80:      675.120      676.120      676.120      677.120      679.120
    85:      680.120      683.120      684.120      686.120      689.120
    90:      690.120      696.510      699.120      711.120      717.120
    95:      722.120      723.120      728.120      785.120      786.120
   100:      878.110     1089.120     1099.110     1103.110     1116.110
   105:     1120.120     1133.120     1144.110     1148.110     1160.110
   110:     1168.120     1174.110     1181.110     1202.120     1215.110
   115:     1217.110     1222.110     1257.110     1257.210     1261.120
   120:     1307.310     1312.120     1314.120     1316.120     1317.120
   125:     1317.120     1322.120     1329.120     1335.120     1338.120
   130:     1340.120     1340.120     1348.120     1352.120     1354.120
   135:     1358.120     1359.120     1366.120     1366.120     1372.120
   140:     1375.120     1377.120     1380.120     1381.120     1387.120
   145:     1394.120     1395.120     1402.120     1407.500     1407.120
   150:     1410.120     1438.120     1439.120     1441.120     1443.120
   155:     1449.120     1552.120     1710.100     1730.120     1745.100
   160:     1747.100     1752.100     1758.120     1768.120     1779.100
   165:     1786.100     1790.100     1792.100     1804.100     1806.100
   170:     1810.120     1819.100     1824.100     1826.100     1828.100
   175:     1831.100     1833.100     1850.100     1853.100     1857.120
   180:     1871.100     1876.100     1881.100     1888.100     1892.100
   185:     1895.100     1911.100     1914.100     1918.100     1921.100
   190:     1929.100     1954.100     1963.100     1967.100     1972.120
   195:     1976.120     1977.100     1985.100     1987.100     1992.100
   200:     1996.100     2014.200     2022.120     2064.300     2068.120
   205:     2069.120     2070.120     2071.120     2072.120     2073.120
   210:     2074.120     2079.120     2082.120     2084.120     2089.120
   215:     2092.120     2097.120     2101.120     2104.120     2106.120
   220:     2110.120     2120.120     2120.120     2126.120     2129.120
   225:     2129.120     2133.120     2135.120     2140.120     2147.120
   230:     2155.120     2155.120     2158.120     2161.120     2163.120
   235:     2164.500     2166.120     2169.120     2170.120     2197.120
   240:     2200.120     2203.120     2204.120     2205.120     2210.120
   245:     2211.120     2216.120     2217.120     2219.120     2220.120
   250:     2223.120     2224.120     2225.120     2240.120     2700.100
   255:     2709.100     2716.100     2718.100     2724.100     2730.100
   260:     2734.100     2742.100     2745.100     2748.100     2750.100
   265:     2753.100     2755.100     2758.100     2761.100     2767.100
   270:     2769.200     2776.120     2819.300     2824.120     2825.120
   275:     2826.120     2831.120     2836.120     2839.120     2840.120
   280:     2841.120     2842.120     2845.120     2848.120     2852.120
   285:     2855.120     2860.120     2861.120     2862.120     2863.120
   290:     2863.120     2867.120     2869.120     2869.120     2875.120
   295:     2876.120     2876.120     2878.120     2883.120     2883.120
   300:     2886.120     2892.120     2894.120     2899.120     2901.120
   305:     2906.120     2907.120     2914.120     2915.120     2916.120
   310:     2919.510     2921.120     2921.120     2923.120     2931.120
   315:     2939.120     2947.120     2949.120     2953.120     2955.120
   320:     2957.120     2958.120     2961.120     2965.120     2967.120
   325:     2969.120     2970.120     2997.120     3352.120     3372.110
   330:     3374.110     3382.110     3385.110     3401.110     3416.110
   335:     3437.110     3440.110     3451.110     3457.110     3464.110
   340:     3466.110     3481.110     3488.120     3497.110     3501.110
   345:     3509.110     3512.110     3518.110     3521.110     3526.120
   350:     3538.110     3538.210     3542.120     3588.310     3596.120
   355:     3597.120     3599.120     3604.120     3605.120     3606.120
   360:     3611.120     3612.120     3614.120     3620.120     3621.120
   365:     3622.120     3625.120     3627.120     3629.120     3630.120
   370:     3633.120     3635.120     3641.120     3643.120     3649.120
   375:     3653.120     3656.120     3658.120     3661.120     3662.120
   380:     3666.120     3667.120     3669.120     3674.120     3675.120
   385:     3681.120     3683.120     3686.120     3688.510     3689.120
   390:     3690.120     3696.120     3699.120     3703.120     3704.120
   395:     3706.120     3713.120     3754.120     3756.120     3758.120
   400:     3763.120     3765.120     3772.120     3774.120     3812.120
   405:     3861.120     3867.120     4189.110     4194.120     4209.110
   410:     4211.110     4215.110     4228.110     4234.110     4238.110
   415:     4245.110     4251.110     4256.110     4270.110     4279.110
   420:     4288.110     4296.110     4302.110     4308.110     4308.210
   425:     4313.120     4358.310     4364.120     4366.120     4369.120
   430:     4371.120     4374.120     4375.120     4376.120     4382.120
   435:     4384.120     4390.120     4391.120     4396.120     4399.120
   440:     4407.120     4409.120     4412.120     4415.120     4422.120
   445:     4430.120     4434.120     4436.120     4441.120     4443.120
   450:     4448.120     4451.120     4455.120     4456.120     4457.120
   455:     4457.120     4458.500     4462.120     4463.120     4469.120
   460:     4478.120     4480.120     4481.120     4503.120     4505.120
   465:     4508.120     4509.120     4510.120     4758.100     4779.100
   470:     4802.100     4815.120     4999.100     5013.100     5017.100
   475:     5029.100     5032.100     5041.100     5048.100     5054.100
   480:     5059.200     5066.120     5109.300     5114.120     5116.120
   485:     5119.120     5122.120     5123.120     5124.120     5129.120
   490:     5130.120     5134.120     5135.120     5139.120     5146.120
   495:     5148.120     5152.120     5156.120     5161.120     5166.120
   500:     5169.120     5175.120     5185.120     5185.120     5193.120
   505:     5200.120     5208.120     5209.500     5212.120     5215.120
   510:     5215.120     5237.120     5239.120     5240.120     5245.120
   515:     5246.120     5307.100     5474.100     5481.120     5484.120
   520:     5591.100     5592.100     5600.100     5605.100     5607.100
   525:     5616.100     5621.100     5623.100     5628.100     5631.100
   530:     5634.100     5637.100     5649.100     5659.100     5668.100
   535:     5679.100     5684.100     5688.100     5695.120     5709.100
   540:     5715.100     5721.100     5726.100     5731.100     5762.100
   545:     5769.100     5774.100     5781.100     5784.100     5785.100
   550:     5790.100     5797.100     5818.100     5822.200     5827.120
   555:     5872.300     5877.120     5879.120     5886.120     5889.120
   560:     5892.120     5897.120     5899.120     5900.120     5905.120
   565:     5906.120     5907.120     5913.120     5914.120     5919.120
   570:     5921.120     5925.120     5927.120     5928.120     5934.120
   575:     5935.120     5935.120     5940.120     5948.120     5950.120
   580:     5954.120     5962.120     5969.120     5972.510     5977.120
   585:     5977.120     5990.120     5993.120     6015.120     6017.120
   590:     6019.120     6168.110     6189.110     6193.120     6288.110
   595:     6345.110     6354.110     6382.110     6384.110     6392.120
   600:     6406.110     6408.110     6411.110     6419.110     6503.110
   605:     6505.110     6509.110     6527.110     6533.110     6542.110
   610:     6552.110     6567.110     6574.110     6577.110     6583.110
   615:     6599.110     6599.210     6605.120     6649.310     6657.120
   620:     6659.120     6662.120     6663.120     6664.120     6665.120
   625:     6669.120     6677.120     6679.120     6685.120     6686.120
   630:     6687.120     6692.120     6694.120     6699.120     6702.120
   635:     6705.120     6713.120     6716.120     6720.120     6724.120
   640:     6729.120     6732.120     6737.120     6739.120     6744.120
   645:     6746.120     6749.530     6754.120     6756.120     6756.120
   650:     6758.120     6762.120     6765.120     6770.120     6770.120
   655:     6771.120     6772.120     6773.120     6780.120     6804.120
   660:     6806.120     6806.120     6812.120     7191.100     7206.100
   665:     7209.100     7217.100     7223.100     7229.100     7232.100
   670:     7234.100     7247.100     7249.100     7257.100     7268.100
   675:     7275.100     7296.100     7307.100     7318.100     7326.100
   680:     7330.120     7335.100     7339.100     7341.100     7342.100
   685:     7344.100     7346.100     7357.100     7383.100     7384.100
   690:     7395.100     7396.100     7405.120     7412.100     7413.100
   695:     7415.100     7418.100     7422.100     7464.100     7468.100
   700:     7470.100     7475.100     7477.100     7489.100     7492.100
   705:     7508.100     7512.100     7514.100     7521.100     7523.100
   710:     7530.100     7533.100     7548.100     7564.100     7567.100
   715:     7574.120     7578.100     7580.120     7618.100     7619.100
   720:     7627.100     7677.100     7685.120     7800.120     7860.100
   725:     7864.100     7874.100     7878.100     7881.100     7946.100
   730:     7950.100     7953.100     7958.100     7961.100     7968.100
   735:     7976.100     7984.100     7991.100     7995.100     8001.100
   740:     8012.120     8016.120     8060.100     8070.100     8073.100
   745:     8076.100     8080.100     8084.100     8088.100     8092.120
   750:     8214.120     8221.100     8410.100     8421.100     8427.100
   755:     8429.100     8432.100     8435.100     8438.100     8445.100
   760:     8447.100     8449.100     8458.100     8465.100     8469.100
   765:     8500.100     8510.100     8526.100     8549.100     8549.330
   770:     8550.100     8649.510     8705.110     8710.110     8721.110
   775:     8726.120     8754.110     8756.110     8990.110     9004.110
   780:     9012.110     9015.110     9018.110     9027.110     9034.110
   785:     9052.110     9065.110     9068.110     9074.110     9092.110
   790:     9106.110     9116.110     9120.110     9129.110     9132.110
   795:     9138.110     9141.110     9150.110     9159.110     9168.110
   800:     9176.120     9182.110     9187.110     9199.110     9202.110
   805:     9212.110     9235.110     9245.110     9247.110     9256.110
   810:     9268.110     9268.210     9274.120     9318.310     9326.120
   815:     9328.120     9333.120     9338.120     9339.120     9344.120
   820:     9345.120     9350.120     9352.120     9356.120     9359.120
   825:     9363.120     9365.120     9369.120     9371.120     9375.120
   830:     9376.120     9377.120     9384.120     9386.120     9390.120
   835:     9392.120     9399.120     9400.120     9406.120     9407.120
   840:     9416.120     9418.500     9425.120     9430.120     9478.120
   845:     9820.100     9822.100     9832.100     9835.100     9842.100
   850:     9890.100     9891.100     9898.100     9905.100     9911.120
   855:     9919.100     9934.100     9948.100     9950.100     9953.100
   860:     9955.100     9962.100     9968.100     9988.100     9993.100
   865:    10000.120    10011.100    10012.100    10022.200    10029.120
   870:    10072.300    10077.120    10078.120    10078.120    10080.120
   875:    10081.120    10082.120    10086.120    10088.120    10092.120
   880:    10095.120    10099.120    10102.120    10110.120    10119.120
   885:    10124.120    10126.120    10132.120    10134.120    10140.120
   890:    10141.120    10146.120    10147.120    10154.120    10157.120
   895:    10161.120    10169.120    10172.540    10173.120    10179.120
   900:    10182.120    10184.120    10185.120    10529.110    10535.110
   905:    10538.110    10552.110    10554.110    10570.110    10580.110
   910:    10633.110    10637.110    10647.110    10670.110    10675.110
   915:    10685.110    10692.110    10701.110    10713.110    10719.110
   920:    10731.110    10745.110    10754.110    10768.110    10777.110
   925:    10781.110    10791.110    10795.110    10801.110    10810.120
   930:    10817.110    10820.110    10826.110    10834.110    10849.110
   935:    10860.110    10865.110    10876.110    10880.110    10896.110
   940:    10908.110    10913.110    10921.120    10930.110    10951.110
   945:    10960.110    10965.110    10972.110    10994.110    10998.110
   950:    11006.120    11015.110    11021.110    11034.110    11040.110
   955:    11061.110    11074.110    11091.110    11106.110    11125.110
   960:    11129.110    11147.110    11151.110    11160.110    11177.110
   965:    11182.110    11186.110    11205.110    11209.110    11212.110
   970:    11235.110    11242.110    11253.120    11257.120    11284.110
   975:    11293.120    11320.120    11329.110    11341.120    11363.110
   980:    11559.110    11565.110    11572.120    11582.120    11670.110
   985:    11673.110    11766.110    11896.110    11972.340    12072.510
   990:    12088.110    12126.120    12145.110    12151.110    12252.110
   995:    12265.110    12271.110    12355.110    12358.110    12381.110
  1000:    12387.110    12397.110    12402.110    12419.110    12435.110
  1005:    12442.110    12446.110    12455.110    12470.120    12481.110
  1010:    12483.110    12493.110    12507.110    12519.110    12532.120
  1015:    12533.120    12534.120    12548.110    12566.110    12575.110
  1020:    12589.110    12592.110    12599.110    12606.110    12621.110
  1025:    12635.110    12639.110    12652.110    12668.110    12674.110
  1030:    12680.120    12694.120    12705.110    12705.210    12710.120
  1035:    12755.310    12760.120    12763.120    12764.120    12765.120
  1040:    12768.120    12770.120    12774.120    12775.120    12776.120
  1045:    12780.120    12782.120    12786.120    12787.120    12789.120
  1050:    12793.120    12796.120    12800.120    12802.120    12806.120
  1055:    12806.120    12807.120    12807.120    12810.120    12813.120
  1060:    12815.120    12816.120    12819.120    12821.120    12825.120
  1065:    12827.120    12832.120    12833.120    12834.120    12834.120
  1070:    12838.120    12845.120    12852.120    12855.500    12857.120
  1075:    12858.120    12864.120    12873.120    12873.120    12911.120
  1080:    12913.120    12967.120    13354.100    13370.100    13371.100
  1085:    13374.100    13377.100    13393.100    13405.100    13412.120
  1090:    13430.100    13432.100    13437.100    13446.100    13450.100
  1095:    13457.100    13464.100    13465.200    13466.100    13471.120
  1100:    13515.300    13537.120    13539.120    13543.120    13548.120
  1105:    13549.120    13553.120    13555.120    13561.120    13565.120
  1110:    13565.120    13566.120    13567.120    13571.120    13573.120
  1115:    13577.120    13579.120    13583.120    13586.120    13591.120
  1120:    13593.120    13599.120    13600.120    13606.120    13608.120
  1125:    13613.120    13615.500    13615.120    13620.120    13622.120
  1130:    13626.120    13628.120    13635.120    13769.120    13943.100
  1135:    13948.100    13955.120    13983.100    13986.100    13991.100
  1140:    13994.100    14005.100    14014.100    14019.100    14022.100
  1145:    14026.100    14028.100    14048.100    14055.100    14066.100
  1150:    14069.100    14072.100    14091.100    14094.100    14107.100
  1155:    14110.100    14121.100    14134.100    14139.120    14170.100
  1160:    14172.100    14177.100    14185.100    14188.100    14198.100
  1165:    14201.100    14203.100    14206.100    14226.100    14230.200
  1170:    14231.100    14239.120    14280.300    14287.120    14288.120
  1175:    14291.120    14293.120    14296.120    14298.120    14303.120
  1180:    14305.120    14309.120    14311.120    14314.120    14317.120
  1185:    14321.120    14322.120    14323.120    14327.120    14330.120
  1190:    14334.120    14335.120    14335.120    14336.120    14337.120
  1195:    14341.120    14343.120    14348.120    14350.120    14355.120
  1200:    14357.120    14362.120    14364.120    14368.120    14369.120
  1205:    14374.120    14377.120    14380.510    14383.120    14386.120
  1210:    14386.120    14391.120    14392.120    14393.120    14394.120
  1215:    14398.120    14402.120    14405.120    14406.120    14407.120
  1220:    14435.120    14468.120    14470.120    14783.110    14793.110
  1225:    14797.110    14803.110    14820.110    14826.110    14831.110
  1230:    14836.120    14842.110    14851.110    14862.110    14871.110
  1235:    14876.110    14886.110    14888.110    14899.110    14902.110
  1240:    14913.110    14916.110    14923.110    14926.110    14945.120
  1245:    14951.110    14957.110    14967.110    14969.110    14972.110
  1250:    14976.110    14985.110    14995.110    14998.110    15007.110
  1255:    15007.210    15012.120    15057.310    15061.120    15063.120
  1260:    15063.120    15068.120    15071.120    15074.120    15077.120
  1265:    15079.120    15084.120    15086.120    15090.120    15092.120
  1270:    15092.120    15097.120    15099.120    15104.120    15106.120
  1275:    15111.120    15113.120    15118.120    15120.120    15124.120
  1280:    15126.120    15127.120    15129.120    15132.120    15136.120
  1285:    15139.120    15143.120    15143.120    15150.120    15157.500
  1290:    15242.120    15658.120    15669.100    15680.100    15690.100
  1295:    15700.100    15703.100    15711.100    15726.100    15730.100
  1300:    15732.100    15737.100    15752.100    15754.100    15757.100
  1305:    15760.200    15761.100    15766.120    15810.300    15832.120
  1310:    15834.120    15836.120    15840.120    15845.120    15849.120
  1315:    15852.120    15858.120    15861.120    15864.120    15868.120
  1320:    15870.120    15874.120    15877.120    15882.120    15883.120
  1325:    15887.120    15890.120    15893.120    15896.120    15898.120
  1330:    15903.120    15904.120    15908.120    15910.120    15910.510
  1335:    15914.120    15917.120    15921.120    15922.120    15922.120
  1340:    15927.120    15930.120    15935.120    16102.120    16117.110
  1345:    16228.110    16233.120    16254.110    16260.110    16279.110
  1350:    16292.110    16296.110    16300.110    16302.110    16311.110
  1355:    16316.110    16323.110    16326.110    16334.110    16345.110
  1360:    16354.110    16359.110    16365.110    16371.110    16374.110
  1365:    16379.120    16387.110    16391.110    16402.110    16405.110
  1370:    16411.110    16429.110    16433.110    16444.110    16460.110
  1375:    16470.110    16473.110    16485.110    16489.110    16490.110
  1380:    16509.110    16514.110    16531.110    16531.210    16536.120
  1385:    16581.310    16597.120    16603.120    16609.120    16614.120
  1390:    16616.120    16620.120    16622.120    16626.120    16628.120
  1395:    16633.120    16636.120    16640.120    16642.120    16646.120
  1400:    16648.120    16648.120    16652.120    16655.120    16660.120
  1405:    16661.120    16665.120    16669.120    16672.120    16675.120
  1410:    16679.120    16680.120    16681.510    16681.120    16687.120
  1415:    16689.120    16694.120    16695.120    16699.120    16702.120
  1420:    16703.120    16777.120    17267.110    17272.110    17276.110
  1425:    17285.110    17287.110    17291.110    17297.110    17303.110
  1430:    17303.210    17309.120    17353.310    17378.120    17382.120
  1435:    17383.120    17388.120    17394.120    17401.120    17407.120
  1440:    17414.120    17419.120    17421.120    17425.120    17426.120
  1445:    17428.120    17432.120    17435.120    17438.120    17440.120
  1450:    17445.120    17446.120    17450.120    17452.120    17453.500
  1455:    17457.120    17458.120    17465.120    17468.120    17468.120
  1460:    17535.120    17561.120    17872.100    17878.100    17884.100
  1465:    17898.100    17900.100    17907.100    17913.120    17922.100
  1470:    17933.100    17940.100    17946.100    17952.100    17967.100
  1475:    17978.100    17989.100    17996.100    18001.100    18009.100
  1480:    18012.100    18014.100    18018.100    18029.120    18035.100
  1485:    18045.100    18049.100    18052.100    18056.200    18061.120
  1490:    18106.300    18129.120    18130.120    18132.120    18136.120
  1495:    18140.120    18145.120    18146.120    18152.120    18156.120
  1500:    18157.120    18157.120    18164.120    18168.120    18170.120
  1505:    18176.120    18181.120    18183.120    18191.120    18198.120
  1510:    18206.120    18206.530    18213.120    18217.120    18221.120
  1515:    18223.120    18229.120    18268.120    18490.120    18501.100
  1520:    18593.100    18606.100    18628.100    18633.100    18635.100
  1525:    18637.100    18639.100    18644.100    18649.100    18658.100
  1530:    18661.100    18666.100    18671.100    18674.100    18679.100
  1535:    18683.100    18690.100    18696.100    18697.100    18731.100
  1540:    18740.100    18744.100    18755.100    18770.100    18777.100
  1545:    18783.100    18816.100    18819.100    18830.120    18839.100
  1550:    18846.100    18856.100    18871.100    18876.100    18881.100
  1555:    18888.100    18919.120    18935.100    18938.100    18944.100
  1560:    18952.100    18954.100    18960.100    18966.100    18977.100
  1565:    18988.100    18991.100    19003.100    19032.100    19034.100
  1570:    19037.100    19041.120    19120.100    19305.100    19500.100
  1575:    19506.100    19514.120    19546.100    19550.100    19555.120
  1580:    19672.100    19683.100    19691.100    19695.100    19700.100
  1585:    19704.100    19707.100    19715.100    19731.100    19736.100
  1590:    19742.100    19746.100    19762.120    19771.100    19773.100
  1595:    19780.100    19791.100    19794.100    19805.100    19820.100
  1600:    19837.100    19843.100    19853.120    19864.120    19875.100
  1605:    19881.100    19885.100    19927.100    19929.100    19932.100
  1610:    19944.120    19970.100    19976.100    20006.330    20061.120
  1615:    20106.510    20462.110    20466.110    20476.110    20479.110
  1620:    20494.110    20497.120    20582.110    20585.110    20593.110
  1625:    20612.110    20621.110    20630.110    20637.110    20643.110
  1630:    20648.110    20668.110    20676.110    20688.110    20692.110
  1635:    20695.110    20699.110    20702.110    20707.110    20710.110
  1640:    20724.110    20726.110    20726.210    20731.120    20776.310
  1645:    20795.120    20797.120    20802.120    20807.120    20812.120
  1650:    20816.120    20818.120    20822.120    20824.120    20832.120
  1655:    20836.120    20837.120    20844.120    20848.120    20850.120
  1660:    20856.120    20858.120    20865.120    20876.540    21178.110
  1665:    21186.110    21191.120    21214.110    21221.120    21238.110
  1670:    21240.110    21246.110    21254.110    21261.110    21266.110
  1675:    21276.110    21282.110    21288.110    21294.110    21301.110
  1680:    21320.110    21332.110    21337.110    21352.110    21359.110
  1685:    21384.110    21388.110    21394.120    21400.110    21403.110
  1690:    21415.110    21426.110    21447.110    21453.110    21460.110
  1695:    21468.110    21477.110    21495.110    21502.110    21512.110
  1700:    21539.110    21553.110    21561.110    21577.110    21589.110
  1705:    21595.110    21612.110    21620.110    21624.110    21642.110
  1710:    21647.110    21661.110    21673.110    21678.110    21683.110
  1715:    21691.110    21710.110    21715.110    21748.110    21753.120
  1720:    21815.110    22085.110    22101.120    22137.110    22302.110
  1725:    22311.110    22332.120    22490.110    22494.120    22516.110
  1730:    22518.110    22523.110    22544.110    22547.110    22551.110
  1735:    22571.110    22577.110    22584.110    22586.110    22593.110
  1740:    22601.110    22605.110    22608.110    22612.110    22624.110
  1745:    22627.110    22632.110    22638.120    22647.110    22651.110
  1750:    22655.110    22663.110    22667.110    22672.110    22676.340
  1755:    22681.120    22776.500    23148.100    23152.100    23163.100
  1760:    23169.100    23175.100    23180.100    23185.100    23192.100
  1765:    23205.100    23211.100    23215.100    23217.100    23226.100
  1770:    23229.100    23242.100    23248.100    23257.100    23259.100
  1775:    23263.100    23269.100    23271.100    23275.100    23279.100
  1780:    23295.100    23298.100    23321.100    23332.100    23341.120
  1785:    23351.100    23358.100    23365.100    23377.100    23379.100
  1790:    23381.100    23381.200    23390.120    23431.300    23438.120
  1795:    23439.120    23441.120    23442.120    23449.120    23452.120
  1800:    23453.120    23457.120    23462.120    23463.120    23467.120
  1805:    23468.120    23473.120    23475.120    23479.120    23481.120
  1810:    23487.120    23491.120    23494.120    23498.120    23500.120
  1815:    23505.120    23506.120    23511.120    23513.120    23516.120
  1820:    23518.120    23519.120    23524.120    23526.120    23531.500
  1825:    23531.120    23537.120    24064.100    24084.100    24093.100
  1830:    24096.100    24099.100    24107.100    24112.100    24116.100
  1835:    24120.100    24123.100    24138.100    24141.100    24144.200
  1840:    24145.100    24150.120    24194.300    24202.120    24204.120
  1845:    24207.120    24209.120    24213.120    24215.120    24218.120
  1850:    24220.120    24221.120    24225.120    24227.120    24231.120
  1855:    24233.120    24238.120    24241.120    24245.120    24248.120
  1860:    24251.120    24253.120    24260.120    24261.120    24262.120
  1865:    24266.120    24273.120    24274.120    24276.120    24280.120
  1870:    24281.120    24282.120    24282.120    24283.120    24287.120
  1875:    24290.120    24294.500    24295.120    24297.120    24298.120
  1880:    24304.120    24308.120    24308.120    24312.120    24317.120
  1885:    24326.120    24327.120    24655.120    24665.100    24726.120
  1890:    24743.100    24756.100    24764.100    24767.100    24770.100
  1895:    24774.100    24779.100    24786.100    24790.120    24805.100
  1900:    24807.100    24810.100    24815.100    24818.100    24821.100
  1905:    24832.100    24837.100    24841.100    24848.100    24851.100
  1910:    24869.100    24878.100    24887.100    24893.100    24897.200
  1915:    24904.120    24947.300    24961.120    24963.120    24964.120
  1920:    24966.120    24972.120    24978.120    24982.120    24984.120
  1925:    24993.120    24996.120    24999.120    25003.120    25004.120
  1930:    25009.120    25012.120    25015.120    25018.120    25021.120
  1935:    25022.120    25025.120    25028.120    25032.120    25035.120
  1940:    25038.120    25044.120    25047.510    25048.120    25052.120
  1945:    25053.120    25055.120    25058.120    25059.120    25066.120
  1950:    25069.120    25070.120    25074.120    25080.120    25084.120
  1955:    25087.120    25090.120    25096.120    25097.120    25179.120
  1960:    25319.110    25323.110    25351.120    25367.110    25370.110
  1965:    25380.110    25386.110    25399.110    25404.120    25410.110
  1970:    25418.110    25425.110    25435.120    25442.120    25444.120
  1975:    25451.110    25454.110    25501.110    25506.110    25517.110
  1980:    25530.110    25539.110    25542.110    25553.110    25557.110
  1985:    25565.110    25573.110    25592.110    25601.110    25624.110
  1990:    25632.120    25638.110    25645.110    25653.110    25658.110
  1995:    25665.110    25665.210    25669.120    25715.310    25727.120
  2000:    25727.120    25729.120    25730.120    25733.120    25737.120
  2005:    25739.120    25745.120    25748.120    25751.120    25754.120
  2010:    25755.120    25759.120    25762.120    25767.120    25769.120
  2015:    25774.120    25775.120    25781.120    25783.120    25784.120
  2020:    25788.120    25790.120    25795.120    25797.120    25802.120
  2025:    25803.120    25810.120    25814.120    25815.510    25822.120
  2030:    25827.120    25828.120    26345.110    26356.110    26360.110
  2035:    26374.110    26382.110    26384.110    26396.110    26401.110
  2040:    26407.110    26409.110    26413.110    26416.110    26422.120
  2045:    26428.110    26443.110    26443.210    26448.120    26493.310
  2050:    26499.120    26501.120    26506.120    26509.120    26513.120
  2055:    26517.120    26519.120    26526.120    26534.120    26538.120
  2060:    26539.120    26544.120    26547.120    26555.120    26561.120
  2065:    26565.120    26568.120    26574.120    26577.120    26581.120
  2070:    26583.120    26589.120    26591.120    26592.120    26593.510
  2075:    26597.120    26598.120    26600.120    26604.120    26606.120
  2080:    26610.120    26616.120    26619.120    26620.120    26700.120
  2085:    26724.120    26744.110    27099.110    27104.110    27109.110
  2090:    27146.110    27152.110    27160.110    27167.110    27176.110
  2095:    27179.110    27185.110    27196.110    27201.110    27211.110
  2100:    27211.210    27216.120    27261.310    27271.120    27279.120
  2105:    27284.120    27290.120    27293.120    27295.120    27299.120
  2110:    27302.120    27310.120    27317.120    27321.120    27324.120
  2115:    27331.120    27336.120    27338.120    27342.120    27345.120
  2120:    27346.120    27354.120    27361.120    27361.500    27367.120
  2125:    27369.120    27373.120    27375.120    27379.120    27380.120
  2130:    27381.120    27389.120    27725.100    27728.100    27738.100
  2135:    27743.100    27747.100    27756.100    27759.100    27767.100
  2140:    27770.100    27771.100    27785.100    27792.100    27801.100
  2145:    27803.100    27807.100    27813.120    27821.100    27830.100
  2150:    27841.100    27846.100    27857.100    27863.100    27898.100
  2155:    27904.100    27905.100    27914.100    27937.100    27943.100
  2160:    27950.100    27956.100    27964.200    27973.120    28014.300
  2165:    28040.120    28043.120    28044.120    28045.120    28052.120
  2170:    28056.120    28057.120    28062.120    28065.120    28069.120
  2175:    28071.120    28077.120    28079.120    28084.120    28087.120
  2180:    28092.120    28093.120    28098.120    28100.120    28104.120
  2185:    28105.120    28107.120    28114.500    28114.120    28120.120
  2190:    28122.120    28123.120    28125.120    28126.120    28478.100
  2195:    28486.120    28492.120    28604.100    28611.100    28617.100
  2200:    28621.100    28624.100    28628.100    28638.100    28643.100
  2205:    28648.100    28653.100    28661.100    28667.100    28680.100
  2210:    28686.100    28689.100    28692.100    28705.100    28718.120
  2215:    28721.200    28724.120    28771.300    28779.120    28781.120
  2220:    28784.120    28786.120    28790.120    28794.120    28796.120
  2225:    28805.120    28806.120    28812.120    28818.120    28820.120
  2230:    28824.120    28826.120    28828.120    28832.120    28834.120
  2235:    28838.120    28839.120    28843.120    28846.120    28871.510
  2240:    29290.110    29295.120    29365.110    29376.110    29385.110
  2245:    29391.110    29410.110    29428.110    29439.110    29457.110
  2250:    29462.110    29466.120    29473.110    29476.110    29482.110
  2255:    29503.110    29503.210    29509.120    29553.310    29564.120
  2260:    29566.120    29566.120    29567.120    29568.120    29571.120
  2265:    29573.120    29580.120    29583.120    29585.120    29590.120
  2270:    29592.120    29596.120    29597.120    29602.120    29604.120
  2275:    29608.120    29610.120    29615.120    29618.120    29623.120
  2280:    29625.120    29653.510    29674.120    29691.120    30164.110
  2285:    30177.110    30185.110    30189.110    30197.110    30211.110
  2290:    30229.110    30236.110    30240.110    30248.110    30259.110
  2295:    30273.110    30273.210    30278.120    30323.310    30368.120
  2300:    30370.120    30372.120    30376.120    30378.120    30381.120
  2305:    30383.120    30384.120    30389.120    30391.120    30394.120
  2310:    30396.120    30400.120    30401.120    30410.120    30411.120
  2315:    30413.120    30418.120    30421.120    30423.500    30425.120
  2320:    30428.120    30434.120    30435.120    30438.120    30443.120
  2325:    30444.120    30909.100    30923.100    30927.100    30930.100
  2330:    30936.100    30939.100    30944.100    30958.100    30965.100
  2335:    30978.100    30993.100    30996.100    30999.100    31015.100
  2340:    31020.100    31022.100    31025.200    31029.120    31075.300
  2345:    31101.120    31103.120    31106.120    31108.120    31113.120
  2350:    31115.120    31120.120    31123.120    31126.120    31129.120
  2355:    31133.120    31136.120    31140.120    31142.120    31147.120
  2360:    31150.120    31154.120    31157.120    31161.120    31163.120
  2365:    31168.120    31170.120    31175.510    31177.120    31180.120
  2370:    31185.120    31186.120    31191.120    31193.120    31193.120
  2375:    31197.120    31202.120    31204.120    31205.120    31210.120
  2380:    31213.120    31302.110    31537.110    31549.120    31564.110
  2385:    31581.110    31589.110    31594.110    31615.110    31625.110
  2390:    31630.110    31640.110    31647.110    31651.110    31659.110
  2395:    31675.110    31677.110    31682.110    31686.110    31697.110
  2400:    31700.110    31710.110    31714.110    31724.110    31729.120
  2405:    31736.110    31743.110    31747.110    31759.110    31767.110
  2410:    31782.110    31789.110    31792.110    31792.210    31797.120
  2415:    31842.310    31849.120    31851.120    31854.120    31857.120
  2420:    31860.120    31863.120    31867.120    31868.120    31869.120
  2425:    31873.120    31876.120    31880.120    31882.120    31887.120
  2430:    31889.120    31890.120    31892.120    31895.120    31897.120
  2435:    31901.120    31902.120    31903.120    31904.120    31908.120
  2440:    31909.120    31909.120    31911.120    31915.120    31918.120
  2445:    31922.120    31923.120    31925.120    31929.120    31930.120
  2450:    31931.120    31936.120    31939.120    31942.500    31946.120
  2455:    31955.120    31955.120    31959.120    31961.120    31962.120
  2460:    31963.120    31964.120    31969.120    31970.120    32049.120
  2465:    32382.100    32386.100    32390.100    32393.100    32404.100
  2470:    32407.100    32411.100    32413.100    32421.100    32431.100
  2475:    32437.100    32446.100    32450.120    32453.120    32461.100
  2480:    32473.100    32476.100    32501.100    32508.100    32514.100
  2485:    32521.100    32529.100    32532.100    32540.100    32543.100
  2490:    32560.100    32561.200    32568.120    32611.300    32617.120
  2495:    32619.120    32621.120    32627.120    32631.120    32632.120
  2500:    32636.120    32639.120    32643.120    32646.120    32651.120
  2505:    32653.120    32654.120    32658.120    32664.120    32666.120
  2510:    32671.120    32672.120    32676.120    32677.120    32679.120
  2515:    32684.120    32686.120    32689.120    32690.120    32691.120
  2520:    32711.510    32738.120    32740.120    33229.110    33234.120
  2525:    33246.110    33253.110    33265.110    33272.110    33286.110
  2530:    33293.110    33305.110    33317.110    33323.110    33327.110
  2535:    33327.210    33332.120    33377.310    33399.120    33404.120
  2540:    33409.120    33415.120    33419.120    33422.120    33425.120
  2545:    33429.120    33433.120    33435.120    33440.120    33442.120
  2550:    33447.120    33449.120    33454.120    33456.120    33463.120
  2555:    33464.120    33470.120    33472.120    33474.120    33476.120
  2560:    33476.120    33477.510    33477.120    33481.120    33484.120
  2565:    33488.120    33490.120    33492.120    33493.120    33498.120
  2570:    33510.120    33543.120    33549.120    33563.120    33885.110
  2575:    33948.110    33952.120    33962.110    33967.110    33980.110
  2580:    33984.110    33993.110    34004.110    34018.110    34024.110
  2585:    34036.110    34043.110    34066.110    34069.110    34090.110
  2590:    34092.110    34092.210    34100.120    34142.310    34165.120
  2595:    34170.120    34176.120    34184.120    34190.120    34190.120
  2600:    34196.120    34200.120    34201.120    34204.120    34210.120
  2605:    34212.120    34217.120    34220.120    34225.120    34228.120
  2610:    34232.120    34233.120    34241.120    34242.500    34243.120
  2615:    34249.120    34662.100    34792.100    34802.100    34807.100
  2620:    34818.100    34821.100    34825.100    34831.100    34837.100
  2625:    34852.200    34858.120    34902.300    34915.120    34919.120
  2630:    34922.120    34925.120    34927.120    34930.120    34933.120
  2635:    34937.120    34944.120    34945.120    34947.120    34951.120
  2640:    34952.120    34953.120    34957.120    34960.120    34961.120
  2645:    34965.120    34966.120    34974.120    34975.120    34976.120
  2650:    34978.120    34984.120    34987.120    34989.120    34991.120
  2655:    35002.500    35642.100    35658.100    35662.100    35670.100
  2660:    35678.100    35681.100    35692.100    35698.100    35702.100
  2665:    35702.200    35709.120    35752.300    35790.120    35795.120
  2670:    35797.120    35800.120    35801.120    35802.120    35806.120
  2675:    35808.120    35814.120    35815.120    35823.120    35824.120
  2680:    35828.120    35840.120    35844.120    35846.120    35850.120
  2685:    35852.500    35860.120    35861.120    36207.120    36210.120
  2690:    36214.120    36221.100    36231.100    36234.100    36240.100
  2695:    36248.100    36251.100    36253.100    36255.100    36258.100
  2700:    36269.100    36271.100    36277.120    36284.100    36288.100
  2705:    36299.100    36304.100    36316.100    36318.100    36322.100
  2710:    36326.100    36335.100    36372.100    36375.100    36379.100
  2715:    36384.100    36394.100    36402.100    36411.100    36417.100
  2720:    36420.100    36426.100    36437.120    36448.100    36451.100
  2725:    36454.200    36455.100    36462.120    36504.300    36511.120
  2730:    36513.120    36514.120    36519.120    36523.120    36525.120
  2735:    36529.120    36531.120    36532.120    36537.120    36541.120
  2740:    36545.120    36546.120    36547.120    36552.120    36553.120
  2745:    36554.120    36558.120    36561.120    36566.120    36566.120
  2750:    36574.120    36581.120    36582.120    36589.120    36590.120
  2755:    36592.120    36593.120    36603.120    36604.510    36606.120
  2760:    36608.120    36608.120    36611.120    36942.110    36949.120
  2765:    36972.110    36982.110    37005.110    37007.110    37014.110
  2770:    37051.110    37055.110    37057.110    37081.110    37086.110
  2775:    37098.110    37108.110    37117.110    37126.110    37130.110
  2780:    37135.110    37140.110    37146.110    37152.110    37155.110
  2785:    37163.110    37178.120    37184.110    37188.110    37203.110
  2790:    37219.110    37219.210    37224.120    37269.310    37303.120
  2795:    37305.120    37312.120    37317.120    37323.120    37331.120
  2800:    37335.120    37337.120    37342.120    37343.120    37348.120
  2805:    37349.120    37351.120    37356.120    37356.120    37362.120
  2810:    37365.120    37369.120    37369.510    37370.120    37374.120
  2815:    37376.120    37402.120    37604.110    37610.120    37622.110
  2820:    37635.120    37658.110    37733.110    37740.110    37749.110
  2825:    37777.120    37783.110    37789.110    37803.110    37808.110
  2830:    37811.110    37817.110    37827.110    37832.110    37839.110
  2835:    37849.110    37859.110    37877.110    37886.110    37899.110
  2840:    37909.110    37914.110    37927.110    37940.120    37949.110
  2845:    37952.110    37955.110    37962.110    37969.110    37972.110
  2850:    37978.110    37990.110    37990.210    37998.120    38040.310
  2855:    38066.120    38068.120    38069.120    38072.120    38078.120
  2860:    38083.120    38087.120    38089.120    38094.120    38096.120
  2865:    38100.120    38103.120    38107.120    38109.120    38113.120
  2870:    38118.120    38122.120    38124.120    38130.120    38133.120
  2875:    38134.120    38137.120    38140.500    38140.120    38144.120
  2880:    38151.120    38154.120    38158.120    38160.120    38664.100
  2885:    38690.100    38694.100    38696.100    38701.100    38706.100
  2890:    38710.100    38725.100    38730.100    38737.100    38750.200
  2895:    38755.120    38800.300    38824.120    38826.120    38829.120
  2900:    38831.120    38832.120    38836.120    38837.120    38838.120
  2905:    38844.120    38845.120    38851.120    38852.120    38858.120
  2910:    38862.120    38866.120    38867.120    38869.120    38874.120
  2915:    38900.510    39263.110    39268.120    39285.110    39292.110
  2920:    39300.110    39322.110    39334.110    39346.110    39366.110
  2925:    39376.110    39385.110    39402.110    39432.110    39434.110
  2930:    39440.110    39443.110    39450.110    39452.110    39459.120
  2935:    39467.110    39472.110    39477.110    39485.110    39488.110
  2940:    39501.110    39515.110    39515.210    39520.120    39565.310
  2945:    39588.120    39596.120    39601.120    39608.120    39616.120
  2950:    39620.120    39621.120    39623.120    39626.120    39628.120
  2955:    39629.120    39636.120    39643.120    39647.120    39649.120
  2960:    39654.120    39657.120    39664.120    39665.500    39668.120
  2965:    39672.120    39678.120    39682.120    39685.120    39688.120
  2970:    39692.120    39693.120    40107.100    40130.100    40135.100
  2975:    40152.100    40157.100    40159.100    40174.100    40181.100
  2980:    40189.120    40195.100    40207.100    40219.100    40227.100
  2985:    40235.100    40238.100    40245.100    40267.200    40274.120
  2990:    40317.300    40341.120    40343.120    40348.120    40353.120
  2995:    40358.120    40361.120    40365.120    40371.120    40376.120
  3000:    40376.120    40377.120    40378.120    40383.120    40385.120
  3005:    40389.120    40390.120    40391.120    40397.120    40399.120
  3010:    40408.120    40409.120    40410.120    40417.500    40418.120
  3015:    40418.120    40418.120    40419.120    40425.120    40433.120
  3020:    40435.120    40441.120    40443.120    40448.120    40449.120
  3025:    40451.120    40454.120    40460.120    40461.120    40462.120
  3030:    40784.120    40791.120    40807.100    40823.120    41014.100
  3035:    41027.100    41032.100    41037.100    41039.100    41043.100
  3040:    41046.100    41051.100    41057.100    41067.100    41072.100
  3045:    41074.200    41080.120    41124.300    41143.120    41146.120
  3050:    41149.120    41152.120    41154.120    41157.120    41160.120
  3055:    41164.120    41166.120    41171.120    41172.120    41177.120
  3060:    41179.120    41180.120    41184.120    41187.120    41192.120
  3065:    41194.120    41199.120    41199.120    41200.120    41202.120
  3070:    41206.120    41214.120    41221.120    41222.120    41223.120
  3075:    41224.510    41228.120    41229.120    41231.120    41231.120
  3080:    41237.120    41239.120    41246.120    41251.120    41252.120
  3085:    41254.120    41255.120    41258.120    41260.120    41261.120
  3090:    41737.110    41739.110    41743.110    41745.110    41754.110
  3095:    41762.110    41776.110    41781.110    41786.110    41793.110
  3100:    41802.110    41810.110    41815.110    41826.110    41841.110
  3105:    41841.210    41846.120    41891.310    41918.120    41924.120
  3110:    41928.120    41929.120    41933.120    41936.120    41942.120
  3115:    41943.120    41944.120    41948.120    41950.120    41954.120
  3120:    41956.120    41961.120    41962.120    41966.120    41971.120
  3125:    41974.120    41979.120    41982.120    41985.120    41987.120
  3130:    41991.500    41993.120    41999.120
E:
     0:     3133.000      700.000      731.000
F:
     0:       70.000       36.378       26.420
G:
     0:        1.000        1.000        1.000        1.000        1.000
     5:        1.000        1.000        1.000        1.000        0.000
H:
     0:        1.000        1.000        2.000        2.000
L:
     0:     6177.000     6147.000     6114.000     6226.000     6135.000
     5:     6197.000     6255.000     6137.000     6128.000     6157.000
    10:     6226.000     6126.000     6124.000     6167.000     6119.000
    15:     6288.000     6196.000     7097.000     6125.000     6192.000
    20:     6122.000     6672.000
R:
     0:        1.000        1.000        1.000        1.000        1.000
     5:        1.000        1.000        1.000        1.000        0.000
S:
     0:        1.000        1.000
U:
     0:     6147.000        1.000        0.000
X:
     0:        0.000      303.001      337.002      340.003      345.004
     5:      371.005      378.006      382.007      385.008      396.009
    10:      399.010      411.011      417.012      419.013      421.014
    15:      423.015      425.016      443.017      446.018      463.019
    20:      469.020      474.021      480.022      485.023      488.024
    25:      504.025      506.026      511.027      514.028      522.029
    30:      547.030      556.031      560.032      569.033      577.034
    35:      580.035      585.036      589.037      607.037      657.000
    40:      657.000     1192.001     1201.002     1208.003     1210.004
    45:     1216.005     1222.006     1226.007     1234.008     1237.009
    50:     1240.010     1242.011     1245.012     1247.013     1250.014
    55:     1253.015     1259.016     1261.016     1311.000     1311.000
    60:     1611.001     1632.002     1655.003     1852.004     1865.005
    65:     1870.006     1882.007     1885.008     1894.009     1901.010
    70:     1907.011     1912.011     1962.000     1962.000     2059.001
    75:     2226.002     2343.003     2344.004     2352.005     2357.006
    80:     2359.007     2368.008     2373.009     2375.010     2381.011
    85:     2383.012     2386.013     2389.014     2401.015     2411.016
    90:     2421.017     2432.018     2436.019     2441.020     2461.021
    95:     2467.022     2473.023     2478.024     2483.025     2514.026
   100:     2521.027     2526.028     2533.029     2536.030     2537.031
   105:     2542.032     2549.033     2571.034     2574.034     2624.000
   110:     2624.000     3065.002     3081.004     3083.006     3091.008
   115:     3097.010     3103.012     3106.014     3108.016     3121.018
   120:     3123.020     3131.022     3142.024     3149.026     3170.028
   125:     3181.030     3192.032     3200.034     3209.036     3213.038
   130:     3215.040     3216.042     3218.044     3220.046     3231.048
   135:     3257.050     3259.052     3269.054     3271.056     3286.058
   140:     3288.060     3290.062     3292.064     3296.066     3338.068
   145:     3342.070     3344.072     3350.074     3352.076     3363.078
   150:     3366.080     3382.082     3386.084     3388.086     3395.088
   155:     3397.090     3404.092     3407.094     3422.096     3438.098
   160:     3441.100     3452.102     3492.104     3494.106     3502.108
   165:     3551.110     3734.112     3739.114     3748.116     3752.118
   170:     3756.120     3820.122     3824.124     3827.126     3833.128
   175:     3836.130     3842.132     3851.134     3858.136     3866.138
   180:     3870.140     3876.142     3934.144     3944.146     3947.148
   185:     3950.150     3954.152     3959.154     3962.156     4096.158
   190:     4284.160     4295.162     4301.164     4303.166     4306.168
   195:     4310.170     4312.172     4319.174     4321.176     4323.178
   200:     4333.180     4340.182     4344.184     4374.186     4385.188
   205:     4400.190     4423.192     4425.193     5694.001     5696.002
   210:     5707.003     5709.004     5716.005     5764.006     5766.007
   215:     5772.008     5779.009     5794.010     5808.011     5822.012
   220:     5825.013     5827.014     5829.015     5836.016     5843.017
   225:     5862.018     5868.019     5885.020     5887.021     5896.021
   230:     5946.000     5946.000     6444.001     6460.002     6461.003
   235:     6464.004     6467.005     6483.006     6495.007     6520.008
   240:     6522.009     6527.010     6537.011     6540.012     6547.013
   245:     6554.014     6555.014     6556.015     6605.000     6605.000
   250:     6933.001     6938.002     6973.003     6976.004     6980.005
   255:     6983.006     6995.007     7003.008     7008.009     7012.010
   260:     7015.011     7018.012     7038.013     7045.014     7055.015
   265:     7059.016     7062.017     7081.018     7084.019     7097.020
   270:     7100.021     7111.022     7123.023     7160.024     7162.025
   275:     7167.026     7174.027     7177.028     7187.029     7190.030
   280:     7192.031     7196.032     7216.033     7220.033     7220.034
   285:     7270.000     7270.000     7782.001     7793.002     7802.003
   290:     7813.004     7816.005     7824.006     7839.007     7843.008
   295:     7845.009     7850.010     7865.011     7867.012     7870.013
   300:     7873.013     7874.014     7923.000     7923.000     8341.001
   305:     8347.002     8353.003     8367.004     8370.005     8376.006
   310:     8392.007     8402.008     8409.009     8415.010     8421.011
   315:     8436.012     8447.013     8458.014     8465.015     8470.016
   320:     8478.017     8481.018     8483.019     8488.020     8504.021
   325:     8515.022     8518.023     8521.024     8525.024     8575.000
   330:     8575.000     8869.002     8962.004     8974.006     8996.008
   335:     9001.010     9003.012     9005.014     9008.016     9012.018
   340:     9017.020     9027.022     9029.024     9035.026     9039.028
   345:     9042.030     9048.032     9051.034     9058.036     9064.038
   350:     9065.040     9099.042     9108.044     9112.046     9124.048
   355:     9138.050     9146.052     9151.054     9184.056     9187.058
   360:     9207.060     9214.062     9225.064     9240.066     9244.068
   365:     9249.070     9256.072     9304.074     9306.076     9312.078
   370:     9320.080     9322.082     9329.084     9334.086     9345.088
   375:     9356.090     9359.092     9371.094     9400.096     9402.098
   380:     9405.100     9489.102     9673.104     9868.106     9875.108
   385:     9914.110     9919.112    10040.114    10051.116    10059.118
   390:    10064.120    10068.122    10072.124    10076.126    10084.128
   395:    10099.130    10104.132    10110.134    10115.136    10139.138
   400:    10142.140    10148.142    10159.144    10162.146    10173.148
   405:    10188.150    10205.152    10211.154    10243.156    10250.158
   410:    10253.160    10295.162    10298.164    10301.166    10338.168
   415:    10344.170    13517.165    13520.166    13531.167    13538.168
   420:    13543.169    13548.170    13553.171    13560.172    13573.173
   425:    13579.174    13584.175    13586.176    13594.177    13598.178
   430:    13610.179    13616.180    13625.181    13628.182    13631.183
   435:    13638.184    13640.185    13644.186    13647.187    13663.188
   440:    13666.189    13690.190    13700.191    13719.192    13726.193
   445:    13734.194    13745.195    13748.196    13749.197    13750.197
   450:    13800.000    13800.000    14332.001    14352.002    14361.003
   455:    14364.004    14367.005    14375.006    14380.007    14384.008
   460:    14388.009    14392.010    14407.011    14409.012    14412.012
   465:    14413.013    14462.000    14462.000    14833.001    14910.002
   470:    14924.003    14931.004    14935.005    14938.006    14942.007
   475:    14946.008    14953.009    14972.010    14974.011    14978.012
   480:    14983.013    14986.014    14989.015    14999.016    15004.017
   485:    15009.018    15015.019    15019.020    15036.021    15046.022
   490:    15054.023    15060.024    15064.024    15114.000    15114.000
   495:    15477.001    15480.002    15490.003    15495.004    15499.005
   500:    15508.006    15511.007    15519.008    15522.009    15523.010
   505:    15537.011    15544.012    15553.013    15555.014    15559.015
   510:    15573.016    15582.017    15593.018    15598.019    15609.020
   515:    15615.021    15650.022    15656.023    15657.024    15666.025
   520:    15689.026    15695.027    15702.028    15708.029    15716.029
   525:    15766.000    15766.000    16129.001    16256.002    16262.003
   530:    16269.004    16272.005    16275.006    16280.007    16290.008
   535:    16294.009    16300.010    16304.011    16312.012    16319.013
   540:    16332.014    16338.015    16340.016    16343.017    16357.018
   545:    16372.018    16422.000    16422.000    16907.001    16922.002
   550:    16926.003    16929.004    16934.005    16938.006    16942.007
   555:    16957.008    16963.009    16976.010    16991.011    16995.012
   560:    16998.013    17014.014    17018.015    17020.016    17023.016
   565:    17073.000    17073.000    17512.001    17516.002    17520.003
   570:    17524.004    17534.005    17538.006    17541.007    17543.008
   575:    17552.009    17561.010    17567.011    17576.012    17591.013
   580:    17603.014    17607.015    17631.016    17638.017    17644.018
   585:    17651.019    17659.020    17662.021    17671.022    17673.023
   590:    17690.024    17691.024    17741.000    17741.000    18160.001
   595:    18290.002    18300.003    18305.004    18316.005    18319.006
   600:    18323.007    18329.008    18335.009    18350.009    18400.000
   605:    18400.000    19039.001    19056.002    19059.003    19067.004
   610:    19075.005    19078.006    19090.007    19096.008    19099.009
   615:    19099.009    19149.000    19149.000    19518.001    19527.002
   620:    19531.003    19537.004    19545.005    19547.006    19550.007
   625:    19551.008    19555.009    19565.010    19568.011    19581.012
   630:    19585.013    19596.014    19601.015    19613.016    19615.017
   635:    19619.018    19623.019    19631.020    19669.021    19672.022
   640:    19676.023    19680.024    19691.025    19698.026    19708.027
   645:    19714.028    19716.029    19723.030    19745.031    19747.032
   650:    19751.032    19752.033    19801.000    19801.000    20324.001
   655:    20350.002    20354.003    20356.004    20361.005    20367.006
   660:    20370.007    20385.008    20390.009    20397.010    20410.010
   665:    20460.000    20460.000    20901.001    20924.002    20929.003
   670:    20947.004    20952.005    20953.006    20969.007    20975.008
   675:    20990.009    21002.010    21013.011    21022.012    21030.013
   680:    21032.014    21040.015    21062.015    21112.000    21112.000
   685:    21501.001    21709.002    21721.003    21726.004    21731.005
   690:    21733.006    21737.007    21741.008    21745.009    21751.010
   695:    21761.011    21766.012    21769.012    21819.000    21819.000
Y:
     0:        0.000       45.001       87.002       91.003       95.004
     5:      184.005      275.006      283.007      293.008      310.009
    10:      331.010      337.011      353.012      385.013      434.014
    15:      442.015      447.016      488.017      494.018      502.019
    20:      511.020      514.021      521.022      546.023      546.023
    25:      596.000      596.000      778.001      999.002     1002.003
    30:     1016.004     1044.005     1047.006     1060.007     1074.008
    35:     1080.009     1114.010     1117.011     1121.012     1156.013
    40:     1157.013     1207.000     1207.000     1660.001     1661.002
    45:     1669.003     1672.004     1688.005     1704.006     1724.007
    50:     1727.008     1739.009     1745.010     1751.011     1754.012
    55:     1768.013     1785.014     1788.015     1796.016     1799.017
    60:     1805.018     1809.019     1826.020     1826.020     1876.000
    65:     1876.000     2376.001     2396.002     2398.003     2402.004
    70:     2415.005     2421.006     2426.007     2432.008     2439.009
    75:     2444.010     2457.011     2466.012     2475.013     2483.014
    80:     2489.015     2495.016     2495.016     2545.000     2545.000
    85:     2740.001     2761.002     2861.003     2917.004     2927.005
    90:     2955.006     2957.007     2978.008     2980.009     2983.010
    95:     2992.011     3076.012     3078.013     3082.014     3100.015
   100:     3106.016     3115.017     3125.018     3140.019     3147.020
   105:     3149.021     3156.022     3172.023     3172.023     3222.000
   110:     3222.000     3222.194     3222.195     3222.196     3222.197
   115:     3222.198     3222.199     3222.200     3222.201     3222.202
   120:     3222.203     3222.204     3222.205     3222.206     3222.207
   125:     3222.208     3222.209     3222.210     3222.211     3222.212
   130:     3222.213     3222.214     3222.215     3222.216     3222.217
   135:     3222.218     3222.219     3222.220     3222.221     3222.222
   140:     3222.223     3222.224     3222.225     3222.226     3222.227
   145:     3222.228     3222.229     3222.230     3222.230     3222.000
   150:     3222.000     3578.002     3584.004     3587.006     3601.008
   155:     3604.010     3620.012     3630.014     3683.016     3686.018
   160:     3696.020     3720.022     3724.024     3735.026     3741.028
   165:     3750.030     3763.032     3768.034     3781.036     3795.038
   170:     3804.040     3818.042     3826.044     3830.046     3841.048
   175:     3844.050     3851.052     3867.054     3870.056     3875.058
   180:     3884.060     3898.062     3910.064     3914.066     3925.068
   185:     3930.070     3946.072     3958.074     3963.076     3980.078
   190:     4000.080     4009.082     4015.084     4021.086     4044.088
   195:     4048.090     4064.092     4070.094     4083.096     4090.098
   200:     4111.100     4124.102     4141.104     4156.106     4174.108
   205:     4179.110     4196.112     4201.114     4209.116     4227.118
   210:     4231.120     4235.122     4254.124     4259.126     4262.128
   215:     4285.130     4292.132     4333.134     4378.136     4412.138
   220:     4608.140     4614.142     4719.144     4722.146     4815.148
   225:     4946.150     5137.151     5194.152     5200.153     5301.154
   230:     5314.155     5321.156     5405.157     5407.158     5431.159
   235:     5436.160     5447.161     5451.162     5469.163     5485.164
   240:     5491.165     5496.166     5505.167     5531.168     5533.169
   245:     5543.170     5556.171     5568.172     5598.173     5615.174
   250:     5624.175     5639.176     5642.177     5649.178     5656.179
   255:     5670.180     5685.181     5688.182     5702.183     5718.184
   260:     5723.185     5755.186     5755.186     5805.000     5805.000
   265:     6207.001     6217.002     6221.003     6227.004     6244.005
   270:     6250.006     6255.007     6266.008     6275.009     6286.010
   275:     6295.011     6300.012     6310.013     6312.014     6323.015
   280:     6326.016     6337.017     6340.018     6347.019     6350.020
   285:     6375.021     6381.022     6391.023     6393.024     6396.025
   290:     6400.026     6409.027     6419.028     6422.029     6431.030
   295:     6431.030     6481.000     6481.000     6687.001     6798.002
   300:     6825.003     6830.004     6849.005     6863.006     6866.007
   305:     6870.008     6873.009     6881.010     6886.011     6893.012
   310:     6896.013     6904.014     6916.015     6924.016     6929.017
   315:     6935.018     6941.019     6944.020     6957.021     6961.022
   320:     6972.023     6975.024     6981.025     6999.026     7004.027
   325:     7014.028     7030.029     7040.030     7044.031     7055.032
   330:     7059.033     7060.034     7079.035     7084.036     7101.037
   335:     7101.037     7151.000     7151.000     7737.001     7741.002
   340:     7746.003     7754.004     7756.005     7760.006     7767.007
   345:     7773.008     7773.008     7823.000     7823.000     7823.171
   350:     7823.172     7823.173     7823.174     7823.175     7823.176
   355:     7823.177     7823.178     7823.179     7823.180     7823.181
   360:     7823.182     7823.183     7823.184     7823.185     7823.186
   365:     7823.187     7823.188     7823.189     7823.190     7823.191
   370:     7823.192     7823.193     7823.194     7823.195     7823.195
   375:     7823.000     7823.000     7823.002     7823.004     7823.006
   380:     7823.008     7823.010     7823.012     7823.014     7823.016
   385:     7823.018     7823.020     7823.022     7823.024     7823.026
   390:     7823.028     7823.030     7823.032     7823.034     7823.036
   395:     7823.038     7823.040     7823.042     7823.044     7823.046
   400:     7823.048     7823.050     7823.052     7823.054     7823.056
   405:     7823.058     7823.060     7823.062     7823.064     7823.066
   410:     7823.068     7823.070     7823.072     7823.074     7823.076
   415:     7823.078     7823.080     7823.082     7823.084     7823.086
   420:     7823.088     7823.090     7823.092     7823.094     7823.096
   425:     7823.098     7823.100     7823.102     7823.104     7823.106
   430:     7823.108     7823.110     7823.112     7823.114     7823.116
   435:     7823.118     7823.120     7823.122     7823.124     7823.126
   440:     7823.128     7823.130     7823.132     7823.134     7823.136
   445:     7823.138     7823.140     7823.142     7823.144     7823.146
   450:     7823.148     7823.150     7823.152     7823.154     7823.156
   455:     7823.158     7823.160     7823.162     7823.164     8095.001
   460:     8099.002     8143.003     8146.004     8156.005     8161.006
   465:     8175.007     8186.008     8194.009     8201.010     8227.011
   470:     8230.012     8277.013     8281.014     8293.015     8305.016
   475:     8315.017     8318.018     8328.019     8333.020     8341.021
   480:     8349.022     8368.023     8377.024     8400.025     8414.026
   485:     8421.027     8429.028     8434.029     8441.030     8441.030
   490:     8491.000     8491.000     9020.001     9032.002     9036.003
   495:     9050.004     9058.005     9060.006     9072.007     9077.008
   500:     9083.009     9085.010     9088.011     9092.012     9103.013
   505:     9118.014     9119.014     9169.000     9169.000     9320.001
   510:     9674.002     9680.003     9685.004     9722.005     9727.006
   515:     9736.007     9743.008     9752.009     9755.010     9760.011
   520:     9772.012     9777.013     9787.014     9787.014     9837.000
   525:     9837.000    10256.001    10331.002    10342.003    10351.004
   530:    10357.005    10376.006    10394.007    10405.008    10423.009
   535:    10428.010    10439.011    10442.012    10448.013    10469.014
   540:    10469.014    10519.000    10519.000    11029.001    11042.002
   545:    11050.003    11054.004    11062.005    11076.006    11094.007
   550:    11101.008    11105.009    11113.010    11124.011    11138.012
   555:    11138.012    11188.000    11188.000    11315.001    11550.002
   560:    11576.003    11593.004    11601.005    11607.006    11628.007
   565:    11638.008    11643.009    11653.010    11660.011    11664.012
   570:    11672.013    11688.014    11690.015    11695.016    11698.017
   575:    11710.018    11713.019    11723.020    11727.021    11736.022
   580:    11748.023    11756.024    11759.025    11772.026    11779.027
   585:    11795.028    11802.029    11805.030    11805.030    11855.000
   590:    11855.000    12372.001    12389.002    12397.003    12408.004
   595:    12415.005    12429.006    12437.007    12449.008    12460.009
   600:    12467.010    12470.011    12470.011    12520.000    12520.000
   605:    12928.001    12991.002    13004.003    13010.004    13023.005
   610:    13027.006    13036.007    13047.008    13060.009    13067.010
   615:    13078.011    13086.012    13109.013    13112.014    13133.015
   620:    13135.016    13135.016    13185.000    13185.000    13522.001
   625:    13552.002    13563.003    13585.004    13587.005    13594.006
   630:    13631.007    13635.008    13637.009    13662.010    13667.011
   635:    13678.012    13688.013    13697.014    13706.015    13711.016
   640:    13715.017    13720.018    13726.019    13732.020    13736.021
   645:    13744.022    13765.023    13768.024    13783.025    13800.026
   650:    13800.026    13850.000    13850.000    14084.001    14103.002
   655:    14138.003    14213.004    14221.005    14229.006    14263.007
   660:    14269.008    14283.009    14288.010    14291.011    14297.012
   665:    14307.013    14312.014    14319.015    14329.016    14339.017
   670:    14357.018    14366.019    14379.020    14389.021    14394.022
   675:    14407.023    14429.024    14432.025    14436.026    14442.027
   680:    14449.028    14452.029    14458.030    14470.031    14471.031
   685:    14521.000    14521.000    14883.001    14906.002    14913.003
   690:    14921.004    14942.005    14955.006    14967.007    14986.008
   695:    14996.009    15006.010    15023.011    15052.012    15055.013
   700:    15061.014    15064.015    15070.016    15073.017    15088.018
   705:    15093.019    15098.020    15106.021    15109.022    15122.023
   710:    15136.024    15136.024    15186.000    15186.000    15698.001
   715:    15700.002    15704.003    15706.004    15715.005    15723.006
   720:    15737.007    15742.008    15747.009    15754.010    15763.011
   725:    15771.012    15776.013    15787.014    15802.015    15802.015
   730:    15852.000
