File: C:\MED-PC\Data\2018-06-04_11h47m_Subject M329.txt


Start Date: 06/04/18
End Date: 06/04/18
Subject: M329
Experiment: DOBLE_PICO_ACO
Group: EXP
Box: 9
Start Time: 11:47:31
End Time: 13:00:54
MSN: IF_ACO_MULTIPLE_PICO
A:     173.000
B:      19.000
D:      20.000
I:       2.000
J:   18000.000
K:    5400.000
M:       0.000
N:      19.000
O:      20.000
P:     421.000
Q:       0.000
T:    1000.000
V:     600.000
W:      19.000
Z:       0.000
C:
     0:        0.120        0.120        0.120        0.120        0.120
     5:        0.120        0.120        0.120        0.120        0.120
    10:        0.120        0.120        0.120        0.120        0.120
    15:        0.120        0.120        0.120        0.120        0.120
    20:        0.120        0.120        0.120        0.120        0.120
    25:        0.120        0.120        0.120        0.120        0.540
    30:      148.110      153.110      157.120      266.110      271.110
    35:      275.120      307.120      312.120      319.120      323.120
    40:      325.120      326.120      333.110      337.110      340.110
    45:      345.120      378.120      382.120      387.120      389.120
    50:      401.110      406.110      410.120      430.120      434.120
    55:      440.120      454.120      461.110      463.110      466.120
    60:      481.120      485.120      509.110      517.110      520.110
    65:      522.110      524.110      526.110      529.110      530.110
    70:      532.110      538.120      549.120      567.110      570.110
    75:      578.110      581.110      584.110      586.110      590.120
    80:      607.120      612.120      624.120      637.120      644.110
    85:      648.110      664.120      688.120      697.110      705.110
    90:      708.110      709.110      710.110      712.110      715.110
    95:      719.110      720.110      729.110      733.110      736.110
   100:      739.120      747.120      761.120      787.120      793.120
   105:      797.120      802.120      808.110      811.110      814.110
   110:      816.110      825.110      829.110      832.110      845.120
   115:      854.120      861.120      868.120      878.110      881.110
   120:      883.110      887.110      894.110      899.110      901.110
   125:      907.110      917.120      921.120      947.120      952.120
   130:      973.120      989.120      995.120     1003.120     1014.110
   135:     1021.110     1025.110     1033.110     1071.120     1077.120
   140:     1088.110     1104.110     1131.110     1132.110     1266.120
   145:     1274.110     1284.110     1286.110     1288.110     1292.110
   150:     1298.120     1360.120     1364.120     1370.120     1375.120
   155:     1383.110     1388.110     1392.110     1557.110     1563.110
   160:     1565.110     1570.110     1572.110     1576.120     1579.120
   165:     1739.120     1750.110     1752.110     1758.120     1800.340
   170:     1811.120     1818.120     1826.120     1900.500     2215.100
   175:     2224.120     2232.120     2235.120     2318.120     2319.120
   180:     2320.120     2591.120     2594.120     2622.100     2631.100
   185:     2634.120     2645.120     2662.120     2678.120     2682.200
   190:     2685.120     2732.300     2832.510     3358.120     3493.120
   195:     3497.120     3505.110     3510.110     3514.120     3522.120
   200:     3542.120     3555.120     3561.120     3572.110     3578.120
   205:     3589.120     3642.120     3654.120     3662.110     3662.210
   210:     3666.120     3712.310     3812.530     4403.120     4490.120
   215:     4494.120     4495.120     4505.120     4576.120     4585.100
   220:     4592.120     4597.120     4602.120     4609.120     4672.120
   225:     4674.120     4681.120     4687.120     4689.120     4693.120
   230:     4699.120     4704.120     4715.120     4722.120     4723.120
   235:     4738.120     4745.120     4761.120     4773.120     4777.120
   240:     4780.120     4788.120     4791.120     4791.120     4815.120
   245:     4835.120     4840.120     4857.100     4860.100     4870.120
   250:     4873.120     4882.120     4899.120     4906.120     4908.120
   255:     4922.120     4923.120     4943.120     4945.120     4974.120
   260:     5005.100     5010.100     5011.100     5015.100     5029.120
   265:     5055.120     5060.120     5075.120     5082.120     5088.120
   270:     5094.120     5130.120     5144.120     5172.100     5175.100
   275:     5178.100     5181.100     5183.100     5186.100     5200.120
   280:     5212.120     5212.120     5252.120     5259.120     5507.100
   285:     5517.100     5524.120     5536.120     5542.120     5548.120
   290:     5572.120     5605.120     5612.330     5712.510     5830.110
   295:     5830.210     5835.120     5880.310     5980.500     6166.120
   300:     6425.120     6440.120     6445.120     6455.100     6469.120
   305:     6482.120     6508.120     6520.120     6524.120     6533.120
   310:     6542.120     6543.120     6575.120     6591.120     6604.100
   315:     6608.100     6611.100     6664.200     6665.120     6698.120
   320:     6714.300     6814.510     7313.120     7500.110     7507.110
   325:     7513.120     7540.120     7546.120     7560.110     7560.210
   330:     7562.110     7565.120     7610.310     7710.500     8018.120
   335:     8019.120     8106.120     8228.120     8251.100     8257.100
   340:     8273.120     8284.120     8288.120     8294.120     8294.120
   345:     8310.120     8311.200     8361.300     8461.510     8705.120
   350:     8998.120     9012.110     9016.110     9021.120     9026.120
   355:     9039.120     9047.120     9054.120     9058.120     9064.110
   360:     9067.110     9069.110     9071.110     9074.110     9076.110
   365:     9080.120     9093.120     9095.120     9101.120     9107.120
   370:     9110.120     9122.120     9133.120     9142.110     9144.110
   375:     9146.110     9149.110     9151.110     9156.120     9167.120
   380:     9167.120     9183.120     9194.120     9198.120     9206.120
   385:     9234.120     9239.120     9247.110     9247.210     9253.120
   390:     9297.310     9397.500     9717.120    10013.100    10014.100
   395:    10026.120    10031.120    10036.120    10040.120    10041.120
   400:    10060.120    10062.120    10062.120    10070.120    10071.120
   405:    10073.200    10123.300    10223.510    10301.120    10711.120
   410:    10716.120    10759.120    10768.110    10777.110    10780.110
   415:    10829.110    10836.110    10840.120    10870.120    10875.120
   420:    10880.120    10884.120    10889.110    10892.110    10896.110
   425:    10899.110    10901.110    10905.110    10906.110    10913.110
   430:    10918.120    10934.120    10936.120    10952.120    10957.110
   435:    10957.210    10963.120    11007.310    11107.510    11512.120
   440:    11526.120    11854.120    11863.120    11875.110    11875.210
   445:    11878.110    11880.120    11925.310    12025.500    12406.120
   450:    12406.120    12665.120    12670.120    12677.120    12679.120
   455:    12687.120    12693.120    12720.120    12724.120    12727.120
   460:    12729.120    12730.120    12738.120    12743.120    12749.120
   465:    12753.120    12767.120    12773.120    12786.120    12809.120
   470:    12813.120    12818.120    12850.120    12854.120    12869.120
   475:    12883.120    12899.120    12901.120    12904.120    12910.100
   480:    12916.100    12921.100    12924.100    12935.120    12949.120
   485:    12969.120    12970.200    13020.300    13120.500    13421.120
   490:    13430.120    13501.120    13504.120    13523.100    13540.120
   495:    13544.120    13559.120    13569.120    13571.120    13600.120
   500:    13613.120    13619.120    13636.100    13643.100    13648.100
   505:    13658.120    13664.120    13684.120    13688.120    13699.120
   510:    13706.120    13707.120    13731.120    13740.120    13744.120
   515:    13751.120    13766.100    13771.100    13773.100    13775.100
   520:    13778.100    13780.100    13782.100    13791.120    13799.120
   525:    13811.120    13825.120    13826.200    13829.120    13863.120
   530:    13876.300    13976.510    14257.120    14270.120    14296.110
   535:    14424.110    14432.110    14437.120    14497.120    14510.110
   540:    14512.110    14568.110    14574.110    14580.110    14583.110
   545:    14586.110    14593.120    14607.120    14610.120    14616.120
   550:    14623.110    14629.110    14631.110    14633.110    14635.110
   555:    14637.110    14640.110    14644.110    14646.110    14650.120
   560:    14657.120    14659.120    14669.120    14675.120    14686.110
   565:    14686.210    14692.120    14736.310    14836.510    15165.120
   570:    15507.120    15512.120    15513.120    15525.110    15530.110
   575:    15533.120    15543.120    15550.120    15563.110    15563.210
   580:    15568.120    15613.310    15713.500    16074.120    16287.120
   585:    16295.100    16305.100    16315.120    16320.120    16331.120
   590:    16355.120    16355.200    16405.300    16505.510    16786.120
   595:    16826.120    16834.120    16976.120    17003.120    17007.120
   600:    17012.120    17014.120    17019.120    17024.120    17033.120
   605:    17043.120    17050.120    17056.110    17111.110    17117.110
   610:    17119.110    17121.110    17126.120    17142.120    17146.120
   615:    17161.120    17167.120    17173.110    17176.110    17180.110
   620:    17182.110    17184.110    17188.120    17201.120    17213.120
   625:    17218.120    17229.110    17229.210    17233.120    17279.310
   630:    17379.510    17406.120    17685.120    17821.120    17825.120
   635:    17829.120    17902.120    17918.120    17925.120    17964.120
   640:    17977.120    17983.120    17995.110    18001.120    18029.120
   645:    18034.120    18039.120    18040.120    18046.110    18052.110
   650:    18063.110    18068.120    18077.120    18087.120    18097.120
   655:    18105.120    18109.120    18120.110    18120.210    18125.120
   660:    18170.310    18270.500    18606.120    18650.120    18735.120
   665:    18999.120    19068.120    19071.120    19084.120    19087.120
   670:    19089.120    19107.120    19115.120    19127.120    19130.120
   675:    19134.120    19146.120    19153.120    19159.120    19159.120
   680:    19164.120    19186.120    19194.120    19204.120    19209.120
   685:    19236.120    19240.120    19242.120    19252.120    19263.100
   690:    19275.100    19279.100    19286.120    19291.120    19297.120
   695:    19300.120    19308.120    19316.120    19323.200    19324.120
   700:    19325.120    19373.300    19473.500    19630.120    19855.120
   705:    19872.120    19904.100    19909.100    19924.120    19932.120
   710:    19944.120    19954.120    19961.120    19997.100    20001.100
   715:    20004.100    20007.100    20014.120    20019.120    20043.120
   720:    20050.120    20064.120    20067.120    20072.120    20077.120
   725:    20086.120    20099.120    20114.120    20119.120    20121.120
   730:    20132.120    20133.120    20149.120    20157.120    20165.120
   735:    20174.100    20178.100    20183.100    20186.100    20192.120
   740:    20202.120    20204.120    20231.120    20234.200    20235.120
   745:    20284.300    20384.530    20390.120    20536.120    20544.120
   750:    20803.120    20810.120    20813.120    20822.100    20823.100
   755:    20827.100    20831.120    20835.120    20852.120    20855.120
   760:    20864.120    20868.120    20869.120    20872.120    20885.120
   765:    20889.120    20907.120    20912.120    20913.120    20916.120
   770:    20923.120    20932.120    20934.120    20952.120    20954.120
   775:    20960.120    20963.120    20963.120    20988.100    20991.100
   780:    20994.100    20996.100    20999.100    21001.100    21015.120
   785:    21018.120    21038.120    21041.120    21044.120    21070.120
   790:    21088.120    21091.120    21096.120    21100.120    21108.120
   795:    21119.120    21123.120    21150.120    21156.120    21165.120
   800:    21178.120    21182.120    21197.100    21205.100    21210.100
   805:    21221.120    21255.120    21269.120    21271.120    21284.120
   810:    21291.120    21321.100    21324.100    21326.100    21329.100
   815:    21344.120    21346.120    21346.120    21350.120    21357.120
   820:    21377.120    21381.120    21386.120    21388.120    21396.120
   825:    21396.120    21399.120    21429.100    21439.100    21444.100
   830:    21446.100    21467.120    21504.120    21512.100    21528.120
   835:    21540.100    21552.120    21560.120    21571.100    21586.100
   840:    21588.100    21590.100    21592.100    21595.100    21597.100
   845:    21609.120    21615.120    21618.120    21632.120    21799.120
   850:    21828.120    21834.120    21930.120    21932.120    22184.330
   855:    22284.510    22497.120    22509.110    22515.110    22517.110
   860:    22529.110    22532.110    22534.110    22538.120    22551.120
   865:    22557.110    22756.110    22759.110    22766.120    23003.120
   870:    23019.110    23019.210    23024.120    23069.310    23169.510
   875:    23350.120    23370.120    23532.120    23562.120    23565.120
   880:    23566.120    23569.120    23588.120    23589.120    23589.120
   885:    23597.120    23621.120    23622.120    23628.120    23635.120
   890:    23641.120    23651.120    23658.120    23668.120    23674.120
   895:    23677.120    23698.120    23702.120    23705.120    23715.120
   900:    23730.120    23743.120    23747.120    23756.120    23765.110
   905:    23768.110    23773.120    23792.120    23801.120    23809.110
   910:    23816.110    23819.110    23821.110    23823.110    23825.110
   915:    23828.120    23832.120    23833.120    23849.120    23859.110
   920:    23864.110    23864.210    23869.120    23914.310    24014.500
   925:    24310.120    24317.120    24318.120    24326.120    24609.120
   930:    24614.120    24623.120    24631.100    24632.100    24637.100
   935:    24642.120    24647.120    24659.120    24665.120    24672.120
   940:    24677.120    24682.120    24687.120    24688.120    24691.200
   945:    24693.120    24741.300    24841.510    25171.120    25343.110
   950:    25347.110    25350.110    25353.120    25403.120    25410.120
   955:    25423.110    25430.110    25431.110    25435.120    25442.120
   960:    25462.120    25465.120    25475.120    25483.120    25489.110
   965:    25493.110    25497.110    25498.110    25501.110    25506.120
   970:    25515.120    25532.120    25539.120    25548.120    25551.120
   975:    25555.120    25567.110    25567.210    25571.120    25617.310
   980:    25717.510    26015.120    26031.120    26033.120    26082.120
   985:    26122.120    26260.120    26261.120    26264.120    26273.120
   990:    26279.110    26284.110    26287.110    26291.120    26350.120
   995:    26352.120    26365.110    26371.110    26373.110    26378.120
  1000:    26402.120    26412.120    26415.120    26425.120    26431.110
  1005:    26431.210    26435.120    26481.310    26581.500    26857.120
  1010:    27307.120    27314.120    27317.120    27324.120    27334.120
  1015:    27343.120    27363.120    27375.120    27382.120    27387.120
  1020:    27397.120    27403.120    27412.120    27416.120    27417.120
  1025:    27424.120    27426.120    27434.120    27437.120    27438.120
  1030:    27439.120    27448.100    27452.100    27467.120    27479.120
  1035:    27486.120    27490.120    27493.120    27506.120    27508.200
  1040:    27558.300    27658.500    27878.120    27930.120    27936.120
  1045:    28158.100    28169.100    28174.120    28185.120    28200.120
  1050:    28203.120    28216.120    28218.120    28221.120    28227.120
  1055:    28243.100    28246.100    28249.100    28263.120    28269.120
  1060:    28276.120    28286.120    28303.200    28303.120    28353.300
  1065:    28453.500    28461.120    28667.120    28872.120    28883.100
  1070:    28930.100    28941.120    28948.120    28994.120    29001.120
  1075:    29013.120    29014.120    29025.100    29032.100    29038.120
  1080:    29042.120    29055.120    29064.120    29066.120    29073.120
  1085:    29084.120    29085.200    29127.120    29135.300    29235.500
  1090:    29518.120    29529.120    29712.100    29719.100    29727.120
  1095:    29733.120    29742.120    29742.120    29748.120    29759.120
  1100:    29762.120    29771.120    29780.120    29786.120    29801.120
  1105:    29824.100    29828.100    29830.100    29834.100    29841.120
  1110:    29841.120    29850.120    29860.120    29864.120    29869.120
  1115:    29875.120    29884.200    29887.120    29934.300    30034.540
  1120:    30336.120    30356.120    30358.120    30562.120    30564.120
  1125:    30592.120    30673.110    30681.120    30698.120    30699.120
  1130:    30709.110    30712.110    30715.110    30719.120    30728.120
  1135:    30736.120    30741.120    30752.110    30756.110    30759.110
  1140:    30763.120    30764.120    30773.120    30775.120    30776.120
  1145:    30793.120    30798.120    30810.110    30818.110    30820.110
  1150:    30822.110    30824.110    30826.110    30829.110    30831.110
  1155:    30837.120    30841.120    30858.120    30863.120    30870.110
  1160:    30875.110    30878.110    30882.110    30884.110    30888.120
  1165:    30928.120    30932.120    30937.110    30944.110    30947.110
  1170:    30949.110    30954.120    30962.120    30984.120    30991.120
  1175:    31001.120    31006.110    31013.110    31017.110    31019.110
  1180:    31022.110    31028.120    31043.120    31064.120    31071.120
  1185:    31079.110    31087.110    31315.120    31325.110    31331.110
  1190:    31335.110    31705.110    31713.120    31780.110    31783.110
  1195:    31834.340    31934.510    32156.110    32162.120    32223.120
  1200:    32236.110    32242.120    32248.120    32261.120    32273.120
  1205:    32291.120    32296.120    32296.120    32302.110    32307.110
  1210:    32309.110    32312.110    32314.110    32318.120    32323.120
  1215:    32333.120    32335.120    32343.110    32348.110    32350.110
  1220:    32352.110    32355.120    32363.120    32376.120    32396.120
  1225:    32403.120    32409.110    32414.110    32418.110    32421.110
  1230:    32425.120    32436.120    32454.120    32472.110    32477.110
  1235:    32479.110    32481.110    32483.110    32485.110    32487.110
  1240:    32490.110    32495.120    32500.120    32517.120    32520.120
  1245:    32521.120    32537.120    32540.120    32544.120    32544.120
  1250:    32551.110    32556.110    32559.110    32562.110    32564.110
  1255:    32566.110    32569.110    32571.110    32576.120    32589.120
  1260:    32600.110    32603.110    32604.110    32612.110    32614.110
  1265:    32615.110    32618.110    32621.110    32622.110    32624.110
  1270:    32629.110    32629.210    32638.120    32679.310    32779.510
  1275:    32785.120    33028.120    33075.120    33155.120    33163.120
  1280:    33169.120    33176.120    33178.120    33196.120    33199.120
  1285:    33246.110    33443.110    33446.110    33450.120    33456.120
  1290:    33473.120    33479.120    33487.120    33501.120    33504.120
  1295:    33516.120    33525.120    33534.120    33540.110    33540.210
  1300:    33544.120    33590.310    33690.510    34050.120    34069.120
  1305:    34071.120    34262.120    34271.110    34275.110    34281.120
  1310:    34311.120    34317.120    34324.120    34331.120    34336.110
  1315:    34339.110    34341.110    34345.120    34353.120    34359.120
  1320:    34389.120    34392.120    34401.110    34401.210    34406.120
  1325:    34451.310    34551.500    34889.120    34889.120    34910.120
  1330:    35103.120    35106.120    35135.100    35150.120    35154.120
  1335:    35164.120    35166.120    35180.120    35191.120    35195.200
  1340:    35197.120    35245.300    35269.120    35345.500    35696.120
  1345:    35702.120    35719.120    35733.120    35828.100    35841.120
  1350:    35848.120    35857.120    35882.100    35890.120    35899.120
  1355:    35911.120    35923.120    35957.120    35971.120    35978.120
  1360:    35982.120    35982.120    35993.120    36000.120    36002.120
  1365:    36009.120    36025.120    36042.120    36047.120    36057.120
  1370:    36060.120    36066.120    36075.120    36081.120    36084.120
  1375:    36116.120    36127.120    36144.120    36150.120    36160.120
  1380:    36171.120    36176.120    36189.120    36193.120    36205.100
  1385:    36208.100    36214.120    36222.120    36231.120    36235.120
  1390:    36246.120    36250.120    36259.120    36265.200    36267.120
  1395:    36315.300    36415.510    36443.120    36591.120    36605.110
  1400:    36973.120    36987.120    36992.120    37002.110    37008.110
  1405:    37010.110    37014.110    37018.110    37023.110    37033.110
  1410:    37037.120    37048.120    37054.120    37055.120    37059.120
  1415:    37060.120    37063.120    37070.110    37073.110    37075.110
  1420:    37079.110    37082.110    37087.120    37091.120    37093.120
  1425:    37107.120    37117.120    37121.120    37127.120    37133.120
  1430:    37144.110    37144.210    37147.110    37149.120    37194.310
  1435:    37294.510    37642.120    37650.120    37660.120    37937.110
  1440:    37947.120    37968.120    37991.120    37993.120    37999.120
  1445:    38006.120    38007.120    38012.120    38019.120    38024.110
  1450:    38024.210    38029.120    38074.310    38174.500    38490.120
  1455:    38503.120    38508.120    38628.100    38642.120    38646.120
  1460:    38654.120    38659.120    38665.120    38674.120    38695.120
  1465:    38700.120    38703.120    38704.120    38710.120    38712.120
  1470:    38718.120    38733.120    38742.120    38752.120    38754.120
  1475:    38767.100    38771.100    38773.100    38775.100    38780.120
  1480:    38790.120    38791.120    38799.120    38811.120    38819.120
  1485:    38827.200    38829.120    38877.300    38977.500    39270.120
  1490:    39292.120    39468.100    39478.120    39482.120    39485.120
  1495:    39492.120    39492.120    39499.100    39501.100    39505.100
  1500:    39509.100    39514.120    39519.120    39524.120    39540.120
  1505:    39547.120    39558.120    39562.120    39563.120    39565.120
  1510:    39571.120    39572.120    39579.120    39588.120    39592.120
  1515:    39597.120    39601.120    39613.120    39625.100    39629.100
  1520:    39632.100    39646.120    39657.120    39667.120    39672.120
  1525:    39676.120    39679.120    39685.200    39735.300    39835.500
  1530:    39987.120    40012.120    40253.120    40268.120    40280.100
  1535:    40289.100    40297.120    40310.120    40323.120    40333.120
  1540:    40339.120    40345.120    40346.120    40350.120    40360.120
  1545:    40383.120    40391.120    40409.120    40418.120    40424.120
  1550:    40432.120    40448.120    40449.120    40452.120    40470.120
  1555:    40484.120    40486.120    40487.120    40494.120    40499.120
  1560:    40512.100    40517.100    40520.100    40523.100    40535.120
  1565:    40536.120    40544.120    40554.120    40561.120    40569.120
  1570:    40569.120    40572.200    40622.300    40722.510    40926.120
  1575:    41178.110    41187.120    41273.120    41280.120    41285.120
  1580:    41296.110    41301.110    41304.110    41308.120    41470.120
  1585:    41474.120    41485.110    41485.210    41490.120    41535.310
  1590:    41635.540    41673.120    41805.120
E:
     0:     1593.000      186.000      367.000
F:
     0:       70.000       33.250       30.893
G:
     0:        1.000        1.000        1.000        1.000        1.000
     5:        1.000        1.000        1.000        1.000        0.000
H:
     0:        1.000        1.000        2.000        2.000
L:
     0:     7928.000     6943.000     6114.000     6858.000     9551.000
     5:     7167.000     6518.000    10632.000     7704.000     6866.000
    10:     9373.000     6544.000     6425.000     6593.000     6540.000
    15:     9293.000     6626.000     7182.000     7467.000
R:
     0:        1.000        1.000        1.000        1.000        1.000
     5:        1.000        1.000        1.000        1.000        0.000
S:
     0:        1.000        0.000
U:
     0:     6943.000        1.000        0.000
X:
     0:        0.000        0.157        0.158        0.159        0.159
     5:        0.000        0.000      772.002     1045.004     1048.006
    10:     1193.008     1197.010     1199.012     1203.014     1360.016
    15:     1363.018     1366.020     1369.022     1371.024     1374.026
    20:     1695.028     1705.030     2643.001     2792.002     2796.003
    25:     2799.004     2852.004     2902.000     2902.000     3443.001
    30:     3449.002     3503.002     3553.000     3553.000     4168.001
    35:     4170.002     4228.002     4278.000     4278.000     5163.001
    40:     5169.002     5174.003     5177.004     5223.004     5273.000
    45:     5273.000     5676.001     5789.002     5796.003     5801.004
    50:     5919.005     5924.006     5926.007     5928.008     5930.009
    55:     5933.010     5935.011     5979.011     6029.000     6029.000
    60:     6610.001     6620.002     6670.002     6720.000     6720.000
    65:     7713.001     7725.002     7728.003     7773.003     7823.000
    70:     7823.000     8253.001     8259.002     8346.003     8351.004
    75:     8353.005     8356.006     8523.007     8527.008     8532.009
    80:     8535.010     8583.010     8633.000     8633.000     9070.002
    85:     9072.004     9076.006     9236.008     9240.010     9243.012
    90:     9244.014     9248.016     9250.018     9445.020     9453.022
    95:     9458.024     9570.026     9572.028     9575.030     9577.032
   100:     9678.034     9687.036     9692.038     9695.040     9761.042
   105:     9789.044     9820.046     9834.048     9836.050     9839.052
   110:     9841.054     9844.056     9846.058    12879.001    12881.002
   115:    12886.003    12939.003    12989.000    12989.000    13856.001
   120:    13859.002    13916.002    13966.000    13966.000    14465.001
   125:    14476.002    14550.003    14553.004    14556.005    14610.005
   130:    14660.000    14660.000    15090.001    15137.002    15232.003
   135:    15239.004    15292.004    15342.000    15342.000    15818.001
   140:    15826.002    15931.003    15935.004    15937.005    15941.006
   145:    15991.006    16041.000    16041.000    16624.001    16685.001
   150:    16735.000    16735.000    17218.001    17271.002    17594.003
   155:    17597.004    17654.004    17704.000    17704.000    18157.001
   160:    18296.002    18300.003    18302.004    18304.005    18356.005
   165:    18406.000    18406.000    18896.001    18927.002    18929.003
   170:    18933.004    18938.005    19054.006    19058.007    19061.008
   175:    19114.008    19164.000    19164.000    19608.001    19618.002
   180:    19840.003    19845.004    19848.005    19851.006    19900.006
   185:    19950.000
Y:
     0:        0.000      147.002      152.004      266.006      270.008
     5:      333.010      337.012      340.014      401.016      406.018
    10:      461.020      463.022      509.024      517.026      520.028
    15:      522.030      524.032      526.034      529.036      530.038
    20:      532.040      567.042      570.044      578.046      581.048
    25:      584.050      586.052      643.054      648.056      697.058
    30:      705.060      708.062      709.064      710.066      712.068
    35:      715.070      719.072      720.074      729.076      733.078
    40:      736.080      808.082      811.084      814.086      816.088
    45:      825.090      829.092      832.094      878.096      881.098
    50:      883.100      887.102      894.104      899.106      901.108
    55:      907.110     1014.112     1021.114     1025.116     1033.118
    60:     1088.120     1104.122     1131.124     1132.126     1274.128
    65:     1284.130     1286.132     1288.134     1292.136     1383.138
    70:     1388.140     1392.142     1557.144     1562.146     1565.148
    75:     1570.150     1572.152     1750.154     1752.156     3505.001
    80:     3510.002     3572.003     3661.004     3662.004     3712.000
    85:     3712.000     3712.031     3712.031     3712.000     3712.000
    90:     4397.001     4405.002     4457.003     4457.003     4459.004
    95:     4507.000     4507.000     5058.001     5061.002     5109.003
   100:     5112.004     5114.005     5117.006     5119.007     5121.008
   105:     5187.009     5189.010     5192.011     5194.012     5196.013
   110:     5292.014     5293.014     5343.000     5343.000     5888.001
   115:     5896.002     5899.003     5949.004     5955.005     6008.006
   120:     6012.007     6015.008     6019.009     6021.010     6024.011
   125:     6026.012     6032.013     6077.014     6077.014     6127.000
   130:     6127.000     6894.001     6894.001     6897.002     6944.000
   135:     6944.000     7263.001     7391.002     7399.003     7477.004
   140:     7479.005     7535.006     7541.007     7547.008     7550.009
   145:     7553.010     7590.011     7596.012     7598.013     7600.014
   150:     7602.015     7604.016     7607.017     7611.018     7613.019
   155:     7653.020     7653.020     7703.000     7703.000     8392.001
   160:     8397.002     8430.003     8430.003     8480.000     8480.000
   165:     9030.001     9085.002     9091.003     9094.004     9096.005
   170:     9147.006     9151.007     9154.008     9156.009     9158.010
   175:     9203.011     9204.011     9254.000     9254.000     9869.001
   180:     9920.002     9926.003     9937.004     9994.005     9995.005
   185:    10045.000    10045.000    10045.059    10045.060    10045.061
   190:    10045.062    10045.063    10045.064    10045.065    10045.066
   195:    10045.067    10045.068    10045.068    10045.000    10045.000
   200:    10045.001    10045.002    10045.003    10045.004    10045.005
   205:    10045.006    10045.007    10045.008    10045.009    10045.010
   210:    10045.010    10045.000    10045.000    10547.001    10551.002
   215:    10554.003    10627.004    10634.005    10635.006    10692.007
   220:    10697.008    10700.009    10702.010    10705.011    10770.012
   225:    10770.012    10820.000    10820.000    11382.001    11387.002
   230:    11390.003    11468.004    11473.005    11476.006    11534.007
   235:    11534.007    11584.000    11584.000    12222.002    12258.004
   240:    12262.006    12264.008    12301.010    12305.012    12308.014
   245:    12359.016    12367.018    12369.020    12372.022    12373.024
   250:    12376.026    12378.028    12381.030    12419.032    12424.034
   255:    12428.036    12431.038    12433.040    12487.042    12493.044
   260:    12496.046    12498.048    12555.050    12562.052    12566.054
   265:    12568.056    12571.058    12628.060    12636.062    12874.064
   270:    12880.066    12884.068    13254.070    13329.072    13332.074
   275:    13705.075    13785.076    13851.077    13857.078    13859.079
   280:    13861.080    13863.081    13892.082    13897.083    13899.084
   285:    13901.085    13958.086    13963.087    13967.088    13970.089
   290:    14021.090    14026.091    14028.092    14030.093    14032.094
   295:    14034.095    14037.096    14040.097    14100.098    14105.099
   300:    14108.100    14111.101    14113.102    14115.103    14118.104
   305:    14120.105    14149.106    14152.107    14153.108    14161.109
   310:    14163.110    14164.111    14167.112    14170.113    14171.114
   315:    14173.115    14178.116    14178.116    14228.000    14228.000
   320:    14694.001    14891.002    14895.003    14989.004    14989.004
   325:    15039.000    15039.000    15619.001    15624.002    15684.003
   330:    15687.004    15689.005    15749.006    15750.006    15800.000
   335:    15800.000    15989.001    16387.002    16392.003    16394.004
   340:    16399.005    16403.006    16408.007    16418.008    16455.009
   345:    16458.010    16460.011    16464.012    16467.013    16529.014
   350:    16529.014    16532.015    16579.000    16579.000    17222.001
   355:    17309.002    17309.002    17359.000    17359.000    17815.001
   360:    17932.002    17937.003    17940.004    18122.005    18122.005
   365:    18172.000    18172.000
