File: C:\MED-PC\Data\2018-05-28_10h47m_Subject M329.txt


Start Date: 05/28/18
End Date: 05/28/18
Subject: M329
Experiment: DOBLE_PICO_ACO
Group: EXP
Box: 9
Start Time: 10:47:39
End Time: 12:01:05
MSN: IF_ACO_MULTIPLE_PICO
A:     379.000
B:      21.000
D:      22.000
I:       2.000
J:   18000.000
K:    5400.000
M:      31.000
N:      21.000
O:      22.000
P:     458.000
Q:       0.000
T:    1000.000
V:     600.000
W:      21.000
Z:       0.000
C:
     0:        0.120        0.120        0.120        0.510       72.120
     5:      134.110      139.120      235.120      242.120      258.120
    10:      265.110      273.120      290.120      291.120      295.120
    15:      312.110      315.110      384.110      388.110      391.120
    20:      406.120      419.120      431.110      439.110      442.110
    25:      443.110      444.110      448.120      455.120      473.120
    30:      494.110      503.110      508.120      537.120      545.120
    35:      568.110      568.210      572.120      618.310      718.510
    40:      822.120      825.120      839.120      875.120      983.120
    45:      990.120     1209.120     1210.120     1211.120     1221.110
    50:     1224.110     1227.120     1251.110     1257.120     1268.120
    55:     1282.120     1284.120     1288.120     1304.120     1316.110
    60:     1316.210     1320.120     1366.310     1466.510     1673.120
    65:     1722.120     1743.120     1849.110     1908.110     1916.120
    70:     2037.120     2043.120     2050.110     2050.210     2054.120
    75:     2100.310     2200.530     2252.120     2268.120     2269.120
    80:     2692.100     2700.120     2706.120     2715.120     2724.120
    85:     2733.120     2744.100     2753.100     2758.100     2768.120
    90:     2790.120     2806.100     2809.100     2812.100     2814.100
    95:     2817.100     2819.100     2825.120     2830.120     2860.120
   100:     2865.120     2884.120     2926.100     2933.100     2935.100
   105:     2936.100     2946.120     2952.120     2989.120     2998.120
   110:     3005.120     3040.120     3051.120     3072.100     3076.100
   115:     3079.100     3083.100     3086.100     3102.120     3120.120
   120:     3127.120     3152.100     3162.100     3164.100     3165.100
   125:     3172.100     3174.100     3199.120     3227.100     3251.100
   130:     3261.100     3265.100     3267.100     3271.100     3274.100
   135:     3277.100     3285.120     3321.120     3341.100     3392.120
   140:     3396.120     3518.120     3627.100     3646.120     3680.120
   145:     3705.120     3713.120     3718.120     3728.120     3743.100
   150:     3750.100     3752.100     3752.100     3755.100     3758.100
   155:     3767.120     3780.120     4000.330     4100.500     4500.100
   160:     4507.120     4512.120     4564.120     4567.120     4570.120
   165:     4577.120     4583.120     4595.100     4599.100     4604.100
   170:     4606.100     4608.100     4611.100     4619.100     4634.100
   175:     4636.100     4639.100     4641.100     4648.120     4653.120
   180:     4679.120     4681.120     4686.120     4701.200     4702.100
   185:     4706.120     4751.300     4851.500     5213.120     5217.120
   190:     5219.120     5221.120     5603.120     5611.100     5616.100
   195:     5619.100     5626.100     5637.120     5642.120     5671.200
   200:     5675.120     5721.300     5821.510     5978.120     6067.120
   205:     6068.120     6466.120     6488.110     6488.210     6493.120
   210:     6538.310     6638.510     6885.120     7314.120     7328.110
   215:     7328.210     7331.110     7334.120     7378.310     7478.500
   220:     7630.120     7915.120     7932.120     7939.120     7952.100
   225:     7957.100     7962.100     7963.100     7976.120     7983.120
   230:     7995.120     8014.100     8017.100     8022.100     8024.100
   235:     8028.100     8031.100     8037.120     8040.120     8082.200
   240:     8082.100     8086.120     8132.300     8232.500     8430.120
   245:     8430.120     8431.120     8797.120     8798.120     8805.100
   250:     8810.100     8816.120     8843.100     8847.100     8852.120
   255:     8865.200     8869.120     8915.300     9015.510     9226.120
   260:     9586.110     9643.110     9643.210     9647.110     9649.120
   265:     9693.310     9793.500     9837.120     9873.120     9947.120
   270:     9968.120    10235.100    10244.100    10252.120    10259.120
   275:    10271.100    10275.100    10276.100    10280.100    10293.120
   280:    10297.120    10322.120    10331.120    10343.100    10348.100
   285:    10360.120    10367.120    10385.120    10403.200    10408.120
   290:    10453.300    10491.120    10497.120    10553.510    10816.120
   295:    10828.120    11069.120    11078.120    11098.110    11104.110
   300:    11109.120    11130.120    11145.110    11148.110    11150.110
   305:    11154.110    11157.120    11164.120    11172.120    11173.120
   310:    11175.120    11177.120    11187.110    11187.210    11192.120
   315:    11237.310    11337.510    11394.120    11540.120    11769.120
   320:    11970.120    11980.110    11980.210    11984.120    12030.310
   325:    12130.500    12519.120    12520.120    12629.120    12655.100
   330:    12666.100    12671.120    12700.100    12703.100    12707.100
   335:    12711.100    12712.120    12715.120    12718.120    12741.120
   340:    12741.120    12750.120    12760.200    12765.120    12795.120
   345:    12810.300    12910.510    12978.120    13128.120    13130.120
   350:    13150.120    13393.110    13399.120    13441.120    13455.110
   355:    13459.110    13467.120    13488.120    13491.120    13495.120
   360:    13496.120    13504.120    13505.120    13515.110    13519.110
   365:    13523.120    13534.120    13566.110    13566.210    13570.120
   370:    13616.310    13716.500    13838.120    13942.120    13944.120
   375:    14249.120    14260.120    14274.100    14285.100    14290.100
   380:    14295.120    14297.120    14304.120    14331.100    14334.200
   385:    14334.100    14338.120    14384.300    14484.540    14511.120
   390:    14692.120    14693.120    14695.120    14727.120    15107.110
   395:    15114.120    15133.110    15138.110    15143.120    15158.120
   400:    15161.120    15168.110    15173.120    15180.120    15181.120
   405:    15190.120    15204.110    15207.110    15208.110    15212.110
   410:    15215.110    15217.120    15225.120    15233.120    15238.120
   415:    15248.110    15252.110    15297.110    15304.110    15308.110
   420:    15310.120    15332.120    15335.120    15357.110    15360.110
   425:    15362.110    15371.120    15387.120    15419.110    15427.110
   430:    15429.110    15431.110    15432.110    15435.110    15438.110
   435:    15444.110    15446.120    15452.120    15455.120    15468.120
   440:    15485.110    15488.110    15490.110    15493.110    15499.110
   445:    15502.110    15508.110    15511.120    15536.120    15539.120
   450:    15547.120    15572.120    15575.120    15577.120    15586.110
   455:    15589.110    15592.110    15594.110    15605.110    15610.110
   460:    15611.110    15616.120    15649.120    15653.120    15665.120
   465:    15670.120    15676.120    15686.110    15692.110    15695.110
   470:    15697.110    15700.110    15701.110    15708.120    15721.120
   475:    15749.120    15753.120    15993.110    16004.120    16268.120
   480:    16279.110    16284.340    16285.110    16289.120    16313.120
   485:    16384.500    16554.120    16562.100    16569.100    16573.100
   490:    16578.100    16580.100    16666.100    16669.100    16672.100
   495:    16679.100    16685.120    16688.120    16691.120    16715.120
   500:    16772.100    16776.100    16780.100    16781.100    16785.100
   505:    16789.120    16792.120    16800.120    16819.120    16836.100
   510:    16838.100    16843.100    16846.100    16847.100    16852.100
   515:    16856.100    16862.100    16866.120    16873.120    16882.120
   520:    16917.120    16920.120    16922.120    16941.120    16947.120
   525:    16948.120    16971.100    16976.100    16993.100    16997.100
   530:    17002.120    17010.120    17031.200    17036.120    17081.300
   535:    17181.510    17269.120    17417.120    17419.120    17602.120
   540:    17619.120    17715.120    17726.110    17733.120    17754.110
   545:    17762.120    17791.110    17806.110    17806.210    17811.120
   550:    17856.310    17956.500    18183.120    18204.120    18215.120
   555:    18226.120    18376.120    18457.100    18469.120    18492.100
   560:    18496.100    18498.100    18503.100    18506.100    18507.120
   565:    18511.120    18514.120    18514.120    18518.120    18544.100
   570:    18552.100    18558.200    18559.100    18560.120    18608.300
   575:    18708.500    18814.120    18996.120    19041.120    19041.120
   580:    19244.120    19266.100    19270.100    19273.100    19278.120
   585:    19292.120    19313.100    19318.100    19321.100    19325.100
   590:    19326.200    19331.120    19376.300    19464.120    19472.120
   595:    19476.510    19794.120    19795.120    20098.120    20107.120
   600:    20120.110    20120.210    20125.120    20170.310    20270.500
   605:    20382.120    20483.120    20566.120    20574.100    20585.120
   610:    20600.120    20623.100    20627.100    20629.100    20631.100
   615:    20636.100    20643.100    20646.100    20650.100    20653.120
   620:    20655.120    20664.120    20693.120    20696.120    20697.120
   625:    20703.120    20713.120    20723.100    20727.100    20734.120
   630:    20736.120    20750.120    20775.120    20778.120    20780.120
   635:    20788.120    20831.100    20836.100    20840.100    20843.100
   640:    20849.100    20855.100    20857.100    20874.120    20891.200
   645:    20893.120    20941.300    21018.120    21041.510    21250.120
   650:    21251.120    21388.120    21395.120    21518.120    21528.110
   655:    21532.110    21533.110    21588.110    21602.120    21610.110
   660:    21614.110    21617.110    21620.110    21621.120    21637.120
   665:    21640.120    21641.120    21656.110    21656.210    21660.120
   670:    21706.310    21806.510    21862.120    21886.120    21887.120
   675:    22191.110    22201.120    22204.120    22212.120    22218.120
   680:    22219.120    22230.110    22233.110    22237.120    22261.120
   685:    22266.110    22287.110    22291.110    22297.120    22422.110
   690:    22422.210    22428.120    22453.120    22472.310    22546.120
   695:    22572.530    22617.120    22622.120    22626.120    22627.120
   700:    22629.120    22779.120    23008.100    23020.100    23024.100
   705:    23027.100    23034.120    23048.100    23052.100    23054.100
   710:    23058.100    23072.120    23079.120    23107.100    23110.100
   715:    23114.100    23116.100    23124.120    23136.120    23153.100
   720:    23163.100    23166.100    23168.100    23183.100    23189.120
   725:    23200.120    23204.120    23241.120    23245.120    23277.120
   730:    23287.120    23298.100    23302.100    23314.120    23325.120
   735:    23363.120    23365.120    23368.120    23369.120    23379.120
   740:    23383.120    23441.120    23551.100    23554.100    23558.100
   745:    23561.120    23568.120    23573.120    23611.100    23615.100
   750:    23620.100    23622.100    23627.100    23635.120    23644.120
   755:    23670.120    23673.120    23686.120    23704.120    23721.120
   760:    23735.120    23762.100    23771.120    23774.120    23788.100
   765:    23797.100    23879.100    23927.100    23935.100    23938.100
   770:    23941.100    23950.100    23952.100    23958.100    23963.100
   775:    23966.100    23971.120    23974.120    24003.100    24071.120
   780:    24356.100    24371.100    24372.330    24472.510    24509.120
   785:    24521.110    24525.110    24531.120    24537.120    24602.110
   790:    24606.110    24609.110    24614.120    24713.120    24722.110
   795:    24732.110    24738.110    24740.110    24742.110    24745.110
   800:    24784.110    24787.110    24790.110    24796.120    24812.110
   805:    24816.110    24818.110    24819.110    24821.110    24824.110
   810:    24826.110    24830.120    24834.120    24839.120    24850.120
   815:    24860.110    24862.110    24877.110    24879.110    24883.110
   820:    24885.110    24889.110    24897.120    24923.120    24928.110
   825:    24931.110    24933.110    24936.110    24938.110    24938.120
   830:    24943.120    24998.120    25007.110    25014.110    25017.110
   835:    25019.110    25098.110    25098.210    25103.120    25148.310
   840:    25248.500    25320.120    25385.120    25539.100    25545.120
   845:    25546.120    25549.120    25562.120    25572.100    25576.100
   850:    25584.100    25594.120    25620.100    25624.100    25628.100
   855:    25630.100    25632.100    25635.100    25644.120    25682.100
   860:    25688.100    25691.100    25696.120    25702.120    25742.100
   865:    25749.100    25751.100    25754.100    25760.120    25767.120
   870:    25803.100    25806.100    25809.100    25812.100    25818.100
   875:    25831.100    25837.100    25840.100    25848.100    25851.100
   880:    25854.100    25855.120    25863.200    25865.120    25913.300
   885:    25986.120    26013.500    26039.120    26146.120    26252.120
   890:    26380.120    26386.120    26403.120    26408.120    26427.100
   895:    26431.100    26434.100    26441.100    26444.100    26447.100
   900:    26465.120    26488.100    26493.100    26502.100    26508.100
   905:    26519.120    26526.120    26554.120    26564.100    26568.100
   910:    26572.100    26585.120    26590.120    26615.120    26624.200
   915:    26626.120    26674.300    26774.510    27079.120    27162.110
   920:    27168.120    27196.120    27200.120    27202.120    27230.120
   925:    27234.120    27237.120    27267.120    27268.120    27276.120
   930:    27290.110    27297.110    27301.120    27309.120    27331.120
   935:    27336.120    27341.120    27350.110    27362.110    27363.110
   940:    27368.120    27381.120    27391.120    27402.110    27402.210
   945:    27407.120    27452.310    27552.510    27797.120    28110.120
   950:    28116.120    28123.110    28126.110    28192.120    28197.120
   955:    28203.110    28203.210    28207.120    28253.310    28353.500
   960:    28480.120    28614.120    28659.120    28662.120    28668.120
   965:    28672.120    28674.120    28677.120    28704.100    28710.100
   970:    28720.120    28730.120    28760.100    28763.100    28765.100
   975:    28773.100    28790.120    28791.120    28799.120    28803.120
   980:    28839.120    28847.120    28850.120    28857.120    28885.120
   985:    28890.120    28903.120    28912.100    28916.100    28933.100
   990:    28937.100    28939.100    28952.120    28964.120    28971.120
   995:    28972.200    28974.120    29022.300    29113.120    29121.120
  1000:    29122.500    29377.120    29716.120    29723.120    29735.100
  1005:    29741.100    29790.120    29795.200    29797.120    29845.300
  1010:    29945.510    30104.120    30241.120    30253.120    30257.120
  1015:    30475.120    30489.120    30496.110    30500.110    30504.120
  1020:    30512.120    30519.120    30526.110    30529.110    30531.110
  1025:    30535.120    30551.120    30555.120    30569.120    30574.110
  1030:    30574.210    30578.120    30624.310    30724.500    30740.120
  1035:    30892.120    30893.120    30898.120    31072.120    31084.100
  1040:    31111.120    31115.120    31134.100    31135.100    31140.100
  1045:    31143.100    31147.120    31154.120    31160.120    31191.100
  1050:    31194.100    31197.100    31211.120    31218.120    31239.120
  1055:    31244.120    31244.120    31264.100    31268.100    31272.120
  1060:    31273.120    31281.120    31316.120    31320.120    31328.200
  1065:    31330.120    31378.300    31462.120    31478.540    31587.120
  1070:    31590.120    31681.120    31826.120    31841.110    31845.110
  1075:    31848.110    31853.110    31863.120    31884.120    31935.110
  1080:    31943.110    31946.110    31948.120    31957.120    31966.120
  1085:    31970.120    31976.120    31978.120    31979.120    31986.120
  1090:    31994.110    32000.110    32002.110    32004.110    32006.110
  1095:    32012.110    32014.120    32023.120    32036.120    32045.110
  1100:    32047.110    32050.110    32051.110    32055.110    32056.110
  1105:    32063.110    32067.110    32070.110    32073.110    32075.120
  1110:    32085.120    32102.110    32105.110    32107.110    32109.110
  1115:    32114.110    32114.120    32132.120    32153.120    32155.120
  1120:    32162.110    32165.110    32169.110    32171.110    32173.110
  1125:    32175.110    32177.110    32180.110    32199.110    32200.110
  1130:    32203.110    32206.110    32208.120    32213.120    32228.120
  1135:    32232.120    32278.110    32281.110    32287.110    32288.120
  1140:    32292.120    32298.120    32309.120    32314.120    32336.120
  1145:    32347.120    32351.120    32358.110    32363.110    32369.110
  1150:    32373.110    32376.120    32450.110    32454.110    32458.120
  1155:    32465.120    32470.120    32528.120    32534.110    32779.110
  1160:    32784.120    32916.120    32920.120    32921.120    32928.120
  1165:    32936.120    32941.120    32943.120    32959.120    32962.120
  1170:    32967.120    32973.120    32983.120    32995.120    33002.110
  1175:    33005.110    33012.110    33015.110    33019.120    33053.120
  1180:    33064.110    33067.110    33070.110    33073.110    33087.120
  1185:    33092.120    33097.120    33104.110    33108.110    33110.110
  1190:    33113.110    33115.120    33135.110    33137.110    33144.110
  1195:    33153.120    33161.120    33168.110    33180.120    33186.120
  1200:    33191.120    33194.120    33200.120    33210.120    33217.110
  1205:    33220.110    33228.110    33231.110    33233.110    33237.110
  1210:    33245.110    33249.110    33253.110    33256.110    33262.110
  1215:    33265.110    33273.110    33276.110    33278.340    33278.110
  1220:    33293.120    33296.120    33298.120    33325.120    33378.500
  1225:    33440.100    33445.120    33451.120    33457.120    33474.120
  1230:    33477.120    33478.120    33480.120    33624.100    33636.100
  1235:    33639.100    33664.120    33671.120    33676.120    33701.100
  1240:    33709.100    33714.100    33728.120    33736.120    33746.120
  1245:    33777.120    33788.120    33792.120    33803.120    33817.120
  1250:    33824.120    33825.120    33837.120    33845.120    33854.120
  1255:    33881.120    33895.120    33902.120    33916.100    33922.100
  1260:    33926.100    33929.100    33936.100    33945.120    33955.120
  1265:    33975.120    33977.120    33982.200    33984.120    34032.300
  1270:    34093.120    34132.500    34284.120    34295.120    34438.120
  1275:    34453.100    34476.120    34481.120    34487.120    34496.120
  1280:    34514.100    34517.100    34525.120    34540.120    34550.120
  1285:    34565.100    34569.100    34573.100    34577.100    34581.100
  1290:    34600.120    34608.120    34614.120    34629.120    34640.120
  1295:    34641.120    34657.100    34662.100    34664.100    34669.100
  1300:    34674.100    34686.120    34698.120    34706.120    34708.120
  1305:    34730.120    34734.200    34737.120    34784.300    34884.510
  1310:    34908.120    34994.120    34995.120    35006.120    35007.120
  1315:    35182.120    35188.120    35277.120    35283.120    35319.120
  1320:    35323.120    35331.120    35338.120    35347.120    35362.110
  1325:    35366.110    35368.110    35369.110    35374.120    35375.120
  1330:    35377.120    35387.120    35391.120    35404.110    35416.110
  1335:    35419.110    35422.110    35427.120    35431.120    35434.120
  1340:    35455.120    35473.120    35479.120    35483.120    35486.120
  1345:    35534.120    35537.120    35547.120    35550.120    35555.120
  1350:    35563.120    35579.120    35583.120    35585.120    35595.120
  1355:    35605.110    35605.210    35609.120    35655.310    35755.510
  1360:    35792.120    35843.120    35874.120    35893.120    35912.120
  1365:    36043.120    36115.120    36118.120    36125.120    36128.120
  1370:    36136.120    36142.120    36172.120    36212.110    36224.120
  1375:    36293.110    36299.110    36304.110    36325.110    36328.110
  1380:    36330.110    36332.110    36405.120    36408.120    36413.120
  1385:    36419.110    36423.110    36427.120    36433.120    36434.120
  1390:    36434.120    36440.120    36456.120    36465.120    36474.110
  1395:    36479.110    36485.110    36490.120    36504.120    36508.120
  1400:    36512.120    36522.110    36528.110    36537.110    36539.110
  1405:    36543.110    36545.110    36546.110    36551.120    36557.120
  1410:    36568.120    36575.120    36594.110    36594.210    36598.120
  1415:    36644.310    36744.500    36892.120    36902.120    36933.120
  1420:    37313.120    37319.120    37324.120    37338.120    37346.100
  1425:    37351.100    37354.100    37364.100    37368.100    37370.100
  1430:    37373.120    37386.120    37389.120    37406.200    37408.120
  1435:    37456.300    37556.510    37663.120    37845.120    38132.120
  1440:    38140.110    38144.110    38148.110    38150.110    38153.110
  1445:    38154.110    38158.110    38165.120    38169.120    38178.120
  1450:    38184.120    38190.110    38193.110    38194.110    38198.120
  1455:    38202.120    38206.120    38215.120    38218.120    38225.120
  1460:    38225.120    38236.110    38240.110    38243.110    38245.120
  1465:    38250.120    38265.120    38276.120    38286.110    38289.110
  1470:    38291.110    38295.120    38303.120    38319.120    38320.120
  1475:    38322.120    38328.120    38332.120    38333.120    38340.110
  1480:    38344.110    38348.110    38352.120    38366.120    38368.120
  1485:    38373.120    38378.120    38385.120    38388.120    38396.110
  1490:    38396.210    38400.120    38446.310    38546.500    38586.120
  1495:    38586.120    38714.120    38748.120    39057.120    39061.120
  1500:    39066.120    39069.120    39086.120    39094.120    39101.120
  1505:    39110.100    39118.100    39119.100    39122.100    39131.120
  1510:    39138.120    39154.120    39158.120    39161.120    39170.120
  1515:    39170.200    39220.300    39320.510    39352.120    39439.120
  1520:    39783.120    39942.120    39951.120    39956.120    39963.120
  1525:    39987.120    39991.120    39996.120    40002.120    40007.120
  1530:    40009.120    40021.120    40029.120    40029.120    40038.120
  1535:    40045.120    40064.120    40069.120    40077.120    40092.120
  1540:    40100.120    40103.120    40118.120    40127.120    40136.110
  1545:    40140.110    40144.120    40150.120    40169.120    40171.120
  1550:    40173.120    40183.110    40183.210    40189.120    40233.310
  1555:    40294.120    40333.500    40394.120    40406.120    40418.120
  1560:    40720.120    40844.120    40911.100    40918.120    40971.200
  1565:    40977.120    41021.300    41081.120    41121.510    41189.120
  1570:    41190.120    41197.120    41216.120    41553.120    41556.120
  1575:    41557.120    41566.110    41569.110    41573.120    41577.120
  1580:    41591.120    41593.120    41595.120    41601.120    41605.120
  1585:    41607.120    41610.120    41614.120    41627.110    41632.110
  1590:    41635.110    41637.120    41641.120    41685.120    41687.120
  1595:    41688.120    41695.110    41697.110    41700.110    41702.110
  1600:    41706.120    41714.120    41720.120    41728.120    41733.110
  1605:    41739.110    41743.110    41746.120    41759.120    41764.120
  1610:    41786.110    41789.110    41792.110    41795.120    41812.120
  1615:    41830.120    41850.120    41859.110    41861.110    41863.110
  1620:    41865.110    41868.110    41869.110    41877.110    41879.110
  1625:    41882.110    41884.110    41887.110    41891.120    41898.120
  1630:    41909.120    41915.120    41926.110    41932.110    41933.110
  1635:    41935.110    41942.120    41955.120    41968.120    41973.120
  1640:    41978.120    41991.110    41991.210    41995.120
E:
     0:     1644.000      358.000      395.000
F:
     0:       70.000       28.115       35.522
G:
     0:        1.000        1.000        1.000        1.000        1.000
     5:        1.000        1.000        1.000        1.000        0.000
H:
     0:        1.000        1.000        2.000        2.000
L:
     0:     6113.000     8295.000     6139.000     6436.000     6198.000
     5:     6400.000     6275.000     6575.000     6121.000     6278.000
    10:     6305.000     6250.000     6212.000     6292.000     6827.000
    15:     6137.000     6145.000     6124.000     6728.000     6344.000
    20:     6472.000
R:
     0:        1.000        1.000        1.000        1.000        1.000
     5:        1.000        1.000        1.000        1.000        0.000
S:
     0:        1.000        1.000
U:
     0:     8295.000        1.000        0.000
X:
     0:        0.000      492.002      543.004      552.006      558.008
     5:      606.010      609.012      611.014      613.016      616.018
    10:      619.020      726.022      732.024      734.026      736.028
    15:      871.030      876.032      879.034      882.036      886.038
    20:      952.040      961.042      963.044      965.046      972.048
    25:      974.050     1027.052     1050.054     1061.056     1065.058
    30:     1066.060     1070.062     1073.064     1077.066     1141.068
    35:     1426.070     1543.072     1549.074     1551.076     1552.078
    40:     1555.080     1557.082     2300.083     2395.084     2399.085
    45:     2404.086     2405.087     2408.088     2411.089     2419.090
    50:     2433.091     2436.092     2439.093     2441.094     2501.094
    55:     2502.095     2551.000     2551.000     3310.001     3315.002
    60:     3319.003     3326.004     3370.004     3420.000     3420.000
    65:     3894.001     3899.002     3903.003     3905.004     3956.005
    70:     3959.006     3963.007     3965.008     3970.009     3973.010
    75:     4023.010     4024.011     4073.000     4073.000     4646.001
    80:     4651.002     4684.003     4687.004     4706.004     4756.000
    85:     4756.000     5197.001     5206.002     5234.003     5237.004
    90:     5238.005     5242.006     5305.007     5310.008     5365.008
    95:     5415.000     5415.000     5940.001     5950.002     5984.003
   100:     5987.004     5992.005     5996.006     6045.006     6095.000
   105:     6095.000     6652.001     6663.002     6668.003     6709.004
   110:     6712.004     6713.005     6762.000     6762.000     6762.096
   115:     6762.097     6762.098     6762.099     6762.100     6762.101
   120:     6762.102     6762.103     6762.104     6762.105     6762.106
   125:     6762.107     6762.108     6762.109     6762.110     6762.111
   130:     6762.112     6762.113     6762.114     6762.115     6762.116
   135:     6762.117     6762.118     6762.119     6762.120     6762.121
   140:     6762.121     6762.000     6762.000     7263.001     7298.002
   145:     7301.003     7304.004     7308.005     7311.006     7349.007
   150:     7357.008     7364.008     7364.009     7414.000     7414.000
   155:     7971.001     7975.002     7979.003     8018.004     8024.005
   160:     8026.006     8031.007     8031.007     8081.000     8081.000
   165:     8384.001     8433.002     8437.003     8439.004     8441.005
   170:     8446.006     8453.007     8456.008     8460.009     8533.010
   175:     8537.011     8641.012     8646.013     8650.014     8653.015
   180:     8659.016     8665.017     8667.018     8701.018     8751.000
   185:     8751.000     9187.002     9199.004     9202.006     9205.008
   190:     9226.010     9230.012     9232.014     9236.016     9286.018
   195:     9288.020     9292.022     9295.024     9332.026     9341.028
   200:     9344.030     9346.032     9362.034     9476.036     9480.038
   205:     9729.040     9733.042     9736.044     9790.046     9794.048
   210:     9798.050     9800.052     9805.054     9940.056     9966.058
   215:     9975.060    10058.062    10106.064    10113.066    10116.068
   220:    10119.070    10128.072    10130.074    10136.076    10141.078
   225:    10144.080    10181.082    10534.084    10549.086    11717.001
   230:    11750.002    11754.003    11762.004    11798.005    11802.006
   235:    11806.007    11808.008    11810.009    11813.010    11860.011
   240:    11866.012    11870.013    11920.014    11928.015    11930.016
   245:    11933.017    11981.018    11984.019    11988.020    11990.021
   250:    11996.022    12009.023    12015.024    12019.025    12027.026
   255:    12029.027    12032.028    12041.028    12091.000    12091.000
   260:    12504.001    12508.002    12512.003    12519.004    12522.005
   265:    12525.006    12565.007    12570.008    12580.009    12586.010
   270:    12642.011    12646.012    12650.013    12702.013    12752.000
   275:    12752.000    13103.001    13108.002    13159.003    13162.004
   280:    13163.005    13171.006    13311.007    13314.008    13332.009
   285:    13336.010    13338.011    13371.011    13421.000    13421.000
   290:    14033.001    14040.002    14093.002    14143.000    14143.000
   295:    14503.001    14553.002    14553.003    14559.004    14561.005
   300:    14609.006    14612.007    14615.008    14682.009    14686.010
   305:    14746.010    14796.000    14796.000    14796.164    14796.165
   310:    14796.166    14796.167    14796.168    14796.169    14796.170
   315:    14796.171    14796.172    14796.173    14796.174    14796.175
   320:    14796.175    14796.000    14796.000    14796.001    14796.002
   325:    14796.003    14796.004    14796.005    14796.006    14796.007
   330:    14796.008    14796.009    14796.010    14796.011    14796.012
   335:    14796.013    14796.013    14796.000    14796.000    15398.001
   340:    15403.002    15405.003    15416.004    15420.005    15422.006
   345:    15458.006    15508.000    15508.000    16072.001    16080.002
   350:    16081.003    16083.004    16132.004    16182.000    16182.000
   355:    16759.001    16819.001    16869.000
Y:
     0:        0.000      134.001      265.002      312.003      314.004
     5:      384.005      388.006      431.007      439.008      442.009
    10:      443.010      444.011      493.012      503.013      568.014
    15:      568.014      618.000      618.000     1120.001     1123.002
    20:     1150.003     1215.004     1215.004     1265.000     1265.000
    25:     1647.001     1706.002     1848.003     1848.003     1898.000
    30:     1898.000     2565.001     2565.001     2615.000     2615.000
    35:     3304.001     3304.001     3307.002     3354.000     3354.000
    40:     3924.001     3981.002     3982.002     3985.003     4032.000
    45:     4032.000     4577.001     4582.002     4623.003     4626.004
    50:     4629.005     4632.006     4666.007     4666.007     4716.000
    55:     4716.000     5358.001     5358.001     5408.000     5408.000
    60:     5891.001     5953.002     5957.003     6012.004     6016.005
    65:     6064.006     6064.006     6114.000     6114.000     6737.002
    70:     6763.004     6768.006     6798.008     6833.010     6837.012
    75:     6838.014     6842.016     6845.018     6878.020     6882.022
    80:     6927.024     6934.026     6937.028     6987.030     6990.032
    85:     6992.034     7048.036     7056.038     7059.040     7061.042
    90:     7062.044     7065.046     7068.048     7074.050     7115.052
    95:     7118.054     7120.056     7123.058     7129.060     7132.062
   100:     7138.064     7216.066     7219.068     7222.070     7224.072
   105:     7235.074     7240.076     7241.078     7315.080     7322.082
   110:     7324.084     7327.086     7330.088     7331.090     7623.092
   115:     7909.094     7915.095     9356.001     9383.002     9421.003
   120:     9436.004     9436.004     9486.000     9486.000    10130.001
   125:    10130.001    10180.000    10180.000    10666.001    10670.002
   130:    10671.003    10727.004    10749.005    10753.006    10756.007
   135:    10759.008    10795.009    10795.009    10845.000    10845.000
   140:    11229.001    11268.002    11272.003    11305.004    11325.005
   145:    11330.006    11461.007    11461.007    11511.000    11511.000
   150:    11511.087    11511.088    11511.089    11511.090    11511.091
   155:    11511.092    11511.093    11511.094    11511.095    11511.096
   160:    11511.097    11511.098    11511.099    11511.100    11511.101
   165:    11511.102    11511.103    11511.104    11511.105    11511.106
   170:    11511.107    11511.108    11511.109    11511.110    11511.111
   175:    11511.112    11511.113    11511.114    11511.115    11511.116
   180:    11511.117    11511.118    11511.119    11511.120    11511.121
   185:    11511.122    11511.123    11511.124    11511.124    11511.000
   190:    11511.000    11898.001    12027.002    12034.003    12087.004
   195:    12099.005    12100.006    12138.007    12138.007    12188.000
   200:    12188.000    12759.001    12762.002    12838.003    12839.003
   205:    12889.000    12889.000    13440.001    13444.002    13470.003
   210:    13473.004    13475.005    13518.006    13518.006    13568.000
   215:    13568.000    13931.002    13935.004    13938.006    13943.008
   220:    14025.010    14033.012    14036.014    14084.016    14090.018
   225:    14092.020    14094.022    14096.024    14102.026    14134.028
   230:    14137.030    14140.032    14141.034    14144.036    14146.038
   235:    14153.040    14157.042    14159.044    14163.046    14192.048
   240:    14194.050    14197.052    14199.054    14203.056    14252.058
   245:    14255.060    14259.062    14261.064    14263.066    14265.068
   250:    14267.070    14270.072    14289.074    14290.076    14293.078
   255:    14296.080    14368.082    14371.084    14377.086    14448.088
   260:    14453.090    14459.092    14463.094    14540.096    14544.098
   265:    14624.100    14869.102    15092.104    15094.106    15102.108
   270:    15105.110    15154.112    15157.114    15160.116    15163.118
   275:    15194.120    15198.122    15200.124    15203.126    15225.128
   280:    15227.130    15234.132    15258.134    15307.136    15310.138
   285:    15318.140    15321.142    15323.144    15327.146    15335.148
   290:    15339.150    15343.152    15346.154    15352.156    15355.158
   295:    15363.160    15366.162    15367.163    17452.001    17455.002
   300:    17458.003    17459.004    17494.005    17506.006    17509.007
   305:    17512.008    17695.009    17695.009    17745.000    17745.000
   310:    18201.001    18283.002    18289.003    18294.004    18314.005
   315:    18317.006    18319.007    18322.008    18409.009    18413.010
   320:    18463.011    18469.012    18474.013    18512.014    18518.015
   325:    18526.016    18529.017    18533.018    18535.019    18536.020
   330:    18583.021    18583.021    18633.000    18633.000    19216.001
   335:    19220.002    19224.003    19226.004    19229.005    19230.006
   340:    19234.007    19266.008    19269.009    19270.010    19312.011
   345:    19316.012    19319.013    19362.014    19365.015    19367.016
   350:    19416.017    19420.018    19424.019    19472.020    19472.020
   355:    19522.000    19522.000    20337.001    20341.002    20384.003
   360:    20385.003    20435.000    20435.000    20880.001    20883.002
   365:    20941.003    20946.004    20949.005    21009.006    21011.007
   370:    21014.008    21016.009    21047.010    21053.011    21056.012
   375:    21100.013    21103.014    21106.015    21173.016    21175.017
   380:    21177.018    21179.019    21182.020    21183.021    21191.022
   385:    21193.023    21196.024    21198.025    21201.026    21240.027
   390:    21246.028    21247.029    21249.030    21304.031    21305.031
