File: C:\MED-PC\Data\2018-06-04_10h14m_Subject M327.txt


Start Date: 06/04/18
End Date: 06/04/18
Subject: M327
Experiment: DOBLE_PICO_ACO
Group: EXP
Box: 10
Start Time: 10:14:23
End Time: 11:27:48
MSN: IF_ACO_MULTIPLE_PICO
A:      49.000
B:      18.000
D:      19.000
I:       1.000
J:   18000.000
K:    5400.000
M:      10.000
N:      18.000
O:      19.000
P:     585.000
Q:       0.000
T:    1000.000
V:     600.000
W:      18.000
Z:       0.000
C:
     0:        0.120        0.120        0.120        0.120        0.120
     5:        0.120        0.120        0.120        0.120        0.120
    10:        0.120        0.120        0.120        0.120        0.120
    15:        0.120        0.120        0.120        0.120        0.120
    20:        0.120        0.120        0.120        0.510      170.110
    25:      175.110      187.120      216.120      252.110      258.110
    30:      261.110      264.110      297.110      300.110      302.110
    35:      401.120      413.110      422.110      429.110      438.110
    40:      452.110      470.110      472.110      482.120      491.120
    45:      603.120      626.110      626.210      628.110      630.120
    50:      676.310      679.120      776.500      981.120     1422.120
    55:     1465.100     1469.100     1525.200     1534.120     1575.300
    60:     1615.120     1675.510     1836.120     2164.120     2169.120
    65:     2223.110     2229.110     2231.110     2242.110     2251.110
    70:     2256.110     2258.110     2261.110     2264.110     2341.120
    75:     2355.110     2365.110     2369.110     2370.110     2376.110
    80:     2383.110     2389.110     2402.110     2406.110     2410.110
    85:     2411.110     2416.110     2421.110     2424.110     2492.120
    90:     2508.110     2508.210     2513.120     2558.310     2658.510
    95:     2881.120     3031.120     3040.120     3041.120     3043.120
   100:     3046.120     3065.120     3066.120     3067.120     3073.120
   105:     3087.110     3093.120     3114.120     3121.120     3125.120
   110:     3132.120     3135.120     3137.120     3138.120     3165.110
   115:     3170.110     3293.110     3327.110     3343.120     3353.120
   120:     3360.120     3367.110     3375.110     3379.110     3384.110
   125:     3389.110     3398.110     3401.110     3412.110     3414.110
   130:     3417.120     3439.110     3439.210     3443.120     3489.310
   135:     3589.530     3802.120     4156.120     4174.100     4181.120
   140:     4301.120     4429.120     5017.120     5020.120     5032.100
   145:     5172.120     5178.120     5185.120     5186.120     5192.100
   150:     5321.100     5389.330     5433.120     5489.500     5854.120
   155:     5855.120     5860.120     5868.120     5883.120     5888.120
   160:     5894.100     5931.120     5939.120     5964.120     5968.120
   165:     5969.120     5985.120     5997.120     6005.100     6121.120
   170:     6135.120     6140.120     6149.100     6209.200     6217.120
   175:     6259.300     6359.510     6532.120     6806.120     6808.120
   180:     6812.120     6849.120     6851.120     6853.120     6862.120
   185:     6868.120     6876.120     6889.110     6893.110     7084.110
   190:     7088.110     7097.110     7102.110     7104.110     7116.110
   195:     7128.110     7128.210     7133.120     7178.310     7278.510
   200:     7475.120     7917.110     7921.110     7928.120     7934.120
   205:     7973.110     7980.110     7985.110     7987.110     7991.110
   210:     7994.110     8002.110     8004.110     8014.110     8018.110
   215:     8020.110     8022.110     8027.110     8033.110     8040.110
   220:     8040.210     8044.120     8090.310     8190.500     8496.120
   225:     8736.120     8873.120     8887.100     8947.200     8958.120
   230:     8997.300     9097.500     9287.120     9383.120     9401.120
   235:     9402.120     9865.120    10013.120    10026.100    10086.200
   240:    10100.120    10136.300    10163.120    10236.540    10450.120
   245:    10752.120    10754.120    10760.120    10980.120    11004.120
   250:    11018.110    11022.110    11025.110    11037.110    11038.110
   255:    11040.110    11044.110    11047.110    11051.110    11062.110
   260:    11071.110    11078.110    11080.110    11086.110    11090.110
   265:    11098.110    11100.110    11103.110    11106.110    11164.110
   270:    11172.110    11174.110    11185.110    11188.110    11192.110
   275:    11205.110    11206.110    11220.110    11222.110    11226.110
   280:    11227.110    11230.110    11233.110    11238.110    11245.110
   285:    11247.110    11257.110    11260.110    11292.110    11293.110
   290:    11295.110    11305.110    11310.110    11316.120    11406.110
   295:    11413.110    11415.110    11689.110    11814.120    11836.110
   300:    11846.110    11848.110    11851.110    11865.120    11879.120
   305:    11884.120    11887.120    11907.120    11910.120    12036.340
   310:    12136.510    12429.110    12447.120    12464.120    12466.120
   315:    12471.120    12474.120    12476.120    12627.120    12635.110
   320:    12638.110    12649.110    12658.110    12662.110    12664.110
   325:    12668.110    12674.110    12679.120    12697.110    12705.110
   330:    12708.110    12711.110    12714.110    12717.110    12719.110
   335:    12727.110    12735.110    12739.110    12764.110    12769.110
   340:    12770.110    12771.110    12773.110    12780.110    12794.110
   345:    12796.110    12803.120    12921.120    12934.110    12934.210
   350:    12935.110    12938.120    12984.310    13084.500    13216.120
   355:    13531.120    13547.120    13553.120    13567.100    13667.120
   360:    13682.100    13742.200    13753.120    13792.300    13892.500
   365:    14073.120    14489.120    14524.100    14584.200    14594.120
   370:    14634.300    14734.510    14859.120    14912.120    14927.120
   375:    14931.120    14935.120    14937.120    15172.120    15174.120
   380:    15188.120    15194.120    15202.120    15217.120    15349.120
   385:    15361.110    15366.110    15369.110    15377.110    15380.110
   390:    15383.110    15387.120    15398.110    15402.110    15408.110
   395:    15416.110    15419.110    15420.110    15424.110    15425.110
   400:    15430.110    15436.110    15440.110    15459.110    15467.110
   405:    15474.110    15475.110    15477.110    15479.110    15494.120
   410:    15505.110    15505.210    15507.110    15509.110    15511.120
   415:    15555.310    15655.510    15882.120    16200.120    16266.120
   420:    16277.120    16289.120    16290.120    16443.120    16450.110
   425:    16450.210    16455.120    16500.310    16600.500    16786.120
   430:    17104.120    17134.100    17329.120    17333.120    17342.100
   435:    17402.200    17410.120    17452.300    17486.120    17552.510
   440:    17714.120    17752.120    17755.120    17757.120    17760.120
   445:    17986.120    17997.120    18018.120    18022.120    18044.110
   450:    18051.110    18053.110    18056.120    18076.120    18089.120
   455:    18110.120    18127.120    18139.110    18142.110    18145.110
   460:    18188.110    18200.110    18204.110    18206.110    18208.110
   465:    18211.110    18221.110    18223.110    18233.110    18237.110
   470:    18245.110    18252.110    18253.110    18255.110    18257.110
   475:    18263.110    18264.110    18269.110    18272.110    18275.110
   480:    18279.110    18282.110    18291.110    18296.120    18331.120
   485:    18345.110    18345.210    18350.120    18395.310    18495.510
   490:    18723.120    18883.120    18884.120    18898.120    18900.120
   495:    19058.120    19083.120    19100.110    19107.110    19114.110
   500:    19116.110    19120.120    19141.110    19148.110    19151.110
   505:    19153.110    19202.110    19205.110    19213.110    19215.110
   510:    19218.110    19219.110    19224.110    19230.110    19235.110
   515:    19243.110    19247.110    19249.110    19409.120    19414.120
   520:    19419.110    19419.210    19424.120    19469.310    19569.500
   525:    19721.120    20010.120    20039.100    20207.120    20219.100
   530:    20279.200    20288.120    20329.300    20429.500    20564.120
   535:    20606.120    20892.120    20915.120    20922.120    21087.120
   540:    21100.100    21160.200    21171.120    21210.300    21246.120
   545:    21310.500    21464.120    21494.120    21768.120    21782.100
   550:    21903.120    21912.100    21972.200    21983.120    22022.300
   555:    22122.510    22236.120    22462.120    22543.120    22558.120
   560:    22698.120    22708.110    22713.110    22720.110    22721.110
   565:    22726.110    22731.120    22746.110    22748.110    22757.110
   570:    22759.110    22762.110    22763.110    22765.110    22769.110
   575:    22776.110    22785.110    22787.110    22807.110    22809.110
   580:    22812.110    22813.110    22818.120    22837.110    22848.110
   585:    22850.110    22853.110    22855.110    22860.110    22862.110
   590:    22938.120    22944.120    22981.120    23000.110    23000.210
   595:    23005.120    23050.310    23150.540    23246.120    23292.120
   600:    23314.120    23619.120    23902.120    23913.110    23925.110
   605:    23930.110    23935.110    23940.110    23945.120    23961.120
   610:    23984.110    23995.110    24000.110    24005.120    24019.110
   615:    24022.110    24025.110    24033.110    24036.110    24040.110
   620:    24045.110    24056.110    24059.110    24080.110    24097.110
   625:    24101.110    24103.110    24105.110    24108.110    24114.110
   630:    24118.110    24121.110    24123.110    24134.110    24136.110
   635:    24140.120    24151.120    24163.110    24174.110    24177.110
   640:    24212.110    24215.110    24217.110    24219.110    24226.110
   645:    24228.110    24230.110    24237.110    24245.120    24336.110
   650:    24343.110    24477.110    24485.120    24492.120    24497.120
   655:    24718.110    24721.110    24950.340    25050.500    25110.120
   660:    25376.120    25397.100    25566.100    25578.120    25594.120
   665:    25600.100    25660.200    25669.120    25710.300    25810.510
   670:    25970.120    26194.120    26233.120    26370.120    26384.110
   675:    26393.110    26401.120    26732.120    26749.110    26749.210
   680:    26753.120    26799.310    26899.510    27034.120    27189.120
   685:    27365.120    27562.120    27572.110    27581.110    27585.110
   690:    27586.110    27588.110    27591.110    27599.110    27603.110
   695:    27606.110    27608.110    27614.110    27616.110    27624.110
   700:    27646.110    27648.110    27650.110    27654.110    27659.110
   705:    27659.210    27664.120    27709.310    27751.120    27809.500
   710:    28063.120    28396.120    28413.100    28473.200    28483.120
   715:    28523.300    28623.500    28775.120    29217.120    29243.100
   720:    29303.200    29314.120    29353.300    29388.120    29453.500
   725:    29521.120    29688.120    29748.100    30217.120    30236.100
   730:    30296.200    30306.120    30346.300    30446.510    30651.120
   735:    31039.120    31117.110    31120.110    31123.110    31130.110
   740:    31133.110    31141.110    31143.110    31144.110    31147.110
   745:    31149.110    31152.110    31159.110    31163.110    31169.110
   750:    31170.110    31172.110    31175.110    31180.110    31185.110
   755:    31188.110    31191.110    31192.110    31202.110    31234.120
   760:    31243.110    31243.210    31246.110    31248.120    31293.310
   765:    31332.120    31393.500    31583.120    31762.120    31782.120
   770:    31792.100    31912.120    31920.100    32008.120    32187.120
   775:    32191.120    32193.120    32282.100    32342.200    32349.120
   780:    32392.300    32492.510    32663.120    32915.120    32934.120
   785:    32960.120    33139.120    33149.110    33151.110    33154.110
   790:    33161.110    33165.110    33166.110    33172.110    33180.110
   795:    33189.110    33193.110    33195.110    33197.120    33219.110
   800:    33227.110    33227.210    33233.120    33277.310    33377.500
   805:    33495.120    33711.120    33718.120    34083.120    34112.100
   810:    34172.200    34182.120    34222.300    34322.510    34405.120
   815:    34631.120    34877.120    34903.110    34905.110    34909.110
   820:    34913.110    34962.110    34964.110    34974.120    35002.110
   825:    35009.110    35011.110    35014.110    35015.110    35017.110
   830:    35024.110    35026.110    35037.110    35040.110    35044.110
   835:    35045.110    35047.110    35051.110    35055.110    35063.110
   840:    35079.110    35084.110    35086.110    35087.110    35091.120
   845:    35223.120    35234.110    35234.210    35236.110    35239.120
   850:    35284.310    35384.510    35524.120    35903.120    35963.120
   855:    35989.110    35997.120    35998.120    36046.120    36169.110
   860:    36171.110    36179.120    36209.110    36211.110    36218.110
   865:    36222.110    36224.110    36229.120    36236.120    36256.110
   870:    36258.110    36266.110    36269.110    36271.110    36272.110
   875:    36275.110    36285.110    36296.110    36309.110    36314.110
   880:    36315.110    36319.110    36324.110    36325.110    36338.110
   885:    36340.110    36357.110    36371.120    36391.120    36401.110
   890:    36401.210    36406.120    36451.310    36551.500    36699.120
   895:    37102.120    37136.100    37143.100    37196.200    37205.120
   900:    37246.300    37346.510    37499.120    37857.110    37875.120
   905:    37879.120    38160.120    38169.110    38171.110    38172.110
   910:    38175.110    38180.110    38182.110    38184.110    38186.110
   915:    38191.110    38194.110    38201.110    38206.110    38210.110
   920:    38218.110    38220.110    38223.110    38224.110    38229.110
   925:    38233.110    38235.110    38243.110    38246.110    38253.110
   930:    38259.110    38269.120    38274.120    38290.110    38295.110
   935:    38297.110    38305.110    38315.110    38317.110    38322.110
   940:    38324.110    38326.110    38329.110    38335.120    38351.110
   945:    38351.210    38356.120    38401.310    38501.500    38620.120
   950:    38686.120    38690.120    38715.120    38717.120    38721.120
   955:    38756.120    38758.120    38761.120    38762.120    38779.120
   960:    39072.120    39109.100    39169.200    39176.120    39219.300
   965:    39319.510    39505.120    39827.120    40165.120    40195.110
   970:    40202.110    40203.110    40209.110    40213.110    40217.110
   975:    40219.110    40221.110    40229.110    40234.110    40248.110
   980:    40252.110    40253.110    40255.110    40257.110    40262.110
   985:    40264.110    40266.110    40273.110    40275.110    40280.120
   990:    40295.110    40302.110    40304.110    40306.110    40312.120
   995:    40323.110    40323.210    40328.120    40373.310    40415.120
  1000:    40473.530    40611.120    40615.120    41082.120    41092.100
  1005:    41302.120    41310.100    41385.120    41415.100    41547.120
  1010:    41559.120    41631.120    41631.120    41653.100    41750.120
  1015:    41760.120    41771.100
E:
     0:     1017.000       95.000      546.000
F:
     0:       70.000       28.305       35.665
G:
     0:        1.000        1.000        1.000        1.000        1.000
     5:        1.000        1.000        1.000        1.000        0.000
H:
     0:        1.000        1.000        2.000        2.000
L:
     0:     7590.000     7300.000     7672.000     9989.000     6684.000
     5:     7022.000     8122.000     7197.000     7414.000     6715.000
    10:     6200.000     6733.000     6904.000     8532.000     9590.000
    15:     8048.000     6549.000     6778.000
R:
     0:        1.000        1.000        1.000        1.000        1.000
     5:        1.000        1.000        1.000        1.000        0.000
S:
     0:        0.000        1.000
U:
     0:     9989.000        3.000        0.000
X:
     0:        0.000      688.001      692.002      749.002      799.000
     5:      799.000     1383.002     2241.004     2401.006     2531.008
    10:     3104.009     3214.010     3358.011     3419.011     3469.000
    15:     3469.000     4166.001     4226.001     4276.000     4276.000
    20:     5204.001     5264.001     5314.000     5314.000     5797.001
    25:     5912.002     5972.002     6022.000     6022.000     6654.001
    30:     6714.001     6764.000     6764.000     7297.001     7506.002
    35:     7566.002     7616.000     7616.000     8085.001     8265.002
    40:     8325.002     8375.000     8375.000     9046.001     9106.001
    45:     9156.000     9156.000     9627.001     9757.002     9817.002
    50:     9867.000     9867.000     9867.091     9867.092     9867.093
    55:     9867.093     9867.000     9867.000    10470.001    10530.001
    60:    10580.000    10580.000    11200.001    11260.001    11310.000
    65:    11310.000    11605.001    12093.002    12153.002    12203.000
    70:    12203.000    12602.001    12730.002    13091.003    13152.003
    75:    13202.000    13202.000    13936.001    13996.001    14046.000
    80:    14046.000    14630.001    14638.002    14690.002    14740.000
    85:    14740.000    15347.001    15407.001    15457.000    15457.000
    90:    16075.002    16293.004    16398.006    16636.008    16754.010
Y:
     0:        0.000      170.001      175.002      252.003      258.004
     5:      261.005      264.006      297.007      300.008      302.009
    10:      413.010      422.011      428.012      438.013      452.014
    15:      469.015      472.016      626.017      626.017      627.018
    20:      676.000      676.000     1223.001     1229.002     1232.003
    25:     1242.004     1251.005     1257.006     1259.007     1262.008
    30:     1264.009     1356.010     1365.011     1369.012     1370.013
    35:     1376.014     1383.015     1389.016     1402.017     1406.018
    40:     1410.019     1411.020     1416.021     1422.022     1425.023
    45:     1508.024     1508.024     1558.000     1558.000     1986.001
    50:     2065.002     2069.003     2192.004     2226.005     2266.006
    55:     2274.007     2278.008     2283.009     2288.010     2297.011
    60:     2300.012     2311.013     2313.014     2338.015     2338.015
    65:     2388.000     2388.000     2917.001     2921.002     3112.003
    70:     3116.004     3125.005     3131.006     3132.007     3144.008
    75:     3157.009     3157.009     3207.000     3207.000     3845.001
    80:     3849.002     3901.003     3908.004     3913.005     3915.006
    85:     3919.007     3922.008     3930.009     3932.010     3942.011
    90:     3946.012     3948.013     3950.014     3955.015     3961.016
    95:     3968.017     3968.017     4018.000     4018.000     4799.002
   100:     4803.004     4806.006     4818.008     4820.010     4821.012
   105:     4825.014     4828.016     4833.018     4844.020     4852.022
   110:     4860.024     4861.026     4867.028     4871.030     4879.032
   115:     4881.034     4885.036     4888.038     4945.040     4954.042
   120:     4956.044     4966.046     4969.048     4974.050     4986.052
   125:     4988.054     5002.056     5003.058     5007.060     5009.062
   130:     5011.064     5014.066     5019.068     5026.070     5028.072
   135:     5039.074     5042.076     5073.078     5075.080     5077.082
   140:     5087.084     5091.086     5187.088     5195.090     5197.092
   145:     5470.094     5618.096     5627.098     5630.100     5632.102
   150:     6210.103     6417.104     6419.105     6430.106     6439.107
   155:     6444.108     6445.109     6450.110     6455.111     6479.112
   160:     6487.113     6489.114     6493.115     6495.116     6498.117
   165:     6501.118     6508.119     6517.120     6521.121     6546.122
   170:     6550.123     6551.124     6553.125     6555.126     6561.127
   175:     6575.128     6577.129     6715.130     6715.130     6717.131
   180:     6765.000     6765.000     7391.001     7396.002     7399.003
   185:     7407.004     7410.005     7413.006     7428.007     7432.008
   190:     7438.009     7446.010     7449.011     7450.012     7454.013
   195:     7455.014     7460.015     7466.016     7470.017     7489.018
   200:     7497.019     7504.020     7505.021     7507.022     7509.023
   205:     7535.024     7535.024     7537.025     7539.026     7585.000
   210:     7585.000     8379.001     8380.001     8430.000     8430.000
   215:     8921.001     8928.002     8931.003     9016.004     9020.005
   220:     9022.006     9066.007     9077.008     9082.009     9083.010
   225:     9085.011     9088.012     9098.013     9100.014     9110.015
   230:     9115.016     9122.017     9129.018     9130.019     9132.020
   235:     9134.021     9140.022     9142.023     9146.024     9149.025
   240:     9153.026     9157.027     9159.028     9169.029     9222.030
   245:     9222.030     9272.000     9272.000     9877.001     9883.002
   250:     9891.003     9892.004     9917.005     9925.006     9928.007
   255:     9930.008     9979.009     9981.010     9990.011     9992.012
   260:     9995.013     9996.014    10001.015    10007.016    10012.017
   265:    10020.018    10024.019    10026.020    10196.021    10196.021
   270:    10246.000    10246.000    10832.001    10836.002    10844.003
   275:    10845.004    10850.005    10869.006    10871.007    10880.008
   280:    10882.009    10886.010    10887.011    10889.012    10892.013
   285:    10899.014    10909.015    10911.016    10930.017    10932.018
   290:    10936.019    10937.020    10961.021    10971.022    10974.023
   295:    10977.024    10979.025    10984.026    10985.027    11123.028
   300:    11123.028    11173.000    11173.000    11936.002    11948.004
   305:    11953.006    11958.008    11963.010    12007.012    12017.014
   310:    12023.016    12042.018    12044.020    12048.022    12056.024
   315:    12059.026    12063.028    12068.030    12079.032    12082.034
   320:    12103.036    12120.038    12124.040    12126.042    12128.044
   325:    12131.046    12137.048    12141.050    12143.052    12146.054
   330:    12157.056    12159.058    12186.060    12197.062    12200.064
   335:    12234.066    12238.068    12240.070    12242.072    12249.074
   340:    12251.076    12253.078    12259.080    12358.082    12366.084
   345:    12500.086    12741.088    12744.090    14407.001    14416.002
   350:    14771.003    14771.003    14821.000    14821.000    15494.001
   355:    15503.002    15507.003    15508.004    15510.005    15513.006
   360:    15521.007    15525.008    15528.009    15530.010    15536.011
   365:    15538.012    15546.013    15568.014    15570.015    15572.016
   370:    15576.017    15581.018    15581.018    15631.000    15631.000
   375:    16301.001    16304.002    16308.003    16314.004    16317.005
   380:    16326.006    16327.007    16328.008    16331.009    16334.010
   385:    16337.011    16344.012    16347.013    16353.014    16354.015
   390:    16356.016    16359.017    16364.018    16369.019    16373.020
   395:    16375.021    16377.022    16387.023    16427.024    16427.024
   400:    16430.025    16477.000    16477.000    17134.001    17136.002
   405:    17139.003    17145.004    17149.005    17151.006    17156.007
   410:    17165.008    17174.009    17178.010    17179.011    17204.012
   415:    17212.013    17212.013    17262.000    17262.000    17842.001
   420:    17844.002    17848.003    17852.004    17901.005    17903.006
   425:    17941.007    17948.008    17950.009    17953.010    17954.011
   430:    17956.012    17963.013    17965.014    17976.015    17980.016
   435:    17983.017    17985.018    17986.019    17990.020    17994.021
   440:    18003.022    18019.023    18023.024    18025.025    18026.026
   445:    18173.027    18173.027    18175.028    18223.000    18223.000
   450:    18828.001    19008.002    19010.003    19048.004    19050.005
   455:    19057.006    19061.007    19063.008    19095.009    19097.010
   460:    19105.011    19108.012    19109.013    19111.014    19113.015
   465:    19124.016    19135.017    19147.018    19153.019    19154.020
   470:    19158.021    19163.022    19164.023    19177.024    19179.025
   475:    19196.026    19239.027    19240.027    19290.000    19290.000
   480:    19801.001    20112.002    20115.003    20116.004    20119.005
   485:    20123.006    20126.007    20128.008    20130.009    20135.010
   490:    20138.011    20145.012    20149.013    20153.014    20162.015
   495:    20164.016    20167.017    20168.018    20173.019    20177.020
   500:    20179.021    20187.022    20190.023    20197.024    20203.025
   505:    20234.026    20239.027    20241.028    20249.029    20259.030
   510:    20261.031    20266.032    20268.033    20270.034    20273.035
   515:    20295.036    20295.036    20345.000    20345.000    21221.001
   520:    21227.002    21229.003    21235.004    21238.005    21242.006
   525:    21244.007    21246.008    21254.009    21260.010    21273.011
   530:    21277.012    21279.013    21281.014    21282.015    21288.016
   535:    21289.017    21291.018    21299.019    21300.020    21321.021
   540:    21327.022    21329.023    21331.024    21349.025    21349.025
   545:    21399.000
