File: C:\MED-PC\Data\2018-05-01_10h59m_Subject M328.txt


Start Date: 05/01/18
End Date: 05/01/18
Subject: M328
Experiment: DOBLE_PICO_ACO
Group: EXP
Box: 8
Start Time: 10:59:09
End Time: 12:12:37
MSN: IF_ACO_MULTIPLE_PICO
A:     316.000
B:      20.000
D:      22.000
I:       1.000
J:   18000.000
K:    5400.000
M:       0.000
N:      21.000
O:      22.000
P:     391.000
Q:       0.000
T:    1000.000
V:     600.000
W:      20.000
Z:       0.000
C:
     0:        0.120        0.120        0.120        0.120        0.120
     5:        0.120        0.120        0.120        0.120        0.120
    10:        0.120        0.120        0.510       57.110       65.120
    15:       81.120       86.120      105.120      107.120      108.120
    20:      109.120      109.120      140.120      142.120      143.120
    25:      158.120      162.120      164.120      168.120      170.120
    30:      172.120      217.120      228.120      231.120      238.120
    35:      331.120      340.120      349.120      365.120      373.120
    40:      378.120      383.120      388.120      394.120      483.120
    45:      500.120      543.110      543.210      550.120      593.310
    50:      606.120      693.500      801.120      943.120      950.120
    55:      951.120      968.100      972.120      988.120     1010.100
    60:     1015.100     1018.120     1039.120     1047.120     1065.100
    65:     1069.100     1070.100     1074.120     1098.120     1111.120
    70:     1115.120     1126.100     1128.100     1130.100     1133.120
    75:     1160.120     1176.100     1181.100     1182.100     1184.100
    80:     1185.100     1189.120     1238.100     1242.100     1243.100
    85:     1247.100     1248.120     1272.120     1298.200     1305.100
    90:     1307.100     1312.120     1348.300     1448.510     1809.120
    95:     1817.120     1818.120     1818.120     1821.120     1823.120
   100:     1842.120     1846.120     2026.110     2036.120     2070.120
   105:     2078.120     2081.120     2097.110     2097.210     2103.120
   110:     2147.310     2247.500     2305.120     2306.120     2317.120
   115:     2345.120     2425.100     2428.120     2454.120     2460.120
   120:     2464.120     2467.120     2471.120     2477.100     2503.100
   125:     2506.120     2525.100     2531.100     2536.100     2540.100
   130:     2543.120     2565.120     2620.100     2621.100     2625.120
   135:     2655.120     2666.120     2687.120     2699.120     2715.120
   140:     2725.100     2731.100     2734.120     2751.120     2754.120
   145:     2755.120     2789.120     2801.100     2806.120     2836.100
   150:     2837.100     2840.100     2843.120     2861.200     2876.120
   155:     2911.300     3011.510     3084.120     3093.120     3165.120
   160:     3166.120     3211.120     3247.120     3259.120     3263.120
   165:     3268.120     3274.110     3468.110     3502.110     3511.120
   170:     3529.110     3544.110     3552.120     3561.120     3589.120
   175:     3596.120     3614.110     3621.110     3634.110     3634.210
   180:     3640.120     3684.310     3784.510     3838.120     3844.120
   185:     3844.120     4220.110     4227.120     4255.110     4259.110
   190:     4266.120     4319.110     4324.120     4360.120     4385.120
   195:     4398.120     4467.120     4498.120     4534.110     4534.210
   200:     4539.120     4584.310     4684.510     5113.120     5137.120
   205:     5157.120     5194.120     5224.120     5227.120     5236.110
   210:     5241.120     5255.120     5263.110     5270.110     5277.110
   215:     5330.110     5330.210     5336.120     5380.310     5480.500
   220:     6032.100     6036.120     6061.100     6064.120     6092.200
   225:     6142.300     6242.500     6776.120     6783.120     6785.120
   230:     6793.120     6794.120     6801.120     6816.120     6834.100
   235:     6837.120     6873.120     6876.120     6890.100     6893.120
   240:     6894.200     6944.300     7044.510     7310.120     7352.120
   245:     7369.120     7433.120     7435.120     7444.120     7468.110
   250:     7593.120     7628.120     7641.110     7656.120     7692.120
   255:     7693.120     7729.110     7729.210     7733.120     7779.310
   260:     7879.510     7902.120     7916.120     7949.120     7958.120
   265:     7966.120     7972.110     7980.120     7994.120     8025.120
   270:     8026.120     8032.120     8131.110     8142.110     8145.110
   275:     8149.120     8161.120     8185.120     8194.110     8202.110
   280:     8213.110     8218.110     8225.120     8247.120     8264.120
   285:     8272.110     8278.110     8283.110     8286.110     8293.120
   290:     8309.110     8316.110     8320.110     8326.110     8340.110
   295:     8347.120     8402.120     8428.110     8433.110     8448.110
   300:     8470.110     8476.120     8506.120     8548.120     8555.120
   305:     8557.120     8571.120     8644.120     8651.120     8676.120
   310:     8698.120     8699.120     8704.120     8705.120     8720.120
   315:     8733.120     8963.120     9030.120     9037.120     9043.120
   320:     9103.110     9103.210     9109.120     9153.310     9253.500
   325:     9492.120     9540.120     9545.120     9554.100     9559.100
   330:     9561.120     9580.120     9585.120     9598.100     9601.120
   335:     9640.120     9651.100     9657.100     9658.100     9661.120
   340:     9711.100     9715.120     9739.120     9741.120     9745.100
   345:     9751.120     9769.100     9772.100     9778.100     9782.120
   350:     9790.120     9792.120     9809.120     9819.100     9825.120
   355:     9851.100     9858.120     9869.120     9870.120     9879.200
   360:     9903.100     9904.100     9906.100     9910.120     9929.300
   365:     9946.120    10029.500    10348.100    10353.120    10387.120
   370:    10397.100    10401.100    10404.120    10426.120    10430.120
   375:    10442.100    10443.100    10446.120    10522.100    10530.120
   380:    10550.120    10553.120    10554.120    10573.100    10584.100
   385:    10585.100    10588.120    10622.100    10627.120    10633.200
   390:    10683.300    10695.120    10704.120    10783.500    11068.120
   395:    11108.120    11119.120    11129.120    11136.120    11142.120
   400:    11146.120    11166.120    11189.120    11196.120    11218.100
   405:    11221.120    11264.120    11276.120    11300.100    11302.100
   410:    11303.100    11307.120    11326.120    11339.120    11342.120
   415:    11354.100    11360.100    11363.120    11375.120    11378.120
   420:    11380.120    11384.120    11385.120    11401.100    11404.120
   425:    11414.200    11414.120    11415.120    11464.300    11564.510
   430:    11650.120    11773.120    11911.120    11914.120    11944.120
   435:    11945.120    11951.110    11960.120    11993.120    12002.110
   440:    12012.110    12016.120    12027.120    12027.120    12034.120
   445:    12041.120    12054.120    12060.110    12068.110    12073.120
   450:    12115.120    12116.120    12122.110    12127.120    12148.120
   455:    12173.110    12183.110    12183.210    12189.120    12233.310
   460:    12246.120    12333.530    12588.120    12592.120    12618.120
   465:    12673.120    12675.120    12677.120    12750.100    12767.120
   470:    12790.120    12815.120    12818.120    12834.100    12837.120
   475:    12853.120    12912.120    12943.100    12953.100    12955.120
   480:    12966.120    12978.120    12980.120    12997.120    12999.120
   485:    13014.100    13019.120    13060.100    13067.100    13068.100
   490:    13072.120    13097.120    13135.100    13136.100    13137.100
   495:    13141.120    13172.120    13176.120    13181.120    13189.100
   500:    13195.100    13197.100    13200.120    13214.120    13214.120
   505:    13221.120    13241.120    13256.100    13261.120    13299.100
   510:    13301.100    13306.120    13316.120    13363.120    13364.120
   515:    13380.120    13410.120    13426.100    13428.100    13432.120
   520:    13457.120    13466.120    13508.120    13521.120    13802.100
   525:    13807.100    13813.100    13818.120    13883.120    13902.120
   530:    13910.120    13949.120    13952.120    13957.120    13976.120
   535:    13993.120    14014.120    14049.120    14064.120    14068.120
   540:    14089.120    14095.120    14133.330    14184.120    14208.120
   545:    14208.120    14213.120    14233.510    14247.120    14249.120
   550:    14255.120    14257.120    14263.120    14269.120    14277.110
   555:    14362.110    14367.120    14389.120    14391.120    14393.120
   560:    14406.120    14410.120    14410.120    14417.110    14430.120
   565:    14450.120    14457.120    14477.110    14489.110    14495.120
   570:    14498.120    14500.120    14508.120    14510.120    14511.120
   575:    14517.110    14522.110    14524.110    14538.110    14544.120
   580:    14571.110    14578.110    14583.120    14601.110    14609.110
   585:    14615.110    14617.110    14623.110    14633.110    14637.110
   590:    14639.110    14667.120    14686.120    14688.120    14698.110
   595:    14708.110    14712.110    14713.110    14716.110    14724.120
   600:    14749.120    14752.120    14753.120    14756.120    14762.110
   605:    14779.110    14851.110    14851.210    14856.120    14901.310
   610:    15001.540    15237.120    15258.120    15278.120    15308.120
   615:    15314.120    15315.120    15321.120    15327.110    15346.110
   620:    15350.120    15378.120    15381.120    15385.120    15474.110
   625:    15486.120    15530.110    15535.110    15539.120    15564.110
   630:    15570.110    15574.120    15601.110    15602.110    15611.120
   635:    15639.110    15650.110    15652.110    15660.110    15678.110
   640:    15682.120    15720.110    15728.110    15733.110    15736.110
   645:    15747.110    15760.110    15767.120    15786.120    15792.120
   650:    15804.110    15810.120    15822.120    15826.120    15832.120
   655:    15849.110    15851.110    15858.110    15872.110    15878.120
   660:    15886.120    15890.120    15906.110    15918.120    15943.120
   665:    15954.120    15960.120    15971.120    15972.120    15975.120
   670:    15976.120    16180.110    16188.110    16193.120    16218.120
   675:    16380.110    16385.120    16409.120    16409.120    16410.120
   680:    16415.120    16417.120    16441.120    16445.120    16452.120
   685:    16459.110    16648.120    16658.110    16665.110    16672.110
   690:    16681.110    16689.110    16694.110    16695.110    16701.110
   695:    16708.120    16717.120    16736.120    16743.110    16750.110
   700:    16758.110    16770.110    16781.110    16784.110    16792.110
   705:    16793.110    16796.110    16800.110    16801.340    16810.120
   710:    16861.120    16866.120    16901.500    16919.100    16930.100
   715:    16985.100    16994.100    16995.100    16997.100    17002.120
   720:    17067.120    17070.120    17073.120    17076.120    17098.120
   725:    17099.120    17103.120    17116.100    17117.100    17120.120
   730:    17151.100    17157.100    17162.100    17166.120    17223.100
   735:    17228.120    17255.100    17257.100    17262.120    17288.100
   740:    17296.120    17325.120    17337.100    17343.100    17347.120
   745:    17361.120    17380.100    17390.100    17393.100    17400.100
   750:    17401.120    17426.100    17427.100    17433.120    17463.100
   755:    17464.100    17472.100    17480.120    17501.120    17517.100
   760:    17523.200    17551.100    17566.120    17573.300    17608.120
   765:    17620.120    17652.120    17660.120    17673.510    17720.120
   770:    17906.110    17933.110    17938.120    17963.120    17971.120
   775:    17973.120    17976.120    17991.110    18040.110    18057.110
   780:    18062.110    18066.120    18093.120    18102.120    18106.120
   785:    18114.110    18120.110    18128.110    18132.110    18142.110
   790:    18146.120    18179.110    18184.110    18188.110    18190.110
   795:    18192.110    18195.110    18197.110    18205.110    18214.110
   800:    18219.110    18222.110    18242.110    18248.120    18273.120
   805:    18276.120    18283.110    18299.120    18322.120    18323.120
   810:    18327.120    18334.110    18334.210    18339.120    18384.310
   815:    18484.500    18606.120    19075.120    19091.120    19102.120
   820:    19127.100    19131.120    19187.200    19195.120    19236.120
   825:    19237.300    19239.120    19337.500    19507.120    19539.120
   830:    19563.120    19567.120    19587.120    19613.120    19619.120
   835:    19623.120    19624.120    19626.120    19628.120    19630.120
   840:    19636.120    19669.120    19680.120    19787.120    19849.100
   845:    19852.120    19862.120    19877.120    19878.120    19880.120
   850:    19881.120    19882.120    19885.120    19886.120    19887.120
   855:    19888.120    19892.120    19910.100    19918.100    19920.120
   860:    19929.120    19966.100    19968.100    19969.100    19970.200
   865:    19975.120    20020.300    20120.500    20322.120    20552.120
   870:    20581.120    20583.120    20596.100    20599.120    20623.120
   875:    20628.120    20629.120    20634.120    20642.100    20646.120
   880:    20678.100    20683.120    20704.120    20719.100    20724.120
   885:    20738.200    20743.120    20788.300    20888.540    20980.120
   890:    21002.120    21005.120    21008.120    21011.120    21012.120
   895:    21022.120    21031.120    21034.120    21048.120    21152.120
   900:    21493.120    21524.120    21525.120    21553.110    21560.120
   905:    21579.120    21591.120    21616.110    21628.110    21631.120
   910:    21644.120    21667.110    21676.120    21740.120    21774.110
   915:    21781.120    21795.120    21801.120    21820.110    21822.110
   920:    21830.110    21842.110    21849.110    21852.110    21855.110
   925:    21867.120    21882.120    21898.120    21899.120    21905.110
   930:    21920.120    21978.110    21982.110    21988.110    21995.120
   935:    22005.120    22007.120    22042.120    22045.120    22045.120
   940:    22048.120    22081.120    22090.110    22097.120    22105.120
   945:    22108.120    22108.120    22110.120    22160.110    22165.120
   950:    22312.110    22318.120    22344.120    22360.120    22393.120
   955:    22398.120    22402.120    22407.120    22430.120    22436.120
   960:    22447.120    22463.120    22470.120    22494.120    22577.110
   965:    22580.120    22592.120    22603.120    22607.120    22688.340
   970:    22701.120    22788.510    22885.120    22937.120    22949.120
   975:    22951.120    22962.110    22965.120    22998.120    23005.120
   980:    23013.120    23077.110    23081.120    23108.120    23114.120
   985:    23115.120    23123.110    23135.110    23139.120    23183.120
   990:    23186.120    23190.120    23198.110    23204.120    23226.120
   995:    23232.120    23238.120    23244.110    23252.110    23260.110
  1000:    23278.110    23284.120    23308.120    23311.120    23315.120
  1005:    23319.110    23333.110    23338.110    23347.110    23353.110
  1010:    23358.120    23399.120    23405.110    23405.210    23409.120
  1015:    23455.310    23555.510    23762.120    23791.120    24025.110
  1020:    24030.120    24039.120    24043.120    24062.120    24078.120
  1025:    24087.120    24104.120    24129.120    24150.120    24158.120
  1030:    24166.110    24174.110    24179.110    24180.110    24180.210
  1035:    24187.120    24230.310    24330.500    24634.120    24649.100
  1040:    24653.120    24682.100    24685.120    24706.120    24721.100
  1045:    24725.120    24765.100    24770.120    24794.100    24799.120
  1050:    24823.120    24830.120    24842.100    24846.120    24889.100
  1055:    24895.120    24905.120    24935.100    24940.120    24949.200
  1060:    24999.300    25099.510    25207.120    25246.120    25248.120
  1065:    25256.120    25261.120    25275.110    25451.120    25471.120
  1070:    25485.110    25488.120    25508.120    25510.120    25516.120
  1075:    25518.120    25523.110    25536.110    25539.120    25544.120
  1080:    25545.120    25575.120    25579.120    25585.110    25593.110
  1085:    25596.110    25603.120    25619.120    25632.120    25637.110
  1090:    25645.110    25650.110    25652.110    25657.110    25667.110
  1095:    25671.120    25706.120    25713.110    25721.110    25725.110
  1100:    25725.210    25731.120    25775.310    25875.500    26136.100
  1105:    26150.120    26167.120    26182.100    26184.100    26186.120
  1110:    26217.120    26229.100    26233.120    26257.120    26261.120
  1115:    26271.100    26275.120    26316.100    26320.100    26322.100
  1120:    26326.100    26327.120    26350.120    26357.120    26366.100
  1125:    26369.100    26371.120    26418.100    26424.100    26425.100
  1130:    26429.120    26447.120    26449.120    26461.100    26462.100
  1135:    26467.100    26468.100    26470.100    26473.100    26475.100
  1140:    26476.120    26478.200    26528.300    26628.510    27099.120
  1145:    27119.120    27123.120    27137.120    27161.120    27172.120
  1150:    27189.110    27205.110    27212.120    27228.120    27231.120
  1155:    27236.120    27246.110    27258.120    27607.110    27607.210
  1160:    27612.120    27657.310    27757.500    27972.120    28274.100
  1165:    28281.100    28284.120    28308.120    28329.120    28333.120
  1170:    28336.120    28346.100    28347.100    28350.100    28353.120
  1175:    28372.120    28406.200    28414.120    28456.300    28556.500
  1180:    28692.120    28725.120    28734.100    28744.120    28753.120
  1185:    28774.120    28776.120    28784.100    28787.100    28791.120
  1190:    28809.120    28815.120    28829.100    28834.120    28861.120
  1195:    28870.120    28872.120    28889.120    28904.100    28906.100
  1200:    28912.100    28914.120    28927.120    28948.120    28959.120
  1205:    28960.120    28962.120    28962.120    28972.120    28984.100
  1210:    28985.100    28991.120    28998.120    29008.120    29024.120
  1215:    29047.120    29072.100    29073.100    29082.120    29092.120
  1220:    29095.120    29114.100    29115.100    29120.120    29147.100
  1225:    29155.120    29174.200    29193.100    29197.120    29224.300
  1230:    29324.510    29392.120    29411.120    29412.120    29415.120
  1235:    29416.120    29715.120    29720.120    29733.110    29735.120
  1240:    29781.120    29787.120    29792.120    29796.120    29801.110
  1245:    29806.120    29828.120    29832.110    29839.110    29842.110
  1250:    29852.110    29856.120    29876.120    29881.110    29888.120
  1255:    29915.110    29919.110    29926.110    29938.110    29941.110
  1260:    29954.110    29954.210    29960.120    30004.310    30104.500
  1265:    30232.120    30261.120    30354.120    30357.120    30359.120
  1270:    30361.120    30371.100    30374.120    30401.120    30406.120
  1275:    30408.120    30411.120    30412.120    30425.100    30428.120
  1280:    30440.120    30443.120    30460.100    30463.120    30498.100
  1285:    30502.120    30544.120    30566.120    30584.100    30589.120
  1290:    30615.120    30633.100    30635.100    30640.120    30669.120
  1295:    30681.100    30685.120    30698.120    30699.120    30719.120
  1300:    30739.100    30741.200    30748.120    30791.300    30891.500
  1305:    31028.120    31081.120    31092.120    31096.120    31101.120
  1310:    31101.120    31103.120    31113.120    31113.120    31131.100
  1315:    31133.120    31141.120    31196.120    31221.100    31225.120
  1320:    31242.120    31252.120    31266.100    31269.120    31290.120
  1325:    31300.100    31301.100    31304.100    31309.120    31309.100
  1330:    31339.100    31350.120    31360.120    31362.120    31370.120
  1335:    31377.120    31392.100    31398.120    31420.120    31437.120
  1340:    31450.100    31452.100    31460.100    31463.120    31473.120
  1345:    31509.120    31510.200    31519.100    31520.100    31527.120
  1350:    31560.300    31660.510    32094.120    32117.120    32131.120
  1355:    32134.120    32138.120    32145.110    32207.110    32217.110
  1360:    32223.110    32228.120    32251.120    32259.110    32263.110
  1365:    32270.110    32284.110    32289.120    32303.120    32328.120
  1370:    32329.120    32334.110    32334.210    32338.120    32384.310
  1375:    32484.510    32631.120    32803.110    32808.120    32826.120
  1380:    32839.120    32849.120    32858.120    32862.120    32865.120
  1385:    32872.110    32885.120    32893.120    32893.120    32901.110
  1390:    32908.110    32908.120    32924.120    32935.110    32943.110
  1395:    32947.110    32950.110    32961.110    32964.120    32972.120
  1400:    32973.120    32986.120    32990.120    32996.110    33000.110
  1405:    33007.110    33012.110    33022.110    33024.120    33052.110
  1410:    33057.120    33108.110    33119.110    33129.110    33133.120
  1415:    33166.110    33166.210    33171.120    33216.310    33223.120
  1420:    33316.510    33671.120    33695.120    33701.120    33701.120
  1425:    33703.120    33707.120    33720.110    33722.120    33736.120
  1430:    33739.120    33745.120    33746.120    33753.120    33759.110
  1435:    33766.120    33789.120    33794.120    33799.110    34096.120
  1440:    34110.120    34149.110    34149.210    34156.120    34199.310
  1445:    34204.120    34299.510    34400.120    34403.120    34410.120
  1450:    34518.120    34548.120    34550.120    34552.120    34553.120
  1455:    34574.120    34595.120    34605.120    34605.120    34606.120
  1460:    34621.120    34623.120    34626.120    34644.120    34652.110
  1465:    34666.110    34669.120    34686.120    34692.120    34699.120
  1470:    34704.110    34709.120    34734.120    34736.120    34742.110
  1475:    34755.110    34759.110    34763.110    34773.110    34777.120
  1480:    34786.120    34787.120    34791.120    34794.120    34807.120
  1485:    34812.120    34823.110    34829.110    34836.110    34841.110
  1490:    34855.120    34866.120    34872.110    34876.120    34880.120
  1495:    34894.110    34903.110    34910.110    34923.110    34926.120
  1500:    34946.110    34946.210    34950.120    34996.310    35002.120
  1505:    35096.500    35432.100    35439.120    35455.120    35466.100
  1510:    35470.100    35473.120    35492.120    35494.120    35499.100
  1515:    35503.100    35504.100    35508.120    35508.100    35543.100
  1520:    35547.120    35547.100    35558.120    35582.120    35584.120
  1525:    35593.100    35595.100    35599.120    35620.120    35632.100
  1530:    35637.120    35651.120    35669.100    35673.120    35683.120
  1535:    35698.100    35704.100    35705.120    35713.120    35714.120
  1540:    35729.200    35779.300    35879.530    35955.120    35995.120
  1545:    36002.120    36031.120    36033.120    36035.120    36149.100
  1550:    36154.120    36169.120    36185.100    36188.120    36223.120
  1555:    36242.120    36244.120    36255.100    36259.120    36279.120
  1560:    36282.120    36300.120    36305.120    36311.100    36315.100
  1565:    36321.100    36321.120    36367.100    36373.120    36390.120
  1570:    36398.120    36400.120    36403.120    36408.120    36442.120
  1575:    36463.100    36464.100    36470.100    36471.120    36503.100
  1580:    36509.100    36511.100    36516.120    36555.120    36558.120
  1585:    36568.100    36570.100    36578.120    36584.120    36598.100
  1590:    36599.100    36606.120    36615.120    36685.100    36691.120
  1595:    36715.120    36726.100    36735.120    36745.120    36754.120
  1600:    36765.100    36774.100    36777.100    36785.120    36833.120
  1605:    36852.100    36860.100    36862.100    36870.120    36881.120
  1610:    36922.120    36943.120    36945.120    36960.100    36963.120
  1615:    37012.120    37013.120    37127.120    37214.120    37236.120
  1620:    37679.330    37705.120    37779.510    37860.120    37950.120
  1625:    37960.120    37962.120    37967.120    38069.120    38087.110
  1630:    38092.120    38102.120    38103.120    38113.110    38118.120
  1635:    38132.120    38137.120    38139.120    38145.120    38157.110
  1640:    38230.110    38236.110    38244.110    38248.110    38252.120
  1645:    38276.120    38281.120    38299.110    38306.120    38325.120
  1650:    38327.120    38337.110    38346.110    38348.110    38354.120
  1655:    38374.120    38383.110    38396.110    38402.120    38418.120
  1660:    38424.120    38433.110    38433.210    38440.120    38483.310
  1665:    38583.510    38730.120    38730.120    38892.120    38914.120
  1670:    38919.120    38922.120    38934.120    38936.120    38937.120
  1675:    38938.120    38946.120    38968.110    38971.120    38981.120
  1680:    39001.120    39004.120    39008.120    39064.120    39086.120
  1685:    39091.120    39097.110    39106.110    39109.110    39112.110
  1690:    39115.110    39127.110    39131.120    39140.120    39155.120
  1695:    39160.120    39167.110    39174.110    39177.110    39179.110
  1700:    39181.110    39188.110    39199.110    39201.110    39203.110
  1705:    39207.110    39218.110    39222.120    39244.110    39244.210
  1710:    39250.120    39294.310    39394.500    39496.120    39513.120
  1715:    39524.120    39834.100    39842.100    39849.120    39864.120
  1720:    39874.100    39879.120    39895.120    39907.100    39908.100
  1725:    39912.120    39936.120    39946.100    39948.100    39953.120
  1730:    39966.120    39966.120    39969.120    39986.100    39990.120
  1735:    39998.120    40006.200    40056.300    40156.500    40298.120
  1740:    40306.120    40381.100    40385.120    40402.120    40407.120
  1745:    40442.120    40446.120    40446.120    40457.100    40460.120
  1750:    40482.120    40483.120    40492.100    40499.100    40502.120
  1755:    40519.120    40525.120    40537.100    40540.120    40559.120
  1760:    40561.120    40571.120    40585.120    40588.120    40603.120
  1765:    40614.100    40619.120    40664.100    40669.120    40675.120
  1770:    40676.120    40683.120    40686.120    40707.100    40709.100
  1775:    40711.100    40713.100    40714.100    40715.120    40765.100
  1780:    40766.100    40767.200    40773.120    40817.300    40917.510
  1785:    41046.120    41122.120    41194.120    41199.120    41209.120
  1790:    41239.120    41242.120    41243.120    41245.120    41355.120
  1795:    41368.110    41373.120    41389.120    41402.120    41407.120
  1800:    41408.120    41409.120    41414.120    41417.120    41423.110
  1805:    41428.120    41445.120    41452.110    41462.110    41467.110
  1810:    41478.110    41482.120    41506.120    41509.120    41512.120
  1815:    41518.110    41526.110    41530.110    41532.110    41535.110
  1820:    41546.120    41559.120    41562.120    41586.110    41586.210
  1825:    41591.120    41636.310    41736.500    41856.120
E:
     0:     1829.000      329.000      389.000
F:
     0:       70.000       36.428       27.037
G:
     0:        1.000        1.000        1.000        1.000        1.000
     5:        1.000        1.000        1.000        1.000        0.000
H:
     0:        1.000        1.000        2.000        2.000
L:
     0:     6149.000     6245.000     6225.000     6615.000     6352.000
     5:     6148.000     6401.000     6312.000     7131.000     6429.000
    10:     6281.000     6289.000     6131.000     6590.000     6285.000
    15:     6466.000     6291.000     6429.000     6228.000     6208.000
R:
     0:        1.000        1.000        1.000        1.000        1.000
     5:        1.000        1.000        1.000        1.000        0.000
S:
     0:        1.000        1.000
U:
     0:     6352.000        4.000        0.000
X:
     0:        0.000      274.001      316.002      321.003      371.004
     5:      375.005      376.006      433.007      434.008      436.009
    10:      483.010      487.011      489.012      490.013      491.014
    15:      544.015      548.016      550.017      554.018      604.018
    20:      612.019      614.020      654.000      654.000      831.001
    25:      883.002      909.003      931.004      937.005      943.006
    30:      947.007     1026.008     1028.009     1131.010     1137.011
    35:     1208.012     1242.013     1244.014     1247.015     1268.015
    40:     1318.000     1318.000     1870.001     1898.002     1930.002
    45:     1980.000     1980.000     2571.001     2627.002     2631.002
    50:     2681.000     2681.000     2981.001     2986.002     3025.003
    55:     3078.004     3084.005     3085.006     3138.007     3172.008
    60:     3196.009     3199.010     3205.011     3246.012     3278.013
    65:     3306.013     3330.014     3331.015     3333.016     3356.000
    70:     3356.000     3675.001     3724.002     3727.003     3769.004
    75:     3770.005     3848.006     3900.007     3911.008     3912.009
    80:     3949.010     3960.010     4010.000     4010.000     4444.001
    85:     4526.002     4528.003     4529.004     4580.005     4586.006
    90:     4627.007     4640.007     4690.000     4690.000     5106.002
    95:     5190.004     5300.006     5309.008     5371.010     5416.012
   100:     5423.014     5425.016     5491.018     5493.020     5494.022
   105:     5546.024     5551.026     5553.028     5613.030     5656.032
   110:     5657.034     5782.036     5784.038     6159.040     6163.042
   115:     6170.044     9275.097     9286.098     9342.099     9350.100
   120:     9352.101     9354.102     9472.103     9474.104     9508.105
   125:     9513.106     9519.107     9579.108     9612.109     9613.110
   130:     9644.111     9693.112     9699.113     9737.114     9747.115
   135:     9750.116     9756.117     9782.118     9784.119     9819.120
   140:     9821.121     9828.122     9873.123     9879.123     9908.124
   145:     9929.000     9929.000    10572.001    10632.001    10682.000
   150:    10682.000    11194.001    11254.002    11262.003    11311.004
   155:    11312.005    11314.006    11314.006    11364.000    11364.000
   160:    11840.001    11886.002    11922.003    11963.004    11982.004
   165:    12032.000    12032.000    12350.001    12383.002    12422.003
   170:    12466.004    12495.005    12543.006    12590.007    12636.008
   175:    12650.008    12700.000    12700.000    12961.001    13006.002
   180:    13008.003    13053.004    13096.005    13140.006    13144.007
   185:    13146.008    13151.009    13191.010    13194.011    13243.012
   190:    13249.013    13250.014    13285.015    13287.016    13292.017
   195:    13293.018    13294.019    13297.020    13300.021    13303.021
   200:    13353.000    13353.000    13869.001    13876.002    13941.003
   205:    13943.004    13945.005    14002.005    14052.000    14052.000
   210:    14230.001    14279.002    14283.003    14324.004    14399.005
   215:    14402.006    14407.007    14479.008    14481.009    14567.010
   220:    14569.011    14610.012    14611.013    14643.014    14670.014
   225:    14689.015    14720.000    14720.000    14986.001    15040.002
   230:    15075.003    15113.004    15199.005    15249.006    15250.007
   235:    15296.008    15355.009    15356.009    15406.000    15406.000
   240:    15645.001    15736.002    15780.003    15814.004    15816.005
   245:    15818.006    15823.007    15853.008    15906.009    15965.010
   250:    15966.011    15975.012    16025.012    16033.013    16035.014
   255:    16075.000    16075.000    16410.001    16445.002    16448.003
   260:    16478.004    16481.005    16483.006    16487.007    16521.008
   265:    16526.009    16572.010    16574.011    16611.012    16647.013
   270:    16677.014    16682.015    16707.015    16757.000    16757.000
   275:    17027.002    17063.004    17132.006    17189.008    17193.010
   280:    17199.012    17245.014    17341.016    17342.018    17348.020
   285:    17381.022    17387.024    17389.026    17446.028    17448.030
   290:    17475.032    17477.034    17562.036    17603.038    17643.040
   295:    17652.042    17655.044    17730.046    17738.048    17739.050
   300:    17837.052    20712.001    20720.002    20752.003    20784.004
   305:    20786.005    20824.006    20826.007    20864.008    20884.008
   310:    20934.000    20934.000    21158.001    21234.002    21269.003
   315:    21276.004    21314.005    21391.006    21441.007    21484.008
   320:    21486.009    21488.010    21490.011    21491.012    21542.013
   325:    21543.014    21544.014    21594.000    21594.000
Y:
     0:        0.000       56.001      543.002      543.002      593.000
     5:      593.000     1171.001     1241.002     1241.002     1291.000
    10:     1291.000     1553.001     1747.002     1781.003     1808.004
    15:     1824.005     1893.006     1900.007     1913.008     1913.008
    20:     1963.000     1963.000     2398.001     2433.002     2438.003
    25:     2497.004     2712.005     2712.005     2762.000     2762.000
    30:     3314.001     3341.002     3348.003     3354.004     3407.005
    35:     3408.005     3458.000     3458.000     3881.001     4055.002
    40:     4142.003     4143.003     4193.000     4193.000     4286.001
    45:     4445.002     4455.003     4459.004     4507.005     4516.006
    50:     4527.007     4531.008     4585.009     4591.010     4597.011
    55:     4600.012     4622.013     4629.014     4634.015     4640.016
    60:     4654.017     4742.018     4746.019     4761.020     4784.021
    65:     5417.022     5417.022     5467.000     5467.000     5853.001
    70:     5905.002     5915.003     5963.004     5971.005     6025.006
    75:     6076.007     6086.008     6086.008     6136.000     6136.000
    80:     6136.045     6136.046     6136.047     6136.048     6136.049
    85:     6136.050     6136.051     6136.052     6136.053     6136.054
    90:     6136.055     6136.056     6136.057     6136.058     6136.059
    95:     6136.060     6136.061     6136.062     6136.063     6136.064
   100:     6136.065     6136.066     6136.067     6136.068     6136.069
   105:     6136.070     6136.071     6136.071     6136.000     6136.000
   110:     6136.002     6136.004     6136.006     6136.008     6136.010
   115:     6136.012     6136.014     6136.016     6136.018     6136.020
   120:     6136.022     6136.024     6136.026     6136.028     6136.030
   125:     6136.032     6136.034     6136.036     6136.038     6136.040
   130:     6136.042     6136.044     6136.046     6136.048     6136.050
   135:     6136.052     6136.054     6136.056     6136.058     6136.060
   140:     6136.062     6136.064     6136.066     6136.068     6136.070
   145:     6136.072     6136.074     6136.076     6136.078     6136.080
   150:     6136.082     6136.084     6136.086     6136.088     6136.090
   155:     6136.092     6136.094     6136.096     6369.001     6396.002
   160:     6454.003     6503.004     6520.005     6525.006     6577.007
   165:     6583.008     6591.009     6595.010     6605.011     6642.012
   170:     6647.013     6651.014     6653.015     6655.016     6658.017
   175:     6660.018     6668.019     6677.020     6682.021     6685.022
   180:     6705.023     6746.024     6797.025     6797.025     6847.000
   185:     6847.000     7512.002     7575.004     7587.006     7626.008
   190:     7732.010     7778.012     7780.014     7788.016     7801.018
   195:     7808.020     7810.022     7813.024     7864.026     7936.028
   200:     7941.030     7946.032     8048.034     8119.036     8271.038
   205:     8535.040     8920.041     9035.042     9082.043     9094.044
   210:     9157.045     9203.046     9211.047     9219.048     9237.049
   215:     9278.050     9291.051     9296.052     9305.053     9311.054
   220:     9363.055     9363.055     9413.000     9413.000     9883.001
   225:    10024.002    10032.003    10037.004    10038.005    10038.005
   230:    10088.000    10088.000    10264.001    10473.002    10511.003
   235:    10524.004    10573.005    10581.006    10584.007    10626.008
   240:    10633.009    10638.010    10640.011    10645.012    10655.013
   245:    10702.014    10709.015    10713.016    10713.016    10763.000
   250:    10763.000    11323.001    11340.002    11380.003    11741.004
   255:    11741.004    11791.000    11791.000    12199.001    12267.002
   260:    12298.003    12305.004    12308.005    12318.006    12348.007
   265:    12381.008    12385.009    12392.010    12404.011    12407.012
   270:    12420.013    12420.013    12470.000    12470.000    12954.001
   275:    13017.002    13026.003    13033.004    13069.005    13073.006
   280:    13080.007    13094.008    13143.009    13143.009    13193.000
   285:    13193.000    13512.001    13581.002    13609.003    13616.004
   290:    13644.005    13651.006    13656.007    13659.008    13669.009
   295:    13705.010    13709.011    13716.012    13721.013    13730.014
   300:    13761.015    13817.016    13828.017    13838.018    13875.019
   305:    13875.019    13925.000    13925.000    14328.001    14367.002
   310:    14408.003    14757.004    14757.004    14807.000    14807.000
   315:    15160.001    15173.002    15212.003    15249.004    15263.005
   320:    15267.006    15271.007    15281.008    15331.009    15337.010
   325:    15344.011    15349.012    15379.013    15402.014    15410.015
   330:    15418.016    15431.017    15454.018    15454.018    15504.000
   335:    15504.000    15504.053    15504.054    15504.055    15504.056
   340:    15504.057    15504.058    15504.059    15504.060    15504.061
   345:    15504.062    15504.063    15504.064    15504.065    15504.066
   350:    15504.066    15504.000    15504.000    15504.001    15504.002
   355:    15504.003    15504.004    15504.005    15504.006    15504.007
   360:    15504.008    15504.009    15504.010    15504.011    15504.012
   365:    15504.013    15504.014    15504.015    15504.016    15504.017
   370:    15504.018    15504.019    15504.019    15504.000    15504.000
   375:    15954.001    16009.002    16038.003    16048.004    16053.005
   380:    16064.006    16105.007    16112.008    16116.009    16118.010
   385:    16121.011    16172.012    16172.012    16222.000
