File: C:\MED-PC\Data\2018-05-04_10h01m_Subject M331.txt


Start Date: 05/04/18
End Date: 05/04/18
Subject: M331
Experiment: DOBLE_PICO_DEMORA
Group: EXP
Box: 8
Start Time: 10:01:07
End Time: 11:15:42
MSN: IF_ACO_MULTIPLE_PICO
A:     546.000
B:      21.000
D:      23.000
I:       2.000
J:   18000.000
K:    5400.000
M:      19.000
N:      21.000
O:      23.000
P:     541.000
Q:       0.000
T:    1000.000
V:     600.000
W:      21.000
Z:       0.000
C:
     0:        0.120        0.510       49.110       56.120       71.120
     5:      180.120      191.110      197.110      271.110      275.110
    10:      290.120      314.110      418.110      525.110      531.110
    15:      553.120      563.110      563.210      568.120      613.310
    20:      657.120      659.120      662.120      666.120      672.120
    25:      676.120      680.120      685.120      689.120      692.120
    30:      694.120      698.120      702.120      706.120      710.120
    35:      713.500      714.120      718.120      721.120      725.120
    40:      731.120      735.120      740.120      746.120      749.120
    45:      750.120      754.120      755.120      756.120      760.120
    50:      763.120      768.120      771.120      777.120      778.120
    55:      781.120      786.120     1161.100     1172.120     1248.120
    60:     1272.100     1332.200     1333.100     1338.120     1382.300
    65:     1420.120     1421.120     1424.120     1427.120     1430.120
    70:     1435.120     1438.120     1441.120     1444.120     1447.120
    75:     1454.120     1455.120     1460.120     1465.120     1469.120
    80:     1471.120     1475.120     1478.120     1481.120     1482.510
    85:     1486.120     1490.120     1494.120     1497.120     1499.120
    90:     1506.120     1513.120     1513.120     1517.120     1519.120
    95:     1521.120     1525.120     1529.120     1534.120     1536.120
   100:     1540.120     1544.120     1545.120     1546.120     1553.120
   105:     1558.120     1563.120     1565.120     1656.120     1899.110
   110:     1907.110     1913.120     1928.110     1933.110     1938.110
   115:     1949.110     1956.110     1965.110     1993.110     2008.110
   120:     2048.110     2050.110     2053.110     2067.110     2086.110
   125:     2093.120     2110.110     2121.110     2121.210     2127.120
   130:     2171.310     2188.120     2190.120     2191.120     2195.120
   135:     2196.120     2198.120     2202.120     2204.120     2211.120
   140:     2218.120     2226.120     2231.120     2235.120     2243.120
   145:     2245.120     2248.120     2251.120     2255.120     2258.120
   150:     2259.120     2260.120     2263.120     2266.120     2270.120
   155:     2271.500     2274.120     2278.120     2282.120     2284.120
   160:     2288.120     2291.120     2296.120     2298.120     2303.120
   165:     2304.120     2310.120     2311.120     2319.120     2322.120
   170:     2327.120     2332.120     2336.120     2342.120     2344.120
   175:     2347.120     2349.120     2356.120     2362.120     2369.120
   180:     2710.120     2722.100     2786.100     2797.100     2802.100
   185:     2817.100     2821.100     2827.100     2830.100     2844.100
   190:     2854.100     2858.100     2862.100     2867.100     2875.100
   195:     2877.200     2882.120     2927.300     2930.120     2931.120
   200:     2932.120     2935.120     2935.120     2936.120     2940.120
   205:     2943.120     2945.120     2951.120     2955.120     2957.120
   210:     2959.120     2964.120     2967.120     2971.120     2974.120
   215:     2980.120     2984.120     2988.120     2989.120     2994.120
   220:     2995.120     2999.120     3003.120     3006.120     3010.120
   225:     3015.120     3018.120     3022.120     3025.120     3027.510
   230:     3030.120     3034.120     3037.120     3040.120     3041.120
   235:     3042.120     3043.120     3047.120     3049.120     3054.120
   240:     3061.120     3066.120     3068.120     3069.120     3074.120
   245:     3074.120     3080.120     3082.120     3346.110     3350.120
   250:     3370.120     3506.110     3511.110     3516.110     3528.110
   255:     3532.110     3545.110     3565.110     3570.110     3594.110
   260:     3601.110     3612.110     3631.110     3636.110     3659.110
   265:     3659.210     3663.120     3709.310     3729.120     3732.120
   270:     3738.120     3747.120     3752.120     3757.120     3760.120
   275:     3764.120     3767.120     3771.120     3773.120     3777.120
   280:     3780.120     3787.120     3794.120     3797.120     3801.120
   285:     3803.120     3807.120     3808.120     3809.510     3812.120
   290:     3814.120     3819.120     3891.120     3902.120     4131.110
   295:     4137.120     4175.120     4176.120     4245.110     4256.110
   300:     4268.110     4285.110     4296.110     4305.110     4326.110
   305:     4336.110     4343.110     4350.120     4414.110     4422.110
   310:     4452.110     4452.210     4456.120     4459.120     4502.310
   315:     4534.120     4535.120     4537.120     4541.120     4546.120
   320:     4551.120     4552.120     4559.120     4565.120     4568.120
   325:     4574.120     4577.120     4577.120     4580.120     4584.120
   330:     4587.120     4588.120     4592.120     4595.120     4595.120
   335:     4599.120     4602.500     4603.120     4606.120     4609.120
   340:     4612.120     4616.120     4617.120     4619.120     4624.120
   345:     4629.120     4632.120     5087.100     5098.100     5106.100
   350:     5110.100     5113.100     5117.100     5121.100     5125.100
   355:     5131.100     5140.100     5145.100     5150.100     5158.100
   360:     5163.100     5166.100     5168.100     5174.100     5199.120
   365:     5205.200     5207.120     5255.300     5276.120     5278.120
   370:     5283.120     5286.120     5292.120     5294.120     5296.120
   375:     5299.120     5303.120     5305.120     5308.120     5311.120
   380:     5314.120     5315.120     5322.120     5325.120     5328.120
   385:     5330.120     5335.120     5336.120     5342.120     5345.120
   390:     5347.120     5349.120     5354.120     5355.500     5355.120
   395:     5358.120     5363.120     5372.120     5475.120     5756.120
   400:     5781.100     5785.100     5790.100     5796.100     5801.100
   405:     5803.100     5817.100     5821.100     5829.100     5831.100
   410:     5833.100     5855.100     5858.100     5862.120     5873.100
   415:     5886.100     5897.100     5906.100     5919.100     5925.100
   420:     5957.200     5987.120     6007.300     6034.120     6035.120
   425:     6039.120     6044.120     6046.120     6051.120     6052.120
   430:     6056.120     6058.120     6061.120     6065.120     6068.120
   435:     6070.120     6070.120     6071.120     6076.120     6077.120
   440:     6078.120     6079.120     6082.120     6086.120     6089.120
   445:     6091.120     6094.120     6096.120     6103.120     6107.120
   450:     6107.510     6108.120     6109.120     6115.120     6121.120
   455:     6123.120     6127.120     6132.120     6137.120     6143.120
   460:     6144.120     6342.110     6348.120     6378.110     6383.110
   465:     6441.110     6444.110     6454.110     6459.110     6473.110
   470:     6479.120     6497.110     6502.110     6521.120     6530.110
   475:     6533.110     6538.110     6548.110     6555.110     6573.110
   480:     6580.110     6592.110     6599.110     6610.110     6628.110
   485:     6646.120     6652.110     6655.110     6665.110     6676.110
   490:     6682.110     6701.110     6709.110     6713.110     6724.110
   495:     6733.120     6746.110     6746.210     6750.120     6796.310
   500:     6828.120     6831.120     6833.120     6836.120     6839.120
   505:     6842.120     6846.120     6849.120     6853.120     6855.120
   510:     6857.120     6858.120     6859.120     6863.120     6866.120
   515:     6869.120     6872.120     6877.120     6883.120     6885.120
   520:     6888.120     6890.120     6893.120     6895.120     6895.120
   525:     6896.510     6899.120     6902.120     6906.120     6908.120
   530:     6913.120     6914.120     6919.120     6921.120     6930.120
   535:     6932.120     7247.120     7275.120     7294.120     7314.110
   540:     7383.110     7515.110     7531.110     7531.210     7535.120
   545:     7581.310     7618.120     7625.120     7628.120     7629.120
   550:     7633.120     7639.120     7641.120     7646.120     7646.120
   555:     7652.120     7656.120     7657.120     7660.120     7663.120
   560:     7666.120     7669.120     7669.120     7671.120     7672.120
   565:     7676.120     7678.120     7681.500     7684.120     7687.120
   570:     7691.120     7692.120     7698.120     7699.120     7707.120
   575:     7709.120     7710.120     7714.120     7715.120     7716.120
   580:     7720.120     8014.120     8314.100     8317.100     8329.100
   585:     8334.100     8338.100     8343.100     8348.100     8357.100
   590:     8370.100     8373.100     8374.200     8380.120     8424.300
   595:     8463.120     8465.120     8467.120     8470.120     8471.120
   600:     8474.120     8476.120     8480.120     8483.120     8485.120
   605:     8486.120     8487.120     8489.120     8492.120     8495.120
   610:     8498.120     8500.120     8504.120     8505.120     8511.120
   615:     8514.120     8517.120     8519.120     8520.120     8522.120
   620:     8524.510     8527.120     8530.120     8534.120     8536.120
   625:     8540.120     8540.120     8543.120     8545.120     8551.120
   630:     8555.120     8558.120     9016.110     9020.110     9024.110
   635:     9036.110     9053.110     9072.110     9082.110     9085.110
   640:     9103.110     9110.110     9121.110     9136.110     9145.110
   645:     9151.120     9152.120     9161.110     9161.210     9165.120
   650:     9211.310     9224.120     9226.120     9227.120     9228.120
   655:     9229.120     9234.120     9237.120     9240.120     9243.120
   660:     9247.120     9251.120     9255.120     9259.120     9262.120
   665:     9262.120     9263.120     9266.120     9270.120     9272.120
   670:     9275.120     9278.120     9284.120     9287.120     9291.120
   675:     9294.120     9297.120     9301.120     9302.120     9307.120
   680:     9309.120     9309.120     9311.500     9315.120     9317.120
   685:     9321.120     9326.120     9328.120     9331.120     9335.120
   690:     9338.120     9340.120     9343.120     9344.120     9483.120
   695:     9764.100     9771.120     9788.100     9804.100     9810.100
   700:     9829.100     9833.100     9838.100     9849.100     9855.100
   705:     9860.100     9870.100     9874.100     9876.100     9881.100
   710:     9885.100     9887.100     9898.100     9903.120     9915.200
   715:     9965.300     9982.120     9985.120     9988.120     9993.120
   720:     9998.120    10004.120    10012.120    10015.120    10018.120
   725:    10022.120    10026.120    10029.120    10034.120    10037.120
   730:    10041.120    10044.120    10046.120    10049.120    10052.120
   735:    10055.120    10057.120    10062.120    10062.120    10065.500
   740:    10068.120    10071.120    10076.120    10080.120    10085.120
   745:    10086.120    10090.120    10093.120    10098.120    10101.120
   750:    10106.120    10111.120    10435.120    10541.100    10553.100
   755:    10562.100    10568.100    10570.100    10576.100    10593.100
   760:    10595.100    10598.100    10617.100    10622.100    10634.100
   765:    10637.100    10640.100    10644.120    10661.120    10675.100
   770:    10677.200    10682.120    10727.300    10762.120    10767.120
   775:    10771.120    10774.120    10776.120    10782.120    10789.120
   780:    10792.120    10795.120    10799.120    10801.120    10805.120
   785:    10808.120    10813.120    10815.120    10822.120    10827.540
   790:    10828.120    10831.120    10835.120    11329.110    11352.110
   795:    11356.120    11374.110    11386.110    11406.110    11408.110
   800:    11411.110    11434.110    11437.110    11439.110    11445.110
   805:    11451.120    11464.110    11468.110    11473.110    11482.110
   810:    11487.110    11505.110    11517.110    11522.120    11536.110
   815:    11545.110    11558.110    11566.110    11578.110    11589.110
   820:    11600.120    11618.110    11628.110    11636.110    11642.110
   825:    11645.110    11649.120    11654.120    11668.110    11683.120
   830:    11710.110    11722.110    11766.110    11772.120    11787.120
   835:    11824.110    11985.110    12007.120    12152.120    12161.110
   840:    12166.110    12170.110    12173.120    12214.110    12410.110
   845:    12433.110    12436.110    12443.110    12450.110    12461.110
   850:    12474.110    12479.110    12486.120    12500.110    12507.110
   855:    12532.110    12534.110    12545.110    12552.110    12557.120
   860:    12576.110    12581.120    12604.110    12608.120    12627.340
   865:    12636.120    12727.510    12823.110    12831.110    12834.120
   870:    12849.120    13058.110    13178.110    13436.110    13436.210
   875:    13440.120    13486.310    13539.120    13545.120    13551.120
   880:    13556.120    13558.120    13563.120    13565.120    13572.120
   885:    13574.120    13577.120    13578.120    13586.530    13855.120
   890:    13895.100    13899.100    13905.100    13932.120    13962.100
   895:    13964.100    13973.100    13977.100    13981.100    14013.100
   900:    14021.100    14025.100    14030.100    14091.100    14093.100
   905:    14096.100    14102.100    14105.100    14122.100    14126.100
   910:    14129.100    14132.100    14135.100    14150.100    14154.100
   915:    14158.100    14163.100    14164.100    14170.100    14172.100
   920:    14176.100    14193.100    14196.100    14199.100    14201.100
   925:    14206.120    14218.100    14224.100    14227.100    14245.100
   930:    14250.100    14253.100    14256.100    14260.100    14268.100
   935:    14275.100    14288.100    14294.100    14310.120    14328.120
   940:    14343.100    14346.100    14362.100    14365.100    14373.100
   945:    14375.120    14399.120    14407.100    14409.100    14413.100
   950:    14428.100    14436.100    14438.100    14444.120    14467.100
   955:    14490.120    14546.100    14553.100    14556.100    14558.100
   960:    14560.100    14583.120    14743.100    14853.100    14987.100
   965:    15025.120    15094.120    15109.120    15132.100    15134.100
   970:    15144.100    15161.120    15228.120    15237.100    15344.100
   975:    15384.100    15386.330    15394.120    15486.510    15559.110
   980:    15568.110    15579.120    15580.120    15606.110    15616.110
   985:    15657.110    15669.120    15673.120    15675.120    15777.110
   990:    15800.110    15810.110    15819.110    15821.110    15833.110
   995:    15836.110    15839.110    15852.110    15854.110    15881.110
  1000:    15892.120    15899.110    15916.110    15922.110    15941.110
  1005:    15946.120    15960.110    15972.110    15983.110    15991.110
  1010:    16006.110    16007.110    16011.110    16025.110    16031.110
  1015:    16040.110    16058.110    16062.110    16081.110    16086.110
  1020:    16095.110    16107.110    16109.110    16116.110    16116.210
  1025:    16121.120    16166.310    16214.120    16219.120    16224.120
  1030:    16229.120    16230.120    16236.120    16237.120    16240.120
  1035:    16243.120    16246.120    16249.120    16252.120    16255.120
  1040:    16259.120    16262.120    16266.510    16266.120    16268.120
  1045:    16271.120    16274.120    16277.120    16280.120    16283.120
  1050:    16284.120    16289.120    16296.120    16297.120    16305.120
  1055:    16307.120    16310.120    16372.120    16593.110    16601.120
  1060:    16633.120    16634.120    16635.120    16638.120    16659.110
  1065:    16687.110    16692.120    16737.110    16742.110    16756.110
  1070:    16769.110    16789.110    16797.110    16808.110    16812.110
  1075:    16821.110    16829.110    16832.110    16843.110    16851.110
  1080:    16855.110    16863.110    16867.110    16878.110    16888.110
  1085:    16897.110    16897.210    16902.120    16947.310    16974.120
  1090:    16974.120    16980.120    16984.120    16988.120    16991.120
  1095:    16997.120    17000.120    17003.120    17011.120    17014.120
  1100:    17016.120    17020.120    17025.120    17030.120    17036.120
  1105:    17040.120    17042.120    17045.120    17047.500    17048.120
  1110:    17052.120    17055.120    17058.120    17061.120    17065.120
  1115:    17068.120    17077.120    17080.120    17084.120    17089.120
  1120:    17093.120    17094.120    17095.120    17101.120    17102.120
  1125:    17107.120    17110.120    17117.120    17118.120    17124.120
  1130:    17126.120    17133.120    17206.120    17228.120    17549.120
  1135:    17560.100    17564.100    17572.100    17580.100    17590.100
  1140:    17593.100    17599.100    17606.100    17614.100    17621.100
  1145:    17640.100    17648.100    17650.200    17657.120    17700.300
  1150:    17726.120    17728.120    17730.120    17732.120    17736.120
  1155:    17740.120    17744.120    17746.120    17749.120    17752.120
  1160:    17755.120    17759.120    17763.120    17767.120    17768.120
  1165:    17774.120    17777.120    17780.120    17783.120    17788.120
  1170:    17791.120    17795.120    17800.500    17803.120    17805.120
  1175:    17811.120    17812.120    17814.120    17818.120    17822.120
  1180:    17826.120    17829.120    17835.120    17838.120    17843.120
  1185:    17845.120    17851.120    17852.120    17855.120    17860.120
  1190:    17874.120    18263.120    18306.100    18375.100    18391.100
  1195:    18397.100    18405.100    18413.100    18418.100    18424.100
  1200:    18431.100    18435.200    18440.120    18485.300    18539.120
  1205:    18541.120    18547.120    18551.120    18555.120    18556.120
  1210:    18560.120    18562.120    18566.120    18569.120    18573.120
  1215:    18575.120    18579.120    18582.120    18585.500    18586.120
  1220:    18589.120    18594.120    18932.120    18955.120    18979.100
  1225:    19004.100    19026.120    19042.100    19053.100    19056.100
  1230:    19062.100    19069.100    19072.100    19092.100    19110.100
  1235:    19118.100    19119.100    19128.100    19142.100    19160.100
  1240:    19164.100    19170.100    19174.100    19180.100    19188.200
  1245:    19194.120    19238.300    19266.120    19267.120    19275.120
  1250:    19281.120    19287.120    19295.120    19295.120    19299.120
  1255:    19303.120    19306.120    19309.120    19313.120    19315.120
  1260:    19319.120    19325.120    19331.120    19335.120    19338.510
  1265:    19339.120    19346.120    19352.120    19356.120    19359.120
  1270:    19363.120    19365.120    19367.120    19377.120    19378.120
  1275:    19380.120    19384.120    19385.120    19385.120    19386.120
  1280:    19392.120    19398.120    19799.110    19803.110    19809.110
  1285:    19813.110    19822.110    19825.110    19832.110    19837.120
  1290:    19848.110    19852.110    19865.110    19868.110    19873.110
  1295:    19881.110    19888.110    19892.110    19897.110    19907.110
  1300:    19920.110    19934.110    19940.110    19948.120    19954.110
  1305:    19961.110    19969.110    19969.210    19974.120    20019.310
  1310:    20052.120    20056.120    20056.120    20058.120    20060.120
  1315:    20069.120    20075.120    20076.120    20081.120    20084.120
  1320:    20087.120    20091.120    20094.120    20102.120    20105.120
  1325:    20108.120    20111.120    20115.120    20118.120    20119.510
  1330:    20122.120    20124.120    20128.120    20129.120    20130.120
  1335:    20133.120    20136.120    20140.120    20141.120    20147.120
  1340:    20150.120    20154.120    20158.120    20164.120    20168.120
  1345:    20174.120    20179.120    20180.120    20187.120    20188.120
  1350:    20823.110    20823.210    20827.120    20873.310    20916.120
  1355:    20917.120    20918.120    20921.120    20923.120    20927.120
  1360:    20929.120    20929.120    20935.120    20936.120    20938.120
  1365:    20960.120    20961.120    20973.500    20998.120    21519.100
  1370:    21535.100    21543.100    21545.100    21546.100    21553.100
  1375:    21557.100    21566.100    21573.100    21579.200    21580.100
  1380:    21586.120    21629.300    21688.120    21689.120    21692.120
  1385:    21697.120    21699.120    21705.120    21706.120    21729.510
  1390:    22029.110    22035.120    22167.110    22174.110    22181.110
  1395:    22201.110    22204.110    22219.110    22222.110    22238.110
  1400:    22244.110    22257.110    22263.110    22270.110    22274.110
  1405:    22280.110    22290.110    22298.110    22304.110    22309.110
  1410:    22335.110    22344.110    22355.110    22360.120    22366.110
  1415:    22366.210    22370.120    22416.310    22450.120    22451.120
  1420:    22457.120    22459.120    22461.120    22465.120    22468.120
  1425:    22473.120    22475.120    22480.120    22483.120    22489.120
  1430:    22494.120    22495.120    22504.120    22508.120    22511.120
  1435:    22513.120    22516.510    22520.120    22521.120    22528.120
  1440:    22935.120    22970.120    22983.110    23052.110    23079.110
  1445:    23089.110    23103.120    23113.110    23121.110    23128.110
  1450:    23131.110    23141.110    23143.120    23151.120    23163.110
  1455:    23163.210    23168.120    23213.310    23247.120    23248.120
  1460:    23252.120    23254.120    23258.120    23261.120    23266.120
  1465:    23273.120    23276.120    23279.120    23283.120    23289.120
  1470:    23294.120    23301.120    23308.120    23313.500    23315.120
  1475:    23321.120    23325.120    23329.120    23332.120    23335.120
  1480:    23339.120    23343.120    23350.120    23354.120    23357.120
  1485:    23361.120    23365.120    23376.120    23380.120    23383.120
  1490:    23388.120    23390.120    23398.120    23401.120    23407.120
  1495:    23411.120    23414.120    23415.120    23817.100    23823.100
  1500:    23829.100    23854.100    23859.100    23871.100    23879.100
  1505:    23882.100    23887.120    23887.120    23902.100    23906.100
  1510:    23913.100    23914.200    23920.120    23964.300    23997.120
  1515:    23999.120    24005.120    24009.120    24009.120    24013.120
  1520:    24016.120    24023.120    24025.120    24030.120    24032.120
  1525:    24032.120    24036.120    24038.120    24044.120    24045.120
  1530:    24047.120    24051.120    24057.120    24064.120    24064.500
  1535:    24072.120    24079.120    24087.120    24087.120    24093.120
  1540:    24367.100    24374.100    24376.100    24383.100    24389.120
  1545:    24416.100    24420.100    24426.100    24428.100    24438.100
  1550:    24441.100    24446.100    24448.100    24452.100    24463.100
  1555:    24466.100    24470.100    24475.120    24479.120    24494.100
  1560:    24496.100    24504.100    24510.100    24514.100    24530.100
  1565:    24531.100    24535.100    24540.100    24552.100    24557.120
  1570:    24562.120    24570.100    24572.100    24574.100    24586.100
  1575:    24588.100    24596.100    24598.100    24618.100    24620.100
  1580:    24624.100    24632.100    24652.100    24656.100    24663.100
  1585:    24663.100    24675.100    24678.200    24679.100    24685.120
  1590:    24728.300    24758.120    24760.120    24767.120    24773.120
  1595:    24776.120    24779.120    24782.120    24784.120    24786.120
  1600:    24787.120    24793.120    24798.120    24802.120    24807.120
  1605:    24812.120    24816.120    24819.120    24823.120    24827.120
  1610:    24828.500    24829.120    24833.120    24837.120    24840.120
  1615:    24844.120    24848.120    24855.120    24859.120    24862.120
  1620:    24866.120    24869.120    24873.120    24877.120    24880.120
  1625:    24885.120    24887.120    24914.120    24918.120    24920.120
  1630:    24921.120    24937.120    24937.120    25393.100    25407.100
  1635:    25412.100    25453.200    25468.120    25503.300    25540.120
  1640:    25542.120    25544.120    25551.120    25553.120    25557.120
  1645:    25558.120    25559.120    25560.120    25564.120    25566.120
  1650:    25569.120    25573.120    25575.120    25578.120    25580.120
  1655:    25584.120    25585.120    25592.120    25594.120    25595.120
  1660:    25599.120    25601.120    25603.510    25606.120    25609.120
  1665:    25613.120    25615.120    25624.120    25625.120    25633.120
  1670:    25636.120    25637.120    25640.120    25641.120    25641.120
  1675:    25819.120    25841.110    25898.110    25986.110    25991.110
  1680:    25996.110    26002.110    26012.110    26015.110    26018.110
  1685:    26025.110    26028.110    26040.110    26043.110    26053.110
  1690:    26063.110    26072.110    26082.110    26085.110    26092.110
  1695:    26096.110    26113.110    26125.110    26136.110    26141.110
  1700:    26150.110    26156.110    26177.110    26180.110    26186.110
  1705:    26191.110    26214.110    26238.120    26249.110    26249.210
  1710:    26254.120    26299.310    26314.120    26315.120    26320.120
  1715:    26327.120    26330.120    26333.120    26337.120    26340.120
  1720:    26341.120    26345.120    26348.120    26350.120    26352.120
  1725:    26354.120    26361.120    26363.120    26367.120    26369.120
  1730:    26373.120    26373.120    26374.120    26383.120    26386.120
  1735:    26386.120    26392.120    26394.120    26399.500    26399.120
  1740:    26401.120    26406.120    26409.120    26415.120    26417.120
  1745:    26421.120    26422.120    26423.120    26423.120    26434.120
  1750:    26440.120    26779.120    27038.100    27060.100    27063.100
  1755:    27066.100    27071.100    27076.100    27080.100    27089.100
  1760:    27093.100    27097.100    27098.200    27104.120    27148.300
  1765:    27202.120    27208.120    27212.120    27216.120    27223.120
  1770:    27248.510    27361.120    27848.110    27856.110    27868.110
  1775:    27880.110    27880.210    27885.120    27930.310    27964.120
  1780:    27968.120    27974.120    27979.120    27984.120    27988.120
  1785:    27991.120    27998.120    28003.120    28009.120    28011.120
  1790:    28014.120    28015.120    28027.120    28030.530    28032.120
  1795:    28447.100    28460.100    28464.100    28468.100    28473.100
  1800:    28476.100    28484.100    28493.100    28504.100    28508.100
  1805:    28514.100    28524.100    28529.100    28531.100    28543.100
  1810:    28550.120    28563.100    28572.100    28581.100    28588.100
  1815:    28590.100    28604.100    28612.100    28618.100    28630.100
  1820:    28637.100    28646.120    28651.100    28678.100    28698.100
  1825:    28794.100    28797.100    28803.100    28814.100    28827.120
  1830:    28900.100    28913.100    28931.100    29059.100    29077.120
  1835:    29333.100    29342.100    29345.100    29349.100    29729.100
  1840:    29736.100    29750.100    29763.100    29830.330    29930.540
  1845:    30106.110    30112.110    30119.110    30127.110    30133.110
  1850:    30143.110    30153.110    30157.110    30160.110    30166.110
  1855:    30176.110    30197.110    30207.120    30210.120    30225.110
  1860:    30228.110    30244.110    30248.110    30269.110    30295.110
  1865:    30301.120    30305.120    30313.110    30329.110    30335.110
  1870:    30338.110    30340.110    30348.110    30368.110    30383.120
  1875:    30397.110    30400.110    30407.110    30436.110    30443.120
  1880:    30461.110    30609.110    31040.110    31109.110    31519.110
  1885:    31545.120    31570.110    31662.110    31675.110    31687.120
  1890:    31730.340    31830.510    31979.110    32230.120    32247.110
  1895:    32259.110    32267.120    32655.110    32655.210    32659.120
  1900:    32705.310    32805.500    33251.100    33266.100    33274.100
  1905:    33283.120    33298.100    33305.100    33317.100    33320.100
  1910:    33325.100    33330.100    33341.100    33374.100    33382.100
  1915:    33389.100    33399.100    33408.100    33413.100    33418.100
  1920:    33422.100    33430.100    33434.200    33438.120    33484.300
  1925:    33522.120    33525.120    33532.120    33540.120    33547.120
  1930:    33550.120    33553.120    33554.120    33560.120    33562.120
  1935:    33567.120    33568.120    33573.120    33576.120    33581.120
  1940:    33584.120    33584.500    33587.120    33593.120    33597.120
  1945:    33598.120    33599.120    33600.120    33600.120    33607.120
  1950:    33608.120    33609.120    33614.120    33615.120    33622.120
  1955:    33624.120    33630.120    33636.120    33974.100    33981.100
  1960:    33993.100    33995.100    34013.100    34023.100    34026.100
  1965:    34032.100    34036.100    34049.100    34053.100    34060.120
  1970:    34072.120    34082.100    34085.100    34090.100    34107.100
  1975:    34113.100    34120.100    34126.100    34132.100    34158.100
  1980:    34161.100    34169.120    34181.120    34186.200    34189.120
  1985:    34236.300    34283.120    34284.120    34294.120    34301.120
  1990:    34302.120    34308.120    34313.120    34316.120    34322.120
  1995:    34329.120    34332.120    34335.120    34336.510    34341.120
  2000:    34344.120    34348.120    34352.120    34356.120    34359.120
  2005:    34364.120    34366.120    34370.120    34371.120    34376.120
  2010:    34378.120    34384.120    34386.120    34391.120    34392.120
  2015:    34396.120    34757.110    34773.120    34806.110    34814.110
  2020:    34825.120    34834.120    34864.110    34877.110    34926.110
  2025:    34933.110    34936.110    34947.110    34967.110    34967.210
  2030:    34973.120    35017.310    35117.500    35208.120    35455.120
  2035:    35549.100    35569.100    35572.100    35594.100    35604.100
  2040:    35611.100    35616.100    35625.100    35629.100    35631.100
  2045:    35636.100    35640.100    35647.100    35653.120    35663.120
  2050:    35672.100    35686.100    35688.100    35695.120    35724.100
  2055:    35729.100    35732.200    35739.120    35782.300    35882.510
  2060:    36358.110    36375.110    36396.110    36410.110    36419.110
  2065:    36428.110    36437.110    36443.110    36451.110    36454.110
  2070:    36527.110    36527.210    36532.120    36577.310    36624.120
  2075:    36632.120    36637.120    36641.120    36645.120    36647.120
  2080:    36648.120    36677.500    36827.100    36983.120    37169.100
  2085:    37174.100    37176.100    37178.100    37181.100    37188.100
  2090:    37197.120    37206.100    37212.100    37218.100    37221.100
  2095:    37225.100    37231.100    37243.100    37258.100    37271.100
  2100:    37273.100    37278.200    37283.120    37328.300    37351.120
  2105:    37353.120    37359.120    37362.120    37365.120    37368.120
  2110:    37371.120    37374.120    37378.120    37381.120    37384.120
  2115:    37386.120    37428.510    37530.120    37743.120    37893.110
  2120:    37913.110    37921.110    37929.110    37934.110    37940.110
  2125:    37946.110    37949.110    37955.120    37966.110    37973.110
  2130:    37980.110    37992.110    38001.110    38008.110    38013.110
  2135:    38023.110    38028.110    38039.110    38056.110    38062.120
  2140:    38071.110    38071.210    38076.120    38121.310    38168.120
  2145:    38174.120    38176.120    38180.120    38183.120    38186.120
  2150:    38187.120    38191.120    38194.120    38197.120    38200.120
  2155:    38204.120    38208.120    38216.120    38216.120    38221.510
  2160:    38237.120    38636.110    38689.110    38709.110    38719.110
  2165:    38734.110    38754.110    38760.110    38763.110    38776.110
  2170:    38783.110    38788.110    38795.110    38802.120    38811.110
  2175:    38816.110    38822.120    38833.110    38839.110    38850.110
  2180:    38855.110    38855.210    38860.120    38905.310    38939.120
  2185:    38944.120    38950.120    38956.120    38959.120    38960.120
  2190:    38964.120    38966.120    38969.120    38971.120    38977.120
  2195:    38979.120    38985.120    38988.120    38992.120    38996.120
  2200:    39005.500    39006.120    39007.120    39009.120    39015.120
  2205:    39023.120    39437.100    39444.100    39448.100    39453.100
  2210:    39454.100    39457.100    39461.100    39467.120    39477.100
  2215:    39479.100    39480.100    39487.100    39493.100    39502.100
  2220:    39507.100    39509.100    39512.100    39519.100    39526.100
  2225:    39534.100    39538.100    39552.100    39553.100    39569.100
  2230:    39571.100    39603.100    39608.120    39612.200    39662.300
  2235:    39684.120    39687.120    39689.120    39690.120    39694.120
  2240:    39695.120    39697.120    39699.120    39701.120    39705.120
  2245:    39707.120    39716.120    39717.120    39719.120    39724.120
  2250:    39725.120    39727.120    39733.120    39736.120    39744.120
  2255:    39746.120    39747.120    39753.120    39753.120    39759.120
  2260:    39762.500    39764.120    39768.120    39828.120    40338.100
  2265:    40363.100    40367.120    40386.120    40398.200    40401.120
  2270:    40448.300    40461.120    40464.120    40471.120    40479.120
  2275:    40483.120    40485.120    40494.120    40496.120    40502.120
  2280:    40505.120    40512.120    40548.510    41042.110    41058.110
  2285:    41066.110    41077.120    41088.110    41093.110    41101.110
  2290:    41105.110    41111.110    41121.110    41137.110    41145.110
  2295:    41161.110    41166.120    41181.110    41181.210    41185.120
  2300:    41231.310    41248.120    41250.120    41254.120    41260.120
  2305:    41265.120    41266.120    41272.120    41276.120    41279.120
  2310:    41286.120    41289.120    41294.120    41298.120    41304.120
  2315:    41305.120    41320.120    41322.120    41327.120    41330.120
  2320:    41331.510    41335.120    41339.120    41347.120    41348.120
  2325:    41351.120    41354.120    41355.120    41591.120    41593.120
  2330:    41628.120    41672.110    41677.120    41702.110    41710.110
  2335:    41724.110    41726.120    41741.110    41755.110    41758.110
  2340:    41764.110    41787.110    41823.110    41835.110    41869.110
  2345:    41882.110    41890.110    41898.110    41904.120    41906.120
  2350:    41918.110    41927.120    41952.110    41956.110    41961.110
  2355:    41961.210    41965.120
E:
     0:     2357.000      493.000      517.000
F:
     0:       70.000       37.153       26.147
G:
     0:        1.000        1.000        1.000        1.000        1.000
     5:        1.000        1.000        1.000        1.000        0.000
H:
     0:        1.000        1.000        2.000        2.000
L:
     0:     6290.000     6154.000     6130.000     6129.000     7026.000
     5:     6141.000     6214.000     6126.000     6452.000     6127.000
    10:     6162.000     6106.000     6244.000     6341.000     7094.000
    15:     6392.000     6120.000     6248.000     6114.000     6167.000
    20:     6466.000
R:
     0:        1.000        1.000        1.000        1.000        1.000
     5:        1.000        1.000        1.000        1.000        0.000
S:
     0:        1.000        1.000
U:
     0:     6290.000        0.000        0.000
X:
     0:        0.000      448.001      558.002      619.002      620.003
     5:      669.000      669.000     1119.001     1183.002     1194.003
    10:     1199.004     1214.005     1218.006     1224.007     1227.008
    15:     1241.009     1251.010     1255.011     1259.012     1264.013
    20:     1272.014     1274.014     1324.000     1324.000     1809.001
    25:     1820.002     1828.003     1832.004     1835.005     1838.006
    30:     1843.007     1847.008     1853.009     1862.010     1866.011
    35:     1871.012     1880.013     1885.014     1888.015     1890.016
    40:     1896.017     1927.017     1977.000     1977.000     2403.001
    45:     2407.002     2412.003     2418.004     2423.005     2425.006
    50:     2438.007     2443.008     2451.009     2453.010     2455.011
    55:     2477.012     2480.013     2495.014     2508.015     2519.016
    60:     2528.017     2541.018     2546.019     2579.019     2629.000
    65:     2629.000     3261.001     3264.002     3277.003     3281.004
    70:     3285.005     3291.006     3295.007     3304.008     3317.009
    75:     3320.010     3321.010     3371.000     3371.000     3824.001
    80:     3847.002     3863.003     3870.004     3888.005     3893.006
    85:     3897.007     3909.008     3915.009     3919.010     3930.011
    90:     3934.012     3935.013     3940.014     3945.015     3947.016
    95:     3957.017     3975.017     4025.000     4025.000     4500.001
   100:     4512.002     4521.003     4527.004     4529.005     4535.006
   105:     4552.007     4554.008     4557.009     4576.010     4581.011
   110:     4593.012     4596.013     4599.014     4634.015     4636.015
   115:     4686.000     4686.000     4994.002     4999.004     5004.006
   120:     5061.008     5064.010     5072.012     5077.014     5080.016
   125:     5112.018     5120.020     5125.022     5130.024     5190.026
   130:     5192.028     5196.030     5201.032     5205.034     5222.036
   135:     5226.038     5228.040     5231.042     5235.044     5250.046
   140:     5253.048     5258.050     5262.052     5263.054     5269.056
   145:     5271.058     5276.060     5293.062     5295.064     5298.066
   150:     5300.068     5318.070     5324.072     5326.074     5344.076
   155:     5349.078     5352.080     5355.082     5359.084     5367.086
   160:     5374.088     5388.090     5393.092     5442.094     5445.096
   165:     5462.098     5464.100     5472.102     5506.104     5509.106
   170:     5512.108     5528.110     5536.112     5538.114     5566.116
   175:     5646.118     5652.120     5655.122     5657.124     5659.126
   180:     5842.128     5952.130     6086.132     6231.134     6234.136
   185:     6244.138     6336.140     6444.142     6484.144     8660.001
   190:     8664.002     8671.003     8680.004     8689.005     8692.006
   195:     8699.007     8705.008     8713.009     8721.010     8740.011
   200:     8747.012     8749.012     8799.000     8799.000     9305.001
   205:     9374.002     9390.003     9396.004     9404.005     9412.006
   210:     9416.007     9422.008     9429.009     9434.009     9484.000
   215:     9484.000     9877.001     9902.002     9941.003     9951.004
   220:     9954.005     9961.006     9967.007     9971.008     9991.009
   225:    10009.010    10016.011    10018.012    10026.013    10040.014
   230:    10058.015    10062.016    10069.017    10073.018    10079.019
   235:    10086.019    10136.000    10136.000    10682.001    10698.002
   240:    10705.003    10707.004    10709.005    10716.006    10719.007
   245:    10728.008    10735.009    10742.009    10743.010    10792.000
   250:    10792.000    11295.001    11301.002    11307.003    11332.004
   255:    11337.005    11349.006    11357.007    11360.008    11380.009
   260:    11384.010    11391.011    11392.011    11442.000    11442.000
   265:    11744.001    11751.002    11754.003    11761.004    11793.005
   270:    11798.006    11803.007    11806.008    11815.009    11818.010
   275:    11824.011    11826.012    11830.013    11840.014    11844.015
   280:    11847.016    11871.017    11874.018    11882.019    11887.020
   285:    11891.021    11907.022    11908.023    11912.024    11917.025
   290:    11930.026    11947.027    11949.028    11952.029    11963.030
   295:    11965.031    11973.032    11976.033    11996.034    11998.035
   300:    12001.036    12009.037    12030.038    12033.039    12040.040
   305:    12041.041    12052.042    12056.042    12057.043    12106.000
   310:    12106.000    12670.001    12684.002    12689.003    12730.003
   315:    12780.000    12780.000    13419.001    13441.002    13444.003
   320:    13447.004    13451.005    13456.006    13461.007    13470.008
   325:    13474.009    13477.010    13479.010    13529.000    13529.000
   330:    13946.002    13959.004    13963.006    13966.008    13971.010
   335:    13975.012    13982.014    13992.016    14003.018    14006.020
   340:    14013.022    14022.024    14028.026    14030.028    14042.030
   345:    14062.032    14070.034    14080.036    14086.038    14089.040
   350:    14103.042    14111.044    14116.046    14128.048    14135.050
   355:    14150.052    14177.054    14196.056    14292.058    14296.060
   360:    14302.062    14312.064    14399.066    14411.068    14430.070
   365:    14558.072    14831.074    14840.076    14843.078    14848.080
   370:    15227.082    15235.084    15249.086    15262.088    18749.001
   375:    18765.002    18773.003    18796.004    18804.005    18815.006
   380:    18819.007    18823.008    18829.009    18839.010    18873.011
   385:    18880.012    18887.013    18897.014    18907.015    18911.016
   390:    18917.017    18920.018    18928.019    18933.019    18983.000
   395:    18983.000    19373.001    19379.002    19391.003    19393.004
   400:    19411.005    19422.006    19425.007    19431.008    19434.009
   405:    19448.010    19451.011    19480.012    19483.013    19489.014
   410:    19505.015    19511.016    19518.017    19524.018    19530.019
   415:    19556.020    19560.021    19585.021    19635.000    19635.000
   420:    20066.001    20086.002    20089.003    20111.004    20121.005
   425:    20128.006    20133.007    20142.008    20146.009    20149.010
   430:    20153.011    20157.012    20164.013    20189.014    20203.015
   435:    20205.016    20241.017    20246.018    20249.018    20299.000
   440:    20299.000    20448.001    20791.002    20796.003    20797.004
   445:    20800.005    20803.006    20810.007    20828.008    20833.009
   450:    20840.010    20843.011    20847.012    20852.013    20864.014
   455:    20879.015    20893.016    20895.017    20900.017    20950.000
   460:    20950.000    21381.001    21389.002    21392.003    21397.004
   465:    21399.005    21402.006    21405.007    21421.008    21423.009
   470:    21425.010    21431.011    21437.012    21446.013    21452.014
   475:    21453.015    21457.016    21464.017    21470.018    21478.019
   480:    21483.020    21496.021    21497.022    21514.023    21516.024
   485:    21547.025    21556.025    21606.000    21606.000    22182.001
   490:    22207.002    22242.002    22292.000
Y:
     0:        0.000       49.001      190.002      197.003      271.004
     5:      275.005      314.006      418.007      525.008      530.009
    10:      563.010      563.010      613.000      613.000     1030.001
    15:     1037.002     1059.003     1063.004     1068.005     1079.006
    20:     1087.007     1095.008     1124.009     1139.010     1178.011
    25:     1181.012     1184.013     1197.014     1217.015     1241.016
    30:     1252.017     1252.017     1302.000     1302.000     1621.001
    35:     1781.002     1786.003     1791.004     1803.005     1807.006
    40:     1820.007     1840.008     1845.009     1868.010     1876.011
    45:     1887.012     1906.013     1911.014     1933.015     1933.015
    50:     1983.000     1983.000     2305.001     2419.002     2430.003
    55:     2441.004     2459.005     2469.006     2479.007     2500.008
    60:     2509.009     2516.010     2588.011     2596.012     2625.013
    65:     2625.013     2675.000     2675.000     2909.001     2945.002
    70:     2950.003     3008.004     3011.005     3021.006     3026.007
    75:     3040.008     3064.009     3069.010     3097.011     3100.012
    80:     3105.013     3115.014     3122.015     3140.016     3147.017
    85:     3159.018     3166.019     3177.020     3195.021     3219.022
    90:     3222.023     3232.024     3243.025     3249.026     3268.027
    95:     3276.028     3280.029     3291.030     3313.031     3313.031
   100:     3363.000     3363.000     3780.001     3849.002     3981.003
   105:     3997.004     3997.004     4047.000     4047.000     4539.001
   110:     4543.002     4547.003     4559.004     4576.005     4594.006
   115:     4605.007     4608.008     4626.009     4633.010     4644.011
   120:     4659.012     4668.013     4684.014     4684.014     4734.000
   125:     4734.000     5236.002     5259.004     5280.006     5292.008
   130:     5312.010     5315.012     5317.014     5341.016     5344.018
   135:     5346.020     5352.022     5370.024     5375.026     5380.028
   140:     5389.030     5394.032     5412.034     5424.036     5443.038
   145:     5452.040     5465.042     5473.044     5484.046     5495.048
   150:     5525.050     5535.052     5543.054     5549.056     5552.058
   155:     5575.060     5617.062     5629.064     5673.066     5731.068
   160:     5892.070     6068.072     6073.074     6077.076     6121.078
   165:     6316.080     6340.082     6343.084     6349.086     6357.088
   170:     6368.090     6381.092     6385.094     6407.096     6414.098
   175:     6439.100     6441.102     6452.104     6459.106     6482.108
   180:     6511.110     6730.111     6738.112     6965.113     7085.114
   185:     7343.115     7343.115     7393.000     7393.000     7393.145
   190:     7393.146     7393.147     7393.148     7393.149     7393.150
   195:     7393.151     7393.152     7393.153     7393.154     7393.155
   200:     7393.156     7393.157     7393.158     7393.159     7393.160
   205:     7393.161     7393.162     7393.163     7393.164     7393.165
   210:     7393.166     7393.167     7393.168     7393.169     7393.170
   215:     7393.171     7393.172     7393.173     7393.174     7393.175
   220:     7393.176     7393.177     7393.178     7393.179     7393.180
   225:     7393.181     7393.182     7393.182     7393.000     7393.000
   230:     7393.001     7393.002     7393.003     7393.004     7393.005
   235:     7393.006     7393.007     7393.008     7393.009     7393.010
   240:     7393.011     7393.012     7393.013     7393.014     7393.015
   245:     7393.016     7393.017     7393.018     7393.019     7393.020
   250:     7393.021     7393.022     7393.022     7393.000     7393.000
   255:     7854.001     7858.002     7864.003     7868.004     7877.005
   260:     7880.006     7886.007     7902.008     7906.009     7919.010
   265:     7922.011     7928.012     7936.013     7942.014     7947.015
   270:     7952.016     7961.017     7975.018     7989.019     7995.020
   275:     8009.021     8016.022     8024.023     8024.023     8074.000
   280:     8074.000     8777.001     8777.001     8827.000     8827.000
   285:     9126.001     9264.002     9272.003     9279.004     9298.005
   290:     9301.006     9317.007     9320.008     9335.009     9341.010
   295:     9355.011     9360.012     9367.013     9371.014     9378.015
   300:     9387.016     9395.017     9401.018     9406.019     9432.020
   305:     9442.021     9452.022     9463.023     9463.023     9513.000
   310:     9513.000     9979.001    10049.002    10076.003    10086.004
   315:    10110.005    10118.006    10125.007    10128.008    10137.009
   320:    10160.010    10160.010    10210.000    10210.000    10448.001
   325:    10504.002    10593.003    10598.004    10603.005    10609.006
   330:    10619.007    10622.008    10625.009    10632.010    10635.011
   335:    10647.012    10650.013    10660.014    10670.015    10679.016
   340:    10689.017    10692.018    10699.019    10703.020    10720.021
   345:    10732.022    10742.023    10748.024    10757.025    10763.026
   350:    10784.027    10787.028    10793.029    10798.030    10821.031
   355:    10856.032    10856.032    10906.000    10906.000    11505.001
   360:    11513.002    11525.003    11537.004    11537.004    11587.000
   365:    11587.000    11587.090    11587.092    11587.094    11587.096
   370:    11587.098    11587.100    11587.102    11587.104    11587.106
   375:    11587.108    11587.110    11587.112    11587.114    11587.116
   380:    11587.118    11587.120    11587.122    11587.124    11587.126
   385:    11587.128    11587.130    11587.132    11587.134    11587.136
   390:    11587.138    11587.140    11587.142    11587.144    11587.146
   395:    11587.148    11587.150    11587.152    11587.154    11587.156
   400:    11587.158    11587.160    11587.162    11587.163    11587.164
   405:    11587.165    11587.166    11587.166    11587.000    11587.000
   410:    12008.001    12056.002    12064.003    12114.004    12127.005
   415:    12177.006    12183.007    12186.008    12198.009    12218.010
   420:    12218.010    12268.000    12268.000    12744.001    12761.002
   425:    12781.003    12795.004    12805.005    12813.006    12822.007
   430:    12829.008    12836.009    12839.010    12912.011    12912.011
   435:    12962.000    12962.000    13426.001    13446.002    13454.003
   440:    13462.004    13467.005    13473.006    13479.007    13482.008
   445:    13499.009    13506.010    13513.011    13525.012    13534.013
   450:    13541.014    13546.015    13557.016    13561.017    13573.018
   455:    13589.019    13604.020    13605.020    13655.000    13655.000
   460:    14069.001    14122.002    14142.003    14152.004    14167.005
   465:    14188.006    14193.007    14196.008    14209.009    14216.010
   470:    14222.011    14228.012    14244.013    14250.014    14266.015
   475:    14272.016    14283.017    14288.018    14288.018    14338.000
   480:    14338.000    14831.001    14848.002    14855.003    14877.004
   485:    14882.005    14890.006    14894.007    14900.008    14911.009
   490:    14926.010    14934.011    14950.012    14970.013    14970.013
   495:    15020.000    15020.000    15360.001    15390.002    15399.003
   500:    15413.004    15429.005    15444.006    15447.007    15453.008
   505:    15476.009    15512.010    15524.011    15557.012    15570.013
   510:    15579.014    15586.015    15607.016    15641.017    15644.018
   515:    15649.019    15649.019
