File: C:\MED-PC\Data\2018-05-23_10h46m_Subject M328.txt


Start Date: 05/23/18
End Date: 05/23/18
Subject: M328
Experiment: DOBLE_PICO_ACO
Group: EXP
Box: 8
Start Time: 10:46:03
End Time: 11:59:49
MSN: IF_ACO_MULTIPLE_PICO
A:     324.000
B:      20.000
D:      20.000
I:       2.000
J:   18000.000
K:    5400.000
M:      95.000
N:      20.000
O:      21.000
P:     434.000
Q:       0.000
T:    1000.000
V:     600.000
W:      20.000
Z:       0.000
C:
     0:        0.120        0.120        0.120        0.120        0.120
     5:        0.120        0.120        0.120        0.120        0.120
    10:        0.120        0.120        0.120        0.120        0.120
    15:        0.120        0.120        0.120        0.120        0.120
    20:        0.120        0.120        0.120        0.120        0.120
    25:        0.120        0.120        0.120        0.120        0.120
    30:        0.120        0.120        0.120        0.120        0.120
    35:        0.510       63.120       96.120      105.120      115.120
    40:      118.120      127.120      131.120      148.110      155.120
    45:      161.120      162.120      164.120      191.120      197.120
    50:      210.120      215.110      220.120      242.120      244.120
    55:      250.120      262.120      269.120      271.120      281.110
    60:      286.120      317.120      323.120      328.120      334.120
    65:      336.120      345.120      347.120      351.120      360.120
    70:      365.120      370.110      375.120      409.120      413.110
    75:      420.110      423.110      427.110      441.110      445.120
    80:      473.120      477.120      490.120      495.120      503.110
    85:      506.110      508.110      516.110      522.120      538.110
    90:      550.120      569.110      569.210      581.110      586.110
    95:      593.120      619.310      719.510      788.120      801.120
   100:      809.120      810.120      811.120      813.120      815.120
   105:      841.120      842.120      858.120      859.120      860.120
   110:      861.120      865.120      867.120      923.120      985.120
   115:     1010.120     1023.110     1025.120     1036.120     1050.120
   120:     1059.120     1066.120     1075.110     1080.120     1114.120
   125:     1118.120     1121.120     1128.110     1132.120     1155.120
   130:     1160.120     1165.110     1167.110     1172.120     1194.120
   135:     1195.120     1199.110     1207.110     1211.110     1217.120
   140:     1238.120     1239.120     1240.120     1245.110     1253.110
   145:     1256.110     1262.120     1279.110     1279.210     1282.110
   150:     1289.110     1292.120     1329.310     1429.500     1514.120
   155:     1535.120     1538.120     1538.120     1589.120     1953.120
   160:     1989.100     1995.100     1998.120     2049.100     2049.200
   165:     2054.100     2055.100     2056.100     2060.120     2099.300
   170:     2199.500     2283.120     2514.100     2539.120     2551.100
   175:     2555.120     2576.100     2579.100     2581.100     2584.120
   180:     2640.100     2644.100     2645.100     2646.100     2650.120
   185:     2680.100     2685.120     2732.120     2752.100     2758.100
   190:     2760.100     2763.120     2812.200     2824.120     2862.300
   195:     2962.510     3259.120     3275.120     3348.110     3351.120
   200:     3373.120     3396.110     3401.120     3419.110     3424.120
   205:     3445.120     3445.120     3458.110     3464.110     3468.110
   210:     3473.120     3491.110     3503.120     3519.120     3528.110
   215:     3532.110     3537.110     3543.120     3555.120     3574.110
   220:     3579.120     3614.110     3614.210     3622.120     3664.310
   225:     3764.530     4063.100     4067.120     4112.120     4123.100
   230:     4126.120     4164.100     4167.120     4174.120     4194.100
   235:     4205.100     4207.100     4211.120     4241.100     4245.120
   240:     4274.100     4279.120     4305.100     4309.120     4333.100
   245:     4341.120     4352.120     4370.100     4376.120     4392.100
   250:     4398.100     4400.100     4401.100     4405.120     4444.120
   255:     4449.120     4468.100     4475.100     4479.120     4506.120
   260:     4512.120     4524.100     4533.120     4546.120     4549.120
   265:     4554.120     4564.120     4607.120     4644.100     4645.100
   270:     4649.120     4685.120     4740.100     4741.100     4742.100
   275:     4746.120     4772.120     4812.120     4814.120     4843.120
   280:     4897.120     4925.120     4958.120     5038.120     5059.120
   285:     5068.120     5077.120     5082.120     5085.120     5087.120
   290:     5095.120     5098.120     5105.120     5113.120     5114.120
   295:     5114.120     5116.120     5121.120     5121.120     5127.120
   300:     5129.120     5131.120     5179.120     5181.120     5189.120
   305:     5517.120     5546.120     5564.330     5581.120     5619.120
   310:     5629.120     5649.120     5664.500     5674.120     5816.100
   315:     5821.120     5892.100     5894.100     5898.120     5940.100
   320:     5942.100     5946.120     5971.120     5992.100     5995.120
   325:     6018.120     6022.120     6032.100     6034.100     6035.100
   330:     6039.120     6078.100     6079.100     6088.120     6154.100
   335:     6158.120     6174.120     6176.120     6181.120     6185.120
   340:     6191.120     6211.120     6223.120     6239.100     6242.100
   345:     6245.100     6247.100     6252.120     6299.100     6299.200
   350:     6302.100     6309.120     6349.300     6449.510     6916.120
   355:     6938.110     6942.120     6966.120     6972.110     6977.120
   360:     6994.110     6996.110     7001.120     7018.110     7022.120
   365:     7043.110     7051.120     7062.120     7072.110     7080.110
   370:     7080.210     7083.110     7087.110     7097.120     7130.310
   375:     7230.510     7450.120     7455.120     7469.110     7474.120
   380:     7516.120     7547.110     7552.120     7585.110     7590.120
   385:     7605.110     7614.110     7617.120     7631.110     7684.110
   390:     7688.120     7723.110     7727.120     7749.110     7755.120
   395:     7776.110     7781.110     7784.110     7790.120     7803.120
   400:     7809.110     7820.110     7827.120     7854.110     7858.110
   405:     7867.120     7882.110     7882.210     7888.110     7892.110
   410:     7901.120     7932.310     8032.500     8363.100     8368.100
   415:     8374.100     8380.120     8421.120     8432.120     8445.120
   420:     8506.100     8507.100     8510.120     8549.100     8550.100
   425:     8553.120     8583.100     8585.100     8588.120     8613.100
   430:     8618.120     8643.200     8645.100     8648.120     8693.300
   435:     8793.510     9200.120     9260.120     9269.120     9295.110
   440:     9300.120     9337.110     9341.120     9361.120     9367.110
   445:     9371.120     9384.110     9394.110     9397.120     9425.110
   450:     9425.210     9432.120     9475.310     9575.510     9973.120
   455:     9982.120    10062.120    10099.120    10126.120    10126.120
   460:    10140.120    10144.120    10160.120    10188.110    10191.120
   465:    10225.110    10225.210    10227.110    10238.120    10275.310
   470:    10375.500    10599.120    10622.120    11038.120    11067.120
   475:    11073.120    11078.120    11101.120    11122.120    11144.100
   480:    11148.120    11190.100    11191.100    11193.100    11196.120
   485:    11204.200    11254.300    11354.510    11398.120    11460.120
   490:    11500.120    11517.120    11803.120    11809.120    11822.120
   495:    11838.120    11885.120    11899.120    11945.110    11948.120
   500:    11981.120    11986.120    11987.120    11994.110    11994.210
   505:    11997.120    12044.310    12144.500    12261.120    12274.120
   510:    12340.120    12343.120    12361.100    12364.120    12397.100
   515:    12402.120    12431.100    12432.100    12436.120    12475.100
   520:    12477.100    12482.120    12522.120    12552.120    12570.100
   525:    12576.100    12578.100    12579.100    12583.120    12628.120
   530:    12645.120    12675.100    12677.100    12678.100    12682.120
   535:    12718.120    12745.120    12793.120    12810.120    12830.100
   540:    12831.100    12832.100    12836.120    12861.120    12890.200
   545:    12894.100    12895.100    12896.100    12899.100    12900.120
   550:    12940.300    13040.500    13340.120    13360.100    13364.120
   555:    13387.120    13394.100    13398.120    13431.100    13432.100
   560:    13436.120    13471.100    13473.100    13475.100    13476.120
   565:    13506.100    13508.100    13511.120    13549.120    13594.100
   570:    13596.100    13597.100    13600.120    13643.100    13646.100
   575:    13653.120    13654.200    13704.300    13804.510    13866.120
   580:    13877.120    13960.120    13983.120    14022.120    14038.120
   585:    14091.110    14096.120    14152.120    14181.120    14185.120
   590:    14194.110    14197.120    14223.120    14228.110    14232.120
   595:    14251.120    14256.110    14261.120    14283.110    14288.120
   600:    14311.110    14318.110    14323.120    14336.110    14337.110
   605:    14348.110    14350.120    14365.110    14368.120    14387.110
   610:    14391.120    14405.120    14411.120    14429.110    14434.120
   615:    14444.120    14464.110    14464.210    14468.110    14472.110
   620:    14478.120    14514.310    14614.540    14798.120    14854.120
   625:    14920.110    14922.120    14946.120    14949.120    14952.120
   630:    14959.110    14962.120    14996.110    15001.120    15024.110
   635:    15027.110    15034.120    15051.120    15053.120    15058.110
   640:    15062.120    15072.110    15076.110    15084.120    15118.120
   645:    15141.110    15148.120    15205.110    15212.120    15224.120
   650:    15240.120    15246.110    15250.120    15268.110    15276.110
   655:    15279.110    15283.110    15286.110    15292.120    15302.120
   660:    15303.120    15320.110    15332.110    15334.110    15343.110
   665:    15346.120    15364.110    15370.120    15399.110    15406.110
   670:    15417.120    15452.110    15455.110    15462.110    15465.110
   675:    15467.110    15469.110    15474.120    15490.110    15495.110
   680:    15507.120    15540.120    15557.120    15563.110    15571.120
   685:    15588.120    15596.110    15605.120    15613.120    15617.120
   690:    15653.110    15660.120    15674.110    15678.120    15724.120
   695:    15730.120    15736.120    15739.120    15747.110    15752.120
   700:    15804.110    15809.120    15867.120    15873.120    15880.120
   705:    15954.120    15961.110    16080.120    16157.120    16245.120
   710:    16322.120    16407.110    16412.120    16414.340    16486.120
   715:    16507.120    16514.500    16534.100    16538.120    16647.100
   720:    16656.100    16660.100    16661.100    16666.120    16703.100
   725:    16707.120    16738.100    16743.100    16747.120    16777.100
   730:    16778.100    16782.120    16807.100    16812.100    16815.120
   735:    16839.120    16849.100    16852.100    16857.120    16891.100
   740:    16893.100    16897.100    16897.120    16917.120    16947.100
   745:    16949.100    16950.100    16951.100    16954.100    16955.120
   750:    16978.120    16978.120    16980.120    17026.100    17028.100
   755:    17029.100    17031.100    17032.120    17063.120    17079.120
   760:    17096.100    17098.100    17099.100    17102.100    17103.120
   765:    17131.120    17156.200    17163.120    17206.300    17306.510
   770:    17427.120    17570.120    17619.120    17633.120    17660.110
   775:    17663.120    17686.110    17698.120    17723.120    17726.120
   780:    17732.110    17736.120    17759.110    17770.110    17773.120
   785:    17788.120    17791.120    17796.110    17800.110    17808.120
   790:    17823.120    17828.110    17835.110    17848.110    17849.120
   795:    17861.120    17862.120    17868.110    17876.110    17881.110
   800:    17884.110    17885.120    17911.120    17913.120    17918.110
   805:    17923.120    17940.120    17945.110    17945.210    17948.120
   810:    17995.310    18095.500    18246.120    18254.120    18279.120
   815:    18283.120    18288.120    18289.120    18297.120    18507.100
   820:    18512.120    18539.100    18543.120    18580.100    18585.100
   825:    18587.100    18588.100    18592.120    18623.100    18629.100
   830:    18631.100    18633.100    18634.120    18673.100    18678.120
   835:    18690.120    18719.100    18724.100    18727.100    18731.120
   840:    18733.200    18783.300    18883.500    19313.120    19346.120
   845:    19347.120    19350.120    19383.100    19445.120    19465.100
   850:    19469.100    19473.120    19511.100    19513.100    19517.120
   855:    19525.200    19575.300    19675.510    19829.120    19831.120
   860:    19967.120    20062.120    20065.120    20066.120    20072.110
   865:    20078.120    20100.110    20106.120    20132.120    20136.120
   870:    20144.110    20149.120    20161.120    20166.110    20169.110
   875:    20173.110    20182.120    20204.120    20212.110    20217.120
   880:    20245.110    20249.120    20281.110    20284.110    20292.120
   885:    20314.110    20314.210    20317.110    20323.120    20364.310
   890:    20464.500    20992.100    20999.100    21003.120    21069.100
   895:    21077.120    21129.200    21133.120    21179.300    21279.510
   900:    21483.120    21489.120    21580.120    21741.120    21743.120
   905:    21760.120    21760.120    21772.110    21775.120    21793.120
   910:    21801.110    21859.110    21863.120    21916.120    21918.120
   915:    21922.110    21922.210    21927.120    21972.310    21973.120
   920:    22072.500    22119.120    22171.120    22200.100    22203.120
   925:    22235.100    22239.120    22273.100    22276.100    22279.120
   930:    22292.120    22317.120    22325.100    22327.100    22328.100
   935:    22330.100    22332.100    22333.120    22401.100    22403.100
   940:    22404.100    22407.120    22431.100    22434.120    22467.120
   945:    22485.120    22512.100    22514.100    22517.120    22565.120
   950:    22568.120    22574.120    22596.100    22597.100    22600.100
   955:    22601.120    22629.100    22631.100    22631.100    22635.120
   960:    22689.200    22739.300    22839.510    23214.110    23219.120
   965:    23268.110    23271.120    23296.120    23307.110    23311.120
   970:    23324.120    23335.120    23341.110    23344.120    23369.110
   975:    23374.120    23414.110    23418.120    23430.110    23436.110
   980:    23438.110    23443.120    23456.120    23466.110    23471.120
   985:    23508.110    23508.210    23512.120    23558.310    23658.500
   990:    23780.120    23996.120    24009.120    24062.120    24072.100
   995:    24077.120    24101.120    24112.100    24113.100    24116.120
  1000:    24162.100    24163.100    24167.120    24205.100    24206.100
  1005:    24210.120    24243.120    24244.120    24250.120    24251.120
  1010:    24260.120    24263.120    24265.200    24272.100    24274.100
  1015:    24277.120    24315.300    24320.120    24415.510    24604.120
  1020:    24624.120    24685.120    24732.120    24764.120    24766.120
  1025:    24774.110    24780.120    24795.120    24797.120    24802.110
  1030:    24815.120    24836.120    24852.120    24866.120    24871.110
  1035:    24877.120    24901.120    24906.110    24911.120    24936.110
  1040:    24942.120    24968.110    24973.120    24998.110    25004.110
  1045:    25009.120    25025.110    25027.110    25036.120    25091.110
  1050:    25091.210    25099.120    25141.310    25241.500    25650.120
  1055:    25689.120    25691.120    25710.100    25715.120    25743.100
  1060:    25745.100    25748.120    25773.120    25828.100    25830.100
  1065:    25831.100    25835.120    25846.120    25876.120    25888.200
  1070:    25938.300    26038.540    26256.120    26260.120    26406.120
  1075:    26480.120    26494.110    26512.120    26517.120    26518.120
  1080:    26534.120    26562.120    26569.110    26581.110    26586.120
  1085:    26604.120    26607.120    26607.120    26609.120    26613.110
  1090:    26617.120    26640.120    26645.120    26651.110    26655.120
  1095:    26674.120    26680.110    26685.120    26702.110    26709.110
  1100:    26717.120    26751.110    26758.120    26770.120    26777.110
  1105:    26780.110    26783.110    26786.110    26795.110    26798.120
  1110:    26807.120    26812.110    26825.110    26833.120    26855.110
  1115:    26857.110    26864.110    26867.120    26916.110    26923.120
  1120:    26943.120    26949.110    26955.120    26980.110    26989.110
  1125:    26999.120    27095.120    27098.120    27100.120    27104.120
  1130:    27111.110    27119.120    27129.120    27141.120    27143.120
  1135:    27150.110    27155.120    27169.120    27234.120    27238.120
  1140:    27239.120    27244.120    27250.120    27262.120    27268.110
  1145:    27273.120    27312.120    27322.110    27324.120    27337.110
  1150:    27342.110    27345.110    27348.110    27374.120    27384.110
  1155:    27390.120    27442.110    27449.120    27489.120    27492.120
  1160:    27498.120    27502.120    27506.120    27512.120    27518.110
  1165:    27527.120    27544.120    27789.120    27810.120    27814.120
  1170:    27818.120    27838.340    27938.120    27938.510    27940.120
  1175:    27959.120    27992.120    28003.120    28199.120    28211.110
  1180:    28215.120    28249.110    28256.110    28258.110    28265.120
  1185:    28294.120    28386.120    28412.120    28473.120    28506.120
  1190:    28506.120    28534.120    28537.120    28539.120    28542.120
  1195:    28545.120    28550.120    28557.110    28562.120    28595.120
  1200:    28597.120    28605.120    28609.120    28616.110    28616.210
  1205:    28621.120    28666.310    28766.500    28937.120    28944.120
  1210:    29196.100    29199.120    29284.120    29293.100    29295.100
  1215:    29298.120    29349.100    29350.100    29353.120    29391.100
  1220:    29395.120    29409.200    29459.300    29559.500    29788.120
  1225:    29997.120    29998.120    30018.120    30089.100    30094.100
  1230:    30098.120    30159.120    30206.100    30210.120    30235.120
  1235:    30243.100    30245.100    30248.120    30266.200    30316.300
  1240:    30416.510    30522.120    30685.120    30734.120    30796.120
  1245:    30838.120    30863.110    30867.120    30903.120    30913.110
  1250:    30918.120    30933.110    30940.110    30950.110    30956.120
  1255:    31003.120    31052.110    31052.210    31055.120    31102.310
  1260:    31202.530    31378.120    31384.120    31547.100    31563.100
  1265:    31567.120    31668.120    31697.120    31727.100    31730.120
  1270:    31794.120    31820.100    31822.100    31825.120    31882.120
  1275:    31904.100    31911.100    31913.100    31917.120    31990.120
  1280:    32016.100    32018.100    32020.100    32023.120    32065.120
  1285:    32075.100    32080.120    32116.120    32121.120    32155.100
  1290:    32157.100    32160.120    32203.100    32207.100    32209.100
  1295:    32211.100    32215.120    32230.120    32232.120    32232.120
  1300:    32233.120    32291.120    32322.120    32323.120    32324.120
  1305:    32325.120    32348.120    32384.120    32423.120    32444.100
  1310:    32447.100    32451.120    32514.100    32519.120    32528.120
  1315:    32586.120    32590.120    32599.120    32607.120    32621.120
  1320:    32651.120    32658.120    32664.120    32667.120    32689.100
  1325:    32692.100    32697.120    32722.120    32736.120    32738.120
  1330:    32851.120    32858.120    32872.120    32936.120    32959.120
  1335:    33002.330    33097.120    33102.510    33130.120    33138.120
  1340:    33139.120    33150.110    33713.120    33741.120    33751.120
  1345:    33753.120    33754.120    33759.120    33794.110    33794.210
  1350:    33800.120    33844.310    33944.500    34027.120    34185.120
  1355:    34256.100    34261.100    34264.120    34298.100    34303.120
  1360:    34333.100    34341.100    34345.120    34376.100    34380.100
  1365:    34383.100    34387.120    34429.120    34455.100    34458.100
  1370:    34463.120    34504.120    34520.100    34522.100    34523.100
  1375:    34527.120    34573.100    34576.120    34580.200    34630.300
  1380:    34730.500    34903.120    34916.120    34920.120    35119.100
  1385:    35123.120    35223.120    35231.100    35234.100    35238.120
  1390:    35262.120    35277.100    35281.120    35318.100    35320.100
  1395:    35324.120    35337.200    35387.300    35487.510    35663.120
  1400:    35664.120    36089.120    36115.120    36139.110    36139.210
  1405:    36143.120    36189.310    36289.510    36609.120    36641.120
  1410:    36669.110    36672.120    36720.110    36723.120    36747.110
  1415:    36753.120    36775.120    36801.110    36804.120    36814.110
  1420:    36816.110    36821.120    36847.110    36851.110    36857.120
  1425:    36893.110    36896.110    36903.120    36929.110    36933.120
  1430:    36976.120    36998.110    36998.210    37003.120    37048.310
  1435:    37148.500    37445.120    37475.100    37478.100    37480.100
  1440:    37481.120    37522.100    37523.100    37527.120    37585.100
  1445:    37587.100    37589.120    37618.100    37619.100    37623.120
  1450:    37662.100    37665.100    37668.120    37740.120    37762.100
  1455:    37763.100    37764.100    37768.120    37822.200    37823.120
  1460:    37826.120    37872.300    37972.500    38064.120    38076.120
  1465:    38080.120    38094.120    38147.120    38194.100    38202.120
  1470:    38247.100    38250.120    38278.100    38280.100    38283.120
  1475:    38322.100    38324.100    38327.120    38385.100    38391.120
  1480:    38438.120    38448.120    38458.120    38464.100    38467.100
  1485:    38471.120    38503.120    38505.120    38533.120    38558.120
  1490:    38582.120    38583.120    38631.100    38633.100    38639.100
  1495:    38640.100    38645.120    38691.200    38696.120    38741.300
  1500:    38841.510    39016.120    39095.120    39105.110    39232.120
  1505:    39252.120    39279.120    39284.110    39289.120    39316.120
  1510:    39321.110    39327.110    39336.120    39364.110    39369.120
  1515:    39391.110    39395.120    39407.120    39412.110    39415.110
  1520:    39425.120    39442.110    39449.110    39453.120    39493.110
  1525:    39493.210    39496.110    39507.110    39511.120    39543.310
  1530:    39643.540    39820.120    39847.120    39876.120    39879.120
  1535:    39889.120    39911.120    39914.120    39917.120    39920.120
  1540:    39925.120    39934.120    39957.120    40017.110    40024.110
  1545:    40031.120    40060.110    40064.120    40086.120    40087.120
  1550:    40089.120    40090.120    40092.120    40098.120    40103.110
  1555:    40106.120    40126.120    40128.120    40133.110    40136.120
  1560:    40169.110    40173.120    40200.110    40203.110    40209.110
  1565:    40212.110    40220.120    40240.110    40257.110    40260.110
  1570:    40271.120    40281.120    40301.110    40305.110    40315.110
  1575:    40325.120    40349.120    40382.110    40387.110    40392.120
  1580:    40425.110    40429.120    40449.120    40456.110    40461.120
  1585:    40479.120    40489.120    40491.120    40491.120    40532.120
  1590:    40543.120    40553.120    40578.110    40584.120    40613.110
  1595:    40618.120    40634.120    40662.110    40667.120    40720.110
  1600:    40724.120    40749.110    40756.120    40776.120    40801.110
  1605:    40808.120    40887.120    40890.120    40897.110    40902.120
  1610:    40929.110    40945.120    40967.110    40974.120    40994.110
  1615:    40997.110    41236.120    41241.120    41250.110    41296.120
  1620:    41350.110    41358.110    41361.110    41368.120    41382.120
  1625:    41391.110    41400.110    41405.110    41411.110    41418.120
  1630:    41435.110    41443.110    41443.340    41486.120    41543.510
  1635:    41572.120    41577.120    41578.120    41588.120    41589.120
  1640:    41597.110    41601.120    41630.120    41632.120    41637.120
  1645:    41644.120    41645.120    41652.120    41657.120    41663.110
  1650:    41667.120    41687.120    41688.120    41691.120    41700.110
  1655:    41710.110    41718.120    41744.110    41799.110    41804.120
  1660:    41818.120    41825.110    41830.120    41886.120    41897.120
  1665:    41900.120    41903.120    41906.120    41914.110    41920.120
  1670:    41943.120    41944.120    41949.110    41954.120    41974.110
  1675:    41977.110    41980.120    41993.110    41999.110
E:
     0:     1679.000      338.000      381.000
F:
     0:       70.000       30.093       33.548
G:
     0:        1.000        1.000        1.000        1.000        1.000
     5:        1.000        1.000        1.000        1.000        0.000
H:
     0:        1.000        1.000        2.000        2.000
L:
     0:     6298.000     6228.000     6450.000     6215.000     8386.000
     5:     7561.000     6245.000     6528.000     6478.000     6524.000
    10:     6753.000     6272.000     6169.000     6574.000     6533.000
    15:     7167.000     6457.000     6170.000     6841.000     7296.000
R:
     0:        1.000        1.000        1.000        1.000        1.000
     5:        1.000        1.000        1.000        1.000        0.000
S:
     0:        1.000        1.000
U:
     0:     6215.000        3.000        0.000
X:
     0:        0.000      559.001      565.002      619.003      619.003
     5:      624.004      625.005      627.006      669.000      669.000
    10:      984.001     1021.002     1045.003     1049.004     1050.005
    15:     1110.006     1113.007     1115.008     1116.009     1149.010
    20:     1221.011     1228.012     1230.013     1281.013     1331.000
    25:     1331.000     1629.002     1690.004     1731.006     1761.008
    30:     1772.010     1774.012     1807.014     1841.016     1872.018
    35:     1900.020     1937.022     1959.024     1965.026     1967.028
    40:     1968.030     2035.032     2042.034     2091.036     2211.038
    45:     2212.040     2307.042     2308.044     2309.046     3383.047
    50:     3459.048     3461.049     3507.050     3509.051     3559.052
    55:     3599.053     3601.054     3602.055     3645.056     3646.057
    60:     3721.058     3805.059     3808.060     3812.061     3814.062
    65:     3865.063     3866.063     3869.064     3916.000     3916.000
    70:     4247.001     4251.002     4258.003     4389.004     4391.005
    75:     4432.006     4434.007     4467.008     4468.009     4497.010
    80:     4527.010     4528.011     4577.000     4577.000     5345.001
    85:     5391.002     5393.003     5395.004     5405.004     5455.000
    90:     5455.000     5672.001     5708.002     5742.003     5743.004
    95:     5786.005     5787.006     5880.007     5887.008     5889.009
   100:     5890.010     5986.011     5988.012     5989.013     6141.014
   105:     6142.015     6143.016     6201.016     6204.017     6206.018
   110:     6207.019     6210.020     6251.000     6251.000     6570.001
   115:     6604.002     6641.003     6643.004     6682.005     6683.006
   120:     6686.007     6717.008     6718.009     6805.010     6806.011
   125:     6808.012     6854.013     6857.014     6865.014     6915.000
   130:     6915.000     6915.079     6915.080     6915.081     6915.082
   135:     6915.083     6915.084     6915.085     6915.086     6915.087
   140:     6915.088     6915.089     6915.090     6915.091     6915.092
   145:     6915.093     6915.094     6915.095     6915.096     6915.097
   150:     6915.098     6915.099     6915.100     6915.101     6915.102
   155:     6915.103     6915.104     6915.105     6915.106     6915.107
   160:     6915.108     6915.108     6915.000     6915.000     7327.001
   165:     7359.002     7399.003     7405.004     7406.005     7408.006
   170:     7443.007     7448.008     7450.009     7453.010     7492.011
   175:     7538.012     7543.013     7546.014     7552.014     7602.000
   180:     7602.000     8101.001     8184.002     8188.003     8230.004
   185:     8232.005     8244.005     8294.000     8294.000     8822.001
   190:     8828.002     8899.003     8959.003     9009.000     9009.000
   195:     9136.001     9171.002     9209.003     9212.004     9261.005
   200:     9263.006     9265.007     9266.008     9268.009     9337.010
   205:     9339.011     9340.012     9367.013     9449.014     9451.015
   210:     9532.016     9534.017     9536.018     9566.019     9567.020
   215:     9568.021     9626.021     9676.000     9676.000    10090.001
   220:    10129.002    10131.003    10179.004    10181.005    10222.006
   225:    10224.007    10282.007    10290.008    10291.009    10332.000
   230:    10332.000    10801.001    10834.002    10836.003    10919.004
   235:    10920.005    10922.006    10979.006    11029.000    11029.000
   240:    11459.001    11556.002    11558.003    11612.004    11613.005
   245:    11654.006    11672.006    11722.000    11722.000    12251.001
   250:    12257.002    12368.003    12406.004    12408.005    12428.005
   255:    12478.000    12478.000    12823.002    12839.004    13003.006
   260:    13096.008    13098.010    13179.012    13187.014    13188.016
   265:    13292.018    13294.020    13295.022    13351.024    13431.026
   270:    13432.028    13479.030    13483.032    13485.034    13486.036
   275:    13720.038    13723.040    13790.042    13965.044    13967.046
   280:    15532.001    15537.002    15574.003    15608.004    15617.005
   285:    15652.006    15656.007    15659.008    15731.009    15734.010
   290:    15796.011    15797.012    15799.013    15849.014    15856.014
   295:    15906.000    15906.000    16294.001    16406.002    16410.003
   300:    16452.004    16494.005    16495.006    16513.006    16563.000
   305:    16563.000    16890.001    16893.002    16895.003    16937.004
   310:    16938.005    17000.006    17002.007    17033.008    17034.009
   315:    17077.010    17080.011    17177.012    17178.013    17179.014
   320:    17237.014    17287.000    17287.000    17508.001    17562.002
   325:    17593.003    17595.004    17636.005    17639.006    17700.007
   330:    17779.008    17781.009    17946.010    17948.011    17953.012
   335:    17954.013    18006.013    18056.000
Y:
     0:        0.000      148.001      215.002      281.003      369.004
     5:      413.005      420.006      423.007      427.008      441.009
    10:      503.010      506.011      508.012      516.013      537.014
    15:      569.015      569.015      581.016      586.017      619.000
    20:      619.000      923.001      974.002     1027.003     1064.004
    25:     1067.005     1099.006     1107.007     1110.008     1144.009
    30:     1153.010     1156.011     1179.012     1179.012     1182.013
    35:     1189.014     1229.000     1229.000     1615.001     1663.002
    40:     1685.003     1725.004     1731.005     1734.006     1758.007
    45:     1795.008     1798.009     1804.010     1841.011     1880.012
    50:     1880.012     1930.000     1930.000     2419.001     2453.002
    55:     2475.003     2476.004     2499.005     2524.006     2553.007
    60:     2561.008     2561.008     2564.009     2568.010     2611.000
    65:     2611.000     2850.001     2927.002     2966.003     2986.004
    70:     2995.005     3012.006     3065.007     3104.008     3130.009
    75:     3157.010     3162.011     3165.012     3189.013     3201.014
    80:     3235.015     3239.016     3263.017     3263.017     3269.018
    85:     3273.019     3313.000     3313.000     3814.001     3856.002
    90:     3886.003     3903.004     3913.005     3944.006     3944.006
    95:     3994.000     3994.000     4607.001     4644.002     4644.002
   100:     4646.003     4694.000     4694.000     5285.001     5333.002
   105:     5334.002     5384.000     5384.000     5670.001     5773.002
   110:     5807.003     5835.004     5862.005     5891.006     5897.007
   115:     5915.008     5917.009     5927.010     5944.011     5966.012
   120:     6008.013     6043.014     6043.014     6048.015     6052.016
   125:     6093.000     6093.000     6399.002     6437.004     6475.006
   130:     6503.008     6506.010     6537.012     6551.014     6555.016
   135:     6620.018     6684.020     6724.022     6747.024     6755.026
   140:     6758.028     6762.030     6765.032     6799.034     6811.036
   145:     6813.038     6822.040     6843.042     6877.044     6884.046
   150:     6931.048     6934.050     6941.052     6944.054     6946.056
   155:     6948.058     6969.060     6974.062     7041.064     7075.066
   160:     7132.068     7153.070     7226.072     7283.074     7440.076
   165:     7886.078     9139.001     9165.002     9211.003     9238.004
   170:     9249.005     9275.006     9279.007     9307.008     9314.009
   175:     9326.010     9347.011     9355.012     9360.013     9363.014
   180:     9397.015     9424.016     9424.016     9474.000     9474.000
   185:     9870.001     9899.002     9943.003     9965.004     9968.005
   190:     9972.006    10011.007    10043.008    10079.009    10083.010
   195:    10112.011    10112.011    10115.012    10162.000    10162.000
   200:    10654.001    10683.002    10741.003    10804.004    10805.004
   205:    10855.000    10855.000    11229.001    11283.002    11322.003
   210:    11356.004    11384.005    11429.006    11445.007    11451.008
   215:    11453.009    11481.010    11523.011    11523.011    11573.000
   220:    11573.000    11932.001    11959.002    12029.003    12064.004
   225:    12094.005    12126.006    12156.007    12161.008    12183.009
   230:    12184.010    12249.011    12249.011    12299.000    12299.000
   235:    12754.002    12830.004    12841.006    12873.008    12911.010
   240:    12941.012    12962.014    12969.016    13011.018    13037.020
   245:    13040.022    13044.024    13046.026    13055.028    13072.030
   250:    13085.032    13115.034    13118.036    13125.038    13176.040
   255:    13209.042    13240.044    13249.046    13371.048    13410.050
   260:    13528.052    13582.054    13597.056    13602.058    13606.060
   265:    13608.062    13644.064    13702.066    13778.068    14471.069
   270:    14510.070    14517.071    14519.072    14817.073    14876.074
   275:    14876.074    14926.000    14926.000    15373.001    15423.002
   280:    15443.003    15450.004    15460.005    15562.006    15562.006
   285:    15612.000    15612.000    15612.047    15612.048    15612.048
   290:    15612.000    15612.000    16264.001    16264.001    16314.000
   295:    16314.000    16694.001    16744.002    16772.003    16825.004
   300:    16839.005    16841.006    16872.007    16876.008    16917.009
   305:    16920.010    16953.011    17022.012    17022.012    17072.000
   310:    17072.000    17335.001    17515.002    17551.003    17557.004
   315:    17594.005    17621.006    17642.007    17645.008    17672.009
   320:    17679.010    17723.011    17723.011    17727.012    17737.013
   325:    17773.000    17773.000    18147.002    18153.004    18190.006
   330:    18232.008    18262.010    18298.012    18329.014    18332.016
   335:    18339.018    18341.020    18369.022    18386.024    18389.026
   340:    18431.028    18434.030    18444.032    18512.034    18516.036
   345:    18554.038    18585.040    18707.042    18742.044    18792.046
   350:    18849.048    18878.050    18931.052    19026.054    19059.056
   355:    19097.058    19123.060    19126.062    19380.064    19480.066
   360:    19487.068    19490.070    19520.072    19529.074    19534.076
   365:    19540.078    19565.080    19572.082    19726.083    19793.084
   370:    19829.085    19839.086    19874.087    19928.088    19954.089
   375:    20043.090    20079.091    20103.092    20106.093    20123.094
   380:    20128.095
