File: C:\MED-PC\Data\2018-05-28_10h47m_Subject M330.txt


Start Date: 05/28/18
End Date: 05/28/18
Subject: M330
Experiment: DOBLE_PICO_ACO
Group: EXP
Box: 10
Start Time: 10:47:39
End Time: 12:01:07
MSN: IF_ACO_MULTIPLE_PICO
A:     387.000
B:      20.000
D:      22.000
I:       1.000
J:   18000.000
K:    5400.000
M:       0.000
N:      21.000
O:      22.000
P:     660.000
Q:       0.000
T:    1000.000
V:     600.000
W:      20.000
Z:       0.000
C:
     0:        0.120        0.510      383.110      407.120      426.110
     5:      431.110      440.120      471.120      507.110      513.110
    10:      535.120      587.110      587.210      588.110      592.120
    15:      637.310      737.500      820.120      820.120     1223.120
    20:     1264.100     1274.100     1281.120     1311.100     1314.100
    25:     1316.100     1328.100     1330.100     1342.120     1371.100
    30:     1371.200     1372.100     1375.120     1421.300     1521.510
    35:     1563.120     1636.120     1928.110     1937.120     1973.110
    40:     1981.110     1994.120     2010.120     2032.110     2041.110
    45:     2051.110     2054.110     2059.110     2070.120     2107.110
    50:     2116.110     2121.110     2129.110     2139.110     2141.110
    55:     2144.110     2152.120     2176.110     2176.210     2180.120
    60:     2226.310     2326.510     2346.120     2367.120     2368.120
    65:     2378.120     2381.120     2382.120     2384.120     2540.120
    70:     2559.120     2612.120     2654.120     2660.120     2679.120
    75:     2695.120     2726.120     2758.110     2763.120     2797.110
    80:     2801.110     2807.110     2848.110     2852.110     2856.110
    85:     2859.110     2864.120     2882.110     2887.110     2891.110
    90:     2896.110     2901.110     2950.110     2953.110     2956.110
    95:     2968.110     2971.110     2971.210     2974.120     3021.310
   100:     3121.530     3166.120     3190.120     3192.120     3194.120
   105:     3200.120     3201.120     3202.120     3203.120     3205.120
   110:     3207.120     3260.120     3276.120     3280.120     3292.120
   115:     3338.120     3360.120     3368.120     3371.120     3378.120
   120:     3380.120     3380.120     3643.120     3655.120     3676.120
   125:     3677.120     3679.120     3692.100     3697.100     3701.120
   130:     3732.100     3740.100     3745.100     3747.100     3753.100
   135:     3760.120     3788.100     3793.100     3795.100     3798.100
   140:     3801.100     3806.100     3809.100     3814.100     3819.100
   145:     3829.100     3840.120     3880.100     3882.100     3883.100
   150:     3885.100     3887.100     3890.100     3892.100     3895.100
   155:     3900.120     3927.100     3930.100     3932.100     3940.120
   160:     3973.100     3977.100     3984.100     3988.100     3992.100
   165:     3997.100     4001.100     4008.100     4014.100     4019.100
   170:     4020.120     4059.100     4062.100     4066.120     4155.120
   175:     4227.100     4239.100     4245.100     4253.120     4271.120
   180:     4271.120     4277.120     4279.120     4294.100     4303.100
   185:     4308.100     4334.120     4341.100     4347.100     4353.100
   190:     4450.100     4468.100     4485.100     4488.100     4502.100
   195:     4507.120     4601.120     4613.120     4617.120     4623.120
   200:     4623.120     4666.120     4748.120     4755.120     4761.120
   205:     4779.120     4786.120     4787.120     4788.120     4815.120
   210:     4850.120     4921.330     4921.100     4935.120     4948.120
   215:     4952.120     5021.500     5371.100     5384.120     5387.120
   220:     5407.100     5415.100     5419.100     5424.100     5433.120
   225:     5459.100     5474.100     5486.100     5489.100     5496.100
   230:     5507.100     5513.120     5552.100     5557.100     5559.100
   235:     5560.100     5562.100     5566.100     5571.100     5580.100
   240:     5584.100     5587.100     5590.100     5599.120     5622.200
   245:     5624.120     5672.300     5772.510     5838.120     5839.120
   250:     5873.120     5874.120     5876.120     5884.120     5886.120
   255:     5889.120     5894.120     5896.120     5898.120     5915.120
   260:     5919.120     6017.120     6036.120     6046.120     6053.120
   265:     6058.120     6077.120     6086.120     6088.120     6169.120
   270:     6194.120     6255.120     6269.120     6273.120     6298.120
   275:     6305.120     6365.110     6370.110     6376.110     6388.110
   280:     6393.120     6409.110     6419.110     6419.210     6424.120
   285:     6469.310     6569.510     6609.120     6630.120     6952.110
   290:     7023.110     7029.120     7032.120     7043.120     7076.110
   295:     7081.110     7083.110     7100.110     7105.110     7135.110
   300:     7140.110     7144.110     7147.110     7149.110     7153.110
   305:     7158.110     7165.110     7167.110     7189.110     7191.110
   310:     7195.110     7197.110     7202.110     7207.110     7216.110
   315:     7216.210     7220.120     7266.310     7366.500     7396.120
   320:     7557.120     7567.120     7607.120     7646.120     7691.120
   325:     7743.120     7774.120     7891.100     7898.120     7927.100
   330:     7931.100     7934.100     7938.100     7942.100     7948.100
   335:     7957.100     7962.100     7965.120     7987.200     7990.120
   340:     8037.300     8137.500     8139.120     8141.120     8149.120
   345:     8156.120     8190.120     8197.120     8210.120     8249.120
   350:     8272.120     8281.120     8305.120     8308.120     8320.120
   355:     8325.120     8335.120     8337.120     8349.120     8352.120
   360:     8356.120     8359.120     8365.120     8369.120     8371.120
   365:     8401.120     8424.120     8452.120     8455.120     8472.120
   370:     8516.120     8558.120     8653.100     8659.120     8691.100
   375:     8694.100     8699.100     8703.100     8708.100     8711.100
   380:     8715.100     8727.100     8737.120     8750.120     8751.200
   385:     8801.300     8901.510     8934.120     8935.120     8938.120
   390:     9523.110     9524.110     9526.110     9534.110     9540.110
   395:     9549.120     9558.120     9575.110     9575.210     9580.120
   400:     9625.310     9725.500     9777.120     9799.120     9803.120
   405:    10030.120    10052.120    10073.120    10119.120    10145.120
   410:    10165.120    10187.120    10207.120    10249.120    10251.120
   415:    10269.100    10273.100    10276.100    10281.100    10289.100
   420:    10291.100    10295.100    10308.120    10329.200    10331.120
   425:    10379.300    10479.540    10541.120    10543.120    10569.120
   430:    10698.120    11312.110    11315.110    11322.110    11325.110
   435:    11326.110    11330.110    11331.110    11338.110    11357.110
   440:    11366.110    11368.110    11369.110    11371.110    11374.110
   445:    11378.110    11390.110    11399.110    11424.110    11428.110
   450:    11429.110    11437.110    11441.110    11447.110    11449.110
   455:    11458.110    11461.110    11465.110    11470.110    11477.110
   460:    11499.110    11502.110    11506.110    11508.110    11509.110
   465:    11513.110    11520.110    11521.110    11523.110    11528.110
   470:    11539.110    11545.120    11571.110    11575.110    11579.110
   475:    11584.110    11590.110    11591.110    11594.110    11599.110
   480:    11606.110    11618.110    11621.110    11627.110    11633.120
   485:    11660.110    11666.110    11669.110    11673.110    11680.110
   490:    11686.110    11696.110    11701.110    11713.110    11762.110
   495:    11767.110    11770.110    11775.110    11777.110    11786.120
   500:    11809.120    11823.110    11831.110    11841.110    11844.110
   505:    11860.110    11865.120    11927.110    11932.110    11935.110
   510:    11942.120    11962.120    11981.110    11990.110    11995.110
   515:    12211.110    12223.110    12279.340    12379.510    12402.110
   520:    12407.110    12412.120    12420.120    12426.120    12470.120
   525:    12484.110    12494.110    12500.110    12524.120    12572.120
   530:    12605.110    12615.110    12620.110    12660.110    12666.110
   535:    12680.110    12689.120    12700.120    12701.120    12711.110
   540:    12724.110    12739.120    12749.120    12770.110    12775.110
   545:    12780.110    12785.110    12787.110    12794.110    12796.110
   550:    12802.110    12807.110    12824.120    12839.120    12849.110
   555:    12851.110    12854.110    12858.110    12860.110    12862.110
   560:    12865.110    12872.110    12877.110    12922.110    12928.110
   565:    12933.110    12937.110    12941.110    12946.110    12949.110
   570:    12971.110    12979.110    12986.110    12990.110    13001.110
   575:    13002.110    13006.110    13009.110    13016.110    13029.110
   580:    13029.210    13032.120    13079.310    13179.510    13188.120
   585:    13189.120    13203.120    13230.120    13256.120    13299.120
   590:    13307.120    13309.120    13324.120    13333.120    13334.120
   595:    13354.120    13362.120    13382.120    13401.120    13412.120
   600:    13415.120    13416.120    13422.120    13431.120    13436.120
   605:    13439.120    13442.120    13446.120    13508.120    13514.120
   610:    13582.120    13627.110    13632.110    13636.110    13643.110
   615:    13669.120    13696.110    13700.110    13707.110    13711.110
   620:    13716.110    13722.110    13723.110    13734.120    13756.110
   625:    13773.110    13775.110    13781.110    13787.110    13791.110
   630:    13793.110    13795.110    13803.110    13804.110    13819.120
   635:    13840.110    13840.210    13844.120    13886.120    13890.310
   640:    13990.500    14076.120    14077.120    14303.120    14351.120
   645:    14397.120    14402.120    14404.120    14426.120    14430.120
   650:    14488.120    14505.120    14541.100    14548.120    14583.100
   655:    14586.100    14595.100    14597.100    14599.100    14601.200
   660:    14606.120    14651.300    14747.120    14751.500    14841.120
   665:    14860.120    14867.120    14873.120    14874.120    14876.120
   670:    14878.120    14879.120    14926.120    14932.120    14934.120
   675:    14968.120    14969.120    14974.120    15000.120    15001.120
   680:    15003.120    15005.120    15033.120    15068.120    15111.120
   685:    15114.120    15115.120    15131.120    15179.120    15224.120
   690:    15245.120    15250.120    15251.120    15270.120    15274.120
   695:    15308.120    15348.100    15354.120    15365.120    15366.120
   700:    15370.120    15404.120    15408.200    15458.300    15551.120
   705:    15558.510    15560.120    15562.120    15580.120    15584.120
   710:    15615.120    15617.120    15619.120    15620.120    15625.120
   715:    15626.120    15635.120    15642.120    15644.120    15654.120
   720:    15665.120    15685.120    15701.120    15703.120    15778.120
   725:    15787.120    15796.120    15808.120    15837.120    15864.120
   730:    15867.120    15870.120    15898.120    15903.120    15930.120
   735:    15935.120    15938.120    16008.110    16014.110    16019.110
   740:    16025.110    16029.110    16031.110    16039.120    16068.110
   745:    16074.110    16080.110    16082.110    16095.110    16096.110
   750:    16103.110    16109.120    16139.120    16146.110    16154.110
   755:    16156.110    16161.110    16163.110    16164.110    16173.110
   760:    16181.110    16184.110    16193.110    16199.110    16204.110
   765:    16204.210    16209.120    16254.310    16354.500    16361.120
   770:    16362.120    16383.120    16386.120    16388.120    16390.120
   775:    16391.120    16393.120    16402.120    16406.120    16934.120
   780:    16967.100    16974.120    17003.100    17007.100    17010.100
   785:    17013.100    17016.100    17021.100    17025.100    17027.200
   790:    17032.120    17077.300    17138.120    17140.120    17169.120
   795:    17170.120    17172.120    17174.120    17177.510    17178.120
   800:    17180.120    17181.120    17292.120    17296.120    17297.120
   805:    17340.120    17345.120    17369.120    17377.120    17416.120
   810:    17421.120    17505.120    17539.120    17545.120    17546.120
   815:    17600.120    17601.120    17648.120    17674.120    17684.110
   820:    17688.110    17693.110    17705.110    17712.110    17713.110
   825:    17721.120    17742.110    17746.110    17753.110    17757.110
   830:    17758.110    17760.110    17762.110    17769.110    17773.110
   835:    17783.110    17785.110    17809.110    17815.110    17816.110
   840:    17817.110    17818.110    17819.110    17824.110    17824.210
   845:    17828.120    17874.310    17974.500    17992.120    17998.120
   850:    18028.120    18318.120    18321.120    18334.120    18343.120
   855:    18356.120    18363.120    18370.120    18380.120    18401.120
   860:    18413.120    18423.120    18429.120    18430.120    18431.120
   865:    18461.120    18487.120    18495.120    18507.120    18512.120
   870:    18518.120    18519.120    18557.120    18610.120    18642.120
   875:    18687.100    18693.100    18699.120    18730.100    18733.100
   880:    18747.200    18748.100    18752.120    18797.300    18897.500
   885:    18899.120    18921.120    18923.120    18928.120    18931.120
   890:    18932.120    18934.120    18937.120    18941.120    18945.120
   895:    18947.120    18947.120    18948.120    18949.120    18952.120
   900:    18953.120    18955.120    18975.120    18983.120    18984.120
   905:    18985.120    18993.120    18995.120    18995.120    19017.120
   910:    19020.120    19020.120    19029.120    19036.120    19053.120
   915:    19074.120    19090.120    19091.120    19093.120    19093.120
   920:    19095.120    19097.120    19102.120    19103.120    19105.120
   925:    19143.120    19151.120    19175.120    19180.120    19184.120
   930:    19185.120    19187.120    19210.120    19298.120    19302.120
   935:    19305.120    19333.120    19370.120    19373.120    19375.120
   940:    19419.120    19439.120    19479.120    19489.120    19518.100
   945:    19532.100    19534.100    19537.100    19542.100    19547.100
   950:    19555.120    19567.120    19578.200    19580.120    19628.300
   955:    19708.120    19728.510    19743.120    19744.120    19746.120
   960:    19757.120    19767.120    19768.120    19774.120    19856.120
   965:    19945.120    19971.120    19978.120    20009.120    20014.120
   970:    20034.120    20037.120    20039.120    20070.120    20072.120
   975:    20106.120    20108.120    20154.120    20158.120    20179.120
   980:    20209.110    20217.110    20222.120    20256.110    20258.110
   985:    20262.110    20266.110    20271.110    20282.120    20313.110
   990:    20320.110    20322.110    20323.110    20327.110    20339.110
   995:    20344.110    20347.110    20349.110    20351.110    20376.110
  1000:    20376.210    20381.120    20426.310    20526.510    20546.120
  1005:    20570.120    20571.120    20573.120    20576.120    20581.120
  1010:    20585.120    20733.120    20741.120    20744.120    20751.120
  1015:    20759.120    20764.120    20768.120    20774.120    20815.120
  1020:    20839.120    20846.120    20883.120    20916.120    20921.120
  1025:    20948.120    20972.120    21001.120    21001.120    21018.110
  1030:    21106.110    21114.110    21127.110    21133.110    21143.120
  1035:    21151.110    21152.110    21158.110    21161.110    21162.110
  1040:    21175.110    21175.210    21179.120    21225.310    21325.500
  1045:    21334.120    21356.120    21362.120    21364.120    21369.120
  1050:    21378.120    21380.120    21398.120    21409.120    21411.120
  1055:    21427.120    21429.120    21431.120    21433.120    21435.120
  1060:    21440.120    21442.120    21443.120    21448.120    21449.120
  1065:    21457.120    21468.120    21486.120    21488.120    21492.120
  1070:    21494.120    21495.120    21498.120    21499.120    21500.120
  1075:    21509.120    21511.120    21519.120    21558.120    21559.120
  1080:    21560.120    21563.120    21564.120    21567.120    21649.120
  1085:    21650.120    21651.120    21677.120    21681.120    21682.120
  1090:    21709.120    21712.120    21713.120    21715.120    21727.120
  1095:    21732.120    21736.120    21738.120    21752.120    21755.120
  1100:    21765.120    21838.100    21843.100    21846.100    21847.100
  1105:    21849.100    21863.120    21877.120    21894.100    21902.100
  1110:    21910.100    21915.100    21924.100    21931.100    21939.120
  1115:    21954.200    21955.120    22004.300    22091.120    22104.510
  1120:    22116.120    22118.120    22120.120    22132.120    22137.120
  1125:    22182.120    22186.120    22188.120    22192.120    22192.120
  1130:    22193.120    22199.120    22200.120    22450.120    22492.120
  1135:    22526.120    22589.120    22596.120    22603.120    22644.120
  1140:    22682.110    22687.110    22690.110    22694.110    22697.110
  1145:    22699.110    22708.120    22742.110    22750.110    22750.210
  1150:    22755.120    22800.310    22900.500    22918.120    22939.120
  1155:    22941.120    22943.120    22945.120    22947.120    22950.120
  1160:    22951.120    22951.120    22953.120    22955.120    22972.120
  1165:    23056.120    23337.120    23378.100    23384.100    23392.120
  1170:    23423.100    23426.100    23429.100    23436.100    23438.100
  1175:    23441.100    23445.100    23448.100    23457.120    23468.120
  1180:    23486.120    23498.120    23501.200    23551.300    23651.500
  1185:    23660.120    23678.120    23680.120    23691.120    23692.120
  1190:    23706.120    23724.120    23725.120    23732.120    23734.120
  1195:    23752.120    23765.120    23772.120    23777.120    24050.120
  1200:    24053.120    24056.120    24060.120    24121.120    24134.120
  1205:    24136.120    24138.120    24139.120    24151.120    24172.120
  1210:    24216.100    24220.100    24227.120    24260.100    24267.100
  1215:    24270.100    24272.100    24276.200    24277.100    24283.120
  1220:    24326.300    24417.120    24426.510    24453.120    24456.120
  1225:    24470.120    24473.120    24477.120    24489.120    24491.120
  1230:    24493.120    24495.120    24501.120    24503.120    24505.120
  1235:    24506.120    24516.120    24516.120    24517.120    24523.120
  1240:    24525.120    24526.120    24527.120    24529.120    24539.120
  1245:    24598.120    24601.120    24610.120    24615.120    24629.120
  1250:    24631.120    24634.120    24635.120    24639.120    24642.120
  1255:    24652.120    24654.120    24656.120    24718.120    24723.120
  1260:    24725.120    24746.120    24749.120    24907.120    24917.120
  1265:    24924.120    24957.110    24962.110    24969.110    24974.110
  1270:    24983.120    25015.110    25021.110    25026.110    25034.110
  1275:    25039.110    25044.110    25051.110    25070.110    25074.110
  1280:    25074.210    25079.120    25124.310    25207.120    25213.120
  1285:    25215.120    25216.120    25224.510    25238.120    25240.120
  1290:    25242.120    25245.120    25255.120    25258.120    25259.120
  1295:    25260.120    25265.120    25393.120    25496.120    25498.120
  1300:    25537.120    25619.110    25631.120    25676.110    25757.110
  1305:    25768.120    25806.120    25809.120    25817.120    25823.120
  1310:    25835.120    25864.110    25871.110    25871.210    25875.120
  1315:    25921.310    26021.500    26036.120    26060.120    26062.120
  1320:    26063.120    26462.120    26485.120    26556.120    26593.100
  1325:    26600.100    26604.100    26605.100    26614.100    26627.120
  1330:    26653.200    26655.120    26703.300    26765.120    26767.120
  1335:    26800.120    26801.120    26802.120    26803.540    26809.120
  1340:    26813.120    26819.120    26821.120    26822.120    26824.120
  1345:    26827.120    26829.120    26835.120    26836.120    26845.120
  1350:    26852.120    26853.120    26855.120    26861.120    26863.120
  1355:    26864.120    26926.120    26931.120    26932.120    26934.120
  1360:    26938.120    26940.120    26942.120    26976.120    26979.120
  1365:    26980.120    27011.120    27014.120    27016.120    27017.120
  1370:    27051.120    27053.120    27055.120    27057.120    27104.120
  1375:    27105.120    27107.120    27107.120    27109.120    27168.120
  1380:    27172.120    27173.120    27201.120    27204.120    27205.120
  1385:    27246.110    27300.110    27305.110    27310.110    27313.110
  1390:    27318.110    27327.120    27348.110    27356.110    27361.110
  1395:    27370.110    27376.110    27383.110    27388.110    27396.110
  1400:    27402.110    27403.110    27404.110    27417.110    27423.110
  1405:    27430.110    27442.110    27457.120    27469.110    27476.110
  1410:    27483.110    27501.110    27505.110    27513.110    27520.110
  1415:    27523.110    27537.120    27559.110    27566.110    27571.110
  1420:    27575.110    27581.110    27583.110    27587.110    27596.110
  1425:    27602.110    27605.110    27646.110    27652.110    27654.110
  1430:    27662.110    27669.110    27694.110    27699.120    27819.110
  1435:    27824.110    27836.120    27912.110    27915.110    27925.120
  1440:    27962.110    27967.110    27974.110    28107.110    28149.110
  1445:    28152.110    28162.110    28173.120    28177.120    28269.110
  1450:    28274.110    28284.110    28295.110    28306.110    28354.120
  1455:    28360.120    28377.110    28381.110    28386.110    28392.110
  1460:    28394.110    28396.110    28404.120    28433.110    28437.110
  1465:    28445.110    28451.110    28453.110    28456.110    28466.120
  1470:    28480.120    28499.110    28550.110    28558.110    28597.110
  1475:    28599.110    28603.110    28603.340    28703.500    28769.120
  1480:    28775.120    28783.120    28829.120    28833.120    28863.120
  1485:    28876.120    28878.120    28879.120    28916.120    28916.120
  1490:    28940.120    28979.100    28986.120    29033.100    29037.100
  1495:    29038.100    29040.100    29048.120    29077.100    29091.100
  1500:    29093.100    29095.100    29103.100    29108.100    29115.100
  1505:    29123.120    29147.100    29150.100    29153.100    29155.100
  1510:    29160.100    29165.100    29169.100    29173.100    29179.100
  1515:    29188.100    29192.120    29224.100    29227.100    29232.100
  1520:    29235.100    29249.100    29253.100    29257.100    29258.100
  1525:    29267.120    29303.100    29309.200    29313.120    29359.300
  1530:    29421.120    29438.120    29459.500    29496.120    29520.120
  1535:    29523.120    29526.120    29528.120    29546.120    29548.120
  1540:    29660.120    29663.120    29664.120    29687.120    29688.120
  1545:    29692.120    29727.120    29762.120    29767.120    29798.120
  1550:    29828.120    29829.120    29831.120    29865.120    30062.120
  1555:    30106.100    30113.100    30119.100    30125.100    30129.100
  1560:    30131.100    30135.120    30166.200    30167.100    30170.120
  1565:    30216.300    30276.120    30316.500    30318.120    30328.120
  1570:    30330.120    30332.120    30485.120    30502.120    30503.120
  1575:    30505.120    30512.120    30513.120    30514.120    30517.120
  1580:    30519.120    30522.120    30525.120    30658.120    30660.120
  1585:    30756.100    30759.100    30773.100    30836.120    30947.120
  1590:    30948.120    30949.120    31002.120    31105.120    31140.100
  1595:    31144.100    31147.100    31150.100    31155.100    31167.120
  1600:    31175.120    31200.200    31203.120    31250.300    31350.510
  1605:    31353.120    31372.120    31374.120    31375.120    31389.120
  1610:    31392.120    31393.120    31395.120    31403.120    31409.120
  1615:    31412.120    31416.120    31421.120    31422.120    31422.120
  1620:    31755.120    31809.120    31851.110    31858.110    31865.110
  1625:    31868.120    31900.110    31906.110    31914.110    31920.110
  1630:    31925.110    31937.110    31964.110    31967.110    31973.110
  1635:    31977.110    31984.110    32018.110    32024.110    32028.110
  1640:    32032.110    32044.110    32046.110    32066.120    32084.120
  1645:    32089.110    32100.110    32102.110    32107.110    32119.110
  1650:    32124.110    32128.110    32132.110    32138.110    32170.110
  1655:    32174.110    32182.110    32188.110    32195.110    32200.110
  1660:    32207.110    32211.110    32216.110    32298.110    32298.210
  1665:    32303.120    32348.310    32448.510    32497.120    32534.120
  1670:    32535.120    32995.120    33031.110    33059.120    33136.110
  1675:    33136.210    33140.120    33186.310    33286.510    33299.120
  1680:    33326.120    33525.120    33529.120    33534.120    33535.120
  1685:    33537.120    33631.120    33637.120    33640.120    33641.120
  1690:    33645.120    33646.120    33647.120    33648.120    33650.120
  1695:    33654.120    33655.120    33667.120    33690.110    33755.120
  1700:    33761.120    33788.110    33795.110    33803.110    33811.120
  1705:    33840.120    33848.110    33904.110    33909.110    33913.110
  1710:    33915.110    33924.110    33924.210    33928.120    33974.310
  1715:    34074.530    34115.120    34116.120    34145.120    34370.120
  1720:    34393.120    34395.120    34397.120    34398.120    34506.120
  1725:    34571.120    34580.120    34581.120    34585.120    34587.120
  1730:    34589.120    34590.120    34623.120    34655.120    34687.120
  1735:    34743.120    34792.120    34816.100    34825.100    34828.100
  1740:    34835.100    34846.120    34875.100    34885.100    34890.100
  1745:    34893.100    34894.100    34898.100    34905.100    34908.100
  1750:    34916.120    34942.100    34949.100    34951.100    34956.100
  1755:    34958.100    34972.100    34989.100    34992.100    34994.100
  1760:    35002.100    35005.120    35045.120    35085.100    35094.100
  1765:    35098.100    35102.120    35150.100    35158.100    35160.100
  1770:    35162.100    35169.100    35173.100    35176.100    35189.100
  1775:    35192.100    35196.120    35258.100    35260.100    35263.100
  1780:    35267.100    35270.120    35331.120    35361.100    35366.100
  1785:    35372.100    35375.100    35379.100    35381.100    35385.120
  1790:    35418.100    35434.120    35453.100    35466.120    35499.120
  1795:    35502.120    35513.120    35645.120    35673.120    35695.120
  1800:    35703.120    35708.120    35743.120    35774.120    35776.120
  1805:    35794.120    35874.330    35962.120    35974.510    35986.120
  1810:    35993.120    35996.120    35998.120    36034.120    36037.120
  1815:    36039.120    36066.120    36092.120    36094.120    36124.120
  1820:    36143.120    36152.120    36161.120    36163.120    36168.120
  1825:    36171.120    36191.120    36195.120    36196.120    36229.120
  1830:    36251.120    36253.120    36288.120    36290.120    36292.120
  1835:    36316.120    36318.120    36319.120    36344.110    36350.110
  1840:    36429.110    36435.110    36443.110    36459.120    36473.110
  1845:    36479.110    36481.110    36491.110    36499.110    36503.110
  1850:    36504.110    36508.110    36515.110    36517.110    36529.120
  1855:    36547.110    36552.110    36557.110    36562.110    36565.110
  1860:    36572.110    36577.110    36581.110    36585.110    36587.110
  1865:    36607.120    36625.110    36625.210    36630.120    36675.310
  1870:    36775.500    36778.120    36803.120    36808.120    36808.120
  1875:    36813.120    36823.120    36867.120    36870.120    36874.120
  1880:    36881.120    36884.120    36908.120    36915.120    36919.120
  1885:    36920.120    36923.120    36951.120    36973.120    36975.120
  1890:    36977.120    36992.120    36994.120    36996.120    36998.120
  1895:    37029.120    37030.120    37032.120    37053.120    37056.120
  1900:    37058.120    37058.120    37094.120    37099.120    37138.120
  1905:    37151.120    37153.120    37154.120    37179.120    37181.120
  1910:    37183.120    37200.120    37243.120    37285.100    37287.100
  1915:    37289.100    37296.100    37298.100    37306.100    37312.100
  1920:    37315.120    37348.100    37356.100    37359.100    37362.100
  1925:    37365.100    37369.100    37377.100    37381.100    37385.100
  1930:    37391.100    37395.120    37408.200    37409.120    37458.300
  1935:    37558.510    37570.120    37594.120    37603.120    37612.120
  1940:    37619.120    37621.120    37624.120    37627.120    37629.120
  1945:    37631.120    37641.120    37643.120    37645.120    37649.120
  1950:    37650.120    37651.120    37651.120    37659.120    37665.120
  1955:    37666.120    37667.120    37668.120    37670.120    37670.120
  1960:    37698.120    37699.120    37702.120    37708.120    37709.120
  1965:    37714.120    37722.120    37724.120    37725.120    37727.120
  1970:    37737.120    37751.120    37753.120    37754.120    37759.120
  1975:    37761.120    37767.120    37771.120    37774.120    37775.120
  1980:    37787.120    37788.120    37808.120    37883.120    37886.120
  1985:    37888.120    37959.120    37961.120    37963.120    37965.120
  1990:    38031.120    38037.120    38062.120    38078.110    38085.110
  1995:    38097.110    38099.110    38153.110    38156.110    38161.110
  2000:    38177.110    38188.120    38208.110    38208.210    38212.120
  2005:    38258.310    38342.120    38358.500    38360.120    38362.120
  2010:    38394.120    38395.120    38460.120    38465.120    38476.120
  2015:    38477.120    38492.120    38506.120    38511.120    38522.120
  2020:    38556.120    38583.120    38587.120    38595.120    38598.120
  2025:    38604.120    38605.120    38612.120    38614.120    38619.120
  2030:    38620.120    38649.120    38654.120    38677.120    38699.120
  2035:    38701.120    38704.120    38722.120    38751.120    38753.120
  2040:    38756.120    38758.120    38759.120    38778.120    38909.120
  2045:    38945.100    38949.120    38975.100    38995.100    39000.100
  2050:    39003.100    39005.200    39012.120    39055.300    39102.120
  2055:    39104.120    39140.120    39143.120    39143.120    39143.120
  2060:    39149.120    39150.120    39152.120    39153.120    39155.500
  2065:    39158.120    39584.120    39598.100    39678.120    39692.120
  2070:    39702.120    39703.120    39705.120    39721.120    39725.120
  2075:    39727.120    39764.120    39773.120    39774.120    39777.120
  2080:    39782.120    39783.120    39785.120    39807.120    39809.120
  2085:    39811.120    39826.120    39843.120    39844.120    39877.120
  2090:    39898.120    39903.120    39910.120    39993.120    40025.100
  2095:    40041.120    40064.120    40067.120    40084.100    40085.200
  2100:    40089.120    40135.300    40183.120    40223.120    40224.120
  2105:    40232.120    40233.120    40235.510    40237.120    40238.120
  2110:    40896.110    40896.210    40899.120    40946.310    41046.510
  2115:    41059.120    41077.120    41079.120    41080.120    41083.120
  2120:    41088.120    41089.120    41090.120    41090.120    41092.120
  2125:    41099.120    41101.120    41103.120    41108.120    41115.120
  2130:    41116.120    41121.120    41328.120    41337.120    41338.120
  2135:    41342.120    41345.120    41349.120    41352.120    41358.120
  2140:    41362.120    41384.120    41433.120    41515.120    41522.120
  2145:    41529.120    41532.120    41534.120    41535.120    41536.120
  2150:    41565.110    41573.110    41576.120    41585.120    41588.120
  2155:    41606.120    41612.110    41617.110    41630.110    41661.120
  2160:    41672.110    41679.110    41679.210    41684.120    41729.310
  2165:    41829.500    41841.120    41876.120    41878.120    41880.120
  2170:    41912.120    41913.120    41923.120    41925.120    41928.120
  2175:    41942.120    41961.120    41969.120    41975.120
E:
     0:     2179.000      348.000      568.000
F:
     0:       70.000       27.968       35.670
G:
     0:        1.000        1.000        1.000        1.000        1.000
     5:        1.000        1.000        1.000        1.000        0.000
H:
     0:        1.000        1.000        2.000        2.000
L:
     0:     6441.000     6115.000     6309.000     6240.000     6138.000
     5:     6214.000     6669.000     6831.000     7832.000     6910.000
    10:     6394.000     6107.000     6357.000     6416.000     6162.000
    15:     7171.000     8941.000     6429.000     6575.000     9399.000
R:
     0:        1.000        1.000        1.000        1.000        1.000
     5:        1.000        1.000        1.000        1.000        0.000
S:
     0:        1.000        1.000
U:
     0:     6309.000        2.000        0.000
X:
     0:        0.000      526.001      537.002      574.003      576.004
     5:      579.005      590.006      592.007      633.008      634.008
    10:      634.009      684.000      684.000     1254.002     1260.004
    15:     1295.006     1303.008     1307.010     1310.012     1316.014
    20:     1351.016     1356.018     1358.020     1361.022     1364.024
    25:     1368.026     1372.028     1377.030     1382.032     1392.034
    30:     1443.036     1444.038     1446.040     1447.042     1450.044
    35:     1453.046     1455.048     1457.050     1490.052     1493.054
    40:     1495.056     1536.058     1540.060     1547.062     1551.064
    45:     1555.066     1559.068     1564.070     1571.072     1577.074
    50:     1582.076     1622.078     1624.080     1790.082     1802.084
    55:     1808.086     1857.088     1866.090     1871.092     1904.094
    60:     1910.096     1916.098     2013.100     2031.102     2048.104
    65:     2051.106     2064.108     2484.109     2934.110     2970.111
    70:     2977.112     2982.113     2987.114     3022.115     3037.116
    75:     3049.117     3052.118     3059.119     3070.120     3115.121
    80:     3120.122     3121.123     3123.124     3125.125     3129.126
    85:     3134.127     3143.128     3146.129     3150.130     3153.131
    90:     3185.131     3235.000     3235.000     3759.001     3795.002
    95:     3799.003     3802.004     3806.005     3810.006     3817.007
   100:     3826.008     3830.009     3855.009     3905.000     3905.000
   105:     4421.001     4458.002     4462.003     4467.004     4470.005
   110:     4475.006     4478.007     4482.008     4494.009     4519.009
   115:     4569.000     4569.000     5112.001     5116.002     5119.003
   120:     5124.004     5132.005     5134.006     5138.007     5172.007
   125:     5222.000     5222.000     5773.001     5815.002     5818.003
   130:     5827.004     5829.005     5831.006     5833.006     5883.000
   135:     5883.000     6479.001     6539.001     6589.000     6589.000
   140:     7202.001     7237.002     7241.003     7245.004     7247.005
   145:     7251.006     7255.007     7260.008     7262.008     7312.000
   150:     7312.000     8025.001     8030.002     8067.003     8071.004
   155:     8085.004     8086.005     8135.000     8135.000     8755.001
   160:     8769.002     8772.003     8775.004     8779.005     8784.006
   165:     8816.006     8866.000     8866.000     9379.001     9383.002
   170:     9387.003     9387.004     9390.005     9435.006     9442.007
   175:     9450.008     9456.009     9465.010     9472.011     9495.011
   180:     9545.000     9545.000    10022.001    10028.002    10067.003
   185:    10070.004    10073.005    10080.006    10082.007    10085.008
   190:    10090.009    10093.010    10145.010    10195.000    10195.000
   195:    10760.001    10764.002    10804.003    10810.004    10814.005
   200:    10816.006    10820.006    10820.007    10870.000    10870.000
   205:    11441.001    11448.002    11452.003    11453.004    11462.005
   210:    11501.005    11551.000    11551.000    11551.159    11551.160
   215:    11551.161    11551.162    11551.163    11551.164    11551.165
   220:    11551.166    11551.167    11551.168    11551.169    11551.170
   225:    11551.171    11551.172    11551.173    11551.174    11551.175
   230:    11551.176    11551.177    11551.178    11551.179    11551.180
   235:    11551.181    11551.182    11551.183    11551.184    11551.185
   240:    11551.186    11551.187    11551.188    11551.189    11551.189
   245:    11551.000    11551.000    11551.001    11551.002    11551.003
   250:    11551.004    11551.005    11551.006    11551.006    11551.007
   255:    11551.000    11551.000    11551.001    11551.002    11551.003
   260:    11551.004    11551.005    11551.006    11551.007    11551.008
   265:    11551.008    11551.000    11551.000    12293.002    12301.004
   270:    12304.006    12312.008    12352.010    12362.012    12367.014
   275:    12369.016    12371.018    12374.020    12382.022    12385.024
   280:    12419.026    12425.028    12428.030    12433.032    12435.034
   285:    12448.036    12466.038    12468.040    12471.042    12478.044
   290:    12562.046    12571.048    12575.050    12627.052    12635.054
   295:    12637.056    12639.058    12645.060    12650.062    12653.064
   300:    12665.066    12669.068    12734.070    12737.072    12740.074
   305:    12744.076    12838.078    12842.080    12849.082    12852.084
   310:    12856.086    12858.088    12894.090    12930.092    14761.001
   315:    14764.002    14766.003    14772.004    14775.005    14782.006
   320:    14788.007    14825.008    14833.009    14836.010    14839.011
   325:    14842.012    14846.013    14854.014    14858.015    14861.016
   330:    14868.017    14885.017    14935.000    14935.000    15522.001
   335:    15551.002    15571.003    15576.004    15580.005    15582.005
   340:    15632.000    15632.000    16074.001    16501.002    16560.003
   345:    16561.003    16611.000    16611.000
Y:
     0:        0.000      382.001      426.002      431.003      507.004
     5:      512.005      587.006      587.006      588.007      637.000
    10:      637.000     1044.001     1088.002     1097.003     1147.004
    15:     1156.005     1166.006     1170.007     1174.008     1222.009
    20:     1231.010     1237.011     1244.012     1254.013     1256.014
    25:     1259.015     1291.016     1291.016     1341.000     1341.000
    30:     1772.001     1812.002     1816.003     1821.004     1862.005
    35:     1866.006     1870.007     1873.008     1897.009     1901.010
    40:     1905.011     1911.012     1915.013     1964.014     1968.015
    45:     1970.016     1983.017     1985.018     1985.018     2035.000
    50:     2035.000     2627.001     2632.002     2638.003     2650.004
    55:     2672.005     2681.006     2681.006     2731.000     2731.000
    60:     3113.001     3184.002     3238.003     3242.004     3245.005
    65:     3262.006     3266.007     3296.008     3301.009     3306.010
    70:     3309.011     3310.012     3315.013     3319.014     3326.015
    75:     3329.016     3351.017     3352.018     3356.019     3358.020
    80:     3364.021     3368.022     3378.023     3378.023     3428.000
    85:     3428.000     4049.001     4051.002     4052.003     4060.004
    90:     4066.005     4102.006     4102.006     4152.000     4152.000
    95:     4984.002     4987.004     4994.006     4997.008     4998.010
   100:     5003.012     5004.014     5010.016     5029.018     5038.020
   105:     5040.022     5041.024     5043.026     5046.028     5051.030
   110:     5063.032     5071.034     5096.036     5101.038     5102.040
   115:     5109.042     5113.044     5119.046     5122.048     5130.050
   120:     5133.052     5137.054     5142.056     5149.058     5171.060
   125:     5174.062     5179.064     5180.066     5181.068     5185.070
   130:     5192.072     5193.074     5195.076     5200.078     5212.080
   135:     5244.082     5247.084     5251.086     5256.088     5262.090
   140:     5263.092     5266.094     5271.096     5278.098     5290.100
   145:     5294.102     5300.104     5332.106     5339.108     5341.110
   150:     5345.112     5353.114     5359.116     5368.118     5374.120
   155:     5385.122     5434.124     5439.126     5442.128     5447.130
   160:     5449.132     5496.134     5503.136     5513.138     5516.140
   165:     5532.142     5599.144     5604.146     5607.148     5654.150
   170:     5662.152     5667.154     5884.156     5895.158     6074.159
   175:     6079.160     6157.161     6166.162     6173.163     6277.164
   180:     6288.165     6293.166     6332.167     6338.168     6353.169
   185:     6383.170     6396.171     6442.172     6448.173     6453.174
   190:     6457.175     6459.176     6466.177     6468.178     6475.179
   195:     6479.180     6522.181     6523.182     6526.183     6530.184
   200:     6532.185     6534.186     6537.187     6544.188     6549.189
   205:     6594.190     6600.191     6606.192     6609.193     6613.194
   210:     6618.195     6621.196     6644.197     6652.198     6658.199
   215:     6662.200     6673.201     6674.202     6679.203     6681.204
   220:     6689.205     6701.206     6701.206     6751.000     6751.000
   225:     7199.001     7204.002     7208.003     7215.004     7268.005
   230:     7272.006     7279.007     7283.008     7288.009     7293.010
   235:     7295.011     7327.012     7345.013     7347.014     7353.015
   240:     7359.016     7363.017     7365.018     7367.019     7374.020
   245:     7376.021     7411.022     7412.022     7462.000     7462.000
   250:     7912.001     7918.002     7922.003     7929.004     7932.005
   255:     7935.006     7971.007     7978.008     7983.009     7986.010
   260:     7998.011     7999.012     8006.013     8050.014     8058.015
   265:     8059.016     8065.017     8067.018     8068.019     8077.020
   270:     8084.021     8088.022     8097.023     8102.024     8107.025
   275:     8107.025     8157.000     8157.000     8664.001     8668.002
   280:     8673.003     8685.004     8691.005     8693.006     8722.007
   285:     8726.008     8732.009     8736.010     8737.011     8740.012
   290:     8742.013     8749.014     8753.015     8763.016     8765.017
   295:     8788.018     8794.019     8795.020     8796.021     8798.022
   300:     8799.023     8803.024     8804.024     8854.000     8854.000
   305:     9334.001     9342.002     9382.003     9384.004     9388.005
   310:     9392.006     9396.007     9438.008     9446.009     9448.010
   315:     9449.011     9452.012     9465.013     9469.014     9473.015
   320:     9474.016     9476.017     9501.018     9501.018     9551.000
   325:     9551.000    10042.001    10131.002    10139.003    10152.004
   330:    10158.005    10176.006    10177.007    10183.008    10185.009
   335:    10187.010    10200.011    10200.011    10250.000    10250.000
   340:    10827.001    10832.002    10835.003    10840.004    10842.005
   345:    10845.006    10887.007    10895.008    10896.008    10946.000
   350:    10946.000    11476.001    11481.002    11488.003    11493.004
   355:    11534.005    11540.006    11545.007    11553.008    11558.009
   360:    11563.010    11570.011    11589.012    11593.013    11594.013
   365:    11644.000    11644.000    12038.001    12095.002    12176.003
   370:    12283.004    12290.005    12290.005    12340.000    12340.000
   375:    12782.002    12837.004    12842.006    12846.008    12849.010
   380:    12855.012    12885.014    12892.016    12897.018    12907.020
   385:    12912.022    12920.024    12925.026    12932.028    12938.030
   390:    12939.032    12940.034    12954.036    12960.038    12967.040
   395:    12978.042    13006.044    13012.046    13019.048    13038.050
   400:    13041.052    13049.054    13056.056    13060.058    13096.060
   405:    13103.062    13108.064    13111.066    13118.068    13120.070
   410:    13123.072    13133.074    13138.076    13142.078    13183.080
   415:    13189.082    13190.084    13199.086    13206.088    13231.090
   420:    13356.092    13361.094    13449.096    13451.098    13499.100
   425:    13503.102    13510.104    13643.106    13686.108    13688.110
   430:    13699.112    13805.114    13811.116    13821.118    13831.120
   435:    13842.122    13913.124    13918.126    13923.128    13929.130
   440:    13930.132    13932.134    13969.136    13974.138    13981.140
   445:    13987.142    13989.144    13992.146    14036.148    14086.150
   450:    14095.152    14133.154    14135.156    14139.158    17388.001
   455:    17395.002    17401.003    17436.004    17442.005    17451.006
   460:    17457.007    17461.008    17474.009    17500.010    17504.011
   465:    17509.012    17513.013    17520.014    17554.015    17560.016
   470:    17564.017    17568.018    17581.019    17583.020    17626.021
   475:    17637.022    17638.023    17644.024    17655.025    17661.026
   480:    17664.027    17669.028    17674.029    17707.030    17711.031
   485:    17718.032    17724.033    17732.034    17737.035    17743.036
   490:    17747.037    17753.038    17834.039    17835.039    17885.000
   495:    17885.000    18467.001    18573.002    18573.002    18623.000
   500:    18623.000    19026.001    19124.002    19131.003    19139.004
   505:    19184.005    19240.006    19245.007    19249.008    19251.009
   510:    19260.010    19260.010    19310.000    19310.000    19310.093
   515:    19310.094    19310.095    19310.096    19310.097    19310.098
   520:    19310.099    19310.100    19310.101    19310.102    19310.103
   525:    19310.104    19310.105    19310.106    19310.107    19310.108
   530:    19310.109    19310.110    19310.111    19310.112    19310.113
   535:    19310.114    19310.115    19310.116    19310.117    19310.118
   540:    19310.118    19310.000    19310.000    19829.001    19836.002
   545:    19848.003    19850.004    19904.005    19907.006    19912.007
   550:    19928.008    19959.009    19959.009    20009.000    20009.000
   555:    20669.001    20669.001    20719.000    20719.000    21238.001
   560:    21246.002    21285.003    21289.004    21303.005    21345.006
   565:    21352.007    21352.007    21402.000
