File: C:\MED-PC\Data\2018-06-04_10h14m_Subject M326.txt


Start Date: 06/04/18
End Date: 06/04/18
Subject: M326
Experiment: DOBLE_PICO_ACO
Group: EXP
Box: 9
Start Time: 10:14:23
End Time: 11:27:46
MSN: IF_ACO_MULTIPLE_PICO
A:     128.000
B:      19.000
D:      20.000
I:       1.000
J:   18000.000
K:    5400.000
M:       0.000
N:      19.000
O:      20.000
P:     572.000
Q:       0.000
T:    1000.000
V:     600.000
W:      19.000
Z:       0.000
C:
     0:        0.120        0.120        0.120        0.120        0.120
     5:        0.120        0.120        0.120        0.120        0.120
    10:        0.120        0.120        0.120        0.120        0.120
    15:        0.120        0.120        0.120        0.120        0.120
    20:        0.120        0.120        0.510       14.120       19.120
    25:       54.110       57.120       69.120      104.110      108.120
    30:      161.110      172.110      181.120      189.120      192.120
    35:      198.120      310.110      324.110      334.110      341.120
    40:      379.110      389.120      438.110      449.110      457.110
    45:      466.110      475.110      512.110      521.110      529.110
    50:      537.110      540.110      540.210      555.120      590.310
    55:      690.510      728.120      993.110     1001.120     1059.120
    60:     1065.120     1066.120     1265.120     1281.110     1281.210
    65:     1284.120     1331.310     1431.500     1502.120     1570.120
    70:     1673.120     1728.100     1734.120     1987.120     2034.100
    75:     2040.100     2044.120     2094.200     2144.300     2244.510
    80:     2275.120     2632.120     2632.120     2658.120     2685.110
    85:     2701.110     2710.110     2715.120     2750.110     2761.110
    90:     2771.110     2773.110     2774.110     2783.110     2794.110
    95:     2795.110     2800.110     2806.110     2808.120     2858.120
   100:     2866.110     2878.110     2892.110     2895.110     2898.110
   105:     2900.110     2906.110     2907.110     2914.110     2916.110
   110:     2929.110     2929.210     2932.120     2979.310     3079.500
   115:     3168.120     3241.120     3271.120     3588.100     3597.120
   120:     3740.100     3752.100     3758.120     3800.200     3850.300
   125:     3950.500     4012.120     4055.120     4066.120     4434.100
   130:     4442.100     4454.120     4552.100     4567.100     4569.120
   135:     4612.200     4662.300     4762.500     4805.120     4840.120
   140:     4888.120     5168.100     5181.100     5186.120     5261.100
   145:     5270.100     5273.120     5409.120     5426.120     5447.100
   150:     5459.100     5463.120     5507.200     5557.300     5657.510
   155:     5717.120     5772.120     5805.120     5805.120     5815.120
   160:     5850.120     5869.120     5885.110     5905.110     5912.120
   165:     6001.110     6009.110     6020.110     6026.120     6089.120
   170:     6108.110     6121.110     6146.110     6208.110     6220.110
   175:     6220.110     6223.110     6233.110     6243.120     6277.120
   180:     6286.110     6293.110     6304.110     6307.110     6309.110
   185:     6310.110     6312.110     6321.110     6325.110     6328.110
   190:     6336.110     6336.210     6339.120     6386.310     6486.510
   195:     6575.120     6654.120     6666.120     6667.120     7108.120
   200:     7117.110     7137.110     7140.110     7146.110     7149.110
   205:     7157.120     7194.120     7248.110     7248.210     7252.120
   210:     7298.310     7398.540     7463.120     7520.120     7777.110
   215:     7787.120     7791.120     7880.120     7889.120     7956.120
   220:     7960.120     8021.120     8039.110     8051.110     8078.110
   225:     8085.110     8088.110     8101.120     8114.120     8114.120
   230:     8115.120     8129.110     8148.110     8158.110     8163.110
   235:     8166.110     8178.110     8190.110     8192.110     8193.110
   240:     8201.110     8208.120     8237.120     8247.120     8257.110
   245:     8272.110     8279.110     8289.110     8312.110     8314.110
   250:     8316.110     8319.110     8320.110     8321.110     8326.110
   255:     8332.110     8334.110     8337.110     8342.110     8356.110
   260:     8361.110     8363.110     8402.120     8426.120     8441.120
   265:     8465.110     8471.120     8502.120     8516.110     8526.110
   270:     8539.110     8541.110     8543.110     8551.110     8585.110
   275:     8592.120     8607.120     8614.110     8626.110     8634.110
   280:     8644.110     8650.120     8665.120     8671.120     8675.120
   285:     8680.120     8681.120     8691.120     8709.120     8720.110
   290:     8731.110     8739.110     8751.110     8763.110     8768.110
   295:     8775.120     8906.110     8923.120     8986.120     9000.120
   300:     9006.120     9043.110     9054.110     9198.340     9298.500
   305:     9381.100     9389.100     9568.100     9577.100     9586.120
   310:     9593.120     9678.120     9693.100     9701.100     9703.120
   315:     9827.120     9850.120     9875.100     9884.100     9888.120
   320:     9935.200     9985.300    10085.510    10104.120    10143.120
   325:    10303.120    10308.120    10312.120    10335.120    10399.120
   330:    10443.110    10455.110    10466.110    10482.110    10488.110
   335:    10493.110    10496.110    10497.110    10503.110    10514.110
   340:    10518.120    10603.110    10616.110    10628.110    10632.110
   345:    10640.110    10650.110    10652.110    10679.120    10702.110
   350:    10710.110    10712.110    10714.110    10716.110    10721.110
   355:    10723.110    10724.110    10731.110    10736.120    10786.120
   360:    10813.110    10815.110    10817.110    10817.210    10827.120
   365:    10867.310    10967.530    11091.120    11185.120    11236.120
   370:    11257.120    11581.100    11589.120    11690.100    11698.100
   375:    11703.120    11993.120    12001.120    12038.100    12055.120
   380:    12146.120    12166.120    12179.100    12192.100    12196.100
   385:    12201.120    12310.100    12321.100    12324.100    12330.120
   390:    12451.120    12515.100    12522.100    12525.100    12555.120
   395:    12767.330    12867.510    12895.120    12927.120    12958.120
   400:    12990.110    12997.120    13003.120    13016.120    13025.120
   405:    13030.120    13080.110    13085.120    13112.120    13125.110
   410:    13136.110    13147.110    13155.110    13167.110    13181.110
   415:    13196.110    13208.110    13214.120    13231.110    13248.110
   420:    13258.110    13261.110    13264.110    13275.110    13284.110
   425:    13287.110    13291.120    13310.120    13322.120    13335.110
   430:    13344.110    13346.110    13353.110    13361.110    13365.110
   435:    13367.120    13418.110    13431.120    13466.120    13476.120
   440:    13487.110    13500.110    13508.110    13515.110    13517.110
   445:    13527.110    13537.110    13548.120    13551.120    13567.120
   450:    13631.110    13631.210    13635.120    13681.310    13781.510
   455:    13848.120    13954.120    14263.110    14283.110    14294.120
   460:    14333.110    14341.110    14350.110    14361.120    14373.110
   465:    14379.110    14390.110    14394.120    14522.110    14522.210
   470:    14525.120    14572.310    14672.500    14750.120    14796.120
   475:    15229.100    15237.120    15289.200    15339.300    15439.500
   480:    15556.120    15940.100    15949.120    16038.100    16044.100
   485:    16048.120    16098.200    16148.300    16248.510    16332.120
   490:    16654.110    16661.120    16695.120    16713.120    16727.110
   495:    16735.110    16739.120    16773.120    16802.110    16814.110
   500:    16834.110    16846.110    16856.110    16865.120    16895.120
   505:    16933.110    16942.110    16944.110    16951.110    16959.110
   510:    16970.120    17042.110    17042.210    17046.120    17092.310
   515:    17192.500    17307.120    17364.120    17374.120    17519.120
   520:    17646.120    17666.100    17763.100    17771.100    17778.120
   525:    17823.200    17873.300    17973.500    18070.120    18174.120
   530:    18323.120    18362.100    18368.120    18430.100    18452.120
   535:    18548.100    18555.100    18558.120    18608.200    18658.300
   540:    18758.540    18837.120    18889.120    19047.120    19067.110
   545:    19077.120    19122.110    19140.110    19313.110    19319.120
   550:    19343.110    19364.120    19430.110    19447.110    19454.110
   555:    19464.110    19480.120    19530.110    19541.110    19552.110
   560:    19564.110    19568.110    19576.110    19584.120    19584.120
   565:    19662.110    19672.110    19680.110    19683.110    19697.110
   570:    19704.110    19707.120    19791.120    19806.110    19818.110
   575:    19830.110    19833.110    19845.120    19929.110    19933.110
   580:    19940.110    19987.110    19992.110    19999.120    20044.110
   585:    20051.110    20058.110    20072.110    20080.110    20087.120
   590:    20328.110    20337.110    20353.110    20356.110    20360.110
   595:    20398.120    20420.120    20425.120    20546.120    20558.340
   600:    20584.120    20658.500    20822.100    20829.100    20833.120
   605:    20914.100    20923.100    20926.120    21039.100    21040.120
   610:    21136.100    21146.100    21150.120    21268.120    21276.120
   615:    21280.120    21294.120    21319.100    21326.120    21379.200
   620:    21429.300    21529.510    21630.120    21710.120    22064.120
   625:    22086.110    22094.110    22103.110    22113.120    22132.110
   630:    22144.110    22155.110    22157.110    22165.110    22176.110
   635:    22181.120    22267.110    22267.210    22272.120    22317.310
   640:    22417.500    22509.120    22759.120    22978.100    22988.120
   645:    23038.200    23088.300    23188.510    23258.120    23298.120
   650:    23450.120    23486.120    23572.120    23645.110    23651.120
   655:    23733.110    23742.110    23756.110    23767.110    23781.110
   660:    23786.110    23795.110    23807.120    23810.120    23889.110
   665:    23889.210    23894.120    23939.310    24039.500    24197.120
   670:    24263.120    24409.120    24445.120    24523.100    24532.100
   675:    24535.120    24647.120    24664.100    24671.100    24674.120
   680:    24724.200    24726.120    24774.300    24874.510    24960.120
   685:    25034.120    25079.120    25313.120    25387.120    25413.110
   690:    25427.110    25439.110    25454.110    25463.110    25466.110
   695:    25466.120    25488.120    25519.110    25539.110    25545.110
   700:    25553.110    25559.120    25584.120    25593.120    25623.110
   705:    25627.110    25629.110    25631.110    25631.210    25636.120
   710:    25681.310    25781.500    25983.120    26163.120    26213.100
   715:    26242.120    26312.100    26319.100    26322.120    26451.120
   720:    26466.100    26476.120    26526.200    26576.300    26676.510
   725:    26849.120    26916.120    26918.120    27133.120    27136.120
   730:    27154.120    27177.120    27197.110    27203.120    27244.110
   735:    27267.110    27283.120    27323.110    27412.110    27412.210
   740:    27416.120    27462.310    27562.500    27657.120    27762.120
   745:    27783.120    27950.120    27962.120    27990.120    28036.100
   750:    28041.100    28045.100    28046.120    28133.100    28145.120
   755:    28193.200    28243.300    28256.120    28343.500    28448.120
   760:    28604.120    28720.100    28754.100    28762.120    28803.100
   765:    28811.100    28813.100    28820.120    28914.100    28921.100
   770:    28925.120    28974.200    29024.300    29124.510    29287.120
   775:    29583.110    29591.120    29625.110    29635.120    29668.120
   780:    29719.120    29771.110    29771.210    29775.120    29821.310
   785:    29921.510    30070.120    30117.120    30176.120    30394.110
   790:    30406.110    30417.110    30422.120    30449.120    30482.120
   795:    30507.110    30515.110    30521.110    30525.120    30543.120
   800:    30561.110    30576.110    30586.110    30592.110    30592.210
   805:    30598.120    30642.310    30742.530    30872.120    31293.120
   810:    31319.100    31326.120    31407.120    31497.120    31534.100
   815:    31546.120    31552.120    31669.100    31679.100    31683.120
   820:    31839.120    31845.120    31912.100    31922.100    31933.120
   825:    31997.120    32026.100    32045.100    32051.100    32053.100
   830:    32060.120    32139.120    32184.100    32191.100    32196.120
   835:    32206.120    32378.120    32392.120    32395.120    32443.120
   840:    32499.120    32510.120    32511.120    32523.120    32525.120
   845:    32528.120    32542.330    32642.510    32842.110    32869.110
   850:    32884.110    32899.110    32910.110    32912.110    32919.110
   855:    32925.120    33013.110    33024.110    33029.110    33038.110
   860:    33049.110    33055.110    33078.110    33093.110    33103.110
   865:    33108.120    33123.110    33132.110    33148.110    33153.110
   870:    33157.110    33172.110    33178.120    33197.120    33210.110
   875:    33220.110    33225.110    33228.110    33231.110    33234.110
   880:    33245.110    33250.110    33259.120    33332.110    33332.210
   885:    33337.120    33382.310    33482.500    33587.120    33861.120
   890:    33861.120    33899.120    33928.100    33937.100    33943.120
   895:    33987.120    34079.100    34089.120    34111.100    34123.120
   900:    34139.200    34189.300    34289.510    34378.120    34423.120
   905:    34819.110    34843.110    34853.110    34863.110    34869.120
   910:    34892.110    34906.110    34916.110    34919.110    34926.110
   915:    34961.110    34961.210    34965.120    35011.310    35111.500
   920:    35207.120    35279.120    35717.100    35726.120    35777.200
   925:    35827.300    35927.500    36054.120    36094.120    36337.120
   930:    36407.100    36416.120    36523.120    36540.100    36546.100
   935:    36549.120    36600.200    36650.300    36750.510    36861.120
   940:    37096.110    37106.120    37136.120    37186.120    37226.110
   945:    37243.110    37249.110    37254.110    37258.110    37266.110
   950:    37271.120    37305.120    37322.110    37341.110    37354.110
   955:    37360.110    37361.110    37363.110    37368.110    37377.110
   960:    37384.120    37426.120    37439.120    37448.110    37448.210
   965:    37451.120    37498.310    37598.510    37675.120    37722.120
   970:    37733.120    37916.110    37925.120    38010.120    38020.120
   975:    38032.110    38045.110    38054.110    38060.110    38069.120
   980:    38110.120    38124.120    38141.110    38149.110    38164.120
   985:    38171.110    38176.110    38181.110    38184.110    38189.120
   990:    38217.120    38230.120    38245.110    38245.210    38249.120
   995:    38295.310    38395.540    38495.120    38548.120    38796.110
  1000:    38805.110    38816.110    38833.110    38837.120    38869.110
  1005:    38873.110    38886.110    38896.110    38903.110    38913.110
  1010:    38916.110    38924.110    38936.110    38940.120    38971.110
  1015:    38979.110    38985.110    38992.110    38995.110    39003.110
  1020:    39007.120    39042.120    39058.110    39068.110    39075.110
  1025:    39083.120    39114.120    39128.120    39153.110    39179.110
  1030:    39191.110    39193.110    39197.110    39206.110    39220.120
  1035:    39321.110    39337.110    39344.110    39352.110    39361.120
  1040:    39400.110    39405.110    39418.110    39430.110    39434.110
  1045:    39448.110    39455.110    39460.120    39675.110    39692.110
  1050:    39696.120    39739.110    40018.110    40025.120    40195.340
  1055:    40295.510    40414.110    40422.120    40438.120    40448.120
  1060:    40619.110    40635.120    40657.110    40668.110    40680.110
  1065:    40686.120    40694.120    40732.110    40742.110    40750.110
  1070:    40766.110    40776.110    40792.110    40802.110    40806.120
  1075:    40926.110    40930.110    40936.110    40938.110    40940.110
  1080:    40940.210    40944.120    40990.310    41090.500    41202.120
  1085:    41430.120    41450.100    41459.120    41490.100    41499.120
  1090:    41587.120    41602.100    41608.100    41610.120    41782.120
  1095:    41804.100    41810.100    41813.100    41815.120    41864.200
  1100:    41914.300
E:
     0:     1101.000      160.000      494.000
F:
     0:       70.000       31.172       33.162
G:
     0:        1.000        1.000        1.000        1.000        1.000
     5:        1.000        1.000        1.000        1.000        0.000
H:
     0:        1.000        1.000        2.000        2.000
L:
     0:     6727.000     7312.000     6724.000     7552.000     6473.000
     5:     6277.000     6686.000     6415.000     6443.000     7311.000
    10:     6312.000     6948.000     7542.000     6415.000     6407.000
    15:     6662.000     6763.000     6823.000     7845.000
R:
     0:        1.000        1.000        1.000        1.000        1.000
     5:        1.000        1.000        1.000        1.000        0.000
S:
     0:        1.000        1.000
U:
     0:     6443.000        8.000        0.000
X:
     0:        0.000      296.001      602.002      608.003      662.003
     5:      712.000      712.000     1221.001     1373.002     1384.003
    10:     1433.003     1483.000     1483.000     1967.001     1975.002
    15:     2085.003     2099.004     2145.004     2195.000     2195.000
    20:     2600.001     2613.002     2693.003     2703.004     2880.005
    25:     2891.006     2940.006     2990.000     2990.000     2990.111
    30:     2990.112     2990.113     2990.114     2990.115     2990.116
    35:     2990.117     2990.118     2990.118     2990.000     2990.000
    40:     3604.002     3713.004     3721.006     4061.008     4202.010
    45:     4215.012     4219.014     4333.016     4344.018     4347.020
    50:     4538.022     4545.024     4547.026     7252.001     7312.001
    55:     7362.000     7362.000     7862.001     7960.002     7966.003
    60:     8020.003     8070.000     8070.000     8543.001     8641.002
    65:     8649.003     8701.003     8751.000     8751.000     9139.001
    70:     9207.002     9325.003     9332.004     9385.004     9435.000
    75:     9435.000     9435.081     9435.082     9435.083     9435.084
    80:     9435.085     9435.086     9435.087     9435.088     9435.088
    85:     9435.000     9435.000     9996.001    10056.001    10106.000
    90:    10106.000    10590.001    10598.002    10730.003    10738.004
    95:    10790.004    10840.000    10840.000    11271.001    11370.002
   100:    11377.003    11524.004    11584.004    11634.000    11634.000
   105:    12108.001    12113.002    12116.003    12205.004    12265.004
   110:    12315.000    12315.000    12691.001    12726.002    12774.003
   115:    12782.004    12784.005    12885.006    12892.007    12945.007
   120:    12995.000    12995.000    13571.002    13786.004    13921.006
   125:    13931.008    14165.010    14174.012    14278.014    14297.016
   130:    14303.018    14305.020    14436.022    14443.024    16180.001
   135:    16189.002    16331.003    16363.004    16391.004    16441.000
   140:    16441.000    17047.001    17107.001    17157.000    17157.000
   145:    17637.001    17769.002    17776.003    17829.003    17879.000
   150:    17879.000    18239.001    18279.002    18391.003    18396.004
   155:    18593.005    18599.006    18601.007    18653.007    18703.000
Y:
     0:        0.000       54.001      104.002      161.003      172.004
     5:      310.005      323.006      334.007      379.008      438.009
    10:      449.010      457.011      466.012      475.013      512.014
    15:      521.015      529.016      537.017      540.018      540.018
    20:      590.000      590.000      893.001     1181.002     1181.002
    25:     1231.000     1231.000     1672.001     1687.002     1696.003
    30:     1736.004     1748.005     1757.006     1760.007     1760.008
    35:     1769.009     1780.010     1782.011     1787.012     1793.013
    40:     1853.014     1865.015     1879.016     1882.017     1885.018
    45:     1886.019     1892.020     1894.021     1900.022     1902.023
    50:     1915.024     1915.024     1965.000     1965.000     2192.001
    55:     2212.002     2308.003     2316.004     2327.005     2415.006
    60:     2428.007     2453.008     2515.009     2527.010     2527.011
    65:     2530.012     2540.013     2593.014     2600.015     2611.016
    70:     2614.017     2616.018     2617.019     2619.020     2628.021
    75:     2632.022     2635.023     2643.024     2643.024     2693.000
    80:     2693.000     3324.001     3343.002     3347.003     3352.004
    85:     3356.005     3454.006     3454.006     3504.000     3504.000
    90:     3883.002     4145.004     4157.006     4184.008     4191.010
    95:     4194.012     4235.014     4254.016     4264.018     4269.020
   100:     4272.022     4284.024     4296.026     4298.028     4299.030
   105:     4307.032     4363.034     4377.036     4385.038     4394.040
   110:     4418.042     4420.044     4422.046     4425.048     4426.050
   115:     4427.052     4432.054     4438.056     4440.058     4443.060
   120:     4448.062     4462.064     4467.066     4469.068     4571.070
   125:     4622.072     4632.074     4645.076     4647.078     4648.080
   130:     4657.082     4690.084     4720.086     4732.088     4740.090
   135:     4750.092     4826.094     4837.096     4844.098     4857.100
   140:     4869.102     4874.104     5012.106     5149.108     5160.110
   145:     6549.001     6561.002     6571.003     6588.004     6594.005
   150:     6599.006     6602.007     6603.008     6609.009     6620.010
   155:     6709.011     6722.012     6733.013     6738.014     6746.015
   160:     6756.016     6758.017     6808.018     6816.019     6818.020
   165:     6820.021     6821.022     6827.023     6828.024     6830.025
   170:     6837.026     6919.027     6921.028     6922.029     6923.029
   175:     6973.000     6973.000     6973.027     6973.028     6973.029
   180:     6973.030     6973.031     6973.032     6973.033     6973.034
   185:     6973.035     6973.036     6973.037     6973.038     6973.039
   190:     6973.040     6973.041     6973.042     6973.043     6973.044
   195:     6973.045     6973.046     6973.047     6973.048     6973.049
   200:     6973.050     6973.051     6973.052     6973.053     6973.054
   205:     6973.055     6973.056     6973.057     6973.058     6973.059
   210:     6973.059     6973.000     6973.000     6973.001     6973.002
   215:     6973.003     6973.004     6973.005     6973.006     6973.007
   220:     6973.008     6973.009     6973.009     6973.000     6973.000
   225:     7378.001     7451.002     7459.003     7527.004     7539.005
   230:     7558.006     7571.007     7580.008     7657.009     7666.010
   235:     7669.011     7675.012     7684.013     7766.014     7767.014
   240:     7817.000     7817.000     8126.002     8181.004     8199.006
   245:     8372.008     8402.010     8489.012     8506.014     8512.016
   250:     8523.018     8588.020     8599.022     8611.024     8623.026
   255:     8627.028     8635.030     8721.032     8731.034     8739.036
   260:     8742.038     8756.040     8763.042     8865.044     8876.046
   265:     8889.048     8891.050     8988.052     8992.054     8998.056
   270:     9046.058     9051.060     9103.062     9110.064     9117.066
   275:     9130.068     9138.070     9387.072     9396.074     9412.076
   280:     9415.078     9419.080    11145.001    11153.002    11162.003
   285:    11191.004    11203.005    11213.006    11216.007    11224.008
   290:    11235.009    11326.010    11326.010    11376.000    11376.000
   295:    11832.001    11920.002    11930.003    11943.004    11954.005
   300:    11969.006    11973.007    11982.008    12076.009    12076.009
   305:    12126.000    12126.000    12665.001    12679.002    12691.003
   310:    12706.004    12714.005    12718.006    12771.007    12791.008
   315:    12797.009    12805.010    12875.011    12879.012    12881.013
   320:    12883.014    12883.014    12933.000    12933.000    13454.001
   325:    13500.002    13524.003    13580.004    13669.005    13669.005
   330:    13719.000    13719.000    14178.001    14219.002    14366.003
   335:    14366.003    14416.000    14416.000    14888.001    14900.002
   340:    14911.003    15002.004    15010.005    15015.006    15056.007
   345:    15070.008    15080.009    15087.010    15087.010    15137.000
   350:    15137.000    15137.025    15137.026    15137.027    15137.028
   355:    15137.029    15137.030    15137.031    15137.032    15137.033
   360:    15137.034    15137.035    15137.036    15137.037    15137.038
   365:    15137.039    15137.040    15137.041    15137.042    15137.043
   370:    15137.044    15137.045    15137.046    15137.047    15137.048
   375:    15137.049    15137.050    15137.051    15137.052    15137.053
   380:    15137.054    15137.055    15137.055    15137.000    15137.000
   385:    15667.001    15691.002    15701.003    15711.004    15740.005
   390:    15754.006    15764.007    15767.008    15774.009    15809.010
   395:    15809.010    15859.000    15859.000    16205.001    16334.002
   400:    16351.003    16358.004    16363.005    16367.006    16375.007
   405:    16431.008    16449.009    16463.010    16469.011    16470.012
   410:    16472.013    16476.014    16486.015    16556.016    16556.016
   415:    16606.000    16606.000    16924.001    17040.002    17053.003
   420:    17062.004    17067.005    17149.006    17157.007    17179.008
   425:    17184.009    17189.010    17192.011    17253.012    17253.012
   430:    17303.000    17303.000    17703.002    17712.004    17723.006
   435:    17740.008    17776.010    17780.012    17793.014    17803.016
   440:    17810.018    17820.020    17823.022    17831.024    17843.026
   445:    17878.028    17886.030    17892.032    17899.034    17902.036
   450:    17910.038    17965.040    17975.042    17982.044    18060.046
   455:    18086.048    18098.050    18100.052    18104.054    18113.056
   460:    18228.058    18244.060    18251.062    18259.064    18307.066
   465:    18312.068    18325.070    18337.072    18341.074    18355.076
   470:    18362.078    18582.080    18599.082    18646.084    18925.086
   475:    19321.087    19526.088    19564.089    19575.090    19587.091
   480:    19639.092    19649.093    19657.094    19673.095    19683.096
   485:    19699.097    19709.098    19833.099    19837.100    19843.101
   490:    19845.102    19847.103    19847.103    19897.000
