File: C:\MED-PC\Data\2018-05-21_12h27m_Subject M332.txt


Start Date: 05/21/18
End Date: 05/21/18
Subject: M332
Experiment: DOBLE_PICO_ACO
Group: EXP
Box: 9
Start Time: 12:27:15
End Time: 13:40:35
MSN: IF_ACO_MULTIPLE_PICO
A:    1214.000
B:      21.000
D:      22.000
I:       2.000
J:   18000.000
K:    5400.000
M:     228.000
N:      21.000
O:      22.000
P:    1832.000
Q:       0.000
T:    1000.000
V:     600.000
W:      21.000
Z:       0.000
C:
     0:        0.120        0.120        0.120        0.120        0.120
     5:        0.120        0.120        0.120        0.120        0.120
    10:        0.120        0.120        0.120        0.120        0.120
    15:        0.120        0.120        0.120        0.120        0.120
    20:        0.120        0.120        0.120        0.120        0.120
    25:        0.120        0.120        0.120        0.120        0.120
    30:        0.120        0.120        0.510       90.110      137.110
    35:      148.110      167.110      171.110      174.110      178.110
    40:      180.110      226.110      226.110      233.120      235.120
    45:      235.120      269.120      277.120      286.120      307.110
    50:      308.110      311.110      312.110      317.110      319.110
    55:      324.110      331.110      334.110      336.110      339.110
    60:      340.110      343.110      355.110      357.110      364.110
    65:      371.110      371.110      372.110      382.110      384.110
    70:      389.110      391.110      396.110      402.110      404.110
    75:      408.110      410.110      413.110      422.110      424.110
    80:      426.110      429.110      483.110      488.110      490.110
    85:      490.110      494.110      497.110      500.110      502.110
    90:      507.110      509.110      514.110      518.110      521.110
    95:      530.110      532.110      536.110      541.110      541.210
   100:      546.120      585.120      591.310      643.120      691.500
   105:      720.120      792.120      822.120      836.120      853.120
   110:      904.120      906.120      927.120      937.120     1156.120
   115:     1179.100     1191.100     1198.100     1200.100     1205.100
   120:     1208.100     1215.100     1217.100     1220.100     1221.100
   125:     1226.100     1231.100     1237.100     1240.100     1246.100
   130:     1248.100     1251.100     1253.100     1256.100     1257.100
   135:     1265.100     1267.100     1269.100     1279.100     1281.100
   140:     1283.100     1286.100     1294.100     1297.200     1303.120
   145:     1334.120     1347.300     1369.120     1447.500     1471.120
   150:     1554.120     1709.120     1729.120     1753.100     1762.100
   155:     1765.100     1772.100     1776.120     1818.100     1821.100
   160:     1829.100     1833.100     1836.100     1838.100     1845.100
   165:     1850.100     1859.100     1862.100     1869.100     1871.100
   170:     1873.100     1877.100     1889.100     1893.100     1896.100
   175:     1899.100     1901.100     1907.100     1909.100     1914.100
   180:     1924.100     1929.100     1931.100     1934.100     1938.100
   185:     1940.100     1943.100     1947.100     1958.100     1973.100
   190:     1976.100     1980.100     1987.100     1992.100     1997.100
   195:     2000.100     2004.100     2006.100     2009.100     2018.100
   200:     2021.100     2023.100     2033.100     2035.100     2042.120
   205:     2047.200     2083.120     2097.300     2129.120     2197.510
   210:     2217.120     2218.120     2218.120     2580.120     2581.120
   215:     2623.120     2627.120     2631.120     2631.120     2638.120
   220:     2662.110     2664.110     2669.110     2671.110     2673.110
   225:     2675.110     2677.110     2680.110     2690.110     2694.110
   230:     2694.110     2695.110     2700.110     2704.110     2706.110
   235:     2710.110     2717.110     2721.110     2723.110     2726.110
   240:     2737.110     2739.110     2741.110     2750.110     2752.110
   245:     2754.110     2756.110     2757.110     2764.110     2764.110
   250:     2767.110     2773.110     2775.110     2783.110     2785.110
   255:     2791.110     2799.110     2802.110     2807.110     2810.110
   260:     2812.110     2814.110     2814.210     2820.120     2853.120
   265:     2864.310     2923.120     2964.510     2990.120     3147.120
   270:     3163.120     3215.120     3227.110     3281.120     3302.120
   275:     3315.120     3327.110     3330.110     3335.110     3337.110
   280:     3340.110     3341.110     3343.110     3345.110     3347.110
   285:     3349.110     3351.110     3358.110     3360.110     3362.110
   290:     3364.110     3368.110     3371.110     3380.110     3381.110
   295:     3386.110     3393.110     3400.110     3402.110     3408.110
   300:     3411.110     3413.110     3414.110     3419.110     3424.110
   305:     3425.110     3426.110     3427.110     3438.110     3440.110
   310:     3449.110     3451.110     3458.110     3464.110     3471.110
   315:     3482.110     3490.110     3493.110     3494.110     3501.110
   320:     3507.110     3513.110     3517.110     3521.110     3531.110
   325:     3538.110     3547.110     3563.110     3565.110     3576.110
   330:     3576.210     3580.120     3612.120     3626.310     3684.120
   335:     3726.500     3753.120     3803.120     3803.120     3834.120
   340:     3921.120     4015.120     4041.100     4051.100     4053.100
   345:     4059.120     4090.100     4093.100     4099.100     4104.100
   350:     4106.100     4108.100     4110.100     4115.100     4123.120
   355:     4145.100     4150.100     4153.100     4156.100     4160.100
   360:     4163.100     4166.100     4169.100     4171.100     4175.100
   365:     4178.100     4182.100     4189.100     4198.100     4203.100
   370:     4205.100     4207.100     4208.100     4209.100     4226.100
   375:     4228.100     4230.100     4240.100     4242.100     4247.100
   380:     4249.100     4255.100     4258.100     4263.100     4266.100
   385:     4270.100     4274.100     4277.100     4286.120     4308.120
   390:     4326.120     4330.200     4332.120     4365.120     4380.300
   395:     4437.120     4480.510     4797.120     4815.120     4819.120
   400:     4850.120     4852.120     4853.120     4936.120     4961.110
   405:     4964.110     4968.110     4970.110     4975.110     4978.110
   410:     4980.110     4984.110     4987.110     4988.110     4992.110
   415:     4995.110     4996.110     5006.110     5012.110     5014.110
   420:     5022.110     5031.110     5031.110     5033.110     5039.110
   425:     5042.110     5048.110     5053.110     5060.110     5064.110
   430:     5069.110     5075.110     5084.110     5088.110     5093.110
   435:     5093.210     5097.120     5129.120     5143.310     5226.120
   440:     5243.510     5265.120     5266.120     5282.120     5284.120
   445:     5289.120     5310.120     5489.120     5544.110     5545.110
   450:     5548.110     5549.110     5552.110     5561.110     5566.110
   455:     5568.110     5571.110     5574.110     5576.110     5577.110
   460:     5586.110     5595.110     5597.110     5599.110     5603.110
   465:     5604.110     5611.110     5619.110     5621.110     5625.110
   470:     5633.110     5637.110     5639.110     5641.110     5645.110
   475:     5657.110     5659.110     5667.110     5667.110     5689.110
   480:     5692.110     5692.110     5696.110     5700.110     5703.110
   485:     5705.110     5706.110     5708.110     5710.110     5712.110
   490:     5715.110     5716.110     5724.110     5725.110     5726.110
   495:     5728.110     5730.110     5731.110     5736.110     5739.110
   500:     5745.110     5753.110     5756.110     5758.110     5766.110
   505:     5768.110     5779.110     5782.110     5784.110     5793.110
   510:     5793.110     5794.110     5797.110     5799.110     5803.110
   515:     5808.110     5808.110     5814.110     5820.110     5822.110
   520:     5824.110     5826.110     5832.110     5833.110     5836.110
   525:     5848.110     5850.110     5852.110     5862.110     5862.210
   530:     5867.120     5897.120     5912.310     6012.500     6040.120
   535:     6439.120     6453.120     6454.120     6468.120     6473.120
   540:     6491.120     6492.120     6518.100     6692.120     6716.100
   545:     6718.100     6721.100     6723.100     6726.100     6731.100
   550:     6734.100     6736.100     6739.100     6740.100     6743.100
   555:     6756.100     6757.100     6758.100     6761.100     6764.100
   560:     6775.100     6776.200     6782.120     6811.120     6826.300
   565:     6896.120     6926.510     7053.120     7055.120     7092.120
   570:     7093.120     7094.120     7251.120     7251.120     7270.120
   575:     7283.120     7299.110     7301.110     7301.110     7302.110
   580:     7306.110     7311.110     7314.110     7315.110     7318.110
   585:     7322.110     7325.110     7326.110     7333.110     7341.110
   590:     7343.110     7347.110     7351.110     7356.110     7360.110
   595:     7368.110     7369.110     7373.110     7377.110     7379.110
   600:     7386.110     7389.110     7408.110     7412.110     7414.110
   605:     7422.110     7429.110     7444.110     7446.110     7448.110
   610:     7465.110     7467.110     7474.110     7477.110     7482.110
   615:     7487.110     7490.110     7495.110     7499.110     7523.110
   620:     7527.110     7533.110     7536.110     7538.110     7538.210
   625:     7543.120     7577.120     7588.310     7670.120     7688.500
   630:     7919.120     7951.120     7952.120     7966.120     7969.120
   635:     7971.120     7972.120     7973.120     8022.120     8038.120
   640:     8049.120     8066.120     8069.120     8116.100     8195.100
   645:     8198.100     8201.100     8205.120     8222.100     8224.100
   650:     8226.100     8230.100     8240.100     8243.100     8247.100
   655:     8249.100     8258.100     8263.100     8265.100     8272.120
   660:     8286.120     8289.120     8290.200     8323.120     8340.300
   665:     8369.120     8440.500     8448.120     8490.120     8650.120
   670:     8676.120     8676.120     8692.120     8708.100     8712.100
   675:     8721.100     8727.120     8751.120     8763.120     8767.120
   680:     8783.120     8819.100     8842.120     8852.120     8856.100
   685:     8858.100     8860.100     8863.100     8865.100     8868.100
   690:     8869.100     8872.100     8877.120     8900.120     8919.120
   695:     8933.120     8938.120     8960.100     8972.100     8974.100
   700:     8976.100     8979.100     8980.100     8984.100     8986.100
   705:     8989.100     8991.100     8993.100     8996.100     9000.100
   710:     9003.100     9005.100     9008.100     9011.100     9013.100
   715:     9015.100     9030.100     9034.100     9039.100     9044.200
   720:     9044.100     9051.120     9071.120     9093.120     9094.300
   725:     9103.120     9187.120     9194.510     9410.120     9439.110
   730:     9441.110     9442.110     9445.110     9447.110     9462.110
   735:     9464.110     9469.110     9473.110     9477.110     9479.110
   740:     9483.110     9485.110     9491.110     9492.110     9499.110
   745:     9501.110     9503.110     9506.110     9510.110     9516.110
   750:     9518.110     9522.110     9524.110     9527.110     9529.110
   755:     9536.110     9538.110     9541.110     9543.110     9551.110
   760:     9564.110     9566.110     9572.110     9574.110     9581.110
   765:     9585.110     9587.110     9592.110     9594.110     9597.110
   770:     9602.110     9603.110     9605.110     9621.110     9623.110
   775:     9628.110     9633.110     9635.110     9638.110     9653.110
   780:     9655.110     9657.110     9660.110     9667.110     9674.110
   785:     9678.110     9682.110     9684.110     9690.110     9690.110
   790:     9691.110     9693.110     9695.110     9701.110     9704.110
   795:     9710.110     9712.110     9715.110     9717.110     9719.110
   800:     9732.110     9735.110     9736.110     9747.110     9748.110
   805:     9750.110     9752.110     9756.110     9761.110     9761.110
   810:     9766.110     9766.110     9768.110     9770.110     9772.110
   815:     9773.110     9785.110     9789.110     9810.110     9810.210
   820:     9814.120     9846.120     9860.310     9917.120     9960.510
   825:    10186.120    10222.120    10232.120    10234.120    10246.120
   830:    10252.120    10388.110    10393.110    10397.110    10404.120
   835:    10405.120    10425.120    10426.120    10435.110    10439.110
   840:    10439.110    10445.110    10447.110    10449.110    10453.110
   845:    10457.110    10459.110    10463.110    10465.110    10467.110
   850:    10469.110    10472.110    10475.110    10477.110    10487.110
   855:    10493.110    10495.110    10497.110    10503.110    10519.110
   860:    10522.110    10530.110    10534.110    10536.110    10541.110
   865:    10544.110    10558.110    10560.110    10564.110    10569.110
   870:    10570.110    10571.110    10571.210    10575.120    10611.120
   875:    10621.310    10721.510    10873.120    10929.120    11113.120
   880:    11137.120    11157.110    11164.110    11167.110    11169.110
   885:    11172.110    11173.110    11174.110    11178.110    11181.110
   890:    11187.110    11196.110    11204.110    11207.110    11211.110
   895:    11229.110    11233.110    11235.110    11238.110    11240.110
   900:    11242.110    11249.110    11251.110    11254.110    11256.110
   905:    11265.110    11272.110    11288.110    11288.110    11290.110
   910:    11303.110    11305.110    11312.110    11316.110    11318.110
   915:    11342.110    11342.210    11346.120    11382.120    11392.310
   920:    11492.500    11542.120    11719.120    11723.120    11765.120
   925:    11782.100    11841.120    11862.120    11877.100    11879.100
   930:    11883.100    11888.120    11905.120    11913.100    11920.100
   935:    11923.100    11927.100    11930.100    11935.100    11937.100
   940:    11939.100    11941.100    11948.100    11951.100    11954.100
   945:    11956.100    11965.100    11968.100    11970.100    11972.100
   950:    11983.100    11985.100    11988.100    11990.100    11995.100
   955:    12001.100    12007.100    12010.100    12012.100    12014.100
   960:    12017.100    12020.100    12027.100    12031.100    12035.100
   965:    12038.100    12046.100    12049.100    12055.100    12060.120
   970:    12073.120    12086.100    12089.100    12095.200    12103.120
   975:    12133.120    12145.300    12171.120    12245.530    12612.120
   980:    12613.120    12642.120    12670.120    12690.120    12695.120
   985:    12697.120    12706.120    12709.120    12959.120    12992.100
   990:    12996.100    13002.120    13016.100    13020.100    13022.100
   995:    13024.100    13026.100    13029.100    13032.100    13040.100
  1000:    13044.100    13045.100    13046.100    13051.100    13053.100
  1005:    13060.100    13062.100    13069.100    13070.100    13072.100
  1010:    13076.100    13079.100    13083.100    13086.100    13099.100
  1015:    13104.100    13106.100    13109.100    13111.100    13114.100
  1020:    13116.100    13121.100    13131.100    13141.100    13148.120
  1025:    13157.120    13157.120    13173.120    13182.100    13184.100
  1030:    13199.100    13207.100    13209.100    13212.100    13216.100
  1035:    13227.100    13235.100    13238.100    13243.100    13247.100
  1040:    13252.100    13262.100    13264.100    13266.100    13271.120
  1045:    13294.120    13313.100    13314.100    13326.120    13346.100
  1050:    13348.100    13361.100    13364.100    13371.100    13377.100
  1055:    13378.100    13389.100    13394.120    13447.120    13472.120
  1060:    13472.120    13508.120    13536.120    13557.120    13577.120
  1065:    13591.120    13595.120    13665.120    13852.100    13863.120
  1070:    13888.100    13910.100    13912.100    13919.120    13946.100
  1075:    13948.100    13953.100    13959.100    13962.100    13966.100
  1080:    13988.120    14003.100    14006.100    14008.100    14010.100
  1085:    14011.100    14013.100    14021.100    14028.100    14029.100
  1090:    14033.100    14039.100    14042.100    14045.100    14045.330
  1095:    14080.120    14145.540    14406.110    14414.120    14546.110
  1100:    14549.110    14557.120    14561.120    14562.120    14580.110
  1105:    14584.110    14585.110    14587.110    14588.110    14595.110
  1110:    14599.110    14603.110    14604.110    14613.110    14625.110
  1115:    14625.110    14627.110    14631.110    14635.110    14637.110
  1120:    14641.110    14661.110    14663.110    14665.110    14673.110
  1125:    14677.110    14681.110    14685.110    14690.110    14697.110
  1130:    14697.110    14699.110    14703.110    14706.110    14712.110
  1135:    14715.110    14719.110    14721.110    14731.110    14737.110
  1140:    14739.110    14741.110    14743.110    14745.110    14756.110
  1145:    14764.110    14766.110    14786.110    14790.110    14798.110
  1150:    14802.110    14803.110    14804.110    14808.110    14816.110
  1155:    14826.110    14830.110    14840.110    14854.110    14862.110
  1160:    14864.110    14867.110    14869.110    14870.110    14884.110
  1165:    14896.110    14899.110    14901.110    14906.110    14907.110
  1170:    14910.110    14926.110    14930.110    14934.110    14937.110
  1175:    14939.110    14941.110    14945.110    14947.110    14950.110
  1180:    14955.110    14957.110    14957.110    14959.110    14971.110
  1185:    14975.110    14978.110    14990.110    14992.110    14994.110
  1190:    14996.110    14999.110    15003.110    15005.110    15007.110
  1195:    15010.110    15012.110    15016.110    15029.110    15030.110
  1200:    15032.110    15048.110    15050.110    15057.110    15059.110
  1205:    15062.110    15068.110    15070.110    15073.110    15079.110
  1210:    15079.110    15083.110    15086.110    15088.110    15095.110
  1215:    15104.110    15108.110    15116.110    15118.110    15130.110
  1220:    15131.110    15133.110    15136.110    15141.110    15143.110
  1225:    15154.110    15158.110    15159.110    15166.110    15172.110
  1230:    15177.120    15215.110    15217.110    15219.110    15227.110
  1235:    15229.110    15233.110    15237.110    15247.120    15334.110
  1240:    15338.120    15350.120    15355.120    15355.120    15361.120
  1245:    15375.120    15412.120    15418.120    15436.110    15436.110
  1250:    15440.110    15443.110    15446.110    15516.120    15576.120
  1255:    15759.110    15767.120    15861.120    15887.120    15900.120
  1260:    15907.120    15945.340    15951.120    16045.500    16088.120
  1265:    16090.120    16090.120    16092.120    16093.120    16218.100
  1270:    16225.120    16279.120    16293.120    16298.120    16298.120
  1275:    16299.120    16507.100    16547.100    16550.100    16553.100
  1280:    16556.100    16559.120    16574.100    16576.100    16588.100
  1285:    16591.100    16597.100    16600.100    16603.100    16606.100
  1290:    16608.100    16613.100    16614.100    16619.100    16620.100
  1295:    16624.100    16626.100    16630.100    16637.120    16648.200
  1300:    16686.120    16698.300    16798.510    16899.120    16915.120
  1305:    16928.120    16939.120    16948.120    16978.120    16997.120
  1310:    16998.120    17006.120    17017.120    17025.120    17027.120
  1315:    17039.120    17042.120    17049.120    17058.120    17167.120
  1320:    17168.120    17193.120    17195.120    17196.120    17210.120
  1325:    17220.110    17222.110    17223.110    17228.110    17231.110
  1330:    17234.110    17238.110    17241.110    17243.110    17245.110
  1335:    17248.110    17248.110    17249.110    17254.110    17256.110
  1340:    17258.110    17260.110    17263.110    17265.110    17271.110
  1345:    17273.110    17275.110    17277.110    17280.110    17284.110
  1350:    17287.110    17289.110    17291.110    17293.110    17295.110
  1355:    17300.110    17303.110    17306.110    17310.110    17312.110
  1360:    17314.110    17319.110    17323.110    17325.110    17330.110
  1365:    17334.110    17353.110    17355.110    17356.110    17359.110
  1370:    17368.110    17371.110    17372.110    17375.110    17379.110
  1375:    17381.110    17383.110    17386.110    17395.110    17399.110
  1380:    17401.110    17406.110    17409.110    17410.110    17410.210
  1385:    17416.120    17448.120    17460.310    17519.120    17560.500
  1390:    17949.120    17982.120    18015.120    18055.120    18082.100
  1395:    18090.100    18093.100    18097.100    18101.100    18104.100
  1400:    18110.100    18111.100    18116.100    18117.100    18123.100
  1405:    18127.100    18129.100    18142.100    18144.100    18150.100
  1410:    18161.200    18167.120    18206.120    18211.300    18311.510
  1415:    18556.120    18560.120    18579.120    18628.120    18642.120
  1420:    18717.120    18717.120    18734.110    18739.110    18740.110
  1425:    18746.110    18748.110    18750.110    18758.110    18761.110
  1430:    18769.110    18774.110    18778.110    18781.110    18787.110
  1435:    18795.110    18798.110    18806.110    18810.110    18817.110
  1440:    18819.110    18823.110    18825.110    18843.110    18845.110
  1445:    18847.110    18848.110    18858.110    18860.110    18870.110
  1450:    18898.110    18901.110    18906.110    18912.120    18929.120
  1455:    18946.110    18946.210    18950.120    18982.120    18996.310
  1460:    19082.120    19096.500    19151.120    19185.120    19193.120
  1465:    19200.100    19287.120    19300.120    19313.100    19322.100
  1470:    19332.120    19359.120    19383.120    19389.100    19397.100
  1475:    19403.100    19416.120    19436.120    19441.120    19465.120
  1480:    19469.120    19471.120    19473.120    19473.120    19474.120
  1485:    19484.100    19490.100    19495.120    19509.120    19580.120
  1490:    19605.120    19620.120    19622.120    19647.100    19656.100
  1495:    19660.100    19665.120    19693.100    19697.100    19707.200
  1500:    19714.120    19738.120    19757.300    19762.120    19771.120
  1505:    19857.500    19881.120    19882.120    19883.120    19890.120
  1510:    19901.120    19902.120    19909.120    19917.120    19921.120
  1515:    19922.120    19963.120    19979.120    19992.100    19995.100
  1520:    20008.120    20263.120    20268.120    20305.100    20306.100
  1525:    20308.100    20315.100    20322.100    20327.120    20364.100
  1530:    20373.100    20375.100    20385.100    20390.100    20392.100
  1535:    20394.100    20399.100    20401.100    20408.100    20411.100
  1540:    20414.100    20421.100    20423.100    20428.100    20430.100
  1545:    20433.100    20437.100    20442.100    20444.100    20446.100
  1550:    20451.100    20459.200    20461.100    20465.120    20491.120
  1555:    20509.300    20535.120    20609.510    20961.120    20982.120
  1560:    20984.120    20985.120    21032.120    21049.110    21051.110
  1565:    21054.110    21056.110    21062.110    21064.110    21070.110
  1570:    21074.110    21081.110    21085.110    21088.110    21094.110
  1575:    21096.110    21105.110    21109.110    21111.110    21113.110
  1580:    21114.110    21117.110    21126.110    21130.110    21132.110
  1585:    21135.110    21138.110    21153.110    21161.110    21163.110
  1590:    21171.110    21174.110    21179.110    21187.110    21201.110
  1595:    21201.110    21204.110    21218.110    21220.110    21220.210
  1600:    21224.120    21255.120    21270.310    21279.120    21370.530
  1605:    21420.120    21421.120    21558.100    21597.120    21598.120
  1610:    21599.120    21667.120    21691.120    21706.120    21716.100
  1615:    21718.100    21720.100    21725.100    21726.100    21729.100
  1620:    21731.100    21733.100    21738.100    21740.100    21742.100
  1625:    21750.100    21753.100    21755.100    21758.100    21761.100
  1630:    21766.100    21768.100    21771.100    21772.100    21776.100
  1635:    21779.100    21782.100    21784.100    21786.100    21793.100
  1640:    21795.100    21798.100    21802.100    21803.100    21805.100
  1645:    21807.100    21811.100    21813.100    21817.100    21819.100
  1650:    21829.100    21831.100    21832.100    21834.100    21837.100
  1655:    21839.100    21843.100    21845.100    21850.100    21854.100
  1660:    21856.100    21858.100    21860.100    21865.100    21868.100
  1665:    21871.100    21873.100    21875.100    21877.100    21882.100
  1670:    21883.100    21888.100    21890.100    21892.100    21895.100
  1675:    21900.100    21909.100    21915.100    21917.100    21920.100
  1680:    21922.100    21932.120    21960.120    21973.100    21989.100
  1685:    21994.100    21997.100    21998.100    22001.100    22002.100
  1690:    22005.100    22006.100    22009.100    22012.100    22015.100
  1695:    22017.100    22019.100    22022.100    22024.100    22030.100
  1700:    22037.100    22041.120    22077.120    22090.100    22102.100
  1705:    22109.100    22112.100    22119.100    22123.100    22130.100
  1710:    22132.100    22142.100    22148.100    22157.100    22158.100
  1715:    22163.120    22190.120    22204.120    22205.120    22220.120
  1720:    22224.120    22258.100    22261.100    22273.100    22277.100
  1725:    22280.100    22282.100    22284.100    22285.100    22288.100
  1730:    22295.100    22299.120    22334.120    22418.120    22531.120
  1735:    22605.100    22610.100    22615.100    22654.100    22658.100
  1740:    22678.100    22684.100    22693.120    22729.120    22737.120
  1745:    22742.120    22748.120    22751.120    23013.120    23022.120
  1750:    23023.120    23170.330    23270.510    23345.120    23515.120
  1755:    23620.120    23641.120    23666.110    23668.110    23671.110
  1760:    23688.110    23691.110    23693.110    23694.110    23700.110
  1765:    23708.110    23711.110    23712.110    23723.110    23726.110
  1770:    23729.110    23731.110    23742.110    23748.110    23752.110
  1775:    23758.110    23772.110    23774.110    23775.110    23791.110
  1780:    23793.110    23799.110    23808.110    23809.110    23818.110
  1785:    23821.110    23828.110    23834.110    23840.110    23846.110
  1790:    23851.110    23859.110    23865.110    23870.110    23885.110
  1795:    23885.210    23890.120    23921.120    23935.310    24035.500
  1800:    24072.120    24089.120    24114.120    24150.120    24153.120
  1805:    24168.100    24256.120    24257.120    24297.100    24306.100
  1810:    24309.100    24313.120    24332.100    24334.100    24341.100
  1815:    24343.100    24349.100    24352.100    24364.100    24365.100
  1820:    24372.100    24375.100    24378.100    24389.100    24392.100
  1825:    24395.100    24397.100    24400.100    24402.100    24414.100
  1830:    24417.100    24420.100    24421.100    24429.100    24431.100
  1835:    24438.100    24441.100    24446.120    24464.120    24468.100
  1840:    24479.100    24482.100    24484.100    24486.100    24493.100
  1845:    24495.100    24496.100    24501.100    24504.100    24508.100
  1850:    24510.100    24513.100    24518.100    24520.100    24524.100
  1855:    24531.100    24533.100    24542.100    24544.100    24550.120
  1860:    24574.120    24581.100    24596.100    24606.100    24608.100
  1865:    24614.100    24616.100    24619.100    24627.100    24631.100
  1870:    24635.100    24639.100    24641.200    24642.100    24646.120
  1875:    24674.120    24691.300    24701.120    24710.120    24791.510
  1880:    24873.120    24901.120    24913.120    24914.120    25042.120
  1885:    25085.120    25086.120    25120.110    25123.110    25138.110
  1890:    25140.110    25144.110    25150.110    25156.110    25158.110
  1895:    25163.110    25165.110    25168.110    25170.110    25177.110
  1900:    25180.110    25182.110    25187.110    25198.110    25200.110
  1905:    25210.110    25212.110    25215.110    25217.110    25231.110
  1910:    25233.110    25242.110    25251.110    25258.110    25262.110
  1915:    25266.110    25269.110    25271.110    25277.110    25279.110
  1920:    25296.110    25301.110    25304.110    25326.110    25330.110
  1925:    25331.110    25333.110    25345.110    25347.110    25349.110
  1930:    25357.110    25360.110    25377.110    25380.110    25385.110
  1935:    25387.110    25396.110    25398.110    25400.110    25402.110
  1940:    25402.210    25407.120    25438.120    25452.310    25552.540
  1945:    25935.120    25978.120    25980.120    25982.120    26002.120
  1950:    26015.110    26017.110    26020.110    26024.110    26026.110
  1955:    26038.110    26040.110    26043.110    26045.110    26047.110
  1960:    26049.110    26051.110    26054.110    26056.110    26058.110
  1965:    26069.110    26070.110    26071.110    26075.110    26077.110
  1970:    26080.110    26082.110    26084.110    26086.110    26088.110
  1975:    26093.110    26109.110    26118.110    26120.110    26122.110
  1980:    26124.110    26127.110    26129.110    26131.110    26151.110
  1985:    26153.110    26160.110    26163.110    26165.110    26175.110
  1990:    26175.110    26200.110    26203.110    26205.110    26213.110
  1995:    26217.110    26225.110    26229.110    26230.110    26236.110
  2000:    26241.110    26243.110    26247.110    26249.110    26250.110
  2005:    26253.110    26256.110    26273.110    26275.110    26277.110
  2010:    26279.110    26291.110    26295.110    26301.110    26303.110
  2015:    26304.110    26306.110    26309.110    26311.110    26315.110
  2020:    26317.110    26319.110    26319.110    26320.110    26329.110
  2025:    26334.110    26336.110    26338.110    26344.110    26348.110
  2030:    26355.110    26360.110    26364.110    26370.110    26372.110
  2035:    26380.110    26387.110    26390.110    26395.110    26403.110
  2040:    26404.110    26407.110    26411.110    26422.110    26428.110
  2045:    26432.110    26438.110    26440.110    26444.110    26447.110
  2050:    26449.110    26454.110    26459.110    26466.110    26468.110
  2055:    26472.110    26473.110    26475.110    26485.110    26488.110
  2060:    26494.110    26499.110    26501.110    26506.110    26517.110
  2065:    26521.110    26523.110    26525.110    26531.120    26564.120
  2070:    26568.120    26592.120    26592.120    26609.120    26620.110
  2075:    26632.110    26637.110    26645.120    26646.120    26661.120
  2080:    26880.120    26888.120    26930.120    26946.120    26952.120
  2085:    26957.120    26964.120    26973.120    26979.120    26981.120
  2090:    26986.120    27004.110    27006.110    27165.120    27165.120
  2095:    27184.110    27188.110    27191.110    27197.110    27235.110
  2100:    27237.110    27239.110    27247.110    27254.120    27270.120
  2105:    27279.120    27297.110    27298.110    27299.110    27309.110
  2110:    27315.110    27330.110    27333.110    27334.110    27338.110
  2115:    27342.110    27343.110    27347.110    27349.110    27351.110
  2120:    27352.340    27379.120    27414.120    27421.120    27429.120
  2125:    27433.120    27452.510    27457.120    27464.120    27477.110
  2130:    27477.110    27478.110    27482.110    27488.110    27497.110
  2135:    27500.110    27501.110    27503.110    27508.110    27541.110
  2140:    27546.120    27576.120    27580.120    27584.120    27598.110
  2145:    27600.110    27603.110    27605.110    27608.110    27612.110
  2150:    27614.110    27617.110    27634.110    27640.110    27645.110
  2155:    27656.120    27678.110    27681.110    27683.110    27684.110
  2160:    27687.110    27690.110    27692.110    27694.110    27699.110
  2165:    27702.110    27708.110    27709.110    27719.110    27726.110
  2170:    27740.110    27743.110    27744.110    27745.110    27757.110
  2175:    27764.110    27766.110    27771.110    27790.110    27799.110
  2180:    27802.110    27806.110    27810.110    27826.110    27834.110
  2185:    27839.110    27843.110    27845.110    27848.110    27850.110
  2190:    27851.110    27853.110    27859.110    27864.110    27865.110
  2195:    27871.110    27880.110    27882.110    27884.110    27888.110
  2200:    27901.110    27905.110    27916.110    27926.110    27928.110
  2205:    27933.110    27934.110    27946.110    27956.110    27960.110
  2210:    27962.110    27966.110    27970.110    27976.110    27997.110
  2215:    27999.110    28001.110    28008.110    28011.110    28013.110
  2220:    28016.110    28018.110    28020.110    28024.110    28041.110
  2225:    28053.110    28055.110    28057.110    28069.110    28069.210
  2230:    28074.120    28103.120    28119.310    28194.120    28219.500
  2235:    28242.120    28243.120    28301.120    28319.120    28364.120
  2240:    28373.120    28375.120    28388.120    28390.120    28392.120
  2245:    28394.120    28401.120    28404.120    28408.120    28410.120
  2250:    28414.120    28416.120    28419.120    28427.120    28429.120
  2255:    28434.120    28436.120    28438.120    28448.120    28451.120
  2260:    28460.120    28462.120    28487.120    28487.120    28492.120
  2265:    28494.120    28498.120    28500.120    28502.120    28509.120
  2270:    28516.120    28522.120    28523.120    28525.120    28527.120
  2275:    28559.120    28559.120    28585.100    28593.100    28596.100
  2280:    28598.100    28600.100    28604.100    28606.100    28608.100
  2285:    28612.100    28615.100    28621.100    28629.100    28637.100
  2290:    28646.100    28657.100    28659.100    28661.100    28663.100
  2295:    28668.100    28678.100    28680.100    28685.100    28690.100
  2300:    28692.100    28696.100    28697.100    28709.100    28711.100
  2305:    28713.100    28717.100    28719.100    28721.100    28724.100
  2310:    28728.100    28730.100    28742.100    28745.100    28749.100
  2315:    28751.100    28759.100    28760.100    28762.100    28773.100
  2320:    28779.100    28786.100    28790.100    28792.100    28798.100
  2325:    28800.100    28812.100    28813.100    28820.200    28827.120
  2330:    28855.120    28870.300    28970.500    29142.120    29144.120
  2335:    29189.120    29190.120    29239.120    29397.120    29435.120
  2340:    29456.100    29459.100    29462.100    29464.100    29466.100
  2345:    29471.100    29475.100    29477.100    29478.100    29488.100
  2350:    29491.100    29493.100    29495.100    29513.100    29519.100
  2355:    29521.100    29522.100    29527.100    29537.100    29539.100
  2360:    29541.100    29544.100    29546.100    29551.100    29554.100
  2365:    29556.100    29558.100    29568.100    29571.100    29573.200
  2370:    29573.100    29578.120    29607.120    29623.300    29660.120
  2375:    29723.510    30059.120    30063.120    30063.120    30064.120
  2380:    30064.120    30145.110    30150.110    30151.110    30156.110
  2385:    30158.110    30162.110    30165.110    30173.110    30176.110
  2390:    30178.110    30183.110    30186.110    30197.110    30199.110
  2395:    30206.110    30212.110    30217.110    30219.110    30223.110
  2400:    30225.110    30227.110    30239.110    30244.110    30251.110
  2405:    30253.110    30270.110    30273.110    30274.110    30278.110
  2410:    30283.110    30285.110    30287.110    30289.110    30291.110
  2415:    30298.110    30300.110    30311.110    30312.110    30316.110
  2420:    30321.110    30327.110    30337.110    30337.210    30341.120
  2425:    30377.120    30377.120    30387.310    30443.120    30487.510
  2430:    30565.120    30567.120    30577.120    30933.120    30938.120
  2435:    30967.110    30970.110    30970.110    30972.110    30977.110
  2440:    30991.120    30992.120    31014.110    31020.110    31022.110
  2445:    31025.110    31028.110    31030.110    31035.110    31037.110
  2450:    31047.110    31058.110    31060.110    31060.110    31063.110
  2455:    31063.110    31068.110    31071.110    31073.110    31075.110
  2460:    31081.110    31083.110    31085.110    31088.110    31090.110
  2465:    31101.110    31101.210    31105.110    31107.120    31129.120
  2470:    31151.310    31155.120    31155.120    31241.120    31251.500
  2475:    31389.120    31389.120    31390.120    31444.120    31535.120
  2480:    31561.100    31568.100    31569.100    31577.120    31619.100
  2485:    31621.100    31623.100    31625.100    31635.100    31640.100
  2490:    31642.100    31646.100    31652.100    31656.100    31657.100
  2495:    31659.100    31668.100    31673.100    31675.100    31685.100
  2500:    31687.100    31690.100    31693.100    31697.100    31700.100
  2505:    31703.100    31715.100    31717.100    31721.100    31725.100
  2510:    31727.100    31730.100    31736.100    31738.100    31746.100
  2515:    31750.100    31752.100    31754.100    31757.100    31767.100
  2520:    31773.100    31774.100    31789.100    31795.100    31797.100
  2525:    31799.100    31806.100    31807.100    31810.100    31812.100
  2530:    31814.100    31831.100    31832.100    31835.100    31837.100
  2535:    31842.100    31844.100    31847.100    31849.100    31854.100
  2540:    31855.200    31861.120    31891.120    31905.300    31979.120
  2545:    32005.500    32209.120    32211.120    32212.120    32404.120
  2550:    32406.120    32407.120    32436.120    32437.120    32465.100
  2555:    32471.120    32486.100    32488.100    32495.100    32497.100
  2560:    32512.100    32513.100    32518.100    32520.100    32525.100
  2565:    32527.100    32532.100    32542.100    32545.100    32546.100
  2570:    32553.100    32556.100    32557.100    32572.100    32575.100
  2575:    32583.100    32590.100    32594.100    32595.100    32597.100
  2580:    32600.100    32603.100    32606.200    32608.100    32612.120
  2585:    32638.120    32656.300    32727.120    32728.120    32737.120
  2590:    32740.120    32756.500    32882.120    32883.120    32991.120
  2595:    33010.100    33021.100    33028.120    33054.100    33057.100
  2600:    33062.100    33064.100    33068.100    33071.100    33079.100
  2605:    33084.100    33085.100    33086.100    33088.100    33093.100
  2610:    33098.100    33100.100    33107.100    33110.100    33112.100
  2615:    33114.100    33118.100    33120.100    33130.100    33135.100
  2620:    33138.100    33141.100    33147.100    33149.100    33160.100
  2625:    33162.100    33165.100    33167.100    33168.100    33170.100
  2630:    33177.100    33180.100    33182.100    33191.100    33195.100
  2635:    33199.100    33201.100    33203.100    33208.100    33212.100
  2640:    33216.100    33217.100    33232.100    33236.100    33238.100
  2645:    33240.100    33243.100    33245.100    33248.100    33250.100
  2650:    33255.100    33258.100    33262.100    33283.100    33288.100
  2655:    33293.100    33295.100    33297.100    33300.100    33301.100
  2660:    33306.100    33314.100    33317.100    33326.100    33330.100
  2665:    33334.100    33339.100    33342.100    33344.100    33347.100
  2670:    33357.200    33363.120    33390.120    33407.300    33507.510
  2675:    33553.120    33600.120    33601.120    33623.120    33739.120
  2680:    33743.120    33781.110    33781.110    33783.110    33786.120
  2685:    33789.120    33803.120    33817.120    33825.110    33826.110
  2690:    33828.110    33829.110    33833.110    33835.110    33837.110
  2695:    33841.110    33842.110    33843.110    33849.110    33853.110
  2700:    33860.110    33862.110    33867.110    33869.110    33877.110
  2705:    33878.110    33880.110    33887.110    33889.110    33894.110
  2710:    33898.110    33911.110    33913.110    33915.110    33916.110
  2715:    33919.110    33923.110    33927.110    33929.110    33945.110
  2720:    33947.110    33949.110    33950.110    33954.110    33958.110
  2725:    33960.110    33962.110    33974.110    33978.110    33994.110
  2730:    33995.110    33997.110    33999.110    34015.110    34018.110
  2735:    34020.110    34022.110    34029.110    34031.110    34037.110
  2740:    34038.110    34040.110    34045.110    34049.110    34051.110
  2745:    34053.110    34054.110    34062.110    34064.110    34067.110
  2750:    34067.110    34069.110    34086.110    34088.110    34091.110
  2755:    34096.110    34098.110    34099.110    34103.110    34123.110
  2760:    34123.210    34125.110    34128.120    34168.120    34173.310
  2765:    34273.510    34326.120    34345.120    34354.120    34373.120
  2770:    34503.120    34521.120    34523.120    34584.120    34732.120
  2775:    34763.120    34764.120    34785.120    34804.120    34805.120
  2780:    34890.120    34981.120    34983.120    34985.120    34986.120
  2785:    34998.110    34998.210    35002.120    35021.120    35029.120
  2790:    35044.120    35048.310    35083.120    35148.500    35211.120
  2795:    35212.120    35256.100    35388.120    35390.120    35411.120
  2800:    35419.120    35494.100    35496.100    35511.100    35576.120
  2805:    35578.120    35581.120    35608.100    35610.100    35613.100
  2810:    35618.100    35623.100    35626.100    35629.100    35630.100
  2815:    35639.100    35641.100    35642.100    35644.100    35648.100
  2820:    35655.100    35656.100    35662.100    35664.100    35681.100
  2825:    35689.100    35694.100    35696.100    35698.100    35700.100
  2830:    35707.100    35712.100    35714.100    35717.100    35718.100
  2835:    35728.100    35730.100    35733.100    35739.100    35741.100
  2840:    35748.100    35749.200    35754.120    35784.120    35799.300
  2845:    35899.510    35913.120    36020.120    36142.120    36196.120
  2850:    36197.120    36215.120    36245.110    36246.110    36250.110
  2855:    36261.110    36267.110    36270.110    36282.120    36287.110
  2860:    36289.110    36296.110    36299.110    36311.110    36313.110
  2865:    36314.110    36316.110    36319.110    36329.110    36331.110
  2870:    36337.110    36341.110    36343.110    36347.110    36352.110
  2875:    36359.110    36366.110    36369.110    36373.110    36375.110
  2880:    36385.110    36387.110    36389.110    36394.110    36398.110
  2885:    36399.110    36400.110    36406.110    36410.110    36412.110
  2890:    36425.110    36426.110    36427.110    36434.110    36436.110
  2895:    36439.110    36459.110    36461.110    36463.110    36469.110
  2900:    36473.110    36474.110    36477.110    36495.110    36508.110
  2905:    36510.110    36510.210    36513.110    36515.120    36549.120
  2910:    36560.310    36564.120    36660.500    36794.120    36795.120
  2915:    36822.120    36825.120    36854.120    36926.100    36929.100
  2920:    36931.100    36936.100    36938.100    36946.120    36972.120
  2925:    36981.100    36990.100    36994.100    36997.100    36999.100
  2930:    37005.100    37012.100    37013.100    37015.100    37021.100
  2935:    37023.100    37025.100    37030.100    37033.100    37045.100
  2940:    37050.100    37052.100    37054.100    37062.100    37069.100
  2945:    37071.100    37076.100    37078.100    37082.100    37084.100
  2950:    37086.100    37095.100    37102.100    37105.100    37107.100
  2955:    37109.100    37111.100    37116.100    37118.100    37139.100
  2960:    37149.100    37151.100    37159.100    37161.100    37167.100
  2965:    37171.100    37174.100    37176.100    37178.100    37186.100
  2970:    37190.100    37192.100    37196.100    37202.100    37204.100
  2975:    37211.100    37213.100    37214.100    37217.100    37236.100
  2980:    37240.100    37244.120    37262.200    37297.120    37312.300
  2985:    37407.120    37412.510    37539.120    37540.120    37703.120
  2990:    37789.120    37805.110    37807.110    37811.120    37855.110
  2995:    37857.110    37860.120    37887.110    37889.110    37892.110
  3000:    37898.110    37899.110    37917.110    37919.110    37921.110
  3005:    37929.110    37933.110    37934.110    37940.110    37942.110
  3010:    37965.110    37968.110    37970.110    37979.110    37986.110
  3015:    37988.110    38004.110    38008.110    38009.110    38012.110
  3020:    38018.110    38023.110    38023.210    38028.120    38058.120
  3025:    38073.310    38164.120    38165.120    38173.500    38341.120
  3030:    38380.120    38409.100    38419.100    38425.100    38428.120
  3035:    38452.100    38457.100    38459.100    38461.100    38466.100
  3040:    38471.100    38475.100    38477.100    38483.100    38489.100
  3045:    38491.100    38492.100    38494.100    38495.100    38496.100
  3050:    38498.100    38502.100    38507.100    38509.100    38520.100
  3055:    38522.100    38525.100    38527.100    38539.100    38543.100
  3060:    38544.100    38548.100    38550.100    38559.100    38561.100
  3065:    38565.100    38566.100    38571.100    38575.100    38577.100
  3070:    38578.100    38579.100    38583.100    38593.100    38599.100
  3075:    38605.100    38610.100    38612.100    38614.100    38615.100
  3080:    38620.100    38624.100    38630.120    38668.100    38671.100
  3085:    38683.100    38685.100    38689.100    38693.100    38696.100
  3090:    38698.100    38701.100    38703.100    38708.100    38715.100
  3095:    38720.100    38723.100    38726.100    38728.100    38734.100
  3100:    38739.100    38743.120    38773.120    38775.200    38808.120
  3105:    38825.300    38925.500    38933.120    38979.120    39121.120
  3110:    39143.120    39145.120    39147.120    39156.120    39157.120
  3115:    39157.120    39210.100    39220.100    39226.120    39245.100
  3120:    39246.100    39251.100    39253.100    39258.120    39269.120
  3125:    39279.100    39289.100    39292.100    39294.100    39299.120
  3130:    39313.120    39324.100    39343.100    39348.100    39351.100
  3135:    39357.100    39357.100    39360.100    39369.100    39377.100
  3140:    39381.100    39383.100    39385.100    39387.100    39390.100
  3145:    39396.100    39402.120    39434.120    39447.120    39469.100
  3150:    39471.100    39491.100    39493.100    39496.100    39500.100
  3155:    39507.100    39508.100    39509.100    39516.100    39520.120
  3160:    39529.200    39560.120    39579.300    39615.120    39679.510
  3165:    39682.120    39761.120    39762.120    39924.120    40094.120
  3170:    40095.120    40099.120    40167.120    40202.120    40209.120
  3175:    40210.120    40229.120    40240.120    40241.120    40247.120
  3180:    40248.120    40266.120    40278.120    40285.110    40289.110
  3185:    40291.110    40291.210    40292.110    40294.120    40325.120
  3190:    40341.310    40348.120    40441.540    40590.120    40621.120
  3195:    40622.120    40853.120    40854.120    40854.120    40889.120
  3200:    40895.110    40897.110    40899.110    40904.110    40906.110
  3205:    40911.110    40912.110    40918.110    40919.110    40926.110
  3210:    40930.110    40936.110    40939.110    40941.110    40948.110
  3215:    40952.110    40955.110    40956.110    40969.110    40971.110
  3220:    40978.110    40979.110    40998.110    41005.110    41008.110
  3225:    41028.110    41042.110    41046.110    41055.110    41056.110
  3230:    41058.110    41061.110    41063.110    41079.110    41080.110
  3235:    41082.110    41084.110    41085.110    41087.110    41091.120
  3240:    41120.110    41123.120    41145.120    41149.120    41190.110
  3245:    41192.110    41194.110    41195.110    41197.110    41203.110
  3250:    41204.110    41206.110    41211.110    41217.110    41217.110
  3255:    41221.110    41222.110    41231.110    41235.110    41239.110
  3260:    41247.110    41252.110    41254.110    41256.110    41274.110
  3265:    41280.110    41282.110    41294.110    41296.110    41302.110
  3270:    41307.110    41309.110    41319.110    41320.110    41329.110
  3275:    41334.110    41338.110    41341.110    41353.110    41362.110
  3280:    41368.110    41369.110    41383.110    41385.110    41387.110
  3285:    41393.110    41396.110    41401.110    41404.110    41415.110
  3290:    41417.110    41420.110    41421.110    41422.110    41426.110
  3295:    41430.110    41430.110    41440.110    41446.110    41448.110
  3300:    41449.110    41450.110    41454.110    41458.110    41461.110
  3305:    41464.110    41465.110    41470.120    41498.120    41500.120
  3310:    41512.110    41514.110    41515.110    41518.110    41522.110
  3315:    41524.110    41528.110    41533.110    41536.110    41720.120
  3320:    41759.120    41761.120    41794.110    41797.110    41950.120
E:
     0:     3325.000     1079.000     1497.000
F:
     0:       70.000       33.882       29.085
G:
     0:        1.000        1.000        1.000        1.000        1.000
     5:        1.000        1.000        1.000        1.000        0.000
H:
     0:        1.000        1.000        2.000        2.000
L:
     0:     6158.000     6104.000     6137.000     7742.000     6126.000
     5:     6135.000     6129.000     6137.000     6102.000     6213.000
    10:     6118.000     6155.000     6112.000     6123.000     6135.000
    15:     6111.000     6115.000     6112.000     6119.000     6115.000
    20:     6141.000
R:
     0:        1.000        1.000        1.000        1.000        1.000
     5:        1.000        1.000        1.000        1.000        0.000
S:
     0:        1.000        0.000
U:
     0:     6104.000        1.000        0.000
X:
     0:        0.000      488.001      499.002      506.003      508.004
     5:      513.005      516.006      523.007      525.008      528.009
    10:      530.010      534.011      539.012      545.013      548.014
    15:      554.015      557.016      560.017      561.018      564.019
    20:      565.020      573.021      575.022      578.023      587.024
    25:      589.025      591.026      594.027      602.028      605.028
    30:      655.000      655.000      960.001      969.002      973.003
    35:      979.004     1026.005     1029.006     1036.007     1040.008
    40:     1043.009     1045.010     1053.011     1058.012     1066.013
    45:     1069.014     1076.015     1078.016     1080.017     1084.018
    50:     1097.019     1100.020     1104.021     1106.022     1108.023
    55:     1114.024     1116.025     1121.026     1132.027     1136.028
    60:     1139.029     1142.030     1145.031     1147.032     1150.033
    65:     1155.034     1165.035     1180.036     1183.037     1187.038
    70:     1195.039     1199.040     1204.041     1207.042     1211.043
    75:     1213.044     1216.045     1226.046     1228.047     1230.048
    80:     1241.049     1243.050     1255.050     1305.000     1305.000
    85:     1619.001     1630.002     1632.003     1668.004     1671.005
    90:     1677.006     1682.007     1684.008     1686.009     1688.010
    95:     1694.011     1723.012     1729.013     1731.014     1734.015
   100:     1739.016     1741.017     1745.018     1747.019     1749.020
   105:     1754.021     1756.022     1760.023     1768.024     1776.025
   110:     1781.026     1783.027     1785.028     1787.029     1788.030
   115:     1804.031     1806.032     1808.033     1818.034     1821.035
   120:     1825.036     1827.037     1833.038     1836.039     1842.040
   125:     1844.041     1848.042     1852.043     1855.044     1908.044
   130:     1958.000     1958.000     2464.001     2662.002     2664.003
   135:     2666.004     2669.005     2671.006     2677.007     2680.008
   140:     2681.009     2684.010     2686.011     2688.012     2701.013
   145:     2703.014     2704.015     2706.016     2709.017     2720.018
   150:     2722.018     2772.000     2772.000     3200.001     3279.002
   155:     3282.003     3285.004     3306.005     3308.006     3310.007
   160:     3314.008     3324.009     3326.010     3331.011     3332.012
   165:     3342.013     3346.014     3349.015     3374.015     3424.000
   170:     3424.000     3691.001     3695.002     3704.003     3802.004
   175:     3840.005     3841.006     3843.007     3847.008     3848.009
   180:     3851.010     3852.011     3855.012     3943.013     3955.014
   185:     3957.015     3959.016     3962.017     3963.018     3967.019
   190:     3969.020     3972.021     3974.022     3976.023     3979.024
   195:     3983.025     3986.026     3988.027     3991.028     3994.029
   200:     3996.030     3998.031     4013.032     4017.033     4022.034
   205:     4027.034     4027.035     4077.000     4077.000     4366.001
   210:     4462.002     4464.003     4467.004     4498.005     4505.006
   215:     4508.007     4512.008     4515.009     4520.010     4522.011
   220:     4524.012     4526.013     4533.014     4536.015     4539.016
   225:     4541.017     4550.018     4553.019     4555.020     4557.021
   230:     4568.022     4570.023     4573.024     4575.025     4579.026
   235:     4586.027     4592.028     4595.029     4597.030     4599.031
   240:     4602.032     4605.033     4612.034     4615.035     4619.036
   245:     4623.037     4631.038     4634.039     4639.040     4671.041
   250:     4673.042     4679.042     4729.000     4729.000     5475.002
   255:     5479.004     5500.006     5504.008     5505.010     5508.012
   260:     5510.014     5512.016     5516.018     5524.020     5527.022
   265:     5529.024     5530.026     5535.028     5536.030     5543.032
   270:     5546.034     5553.036     5554.038     5556.040     5559.042
   275:     5563.044     5567.046     5570.048     5583.050     5587.052
   280:     5590.054     5592.056     5594.058     5598.060     5600.062
   285:     5604.064     5615.066     5625.068     5665.070     5667.072
   290:     5683.074     5690.076     5692.078     5695.080     5699.082
   295:     5710.084     5719.086     5721.088     5727.090     5731.092
   300:     5736.094     5745.096     5748.098     5750.100     5796.102
   305:     5798.104     5830.106     5832.108     5844.110     5847.112
   310:     5855.114     5860.116     5862.118     5873.120     6336.122
   315:     6372.124     6393.126     6396.128     6429.130     6432.132
   320:     6437.134     6442.136     6446.138     6449.140     6487.142
   325:     6489.144     6492.146     6494.148     6495.150     6497.152
   330:     6505.154     6511.156     6513.158     6516.160     6523.162
   335:     6525.164     6528.166     8701.453     8990.454     9030.455
   340:     9034.456     9037.457     9040.458     9058.459     9060.460
   345:     9072.461     9074.462     9081.463     9084.464     9087.465
   350:     9090.466     9092.467     9096.468     9098.469     9102.470
   355:     9104.471     9107.472     9110.473     9113.474     9132.474
   360:     9182.000     9182.000     9703.001     9711.002     9714.003
   365:     9718.004     9722.005     9725.006     9731.007     9732.008
   370:     9737.009     9738.010     9744.011     9748.012     9750.013
   375:     9763.014     9766.015     9771.016     9782.016     9832.000
   380:     9832.000     9935.001    10048.002    10057.003    10124.004
   385:    10132.005    10138.006    10219.007    10225.008    10383.009
   390:    10392.010    10395.011    10428.012    10432.013    10443.013
   395:    10493.000    10493.000    10627.001    10630.002    10940.003
   400:    10941.004    10943.005    10950.006    10957.007    10999.008
   405:    11008.009    11010.010    11020.011    11025.012    11027.013
   410:    11029.014    11034.015    11036.016    11043.017    11046.018
   415:    11049.019    11056.020    11058.021    11063.022    11065.023
   420:    11068.024    11072.025    11077.026    11079.027    11081.028
   425:    11086.029    11094.029    11096.030    11144.000    11144.000
   430:    11331.002    11490.004    11491.006    11494.008    11498.010
   435:    11499.012    11502.014    11504.016    11506.018    11511.020
   440:    11513.022    11516.024    11523.026    11526.028    11528.030
   445:    11531.032    11534.034    11539.036    11542.038    11544.040
   450:    11546.042    11549.044    11553.046    11555.048    11557.050
   455:    11559.052    11566.054    11568.056    11571.058    11575.060
   460:    11576.062    11578.064    11580.066    11584.068    11586.070
   465:    11590.072    11592.074    11602.076    11604.078    11605.080
   470:    11608.082    11610.084    11612.086    11616.088    11618.090
   475:    11623.092    11627.094    11630.096    11631.098    11633.100
   480:    11638.102    11642.104    11644.106    11646.108    11649.110
   485:    11651.112    11655.114    11656.116    11662.118    11663.120
   490:    11666.122    11668.124    11673.126    11682.128    11688.130
   495:    11691.132    11693.134    11695.136    11746.138    11762.140
   500:    11767.142    11770.144    11771.146    11774.148    11775.150
   505:    11779.152    11780.154    11783.156    11785.158    11788.160
   510:    11791.162    11793.164    11795.166    11797.168    11804.170
   515:    11810.172    11863.174    11875.176    11882.178    11886.180
   520:    11892.182    11896.184    11903.186    11905.188    11915.190
   525:    11921.192    11930.194    11931.196    12031.198    12034.200
   530:    12047.202    12050.204    12053.206    12056.208    12057.210
   535:    12058.212    12062.214    12068.216    12378.218    12383.220
   540:    12389.222    12427.224    12432.226    12451.228    12457.230
   545:    13941.001    14071.002    14079.003    14082.004    14106.005
   550:    14108.006    14114.007    14117.008    14122.009    14126.010
   555:    14137.011    14138.012    14146.013    14148.014    14151.015
   560:    14163.016    14165.017    14168.018    14170.019    14173.020
   565:    14176.021    14188.022    14190.023    14193.024    14194.025
   570:    14202.026    14204.027    14211.028    14214.029    14241.030
   575:    14252.031    14255.032    14257.033    14259.034    14266.035
   580:    14268.036    14269.037    14275.038    14278.039    14281.040
   585:    14283.041    14286.042    14291.043    14293.044    14297.045
   590:    14304.046    14306.047    14315.048    14317.049    14354.050
   595:    14369.051    14379.052    14382.053    14387.054    14390.055
   600:    14392.056    14400.057    14404.058    14408.059    14413.060
   605:    14414.060    14415.061    14464.000    14464.000    14829.001
   610:    14837.002    14840.003    14842.004    14844.005    14849.006
   615:    14851.007    14853.008    14856.009    14859.010    14865.011
   620:    14873.012    14881.013    14890.014    14901.015    14903.016
   625:    14905.017    14907.018    14912.019    14922.020    14924.021
   630:    14930.022    14934.023    14936.024    14940.025    14942.026
   635:    14953.027    14956.028    14958.029    14961.030    14964.031
   640:    14965.032    14969.033    14972.034    14975.035    14986.036
   645:    14989.037    14993.038    14996.039    15003.040    15005.041
   650:    15006.042    15017.043    15023.044    15030.045    15034.046
   655:    15036.047    15042.048    15044.049    15056.050    15058.051
   660:    15065.051    15115.000    15115.000    15601.001    15603.002
   665:    15606.003    15608.004    15610.005    15615.006    15619.007
   670:    15621.008    15623.009    15632.010    15635.011    15637.012
   675:    15639.013    15657.014    15663.015    15665.016    15666.017
   680:    15671.018    15681.019    15683.020    15685.021    15688.022
   685:    15690.023    15695.024    15699.025    15700.026    15702.027
   690:    15713.028    15715.029    15717.029    15717.030    15767.000
   695:    15767.000    16076.001    16083.002    16084.003    16134.004
   700:    16136.005    16138.006    16140.007    16150.008    16155.009
   705:    16157.010    16161.011    16167.012    16171.013    16172.014
   710:    16174.015    16183.016    16188.017    16190.018    16200.019
   715:    16203.020    16205.021    16208.022    16212.023    16216.024
   720:    16218.025    16230.026    16232.027    16236.028    16240.029
   725:    16243.030    16245.031    16251.032    16253.033    16261.034
   730:    16265.035    16267.036    16269.037    16272.038    16282.039
   735:    16288.040    16290.041    16304.042    16310.043    16312.044
   740:    16314.045    16321.046    16322.047    16325.048    16327.049
   745:    16330.050    16346.051    16347.052    16350.053    16352.054
   750:    16357.055    16359.056    16362.057    16364.058    16369.059
   755:    16370.059    16420.000    16420.000    16880.001    16900.002
   760:    16903.003    16910.004    16912.005    16926.006    16928.007
   765:    16933.008    16934.009    16939.010    16941.011    16947.012
   770:    16956.013    16959.014    16961.015    16968.016    16970.017
   775:    16972.018    16987.019    16990.020    16997.021    17004.022
   780:    17009.023    17010.024    17011.025    17015.026    17017.027
   785:    17021.027    17022.028    17071.000    17071.000    17324.001
   790:    17336.002    17369.003    17371.004    17376.005    17378.006
   795:    17383.007    17386.008    17393.009    17399.010    17400.011
   800:    17400.012    17402.013    17407.014    17412.015    17414.016
   805:    17422.017    17425.018    17427.019    17429.020    17432.021
   810:    17435.022    17444.023    17449.024    17453.025    17456.026
   815:    17461.027    17463.028    17474.029    17477.030    17480.031
   820:    17482.032    17482.033    17484.034    17491.035    17494.036
   825:    17496.037    17506.038    17510.039    17514.040    17515.041
   830:    17517.042    17523.043    17527.044    17530.045    17532.046
   835:    17547.047    17551.048    17553.049    17555.050    17557.051
   840:    17560.052    17563.053    17564.054    17570.055    17572.056
   845:    17577.057    17598.058    17602.059    17607.060    17610.061
   850:    17612.062    17614.063    17616.064    17621.065    17628.066
   855:    17632.067    17641.068    17645.069    17649.070    17654.071
   860:    17657.072    17659.073    17661.074    17672.074    17722.000
   865:    17722.000    17829.001    18068.002    18070.003    18085.004
   870:    18182.005    18184.006    18186.007    18191.008    18197.009
   875:    18200.010    18203.011    18204.012    18212.013    18215.014
   880:    18216.015    18217.016    18222.017    18229.018    18230.019
   885:    18235.020    18237.021    18255.022    18263.023    18267.024
   890:    18270.025    18272.026    18273.027    18281.028    18286.029
   895:    18288.030    18290.031    18292.032    18302.033    18304.034
   900:    18306.035    18313.036    18314.037    18322.038    18323.038
   905:    18373.000    18373.000    18638.001    18641.002    18643.003
   910:    18649.004    18651.005    18693.006    18703.007    18706.008
   915:    18709.009    18712.010    18717.011    18724.012    18725.013
   920:    18728.014    18733.015    18736.016    18737.017    18742.018
   925:    18745.019    18757.020    18762.021    18764.022    18767.023
   930:    18774.024    18781.025    18784.026    18788.027    18790.028
   935:    18794.029    18796.030    18798.031    18807.032    18815.033
   940:    18818.034    18819.035    18821.036    18824.037    18829.038
   945:    18830.039    18851.040    18861.041    18864.042    18871.043
   950:    18873.044    18879.045    18883.046    18886.047    18888.048
   955:    18890.049    18898.050    18902.051    18904.052    18908.053
   960:    18914.054    18917.055    18923.056    18925.057    18927.058
   965:    18929.059    18949.060    18953.061    18974.061    19024.000
   970:    19024.000    19259.001    19269.002    19276.003    19302.004
   975:    19307.005    19309.006    19311.007    19316.008    19321.009
   980:    19325.010    19327.011    19334.012    19339.013    19341.014
   985:    19342.015    19344.016    19345.017    19347.018    19348.019
   990:    19352.020    19357.021    19359.022    19370.023    19372.024
   995:    19375.025    19377.026    19389.027    19393.028    19394.029
  1000:    19398.030    19400.031    19409.032    19411.033    19415.034
  1005:    19417.035    19421.036    19425.037    19427.038    19428.039
  1010:    19430.040    19433.041    19443.042    19449.043    19456.044
  1015:    19460.045    19462.046    19464.047    19465.048    19470.049
  1020:    19474.050    19519.051    19521.052    19534.053    19535.054
  1025:    19539.055    19544.056    19547.057    19548.058    19551.059
  1030:    19553.060    19558.061    19565.062    19570.063    19573.064
  1035:    19576.065    19579.066    19585.067    19589.068    19625.068
  1040:    19675.000    19675.000    19960.001    19970.002    19994.003
  1045:    19996.004    20000.005    20003.006    20028.007    20039.008
  1050:    20042.009    20044.010    20074.011    20093.012    20098.013
  1055:    20101.014    20106.015    20107.016    20110.017    20119.018
  1060:    20127.019    20131.020    20133.021    20135.022    20137.023
  1065:    20140.024    20145.025    20219.026    20220.027    20241.028
  1070:    20242.029    20245.030    20250.031    20256.032    20258.033
  1075:    20259.034    20266.035    20279.035    20329.000
Y:
     0:        0.000       90.001      137.002      148.003      167.004
     5:      171.005      174.006      178.007      180.008      226.009
    10:      226.010      307.011      308.012      311.013      312.014
    15:      317.015      319.016      324.017      330.018      334.019
    20:      336.020      339.021      340.022      343.023      355.024
    25:      357.025      364.026      370.027      371.028      372.029
    30:      382.030      384.031      389.032      391.033      396.034
    35:      402.035      404.036      408.037      410.038      413.039
    40:      422.040      424.041      426.042      429.043      483.044
    45:      488.045      490.046      490.047      494.048      497.049
    50:      500.050      502.051      507.052      509.053      513.054
    55:      518.055      521.056      530.057      532.058      535.059
    60:      541.060      541.060      591.000      591.000     1055.001
    65:     1057.002     1062.003     1064.004     1066.005     1068.006
    70:     1070.007     1073.008     1083.009     1087.010     1087.011
    75:     1088.012     1093.013     1097.014     1099.015     1103.016
    80:     1110.017     1114.018     1116.019     1119.020     1130.021
    85:     1132.022     1134.023     1143.024     1145.025     1147.026
    90:     1149.027     1150.028     1157.029     1157.030     1160.031
    95:     1166.032     1168.033     1176.034     1178.035     1184.036
   100:     1192.037     1195.038     1200.039     1203.040     1205.041
   105:     1207.042     1208.042     1258.000     1258.000     1520.001
   110:     1620.002     1623.003     1628.004     1630.005     1633.006
   115:     1634.007     1636.008     1638.009     1640.010     1642.011
   120:     1644.012     1651.013     1653.014     1655.015     1657.016
   125:     1661.017     1664.018     1673.019     1674.020     1679.021
   130:     1686.022     1693.023     1695.024     1701.025     1704.026
   135:     1706.027     1707.028     1712.029     1717.030     1718.031
   140:     1719.032     1720.033     1731.034     1733.035     1742.036
   145:     1744.037     1751.038     1757.039     1764.040     1775.041
   150:     1783.042     1786.043     1787.044     1794.045     1800.046
   155:     1806.047     1810.048     1814.049     1824.050     1831.051
   160:     1840.052     1856.053     1858.054     1869.055     1869.055
   165:     1919.000     1919.000     2400.001     2402.002     2406.003
   170:     2409.004     2414.005     2416.006     2419.007     2423.008
   175:     2426.009     2427.010     2431.011     2433.012     2435.013
   180:     2444.014     2451.015     2453.016     2461.017     2469.018
   185:     2470.019     2472.020     2478.021     2480.022     2487.023
   190:     2491.024     2499.025     2502.026     2507.027     2514.028
   195:     2523.029     2527.030     2532.031     2532.031     2582.000
   200:     2582.000     2882.001     2884.002     2887.003     2888.004
   205:     2891.005     2899.006     2905.007     2907.008     2910.009
   210:     2912.010     2914.011     2916.012     2925.013     2934.014
   215:     2936.015     2937.016     2942.017     2943.018     2949.019
   220:     2957.020     2960.021     2964.022     2972.023     2976.024
   225:     2977.025     2980.026     2983.027     2995.028     2998.029
   230:     3005.030     3005.031     3028.032     3030.033     3031.034
   235:     3035.035     3039.036     3041.037     3043.038     3044.039
   240:     3046.040     3048.041     3050.042     3053.043     3055.044
   245:     3062.045     3064.046     3065.047     3067.048     3068.049
   250:     3070.050     3075.051     3078.052     3083.053     3091.054
   255:     3094.055     3096.056     3105.057     3107.058     3118.059
   260:     3120.060     3122.061     3131.062     3131.063     3133.064
   265:     3135.065     3137.066     3142.067     3147.068     3147.069
   270:     3152.070     3159.071     3160.072     3163.073     3165.074
   275:     3171.075     3171.076     3175.077     3187.078     3189.079
   280:     3191.080     3200.081     3201.081     3251.000     3251.000
   285:     3624.001     3625.002     3626.003     3626.004     3631.005
   290:     3635.006     3638.007     3639.008     3642.009     3647.010
   295:     3649.011     3651.012     3657.013     3666.014     3667.015
   300:     3671.016     3675.017     3681.018     3684.019     3692.020
   305:     3694.021     3698.022     3701.023     3703.024     3710.025
   310:     3714.026     3733.027     3736.028     3738.029     3746.030
   315:     3754.031     3768.032     3771.033     3773.034     3789.035
   320:     3791.036     3799.037     3801.038     3807.039     3811.040
   325:     3814.041     3819.042     3823.043     3847.044     3852.045
   330:     3858.046     3860.047     3862.048     3862.048     3912.000
   335:     3912.000     4157.001     4159.002     4160.003     4162.004
   340:     4165.005     4180.006     4182.007     4186.008     4190.009
   345:     4194.010     4196.011     4201.012     4203.013     4209.014
   350:     4210.015     4217.016     4219.017     4221.018     4223.019
   355:     4227.020     4234.021     4236.022     4240.023     4242.024
   360:     4245.025     4247.026     4254.027     4256.028     4258.029
   365:     4261.030     4269.031     4281.032     4284.033     4290.034
   370:     4292.035     4299.036     4302.037     4304.038     4310.039
   375:     4312.040     4315.041     4320.042     4320.043     4322.044
   380:     4339.045     4341.046     4346.047     4350.048     4353.049
   385:     4355.050     4370.051     4372.052     4375.053     4378.054
   390:     4385.055     4392.056     4396.057     4400.058     4402.059
   395:     4408.060     4408.061     4409.062     4411.063     4413.064
   400:     4419.065     4421.066     4427.067     4430.068     4432.069
   405:     4435.070     4437.071     4449.072     4452.073     4454.074
   410:     4465.075     4466.076     4467.077     4470.078     4473.079
   415:     4478.080     4479.081     4484.082     4484.083     4485.084
   420:     4487.085     4489.086     4491.087     4503.088     4506.089
   425:     4527.090     4527.090     4577.000     4577.000     5005.001
   430:     5010.002     5014.003     5052.004     5055.005     5056.006
   435:     5062.007     5064.008     5066.009     5070.010     5074.011
   440:     5076.012     5079.013     5082.014     5084.015     5086.016
   445:     5089.017     5092.018     5093.019     5103.020     5110.021
   450:     5112.022     5114.023     5120.024     5136.025     5139.026
   455:     5147.027     5151.028     5153.029     5158.030     5160.031
   460:     5175.032     5177.033     5181.034     5186.035     5186.036
   465:     5188.037     5188.037     5238.000     5238.000     5673.001
   470:     5680.002     5683.003     5685.004     5688.005     5689.006
   475:     5690.007     5694.008     5697.009     5703.010     5712.011
   480:     5720.012     5723.013     5727.014     5745.015     5749.016
   485:     5751.017     5754.018     5756.019     5758.020     5765.021
   490:     5767.022     5770.023     5772.024     5781.025     5788.026
   495:     5804.027     5804.028     5806.029     5819.030     5821.031
   500:     5828.032     5832.033     5834.034     5858.035     5858.035
   505:     5908.000     5908.000     5908.168     5908.170     5908.172
   510:     5908.174     5908.176     5908.178     5908.180     5908.182
   515:     5908.184     5908.186     5908.188     5908.190     5908.192
   520:     5908.194     5908.196     5908.198     5908.200     5908.202
   525:     5908.204     5908.206     5908.208     5908.210     5908.212
   530:     5908.214     5908.216     5908.218     5908.220     5908.222
   535:     5908.224     5908.226     5908.228     5908.230     5908.232
   540:     5908.234     5908.236     5908.238     5908.240     5908.242
   545:     5908.244     5908.246     5908.248     5908.250     5908.252
   550:     5908.254     5908.256     5908.258     5908.260     5908.262
   555:     5908.264     5908.266     5908.268     5908.270     5908.272
   560:     5908.274     5908.276     5908.278     5908.280     5908.282
   565:     5908.284     5908.286     5908.288     5908.290     5908.292
   570:     5908.294     5908.296     5908.298     5908.300     5908.302
   575:     5908.304     5908.306     5908.308     5908.310     5908.312
   580:     5908.314     5908.316     5908.318     5908.320     5908.322
   585:     5908.324     5908.326     5908.328     5908.330     5908.332
   590:     5908.334     5908.336     5908.338     5908.340     5908.342
   595:     5908.344     5908.346     5908.348     5908.350     5908.352
   600:     5908.354     5908.356     5908.358     5908.360     5908.362
   605:     5908.364     5908.366     5908.368     5908.370     5908.372
   610:     5908.374     5908.376     5908.378     5908.380     5908.382
   615:     5908.384     5908.386     5908.388     5908.390     5908.392
   620:     5908.394     5908.396     5908.398     5908.400     5908.402
   625:     5908.404     5908.406     5908.408     5908.410     5908.412
   630:     5908.414     5908.416     5908.418     5908.420     5908.422
   635:     5908.424     5908.426     5908.428     5908.430     5908.432
   640:     5908.434     5908.436     5908.438     5908.440     5908.442
   645:     5908.444     5908.446     5908.448     5908.450     5908.452
   650:     6329.001     6331.002     6332.003     6337.004     6340.005
   655:     6343.006     6347.007     6350.008     6352.009     6354.010
   660:     6357.011     6357.012     6358.013     6363.014     6365.015
   665:     6367.016     6369.017     6372.018     6374.019     6380.020
   670:     6382.021     6384.022     6386.023     6389.024     6393.025
   675:     6396.026     6398.027     6400.028     6402.029     6404.030
   680:     6409.031     6412.032     6415.033     6419.034     6421.035
   685:     6423.036     6428.037     6432.038     6434.039     6439.040
   690:     6443.041     6462.042     6464.043     6465.044     6468.045
   695:     6477.046     6480.047     6481.048     6484.049     6488.050
   700:     6490.051     6492.052     6495.053     6504.054     6508.055
   705:     6510.056     6515.057     6518.058     6519.059     6519.059
   710:     6569.000     6569.000     6992.001     6997.002     6998.003
   715:     7004.004     7006.005     7008.006     7016.007     7019.008
   720:     7027.009     7032.010     7036.011     7039.012     7044.013
   725:     7053.014     7056.015     7064.016     7068.017     7075.018
   730:     7077.019     7081.020     7083.021     7101.022     7102.023
   735:     7105.024     7106.025     7116.026     7118.027     7128.028
   740:     7156.029     7159.030     7164.031     7204.032     7204.032
   745:     7254.000     7254.000     7693.001     7695.002     7699.003
   750:     7701.004     7706.005     7708.006     7714.007     7718.008
   755:     7726.009     7729.010     7732.011     7738.012     7741.013
   760:     7749.014     7754.015     7755.016     7757.017     7758.018
   765:     7761.019     7770.020     7774.021     7776.022     7779.023
   770:     7782.024     7797.025     7805.026     7807.027     7815.028
   775:     7818.029     7823.030     7832.031     7845.032     7845.033
   780:     7848.034     7862.035     7864.036     7864.036     7914.000
   785:     7914.000     7914.231     7914.232     7914.233     7914.234
   790:     7914.235     7914.236     7914.237     7914.238     7914.239
   795:     7914.240     7914.241     7914.242     7914.243     7914.244
   800:     7914.245     7914.246     7914.247     7914.248     7914.249
   805:     7914.250     7914.251     7914.252     7914.253     7914.254
   810:     7914.255     7914.256     7914.257     7914.258     7914.259
   815:     7914.260     7914.261     7914.262     7914.263     7914.264
   820:     7914.265     7914.266     7914.267     7914.268     7914.268
   825:     7914.000     7914.000     8242.001     8245.002     8260.003
   830:     8262.004     8266.005     8273.006     8278.007     8281.008
   835:     8285.009     8288.010     8290.011     8292.012     8300.013
   840:     8302.014     8305.015     8309.016     8320.017     8323.018
   845:     8332.019     8335.020     8337.021     8340.022     8354.023
   850:     8355.024     8364.025     8374.026     8380.027     8384.028
   855:     8389.029     8392.030     8393.031     8400.032     8402.033
   860:     8419.034     8423.035     8426.036     8449.037     8452.038
   865:     8454.039     8455.040     8467.041     8469.042     8472.043
   870:     8480.044     8482.045     8500.046     8502.047     8508.048
   875:     8510.049     8518.050     8520.051     8522.052     8524.053
   880:     8525.053     8575.000     8575.000     9038.002     9040.004
   885:     9042.006     9047.008     9049.010     9060.012     9063.014
   890:     9065.016     9067.018     9069.020     9071.022     9074.024
   895:     9076.026     9078.028     9081.030     9092.032     9092.034
   900:     9093.036     9098.038     9100.040     9103.042     9105.044
   905:     9107.046     9109.048     9111.050     9116.052     9132.054
   910:     9141.056     9143.058     9145.060     9147.062     9150.064
   915:     9152.066     9154.068     9173.070     9175.072     9183.074
   920:     9186.076     9187.078     9198.080     9198.082     9223.084
   925:     9225.086     9228.088     9235.090     9240.092     9248.094
   930:     9251.096     9253.098     9259.100     9263.102     9266.104
   935:     9270.106     9271.108     9273.110     9276.112     9278.114
   940:     9296.116     9298.118     9300.120     9301.122     9313.124
   945:     9318.126     9324.128     9326.130     9327.132     9328.134
   950:     9331.136     9334.138     9338.140     9339.142     9342.144
   955:     9342.146     9343.148     9352.150     9357.152     9359.154
   960:     9361.156     9367.158     9370.160     9378.162     9382.164
   965:     9386.166     9393.168     9394.170     9402.172     9409.174
   970:     9413.176     9417.178     9426.180     9427.182     9429.184
   975:     9434.186     9445.188     9451.190     9455.192     9460.194
   980:     9463.196     9466.198     9470.200     9472.202     9477.204
   985:     9481.206     9489.208     9491.210     9494.212     9495.214
   990:     9498.216     9507.218     9510.220     9516.222     9521.224
   995:     9523.226     9529.228     9540.230     9543.232     9545.234
  1000:     9548.236     9643.238     9655.240     9660.242    10026.244
  1005:    10029.246    10207.248    10210.250    10213.252    10220.254
  1010:    10257.256    10260.258    10262.260    10270.262    10320.264
  1015:    10320.266    10322.268    10332.270    10337.272    10353.274
  1020:    10356.276    10357.278    10361.280    10365.282    10366.284
  1025:    10369.286    10372.288    10374.290    10499.291    10500.292
  1030:    10501.293    10505.294    10511.295    10520.296    10523.297
  1035:    10523.298    10525.299    10531.300    10564.301    10620.302
  1040:    10622.303    10625.304    10628.305    10631.306    10634.307
  1045:    10637.308    10639.309    10656.310    10662.311    10667.312
  1050:    10701.313    10704.314    10706.315    10706.316    10710.317
  1055:    10713.318    10714.319    10717.320    10721.321    10725.322
  1060:    10730.323    10731.324    10742.325    10748.326    10763.327
  1065:    10765.328    10766.329    10767.330    10779.331    10787.332
  1070:    10788.333    10794.334    10813.335    10822.336    10825.337
  1075:    10828.338    10832.339    10849.340    10857.341    10861.342
  1080:    10865.343    10867.344    10870.345    10872.346    10874.347
  1085:    10875.348    10882.349    10886.350    10888.351    10894.352
  1090:    10903.353    10905.354    10907.355    10910.356    10923.357
  1095:    10927.358    10939.359    10948.360    10950.361    10956.362
  1100:    10956.363    10969.364    10979.365    10983.366    10985.367
  1105:    10989.368    10993.369    10999.370    11019.371    11021.372
  1110:    11024.373    11030.374    11033.375    11036.376    11038.377
  1115:    11040.378    11042.379    11047.380    11063.381    11075.382
  1120:    11077.383    11079.384    11092.385    11092.385    11142.000
  1125:    11142.000    11564.001    11569.002    11570.003    11575.004
  1130:    11577.005    11581.006    11583.007    11592.008    11594.009
  1135:    11596.010    11602.011    11605.012    11616.013    11618.014
  1140:    11625.015    11631.016    11635.017    11637.018    11642.019
  1145:    11644.020    11646.021    11658.022    11663.023    11670.024
  1150:    11672.025    11689.026    11692.027    11693.028    11697.029
  1155:    11701.030    11703.031    11706.032    11708.033    11710.034
  1160:    11716.035    11719.036    11730.037    11731.038    11735.039
  1165:    11740.040    11746.041    11756.042    11756.042    11806.000
  1170:    11806.000    12285.001    12288.002    12288.003    12290.004
  1175:    12295.005    12332.006    12338.007    12340.008    12343.009
  1180:    12346.010    12348.011    12353.012    12355.013    12365.014
  1185:    12376.015    12378.016    12378.017    12381.018    12381.019
  1190:    12386.020    12389.021    12391.022    12393.023    12399.024
  1195:    12401.025    12403.026    12406.027    12408.028    12419.029
  1200:    12419.029    12423.030    12469.000    12469.000    12742.001
  1205:    12742.002    12744.003    12786.004    12787.005    12789.006
  1210:    12790.007    12794.008    12796.009    12798.010    12802.011
  1215:    12803.012    12804.013    12810.014    12814.015    12821.016
  1220:    12823.017    12828.018    12830.019    12838.020    12839.021
  1225:    12841.022    12848.023    12850.024    12855.025    12859.026
  1230:    12872.027    12874.028    12876.029    12877.030    12880.031
  1235:    12884.032    12888.033    12890.034    12906.035    12908.036
  1240:    12910.037    12911.038    12915.039    12919.040    12921.041
  1245:    12923.042    12935.043    12939.044    12955.045    12956.046
  1250:    12958.047    12960.048    12976.049    12979.050    12981.051
  1255:    12983.052    12990.053    12992.054    12998.055    12999.056
  1260:    13001.057    13006.058    13010.059    13012.060    13014.061
  1265:    13015.062    13023.063    13025.064    13028.065    13028.066
  1270:    13030.067    13047.068    13049.069    13052.070    13057.071
  1275:    13059.072    13060.073    13064.074    13084.075    13085.075
  1280:    13086.076    13135.000    13135.000    13859.001    13859.001
  1285:    13909.000    13909.000    14255.001    14256.002    14260.003
  1290:    14271.004    14276.005    14280.006    14296.007    14299.008
  1295:    14305.009    14308.010    14320.011    14322.012    14324.013
  1300:    14325.014    14329.015    14339.016    14340.017    14347.018
  1305:    14351.019    14353.020    14356.021    14361.022    14369.023
  1310:    14376.024    14378.025    14382.026    14385.027    14394.028
  1315:    14397.029    14398.030    14404.031    14407.032    14409.033
  1320:    14410.034    14416.035    14419.036    14422.037    14434.038
  1325:    14436.039    14437.040    14443.041    14445.042    14449.043
  1330:    14469.044    14471.045    14472.046    14478.047    14482.048
  1335:    14484.049    14487.050    14505.051    14517.052    14520.053
  1340:    14520.053    14523.054    14570.000    14570.000    14962.001
  1345:    14964.002    15012.003    15014.004    15045.005    15047.006
  1350:    15049.007    15055.008    15057.009    15075.010    15076.011
  1355:    15078.012    15086.013    15090.014    15092.015    15098.016
  1360:    15100.017    15123.018    15125.019    15128.020    15137.021
  1365:    15143.022    15146.023    15161.024    15165.025    15167.026
  1370:    15169.027    15175.028    15181.029    15181.029    15231.000
  1375:    15231.000    15837.001    15840.002    15842.003    15843.003
  1380:    15843.004    15893.000    15893.000    16347.002    16349.004
  1385:    16350.006    16355.008    16357.010    16363.012    16364.014
  1390:    16369.016    16371.018    16378.020    16382.022    16387.024
  1395:    16390.026    16392.028    16400.030    16404.032    16406.034
  1400:    16408.036    16420.038    16423.040    16429.042    16431.044
  1405:    16449.046    16456.048    16460.050    16479.052    16494.054
  1410:    16497.056    16506.058    16508.060    16510.062    16513.064
  1415:    16514.066    16530.068    16532.070    16534.072    16536.074
  1420:    16537.076    16539.078    16571.080    16641.082    16644.084
  1425:    16646.086    16647.088    16648.090    16654.092    16656.094
  1430:    16658.096    16663.098    16669.100    16669.102    16673.104
  1435:    16674.106    16683.108    16687.110    16691.112    16699.114
  1440:    16703.116    16706.118    16708.120    16726.122    16731.124
  1445:    16734.126    16746.128    16747.130    16754.132    16759.134
  1450:    16761.136    16770.138    16772.140    16781.142    16785.144
  1455:    16790.146    16792.148    16804.150    16813.152    16819.154
  1460:    16821.156    16835.158    16837.160    16838.162    16845.164
  1465:    16848.166    16852.168    16856.170    16867.172    16869.174
  1470:    16872.176    16872.178    16874.180    16877.182    16881.184
  1475:    16882.186    16892.188    16898.190    16900.192    16900.194
  1480:    16901.196    16905.198    16910.200    16913.202    16915.204
  1485:    16917.206    16964.208    16966.210    16966.212    16969.214
  1490:    16973.216    16976.218    16979.220    16984.222    16988.224
  1495:    17246.226    17249.228
