File: C:\MED-PC\Data\2018-06-05_12h16m_Subject M331.txt


Start Date: 06/05/18
End Date: 06/05/18
Subject: M331
Experiment: DOBLE_PICO_ACO
Group: EXP
Box: 8
Start Time: 12:16:28
End Time: 13:29:50
MSN: IF_ACO_MULTIPLE_PICO
A:     423.000
B:      18.000
D:      20.000
I:       2.000
J:   18000.000
K:    5400.000
M:       0.000
N:      18.000
O:      20.000
P:     818.000
Q:       0.000
T:    1000.000
V:     600.000
W:      18.000
Z:       0.000
C:
     0:        0.120        0.120        0.120        0.120        0.120
     5:        0.120        0.540      141.110      163.120      196.110
    10:      296.110      390.110      395.110      404.120      417.120
    15:      427.120      444.110      449.120      465.120      494.110
    20:      583.110      587.110      602.120      618.110      632.110
    25:      647.110      654.120      675.110      681.110      686.110
    30:      693.110      701.110      727.110      735.120      746.120
    35:      753.110      756.110      761.110      787.110      792.110
    40:      805.110      821.110      824.110      836.110      844.110
    45:      858.110      902.110      926.110      957.120      969.110
    50:     1058.110     1077.110     1079.110     1099.120     1125.110
    55:     1128.110     1132.110     1150.110     1176.110     1245.110
    60:     1250.110     1357.110     1371.120     1391.120     1425.110
    65:     1593.110     1601.120     1800.340     1814.120     1825.120
    70:     1900.510     1967.110     2035.110     2144.110     2334.110
    75:     2337.110     2443.110     2443.210     2448.120     2493.310
    80:     2569.120     2574.120     2592.120     2593.510     2613.120
    85:     2653.110     2703.120     2917.110     3007.110     3012.120
    90:     3026.120     3048.120     3056.110     3061.110     3062.110
    95:     3066.110     3195.110     3195.210     3201.120     3245.310
   100:     3249.120     3251.120     3256.120     3262.120     3267.120
   105:     3270.120     3271.120     3273.120     3278.120     3279.120
   110:     3280.120     3281.120     3284.120     3285.120     3287.120
   115:     3345.530     3381.120     3387.120     3420.120     3435.100
   120:     3549.120     3553.120     3565.120     3573.120     3582.100
   125:     3698.100     3710.100     3713.100     3727.120     3744.100
   130:     3753.100     3755.100     3761.100     3766.120     3783.120
   135:     3798.100     3800.100     3822.100     3826.100     3830.120
   140:     3851.120     3873.100     3876.100     3884.100     3889.100
   145:     3894.100     3900.100     3905.120     3919.120     3933.120
   150:     3938.120     3976.100     3981.100     3989.100     3993.100
   155:     3996.100     4015.100     4028.100     4032.120     4050.120
   160:     4074.100     4077.100     4090.100     4097.100     4107.100
   165:     4109.100     4127.100     4131.120     4149.100     4151.100
   170:     4156.100     4164.100     4167.100     4171.100     4184.100
   175:     4193.100     4203.100     4210.120     4229.120     4249.100
   180:     4251.100     4261.100     4266.100     4291.100     4295.100
   185:     4306.100     4309.100     4321.100     4327.120     4373.100
   190:     4375.100     4379.100     4425.100     4470.120     4526.120
   195:     4545.100     4572.100     4576.100     4579.100     4583.120
   200:     4623.120     4678.120     4701.120     4704.120     4710.120
   205:     4722.120     4730.120     4731.120     4753.100     4825.120
   210:     4860.120     4881.100     4915.100     4922.100     5039.120
   215:     5052.100     5056.100     5145.330     5245.500     5449.100
   220:     5458.100     5465.100     5469.100     5475.100     5484.120
   225:     5513.120     5525.100     5532.100     5541.100     5560.100
   230:     5568.100     5571.100     5576.120     5581.120     5590.120
   235:     5602.120     5610.100     5613.100     5639.120     6082.120
   240:     6092.100     6152.200     6158.120     6202.300     6207.120
   245:     6209.120     6211.120     6217.120     6225.120     6233.120
   250:     6235.120     6239.120     6242.120     6246.120     6249.120
   255:     6253.120     6256.120     6257.120     6259.120     6260.120
   260:     6264.120     6266.120     6269.120     6276.120     6281.120
   265:     6285.120     6288.120     6295.120     6296.120     6302.500
   270:     6304.120     6305.120     6306.120     6313.120     6315.120
   275:     6349.120     6384.120     6939.120     6950.120     6960.100
   280:     6962.100     6973.100     6976.100     6981.100     6992.100
   285:     6994.100     7002.100     7009.120     7020.200     7026.120
   290:     7070.300     7078.120     7080.120     7087.120     7093.120
   295:     7097.120     7097.120     7099.120     7102.120     7103.120
   300:     7131.120     7135.120     7141.120     7143.120     7151.120
   305:     7152.120     7158.120     7160.120     7164.120     7165.120
   310:     7170.120     7170.120     7170.510     7219.120     7610.110
   315:     7616.110     7618.110     7621.110     7628.110     7637.110
   320:     7659.110     7676.110     7680.110     7686.110     7697.110
   325:     7705.110     7710.110     7723.110     7726.110     7735.110
   330:     7743.110     7756.110     7763.120     7777.110     7782.110
   335:     7802.110     7809.110     7821.110     7825.110     7838.110
   340:     7842.110     7853.110     7857.110     7871.120     7889.110
   345:     7894.110     7899.110     7901.110     7905.110     7921.110
   350:     7936.120     7938.120     7947.110     7952.110     7964.110
   355:     7974.110     7976.110     7995.110     7999.110     8023.110
   360:     8032.120     8038.120     8057.110     8061.110     8072.110
   365:     8089.110     8089.210     8094.120     8139.310     8170.120
   370:     8172.120     8178.120     8190.120     8239.500     8245.120
   375:     8247.120     8257.120     8284.120     8288.120     8318.120
   380:     8647.120     8662.100     8684.100     8691.120     8719.120
   385:     8780.120     8953.120     8996.120     9008.100     9011.100
   390:     9016.100     9022.100     9028.100     9041.100     9050.100
   395:     9055.120     9068.200     9071.120     9118.300     9122.120
   400:     9124.120     9131.120     9134.120     9136.120     9140.120
   405:     9142.120     9146.120     9146.120     9147.120     9148.120
   410:     9149.120     9153.120     9154.120     9155.120     9165.120
   415:     9188.120     9218.510     9897.110     9901.110     9905.110
   420:     9907.110     9914.120     9926.110     9929.110     9941.110
   425:     9957.110     9973.110     9987.110     9994.110     9998.110
   430:    10008.110    10012.110    10025.110    10029.120    10044.110
   435:    10048.110    10055.110    10069.110    10073.110    10085.110
   440:    10087.110    10093.110    10101.110    10107.110    10110.110
   445:    10130.120    10136.110    10136.210    10142.120    10186.310
   450:    10192.120    10245.120    10255.120    10260.120    10262.120
   455:    10263.120    10273.120    10278.120    10281.120    10286.500
   460:    10290.120    10331.120    10541.120    10603.100    10628.120
   465:    10676.100    10797.100    10800.100    10808.100    10815.100
   470:    10819.120    10840.120    10863.100    10874.100    10878.100
   475:    10882.100    10890.100    10895.120    10900.120    10921.120
   480:    10923.200    10927.120    10973.300    10979.120    11021.120
   485:    11029.120    11073.500    11101.120    11103.120    11132.120
   490:    11144.120    11875.120    11891.100    11902.100    11907.100
   495:    11912.120    11924.120    11937.100    11939.100    11950.100
   500:    11951.200    11956.120    12001.300    12007.120    12008.120
   505:    12009.120    12013.120    12014.120    12017.120    12019.120
   510:    12023.120    12024.120    12029.120    12030.120    12031.120
   515:    12035.120    12036.120    12038.120    12041.120    12042.120
   520:    12046.120    12049.120    12054.120    12057.120    12060.120
   525:    12063.120    12067.120    12069.120    12076.120    12078.120
   530:    12084.120    12101.510    12295.110    12305.120    12443.110
   535:    12446.110    12453.110    12462.120    12548.110    12551.110
   540:    12555.110    12561.110    12567.110    12578.110    12583.110
   545:    12589.120    12606.110    12610.110    12613.110    12635.110
   550:    12648.110    12651.110    12660.110    12668.110    12686.110
   555:    12690.110    12709.110    12716.110    12720.110    12771.110
   560:    12774.110    12783.110    12786.110    12792.110    12796.110
   565:    12808.110    12811.110    12818.110    12820.110    12824.110
   570:    12828.110    12840.110    12847.120    12855.110    12859.110
   575:    12867.110    12871.110    12880.110    12883.110    12886.110
   580:    12903.110    12918.110    12930.120    12933.120    12945.110
   585:    12965.120    13008.120    13030.110    13030.210    13034.120
   590:    13080.310    13089.120    13090.120    13099.120    13112.120
   595:    13173.120    13174.120    13180.510    13181.120    13397.120
   600:    13402.120    13415.120    13538.110    13551.120    13742.110
   605:    13751.110    13762.120    13782.110    13945.110    13945.210
   610:    13950.120    13995.310    14095.500    14096.120    14096.120
   615:    14118.120    14126.120    14130.120    14131.120    14197.120
   620:    14200.120    14308.120    14335.120    14371.100    14377.100
   625:    14383.100    14387.120    14390.120    14421.100    14425.100
   630:    14431.100    14438.100    14442.120    14567.100    14569.100
   635:    14587.100    14596.100    14601.120    14619.120    14644.100
   640:    14646.100    14657.100    14662.100    14665.100    14670.100
   645:    14684.100    14690.120    14704.200    14711.120    14754.300
   650:    14761.120    14767.120    14791.120    14791.120    14795.120
   655:    14811.120    14815.120    14816.120    14819.120    14820.120
   660:    14821.120    14854.500    14891.120    14928.120    14934.120
   665:    15428.120    15447.120    15455.100    15465.100    15471.100
   670:    15477.120    15502.100    15505.100    15512.100    15515.200
   675:    15520.120    15565.300    15571.120    15577.120    15665.510
   680:    15686.120    16137.110    16145.120    16162.110    16168.110
   685:    16173.110    16189.110    16193.110    16200.110    16212.110
   690:    16218.120    16233.110    16250.110    16256.110    16260.110
   695:    16267.110    16271.110    16276.110    16279.110    16283.110
   700:    16284.110    16302.110    16307.120    16319.110    16326.110
   705:    16334.110    16344.110    16357.110    16369.110    16375.110
   710:    16383.110    16391.110    16404.110    16404.210    16409.120
   715:    16454.310    16554.510    16582.120    17083.110    17090.120
   720:    17106.110    17110.110    17113.110    17121.120    17139.110
   725:    17153.110    17187.110    17191.110    17195.110    17286.110
   730:    17289.110    17291.110    17295.110    17303.120    17316.120
   735:    17330.110    17349.110    17354.110    17359.110    17366.110
   740:    17377.110    17389.110    17392.110    17400.110    17400.210
   745:    17405.120    17450.310    17457.120    17461.120    17514.120
   750:    17531.120    17534.120    17535.120    17535.120    17539.120
   755:    17540.120    17547.120    17550.510    17555.120    17559.120
   760:    17565.120    17567.120    17573.120    17626.120    17716.120
   765:    17891.120    17902.120    17903.120    17903.120    18354.110
   770:    18358.110    18368.110    18377.110    18389.110    18401.110
   775:    18401.210    18407.120    18451.310    18459.120    18460.120
   780:    18469.120    18491.120    18493.120    18498.120    18500.120
   785:    18509.120    18511.120    18518.120    18531.120    18549.120
   790:    18551.500    19058.100    19064.100    19067.100    19077.100
   795:    19082.120    19104.120    19126.100    19139.100    19148.100
   800:    19153.120    19172.120    19183.100    19186.100    19186.200
   805:    19192.120    19236.300    19240.120    19314.120    19329.120
   810:    19336.510    19681.110    19690.120    19721.110    19724.110
   815:    19732.110    19740.120    19771.110    19774.110    19791.110
   820:    19807.120    19822.110    19824.110    19827.110    19835.110
   825:    19839.110    19846.110    19849.110    19851.110    19860.110
   830:    19867.110    19881.120    19889.110    19891.110    19894.110
   835:    19904.110    19908.110    19911.110    19923.110    19930.110
   840:    19936.110    19946.110    19951.120    19967.110    19970.110
   845:    19975.110    19980.110    19987.110    19990.110    19998.110
   850:    20002.110    20008.110    20013.110    20021.110    20031.110
   855:    20049.110    20053.110    20069.110    20083.110    20116.110
   860:    20121.110    20143.110    20232.120    20245.110    20245.210
   865:    20250.120    20295.310    20395.500    20411.120    20438.120
   870:    20725.120    20823.100    20857.120    20866.120    20895.100
   875:    20898.100    20909.120    20926.120    20942.100    20944.100
   880:    20951.100    20955.100    20963.120    20981.120    20997.100
   885:    20999.100    21002.200    21008.120    21052.300    21060.120
   890:    21063.120    21064.120    21077.120    21078.120    21082.120
   895:    21085.120    21089.120    21091.120    21100.120    21152.120
   900:    21152.530    21152.120    21458.120    21482.100    21490.100
   905:    21498.120    21508.120    21518.100    21521.100    21524.100
   910:    21530.100    21537.120    21549.120    21558.100    21577.100
   915:    21580.100    21587.120    21604.120    21611.100    21613.100
   920:    21624.100    21631.100    21637.120    21676.100    21686.100
   925:    21691.100    21712.100    21718.100    21724.120    21752.120
   930:    21763.100    21798.100    21804.100    21810.120    21844.120
   935:    21869.120    21882.100    21906.100    21915.100    21919.100
   940:    21921.100    21973.100    21989.120    22019.120    22023.120
   945:    22032.100    22036.100    22044.100    22047.100    22103.100
   950:    22111.100    22129.100    22180.120    22190.120    22205.120
   955:    22220.100    22231.100    22238.100    22243.120    22262.120
   960:    22284.120    22291.100    22299.100    22302.100    22334.100
   965:    22345.100    22349.100    22353.100    22358.120    22372.120
   970:    22380.120    22386.120    22402.120    22627.100    22630.100
   975:    22639.100    22661.120    22757.120    22797.120    22800.120
   980:    22808.100    22919.100    22925.100    22930.100    22942.120
   985:    22952.330    22961.120    22971.120    22977.120    23052.510
   990:    23818.110    23822.110    23824.110    23839.110    23848.110
   995:    23856.110    23860.110    23869.110    23878.110    23892.110
  1000:    23892.210    23897.120    23942.310    23951.120    23958.120
  1005:    23961.120    23964.120    23969.120    23970.120    23975.120
  1010:    23976.120    23983.120    24042.500    24221.120    24227.120
  1015:    24276.120    24307.100    24366.120    24372.100    24375.100
  1020:    24378.100    24385.100    24400.120    24420.120    24429.100
  1025:    24430.100    24440.100    24446.100    24448.100    24456.100
  1030:    24467.100    24472.120    24475.120    24492.100    24494.100
  1035:    24503.100    24509.100    24516.100    24520.100    24530.100
  1040:    24535.120    24555.120    24575.100    24577.100    24610.100
  1045:    24621.100    24623.100    24629.120    24632.120    24646.120
  1050:    24670.200    24674.120    24720.300    24731.120    24740.120
  1055:    24745.120    24760.120    24768.120    24769.120    24772.120
  1060:    24774.120    24780.120    24786.120    24820.510    24833.120
  1065:    24845.120    24925.110    25193.110    25197.120    25210.110
  1070:    25214.120    25270.110    25273.110    25276.110    25279.110
  1075:    25284.110    25288.110    25301.110    25378.110    25381.110
  1080:    25390.110    25393.110    25401.110    25419.110    25427.110
  1085:    25437.110    25442.110    25450.110    25477.110    25487.110
  1090:    25494.110    25505.110    25511.120    25522.110    25527.110
  1095:    25539.110    25543.110    25553.110    25563.110    25570.110
  1100:    25575.120    25587.110    25591.110    25604.110    25619.110
  1105:    25633.120    25650.110    25653.110    25660.110    25660.210
  1110:    25665.120    25710.310    25718.120    25734.120    25784.120
  1115:    25785.120    25801.120    25805.120    25810.510    25849.120
  1120:    26019.110    26024.120    26362.110    26376.110    26384.110
  1125:    26393.110    26399.110    26409.110    26413.110    26419.110
  1130:    26429.110    26433.110    26442.110    26446.110    26451.110
  1135:    26456.110    26467.110    26472.110    26480.110    26557.110
  1140:    26561.110    26573.110    26577.110    26581.110    26584.110
  1145:    26588.110    26603.110    26607.110    26621.110    26628.120
  1150:    26639.110    26644.110    26647.110    26655.110    26655.210
  1155:    26661.120    26705.310    26728.120    26746.120    26756.120
  1160:    26773.120    26781.120    26783.120    26787.120    26805.500
  1165:    26834.120    26891.120    27324.120    27340.100    27353.100
  1170:    27360.100    27366.120    27398.100    27403.100    27410.120
  1175:    27413.200    27417.120    27463.300    27563.500    27564.120
  1180:    27570.120    27580.120    28126.100    28140.100    28146.120
  1185:    28156.120    28165.100    28168.100    28177.100    28182.100
  1190:    28186.200    28192.120    28236.300    28242.120    28243.120
  1195:    28244.120    28247.120    28248.120    28256.120    28263.120
  1200:    28274.120    28285.120    28336.540    28642.110    28647.120
  1205:    28747.120    28757.110    28760.110    28764.110    28767.110
  1210:    28777.110    28780.110    28789.110    28792.110    28794.110
  1215:    28804.110    28813.110    28871.110    28880.110    28883.110
  1220:    28887.110    28893.110    28901.110    28912.110    28915.110
  1225:    28917.110    28920.110    28935.110    28943.110    28946.110
  1230:    28952.120    28961.110    28965.110    28971.110    28980.110
  1235:    28983.110    28990.110    29017.110    29021.110    29033.110
  1240:    29040.120    29053.110    29056.110    29062.110    29071.110
  1245:    29078.110    29094.110    29112.110    29117.110    29130.110
  1250:    29134.110    29160.120    29168.120    29177.110    29181.110
  1255:    29198.110    29204.110    29208.110    29214.110    29216.110
  1260:    29222.120    29241.110    29250.110    29252.110    29261.120
  1265:    29412.120    29420.110    29428.110    29439.120    29471.110
  1270:    29474.110    29478.110    29558.110    29564.120    29741.120
  1275:    29767.110    30025.110    30030.110    30033.110    30047.110
  1280:    30050.110    30062.110    30068.110    30071.110    30085.110
  1285:    30089.120    30095.110    30098.110    30110.120    30127.110
  1290:    30129.110    30136.340    30137.110    30143.120    30145.120
  1295:    30146.120    30236.500    30384.100    30386.100    30400.100
  1300:    30403.100    30410.120    30424.120    30442.100    30452.100
  1305:    30454.100    30456.100    30462.100    30477.100    30483.120
  1310:    30500.120    30508.100    30517.100    30523.100    30531.120
  1315:    30550.120    30557.120    30565.100    30575.100    30579.100
  1320:    30585.100    30598.100    30601.100    30605.120    30625.120
  1325:    30633.120    30652.100    30719.120    30750.100    30762.100
  1330:    30769.100    30776.100    30780.100    30820.100    30823.100
  1335:    30836.120    30840.200    30841.120    30844.120    30890.300
  1340:    30907.120    30908.120    30911.120    30912.120    30918.120
  1345:    30919.120    30926.120    30990.510    31552.110    31556.110
  1350:    31568.110    31571.110    31581.110    31587.120    31600.110
  1355:    31603.110    31607.110    31615.110    31619.110    31629.110
  1360:    31632.110    31635.110    31639.120    31651.110    31656.110
  1365:    31661.110    31671.120    31675.120    31686.110    31690.110
  1370:    31698.110    31708.110    31714.110    31721.110    31729.110
  1375:    31734.110    31742.110    31746.110    31756.110    31760.110
  1380:    31783.110    31790.120    31809.110    31815.120    31836.120
  1385:    31845.110    31845.210    31850.120    31895.310    31902.120
  1390:    31924.120    31945.120    31954.120    31993.120    31995.500
  1395:    32039.120    32549.120    32560.100    32565.100    32576.100
  1400:    32598.120    32602.120    32610.100    32620.200    32620.100
  1405:    32626.120    32670.300    32764.120    32770.510    33128.110
  1410:    33138.110    33145.120    33156.110    33160.110    33162.110
  1415:    33185.110    33188.110    33207.110    33210.110    33218.110
  1420:    33234.110    33241.120    33254.110    33259.110    33263.110
  1425:    33273.110    33286.110    33288.110    33293.110    33314.110
  1430:    33319.110    33338.110    33341.110    33352.110    33364.110
  1435:    33368.110    33387.110    33392.110    33397.110    33401.110
  1440:    33406.110    33412.110    33424.110    33434.110    33438.110
  1445:    33449.110    33452.110    33461.120    33465.120    33477.110
  1450:    33479.110    33483.110    33539.110    33543.110    33552.110
  1455:    33556.110    33570.110    33577.110    33617.110    33617.210
  1460:    33623.120    33667.310    33674.120    33698.120    33705.120
  1465:    33706.120    33720.120    33767.500    34389.120    34405.120
  1470:    34414.100    34430.100    34435.100    34450.100    34456.120
  1475:    34459.120    34469.120    34474.200    34524.300    34536.120
  1480:    34569.120    34575.120    34582.120    34585.120    34586.120
  1485:    34588.120    34595.120    34607.120    34624.510    34656.120
  1490:    34907.110    34972.110    34978.120    35011.120    35025.120
  1495:    35053.110    35136.110    35139.110    35143.110    35145.110
  1500:    35153.110    35159.110    35164.110    35170.110    35174.110
  1505:    35180.110    35195.110    35201.120    35214.110    35217.110
  1510:    35224.110    35226.110    35233.110    35251.110    35259.110
  1515:    35267.120    35281.110    35283.110    35291.110    35297.110
  1520:    35301.120    35304.120    35318.110    35321.110    35327.110
  1525:    35332.110    35336.110    35343.110    35345.110    35348.110
  1530:    35362.110    35365.110    35375.110    35380.110    35386.110
  1535:    35391.110    35437.110    35442.110    35449.110    35456.110
  1540:    35467.110    35467.210    35472.120    35517.310    35534.120
  1545:    35544.120    35548.120    35560.120    35561.120    35568.120
  1550:    35570.120    35571.120    35575.120    35576.120    35584.120
  1555:    35617.500    36041.120    36057.120    36127.100    36133.100
  1560:    36139.100    36148.120    36161.120    36203.100    36205.100
  1565:    36212.120    36249.100    36253.100    36259.100    36263.200
  1570:    36268.120    36313.300    36413.510    36438.120    36817.110
  1575:    36822.110    36834.110    36847.110    36853.120    36866.110
  1580:    36869.110    36871.110    36879.110    36888.110    36893.110
  1585:    36901.110    36921.110    36925.110    36938.110    36944.110
  1590:    36954.110    36964.110    36968.110    36973.110    36978.110
  1595:    36993.110    37003.120    37011.110    37015.110    37035.110
  1600:    37042.110    37046.110    37051.110    37055.110    37060.110
  1605:    37062.110    37071.110    37075.110    37082.110    37088.120
  1610:    37090.120    37104.110    37107.110    37111.110    37120.110
  1615:    37125.110    37130.110    37134.110    37151.110    37156.110
  1620:    37171.110    37175.110    37180.110    37185.120    37202.110
  1625:    37204.110    37213.110    37277.110    37277.210    37282.120
  1630:    37327.310    37351.120    37382.120    37383.120    37398.120
  1635:    37412.120    37427.510    37451.120    37725.120    37735.110
  1640:    37739.120    38051.110    38055.110    38058.110    38066.110
  1645:    38070.110    38078.110    38083.110    38086.110    38095.110
  1650:    38106.110    38111.110    38118.110    38133.110    38138.120
  1655:    38154.110    38158.110    38175.110    38186.110    38192.110
  1660:    38202.120    38217.110    38223.110    38237.110    38258.110
  1665:    38270.110    38270.210    38275.120    38320.310    38358.120
  1670:    38372.120    38380.120    38381.120    38386.120    38420.500
  1675:    38816.120    38829.100    38837.100    38840.100    38848.100
  1680:    38855.120    38865.120    38868.120    38904.100    38916.100
  1685:    38923.120    38928.120    38946.100    38971.100    38980.100
  1690:    38987.120    39002.120    39014.100    39031.200    39038.120
  1695:    39081.300    39110.120    39119.120    39143.120    39144.120
  1700:    39147.120    39181.500    39666.120    39673.100    39682.100
  1705:    39694.100    39698.100    39704.120    39710.120    39731.100
  1710:    39732.100    39735.100    39744.100    39747.100    39749.100
  1715:    39756.100    39766.100    39773.120    39790.120    39791.200
  1720:    39841.300    39941.510    39984.120    40011.120    40355.110
  1725:    40357.110    40365.110    40371.120    40387.110    40391.110
  1730:    40437.110    40440.110    40447.110    40449.110    40452.110
  1735:    40454.110    40481.110    40488.110    40490.110    40496.110
  1740:    40507.110    40514.120    40525.110    40528.110    40531.110
  1745:    40545.110    40555.110    40569.120    40589.110    40594.110
  1750:    40600.110    40617.110    40627.110    40631.110    40638.110
  1755:    40643.110    40658.110    40669.110    40672.110    40682.110
  1760:    40687.110    40697.110    40706.110    40713.110    40721.110
  1765:    40737.110    40743.120    40750.120    40751.120    40768.110
  1770:    40771.110    40773.110    40791.110    40791.210    40797.120
  1775:    40841.310    40940.120    40941.510    40963.120    41018.120
  1780:    41053.120    41402.110    41412.110    41449.110    41535.110
  1785:    41541.110    41554.110    41564.110    41692.110    41701.110
  1790:    41708.110    41721.110    41725.110    41734.110    41746.110
  1795:    41750.110    41762.110    41777.110    41781.110    41781.210
  1800:    41789.120    41831.310    41858.120    41896.120    41931.540
  1805:    41974.120
E:
     0:     1806.000      361.000      760.000
F:
     0:       70.000       28.618       35.357
G:
     0:        1.000        1.000        1.000        1.000        1.000
     5:        1.000        1.000        1.000        1.000        0.000
H:
     0:        1.000        1.000        2.000        2.000
L:
     0:     9168.000     7284.000     8391.000     6472.000     8886.000
     5:     6190.000     6713.000     6445.000     6167.000     6387.000
    10:     6178.000     6329.000     6142.000     6344.000     7171.000
    15:     6560.000     6206.000     6198.000
R:
     0:        1.000        1.000        1.000        1.000        1.000
     5:        1.000        1.000        1.000        1.000        0.000
S:
     0:        1.000        0.000
U:
     0:     8391.000        2.000        0.000
X:
     0:        0.000       89.002      236.004      352.006      364.008
     5:      368.010      399.012      407.014      409.016      415.018
    10:      452.020      454.022      476.024      480.026      527.028
    15:      530.030      538.032      543.034      548.036      554.038
    20:      630.040      635.042      643.044      647.046      650.048
    25:      669.050      682.052      729.054      731.056      744.058
    30:      751.060      762.062      764.064      781.066      803.068
    35:      805.070      810.072      818.074      821.076      825.078
    40:      838.080      847.082      858.084      904.086      906.088
    45:      915.090      920.092      946.094      949.096      960.098
    50:      963.100      975.102     1027.104     1030.106     1033.108
    55:     1079.110     1199.112     1226.114     1230.116     1233.118
    60:     1407.120     1535.122     1569.124     1576.126     1706.128
    65:     1710.130     2103.131     2113.132     2119.133     2123.134
    70:     2129.135     2179.136     2186.137     2195.138     2214.139
    75:     2223.140     2225.141     2264.142     2267.143     2746.144
    80:     2806.144     2856.000     2856.000     3514.001     3516.002
    85:     3527.003     3530.004     3535.005     3546.006     3548.007
    90:     3556.008     3574.008     3624.000     3624.000     4047.001
    95:     4069.002     4393.003     4395.004     4401.005     4406.006
   100:     4412.007     4425.008     4435.009     4453.009     4503.000
   105:     4503.000     4820.001     4893.002     5014.003     5017.004
   110:     5025.005     5032.006     5080.007     5091.008     5095.009
   115:     5099.010     5107.011     5140.011     5190.000     5190.000
   120:     6008.001     6018.002     6023.003     6054.004     6056.005
   125:     6067.006     6068.006     6118.000     6118.000     6394.001
   130:     6400.002     6405.003     6444.004     6447.005     6454.006
   135:     6460.007     6590.008     6592.009     6609.010     6619.011
   140:     6666.012     6669.013     6679.014     6685.015     6688.016
   145:     6693.017     6707.018     6727.018     6777.000     6777.000
   150:     7378.001     7388.002     7394.003     7425.004     7428.005
   155:     7435.006     7438.006     7488.000     7488.000     7994.001
   160:     8000.002     8003.003     8013.004     8062.005     8075.006
   165:     8084.007     8119.008     8122.009     8122.009     8172.000
   170:     8172.000     8599.001     8672.002     8674.003     8718.004
   175:     8721.005     8727.006     8732.007     8773.008     8775.009
   180:     8778.009     8828.000     8828.000     9158.002     9166.004
   185:     9193.006     9196.008     9200.010     9205.012     9234.014
   190:     9252.016     9256.018     9287.020     9288.022     9300.024
   195:     9306.026     9352.028     9361.030     9366.032     9388.034
   200:     9394.036     9439.038     9474.040     9479.042     9558.044
   205:     9582.046     9591.048     9595.050     9596.052     9648.054
   210:     9708.056     9711.058     9720.060     9722.062     9779.064
   215:     9787.066     9804.068     9896.070     9906.072     9914.074
   220:     9967.076     9975.078     9977.080    10009.082    10020.084
   225:    10025.086    10029.088    10302.090    10306.092    10315.094
   230:    10483.096    10594.098    10601.100    10605.102    11983.001
   235:    12048.002    12051.003    12054.004    12061.005    12104.006
   240:    12106.007    12116.008    12121.009    12124.010    12132.011
   245:    12142.012    12168.013    12169.014    12179.015    12184.016
   250:    12192.017    12196.018    12206.019    12250.020    12253.021
   255:    12286.022    12297.023    12299.024    12346.024    12396.000
   260:    12396.000    12930.001    12943.002    12950.003    12988.004
   265:    12993.005    13003.005    13053.000    13053.000    13615.001
   270:    13629.002    13654.003    13657.004    13666.005    13671.006
   275:    13675.006    13725.000    13725.000    13725.150    13725.151
   280:    13725.152    13725.153    13725.154    13725.155    13725.156
   285:    13725.157    13725.158    13725.159    13725.160    13725.161
   290:    13725.162    13725.163    13725.164    13725.165    13725.166
   295:    13725.167    13725.168    13725.169    13725.170    13725.171
   300:    13725.172    13725.173    13725.174    13725.175    13725.176
   305:    13725.176    13725.000    13725.000    14289.001    14295.002
   310:    14305.003    14339.004    14349.004    14349.005    14399.000
   315:    14399.000    15046.001    15061.002    15066.003    15081.004
   320:    15106.004    15156.000    15156.000    15665.001    15672.002
   325:    15678.003    15741.004    15744.005    15788.006    15792.007
   330:    15798.008    15802.008    15852.000    15852.000    16260.001
   335:    16268.002    16271.003    16279.004    16335.005    16347.006
   340:    16377.007    16402.008    16411.009    16445.010    16462.010
   345:    16512.000    16512.000    17004.001    17013.002    17025.003
   350:    17028.004    17061.005    17062.006    17065.007    17074.008
   355:    17077.009    17079.010    17087.011    17097.012    17121.012
   360:    17171.000
Y:
     0:        0.000      141.002      196.004      296.006      390.008
     5:      395.010      444.012      494.014      582.016      587.018
    10:      618.020      632.022      646.024      675.026      681.028
    15:      686.030      693.032      701.034      727.036      753.038
    20:      756.040      761.042      787.044      792.046      805.048
    25:      821.050      824.052      836.054      844.056      858.058
    30:      902.060      926.062      969.064     1057.066     1076.068
    35:     1079.070     1124.072     1128.074     1132.076     1150.078
    40:     1176.080     1245.082     1250.084     1357.086     1425.088
    45:     1593.090     1967.091     2034.092     2144.093     2334.094
    50:     2337.095     2443.096     2443.096     2493.000     2493.000
    55:     2552.001     2816.002     2906.003     2956.004     2960.005
    60:     2962.006     2966.007     3095.008     3095.008     3145.000
    65:     3145.000     3584.001     3590.002     3592.003     3595.004
    70:     3602.005     3611.006     3633.007     3650.008     3654.009
    75:     3660.010     3671.011     3679.012     3684.013     3697.014
    80:     3700.015     3709.016     3717.017     3730.018     3751.019
    85:     3756.020     3776.021     3783.022     3795.023     3799.024
    90:     3812.025     3816.026     3827.027     3831.028     3863.029
    95:     3868.030     3873.031     3875.032     3879.033     3895.034
   100:     3921.035     3926.036     3938.037     3948.038     3950.039
   105:     3969.040     3973.041     3997.042     4031.043     4035.044
   110:     4046.045     4063.046     4063.046     4113.000     4113.000
   115:     4792.001     4795.002     4799.003     4801.004     4820.005
   120:     4823.006     4835.007     4852.008     4867.009     4881.010
   125:     4888.011     4892.012     4902.013     4907.014     4920.015
   130:     4939.016     4943.017     4950.018     4964.019     4968.020
   135:     4980.021     4982.022     4987.023     4995.024     5001.025
   140:     5005.026     5030.027     5030.027     5080.000     5080.000
   145:     5273.001     5422.002     5424.003     5431.004     5526.005
   150:     5529.006     5533.007     5540.008     5545.009     5556.010
   155:     5561.011     5584.012     5588.013     5591.014     5613.015
   160:     5626.016     5629.017     5638.018     5646.019     5665.020
   165:     5668.021     5687.022     5694.023     5698.024     5749.025
   170:     5752.026     5761.027     5764.028     5770.029     5774.030
   175:     5786.031     5789.032     5796.033     5798.034     5802.035
   180:     5806.036     5818.037     5834.038     5837.039     5845.040
   185:     5850.041     5858.042     5861.043     5864.044     5881.045
   190:     5896.046     5923.047     6008.048     6008.048     6058.000
   195:     6058.000     6416.001     6620.002     6629.003     6660.004
   200:     6822.005     6823.005     6873.000     6873.000     7345.001
   205:     7370.002     7376.003     7380.004     7396.005     7400.006
   210:     7407.007     7420.008     7440.009     7458.010     7464.011
   215:     7467.012     7474.013     7478.014     7484.015     7487.016
   220:     7490.017     7492.018     7509.019     7527.020     7534.021
   225:     7542.022     7552.023     7564.024     7577.025     7583.026
   230:     7590.027     7598.028     7612.029     7612.029     7662.000
   235:     7662.000     8190.001     8213.002     8218.003     8221.004
   240:     8246.005     8260.006     8295.007     8298.008     8302.009
   245:     8393.010     8396.011     8399.012     8402.013     8438.014
   250:     8456.015     8461.016     8466.017     8473.018     8484.019
   255:     8496.020     8499.021     8508.022     8508.022     8558.000
   260:     8558.000     9361.001     9365.002     9375.003     9384.004
   265:     9396.005     9408.006     9409.006     9459.000     9459.000
   270:     9803.001     9843.002     9847.003     9854.004     9894.005
   275:     9896.006     9913.007     9944.008     9947.009     9950.010
   280:     9957.011     9961.012     9969.013     9971.014     9974.015
   285:     9982.016     9989.017    10011.018    10014.019    10016.020
   290:    10026.021    10031.022    10034.023    10045.024    10053.025
   295:    10059.026    10068.027    10090.028    10093.029    10098.030
   300:    10102.031    10110.032    10113.033    10121.034    10125.035
   305:    10130.036    10136.037    10143.038    10154.039    10171.040
   310:    10176.041    10192.042    10205.043    10239.044    10243.045
   315:    10266.046    10368.047    10368.047    10418.000    10418.000
   320:    10418.103    10418.104    10418.105    10418.106    10418.107
   325:    10418.108    10418.109    10418.110    10418.111    10418.112
   330:    10418.112    10418.000    10418.000    10522.001    10790.002
   335:    10807.003    10867.004    10871.005    10873.006    10876.007
   340:    10881.008    10885.009    10898.010    10975.011    10978.012
   345:    10987.013    10990.014    10998.015    11016.016    11024.017
   350:    11034.018    11039.019    11047.020    11074.021    11085.022
   355:    11092.023    11102.024    11119.025    11125.026    11136.027
   360:    11140.028    11150.029    11160.030    11167.031    11185.032
   365:    11188.033    11202.034    11216.035    11247.036    11250.037
   370:    11257.038    11257.038    11307.000    11307.000    11515.001
   375:    11858.002    11872.003    11881.004    11889.005    11895.006
   380:    11905.007    11910.008    11915.009    11926.010    11929.011
   385:    11938.012    11942.013    11947.014    11952.015    11963.016
   390:    11968.017    11976.018    12053.019    12057.020    12069.021
   395:    12073.022    12077.023    12080.024    12084.025    12100.026
   400:    12103.027    12117.028    12135.029    12140.030    12143.031
   405:    12152.032    12152.032    12202.000    12202.000    12508.002
   410:    12622.004    12625.006    12630.008    12632.010    12642.012
   415:    12645.014    12655.016    12658.018    12659.020    12669.022
   420:    12679.024    12737.026    12745.028    12749.030    12752.032
   425:    12758.034    12767.036    12777.038    12780.040    12782.042
   430:    12785.044    12800.046    12808.048    12812.050    12826.052
   435:    12830.054    12837.056    12845.058    12848.060    12855.062
   440:    12882.064    12887.066    12899.068    12919.070    12921.072
   445:    12927.074    12937.076    12944.078    12959.080    12978.082
   450:    12982.084    12995.086    12999.088    13042.090    13046.092
   455:    13063.094    13070.096    13073.098    13079.100    13081.102
   460:    13106.104    13115.106    13118.108    13286.110    13293.112
   465:    13336.114    13339.116    13343.118    13423.120    13632.122
   470:    13891.124    13896.126    13898.128    13913.130    13915.132
   475:    13927.134    13933.136    13936.138    13950.140    13960.142
   480:    13964.144    13992.146    13995.148    14003.149    15417.001
   485:    15421.002    15434.003    15437.004    15446.005    15466.006
   490:    15468.007    15473.008    15480.009    15484.010    15495.011
   495:    15497.012    15501.013    15517.014    15522.015    15526.016
   500:    15551.017    15556.018    15563.019    15573.020    15579.021
   505:    15586.022    15595.023    15600.024    15607.025    15611.026
   510:    15621.027    15625.028    15648.029    15674.030    15711.031
   515:    15711.031    15761.000    15761.000    16119.001    16129.002
   520:    16147.003    16150.004    16153.005    16176.006    16179.007
   525:    16198.008    16201.009    16209.010    16225.011    16245.012
   530:    16250.013    16254.014    16264.015    16276.016    16279.017
   535:    16284.018    16305.019    16310.020    16328.021    16332.022
   540:    16343.023    16355.024    16358.025    16378.026    16382.027
   545:    16388.028    16392.029    16397.030    16403.031    16415.032
   550:    16425.033    16429.034    16440.035    16443.036    16468.037
   555:    16470.038    16474.039    16530.040    16534.041    16543.042
   560:    16547.043    16560.044    16568.045    16608.046    16608.046
   565:    16658.000    16658.000    16940.001    17005.002    17086.003
   570:    17169.004    17172.005    17176.006    17178.007    17186.008
   575:    17192.009    17197.010    17203.011    17207.012    17213.013
   580:    17228.014    17247.015    17250.016    17257.017    17259.018
   585:    17266.019    17284.020    17292.021    17314.022    17316.023
   590:    17324.024    17330.025    17351.026    17354.027    17360.028
   595:    17365.029    17369.030    17376.031    17378.032    17381.033
   600:    17395.034    17398.035    17408.036    17413.037    17419.038
   605:    17424.039    17470.040    17475.041    17482.042    17489.043
   610:    17500.044    17500.044    17550.000    17550.000    17954.001
   615:    17959.002    17971.003    17984.004    18002.005    18006.006
   620:    18008.007    18016.008    18024.009    18030.010    18038.011
   625:    18058.012    18061.013    18075.014    18080.015    18091.016
   630:    18101.017    18104.018    18110.019    18115.020    18130.021
   635:    18148.022    18151.023    18172.024    18178.025    18182.026
   640:    18188.027    18192.028    18197.029    18198.030    18208.031
   645:    18212.032    18218.033    18241.034    18243.035    18247.036
   650:    18256.037    18262.038    18267.039    18271.040    18287.041
   655:    18292.042    18308.043    18312.044    18316.045    18338.046
   660:    18341.047    18349.048    18414.049    18414.049    18464.000
   665:    18464.000    18771.001    19087.002    19092.003    19095.004
   670:    19102.005    19107.006    19115.007    19119.008    19123.009
   675:    19131.010    19142.011    19147.012    19155.013    19169.014
   680:    19191.015    19194.016    19211.017    19222.018    19228.019
   685:    19253.020    19260.021    19273.022    19295.023    19307.024
   690:    19307.024    19357.000    19357.000    19770.001    19773.002
   695:    19781.003    19803.004    19807.005    19852.006    19855.007
   700:    19862.008    19864.009    19868.010    19869.011    19897.012
   705:    19903.013    19906.014    19911.015    19923.016    19940.017
   710:    19944.018    19946.019    19960.020    19971.021    20005.022
   715:    20010.023    20016.024    20032.025    20042.026    20046.027
   720:    20054.028    20058.029    20073.030    20084.031    20088.032
   725:    20098.033    20103.034    20112.035    20122.036    20129.037
   730:    20136.038    20152.039    20183.040    20187.041    20189.042
   735:    20207.043    20207.043    20257.000    20257.000    20717.001
   740:    20727.002    20765.003    20850.004    20857.005    20869.006
   745:    20879.007    21008.008    21016.009    21024.010    21036.011
   750:    21040.012    21049.013    21061.014    21066.015    21077.016
   755:    21092.017    21096.018    21096.018    21146.000    21146.000
