File: C:\MED-PC\Data\2018-05-03_10h19m_Subject M327.txt


Start Date: 05/03/18
End Date: 05/03/18
Subject: M327
Experiment: DOBLE_PICO_ACO
Group: EXP
Box: 10
Start Time: 10:19:42
End Time: 11:33:12
MSN: IF_ACO_MULTIPLE_PICO
A:     230.000
B:      17.000
D:      18.000
I:       1.000
J:   18000.000
K:    5400.000
M:       4.000
N:      18.000
O:      18.000
P:     595.000
Q:       0.000
T:    1000.000
V:     600.000
W:      17.000
Z:       0.000
C:
     0:        0.120        0.120        0.120        0.120        0.120
     5:        0.120        0.120        0.120        0.120        0.120
    10:        0.120        0.120        0.120        0.120        0.120
    15:        0.120        0.120        0.120        0.120        0.120
    20:        0.120        0.120        0.120        0.120        0.120
    25:        0.120        0.120        0.120        0.120        0.120
    30:        0.120        0.120        0.120        0.120        0.510
    35:        9.110       19.120       65.110       70.110      140.120
    40:      158.110      161.110      164.110      195.110      198.110
    45:      202.110      209.120      255.110      258.110      264.110
    50:      267.110      269.110      293.110      297.110      300.110
    55:      303.110      306.110      318.110      320.110      322.110
    60:      326.110      330.110      337.110      349.120      366.110
    65:      370.110      376.110      380.120      398.110      402.110
    70:      405.110      410.110      414.110      418.110      421.110
    75:      426.110      449.120      460.110      464.110      473.110
    80:      475.110      477.110      490.110      501.110      503.110
    85:      505.110      506.110      515.110      523.110      526.110
    90:      528.110      533.110      534.110      536.110      538.110
    95:      539.110      544.110      544.210      552.120      594.310
   100:      694.510      813.120      813.120      858.120      860.120
   105:      862.120      866.120      869.120      883.120      971.110
   110:      979.120      988.120      991.120      992.120     1001.120
   115:     1029.110     1100.110     1107.110     1112.110     1188.110
   120:     1197.120     1251.110     1251.210     1255.120     1301.310
   125:     1401.500     1463.120     1537.120     1539.120     1541.120
   130:     1547.120     1555.100     1614.100     1632.120     1651.100
   135:     1653.100     1657.100     1689.120     1762.100     1768.100
   140:     1772.100     1780.100     1785.100     1787.120     1795.100
   145:     1817.100     1821.100     1824.100     1845.100     1860.100
   150:     1882.100     1887.100     1890.100     1895.100     1898.100
   155:     1910.100     1918.100     1922.100     1923.100     1925.100
   160:     1928.100     1938.120     1958.100     1975.100     1980.100
   165:     2005.120     2018.200     2020.100     2024.120     2068.300
   170:     2083.120     2168.540     2279.120     2397.110     2406.120
   175:     2487.120     2499.110     2516.110     2800.110     2808.110
   180:     2814.120     2834.110     2843.110     2847.110     2853.110
   185:     2856.110     2868.110     2870.110     2874.110     2881.120
   190:     2910.110     2914.110     2916.110     2918.110     2920.110
   195:     2926.110     2931.110     2935.110     2939.110     2947.110
   200:     2950.110     2954.110     2958.110     2959.110     2961.110
   205:     2963.110     2966.110     2969.110     2975.110     2978.110
   210:     2980.110     2983.110     2987.110     2993.110     2998.110
   215:     3000.110     3002.110     3003.110     3007.110     3025.110
   220:     3030.110     3033.110     3041.110     3049.110     3054.110
   225:     3057.110     3090.120     3102.110     3106.110     3113.110
   230:     3119.110     3122.110     3128.110     3132.110     3133.110
   235:     3139.110     3145.110     3165.120     3196.120     3214.110
   240:     3224.110     3231.110     3237.110     3238.110     3242.120
   245:     3256.120     3260.120     3293.120     3300.110     3307.110
   250:     3317.110     3321.120     3374.110     3376.110     3380.120
   255:     3414.110     3416.110     3423.110     3427.110     3475.110
   260:     3477.110     3481.110     3486.110     3548.110     3585.110
   265:     3589.110     3736.120     3746.110     3749.110     3753.110
   270:     3757.110     3761.110     3766.110     3776.120     3825.110
   275:     3832.120     3863.120     3869.110     3872.110     3877.110
   280:     3880.110     3882.110     3886.120     3906.120     3927.110
   285:     3931.110     3934.110     3942.110     3953.110     3956.110
   290:     3968.340     4008.120     4029.120     4031.120     4035.120
   295:     4068.500     4186.120     4194.100     4252.100     4276.100
   300:     4281.120     4326.120     4328.120     4329.120     4335.100
   305:     4338.100     4357.100     4370.100     4373.100     4375.100
   310:     4426.100     4447.100     4452.120     4470.100     4490.100
   315:     4491.100     4495.100     4509.100     4520.100     4538.100
   320:     4543.100     4548.100     4550.100     4565.100     4571.100
   325:     4573.120     4587.100     4591.100     4600.100     4652.100
   330:     4656.100     4659.100     4686.100     4702.100     4705.120
   335:     4712.200     4762.300     4804.120     4862.510     5022.120
   340:     5059.120     5072.110     5238.110     5247.120     5317.110
   345:     5326.110     5379.110     5382.110     5386.110     5389.120
   350:     5416.110     5422.110     5425.110     5427.110     5435.110
   355:     5438.110     5441.110     5444.110     5448.110     5462.120
   360:     5480.110     5488.110     5498.110     5498.210     5502.120
   365:     5548.310     5648.500     5726.120     5752.120     5776.120
   370:     5807.120     5830.120     5836.100     6089.120     6127.100
   375:     6136.100     6156.100     6168.120     6175.100     6202.100
   380:     6209.120     6217.100     6237.100     6241.100     6262.100
   385:     6262.200     6269.120     6312.300     6412.510     6460.120
   390:     6486.120     6494.120     6496.120     6505.120     6507.120
   395:     6509.120     6533.120     6629.110     6636.120     6709.120
   400:     6815.110     6832.110     6912.120     6936.110     6938.110
   405:     6942.110     6949.110     6953.110     6962.110     6967.110
   410:     6970.120     6989.110     6994.110     6997.110     7000.110
   415:     7002.110     7004.110     7007.110     7011.110     7017.110
   420:     7022.110     7026.110     7040.110     7040.210     7042.110
   425:     7045.120     7090.310     7119.120     7190.500     7256.120
   430:     7405.100     7420.120     7475.100     7516.100     7520.100
   435:     7538.100     7542.100     7545.100     7558.100     7563.100
   440:     7567.100     7573.120     7588.100     7610.100     7617.100
   445:     7621.100     7623.100     7661.100     7700.100     7707.100
   450:     7709.100     7712.100     7730.100     7738.100     7740.100
   455:     7744.100     7790.200     7801.120     7840.300     7940.500
   460:     8023.120     8317.120     8337.120     8358.120     8366.120
   465:     8377.120     8383.120     8412.120     8438.100     8445.100
   470:     8478.100     8483.120     8499.100     8515.100     8528.100
   475:     8559.200     8567.120     8609.300     8667.120     8709.500
   480:     8738.120     8879.100     8984.100     8989.120     9007.120
   485:     9017.100     9115.100     9149.120     9179.100     9182.100
   490:     9189.100     9224.100     9227.100     9230.100     9232.100
   495:     9236.100     9237.100     9264.100     9268.100     9273.100
   500:     9278.100     9306.100     9309.100     9316.100     9317.100
   505:     9321.100     9324.200     9331.120     9374.300     9474.510
   510:     9562.120     9621.120     9629.120     9630.120     9644.120
   515:     9645.120     9672.120     9679.110    10107.110    10107.210
   520:    10109.110    10113.120    10157.310    10222.120    10257.510
   525:    10373.110    10381.120    10486.110    10495.120    10511.120
   530:    10519.120    10534.110    10542.110    10549.110    10554.110
   535:    10583.120    10600.110    10607.110    10617.110    10626.110
   540:    10630.110    10633.110    10636.110    10640.120    10662.110
   545:    10671.110    10674.110    10679.110    10685.110    10692.110
   550:    10703.110    10719.110    10722.110    10726.110    10728.110
   555:    10730.110    10737.110    10740.110    10743.110    10749.110
   560:    10751.110    10754.110    10758.110    10760.120    10784.110
   565:    10786.110    10793.110    10795.110    10797.110    10802.110
   570:    10808.110    10809.110    10818.110    10825.110    10831.110
   575:    10834.110    10846.110    10851.120    10872.110    10874.110
   580:    10876.110    10878.110    10882.110    10886.110    10887.110
   585:    10889.110    10890.110    10892.110    10922.120    10930.110
   590:    10930.210    10932.110    10935.120    10980.310    11020.120
   595:    11080.510    11154.120    11252.120    11386.120    11452.120
   600:    11485.110    11514.110    11518.110    11522.120    11546.120
   605:    11552.110    11557.110    11560.110    11564.110    11615.120
   610:    11620.110    11629.110    11632.110    11634.110    11642.110
   615:    11645.110    11648.110    11651.110    11655.110    11657.110
   620:    11662.110    11666.110    11673.110    11677.120    11695.110
   625:    11703.110    11711.110    11711.210    11716.120    11761.310
   630:    11823.120    11861.510    11955.120    11983.120    12149.110
   635:    12201.110    12209.120    12256.110    12262.110    12268.110
   640:    12272.110    12280.110    12300.120    12312.110    12318.110
   645:    12322.110    12325.110    12330.120    12342.110    12351.110
   650:    12356.110    12368.110    12373.110    12380.110    12382.110
   655:    12452.120    12466.110    12473.110    12477.110    12482.110
   660:    12490.120    12509.110    12509.210    12511.110    12514.120
   665:    12559.310    12659.500    12728.120    12778.120    13107.100
   670:    13194.120    13215.100    13228.100    13250.100    13265.100
   675:    13270.100    13275.200    13282.120    13325.300    13376.120
   680:    13425.500    13432.120    13519.120    13532.120    13534.120
   685:    13565.120    13615.120    13747.100    13880.120    13916.100
   690:    13937.120    13953.100    13975.100    13992.100    13998.100
   695:    13999.100    14013.100    14019.100    14020.100    14033.100
   700:    14035.200    14041.120    14085.300    14140.120    14141.120
   705:    14185.510    14209.120    14219.120    14272.120    14296.110
   710:    14369.110    14508.120    14565.110    14617.110    14625.120
   715:    14665.110    14672.110    14683.110    14686.110    14694.110
   720:    14724.120    14732.110    14740.110    14747.110    14749.110
   725:    14751.110    14754.110    14756.110    14760.110    14768.110
   730:    14778.110    14782.110    14786.110    14794.110    14799.110
   735:    14805.110    14807.110    14814.110    14814.210    14818.110
   740:    14822.120    14864.310    14945.120    14960.120    14964.510
   745:    15046.120    15162.110    15170.120    15204.120    15345.110
   750:    15353.110    15360.120    15432.110    15439.110    15458.110
   755:    15461.110    15464.110    15513.110    15523.110    15528.110
   760:    15534.120    15557.110    15562.110    15572.110    15579.110
   765:    15612.120    15620.110    15620.210    15626.120    15670.310
   770:    15770.500    15867.120    15942.120    15958.120    15975.120
   775:    16019.100    16261.100    16292.120    16339.120    16358.100
   780:    16378.100    16393.100    16418.200    16437.120    16468.300
   785:    16515.120    16517.120    16568.530    16648.120    16918.120
   790:    16945.100    16953.120    16996.100    17091.120    17127.100
   795:    17153.100    17198.100    17211.100    17224.100    17228.100
   800:    17231.100    17262.120    17272.100    17291.100    17330.100
   805:    17346.100    17355.120    17367.100    17369.100    17405.100
   810:    17455.100    17462.100    17470.100    17475.120    17628.100
   815:    17842.120    17881.120    17913.100    17995.100    18000.120
   820:    18016.100    18051.120    18063.100    18079.100    18091.100
   825:    18094.100    18133.100    18165.100    18217.100    18228.100
   830:    18232.120    18290.120    18300.100    18330.100    18368.330
   835:    18389.120    18392.120    18452.120    18455.120    18460.120
   840:    18464.120    18468.510    18478.120    18515.110    18577.110
   845:    18585.120    18635.110    18639.110    18642.110    18648.110
   850:    18653.110    18716.110    18723.110    18729.120    18751.110
   855:    18763.110    18765.110    18768.110    18777.110    18781.110
   860:    18783.110    18788.120    18816.110    18823.110    18829.110
   865:    18831.110    18879.120    18885.110    18891.110    18896.110
   870:    18899.110    18903.110    18908.110    18915.110    18926.110
   875:    18931.110    18935.110    18940.110    18948.110    18952.110
   880:    18953.110    18956.110    18968.110    18971.110    18973.110
   885:    18975.110    18978.110    18983.110    18985.110    18987.110
   890:    18993.110    18999.110    19010.110    19013.110    19014.110
   895:    19024.110    19029.110    19040.110    19050.110    19054.110
   900:    19056.110    19057.110    19061.120    19101.110    19101.210
   905:    19103.110    19106.120    19151.310    19179.120    19180.120
   910:    19251.500    19257.120    19280.120    19288.120    19290.120
   915:    19296.100    19305.120    19536.120    19549.100    19584.100
   920:    19656.120    19711.100    19785.120    19795.100    19814.120
   925:    19855.200    19905.300    19928.120    19930.120    19957.120
   930:    19975.120    20004.120    20005.510    20008.120    20020.120
   935:    20049.120    20051.120    20068.120    20069.120    20105.120
   940:    20110.120    20119.120    20282.110    20289.110    20295.120
   945:    20348.110    20354.110    20364.120    20368.120    20369.120
   950:    20389.110    20393.110    20396.110    20434.120    20449.110
   955:    20453.110    20468.110    20478.120    20495.110    20499.110
   960:    20502.110    20504.110    20508.110    20536.110    20546.110
   965:    20551.110    20556.110    20560.110    20562.110    20566.110
   970:    20569.110    20571.110    20582.110    20584.110    20603.110
   975:    20607.110    20649.110    20649.210    20654.120    20686.120
   980:    20689.120    20699.310    20799.500    20817.120    20832.120
   985:    20885.120    20886.120    20888.120    20891.120    20894.120
   990:    20904.120    20906.120    20963.120    20994.120    20996.120
   995:    20997.120    20999.120    21001.120    21003.120    21008.120
  1000:    21019.120    21021.120    21023.120    21024.120    21386.100
  1005:    21406.120    21428.120    21431.120    21446.200    21496.300
  1010:    21582.120    21596.500    21626.120    21662.120    21705.120
  1015:    21707.120    21855.120    21957.120    22090.120    22095.120
  1020:    22098.120    22373.120    22406.120    22443.100    22473.100
  1025:    22481.120    22494.120    22503.200    22537.120    22553.300
  1030:    22593.120    22653.500    22856.100    22862.120    22959.120
  1035:    22972.100    23221.120    23230.120    23280.120    23292.100
  1040:    23327.120    23332.120    23352.200    23402.300    23426.120
  1045:    23440.120    23442.120    23502.510    23511.120    23676.110
  1050:    23680.110    23686.120    23701.120    23711.120    23746.120
  1055:    23758.120    24082.120    24083.120    24084.120    24236.120
  1060:    24239.120    24348.120    24389.110    24389.210    24393.120
  1065:    24422.120    24426.120    24438.120    24439.310    24444.120
  1070:    24448.120    24451.120    24506.120    24539.540    24959.110
  1075:    24962.110    24972.120    24978.120    25168.120    25190.120
  1080:    25233.110    25242.110    25246.110    25252.110    25256.110
  1085:    25258.110    25261.110    25291.110    25561.110    25577.110
  1090:    25660.110    25675.110    25685.120    25739.110    25953.110
  1095:    25965.120    25972.120    26040.110    26320.110    26329.120
  1100:    26339.340    26439.510    26640.120    26660.120    26662.120
  1105:    26836.110    26838.110    27248.110    27248.210    27250.110
  1110:    27253.120    27280.120    27281.120    27282.120    27282.120
  1115:    27284.120    27285.120    27287.120    27298.310    27398.500
  1120:    28113.100    28173.200    28197.120    28198.120    28204.120
  1125:    28223.300    28323.510    28337.110    28392.110    28430.120
  1130:    29131.110    29131.210    29138.120    29158.120    29181.310
  1135:    29281.500    29871.100    29905.100    29931.200    29981.300
  1140:    29995.120    29998.120    30081.500    30107.120    30108.120
  1145:    30622.120    30703.120    30707.120    30727.120    31277.100
  1150:    31337.200    31363.120    31387.300    31487.530    32331.120
  1155:    32432.120    32439.120    32848.120    32849.120    32852.120
  1160:    33020.100    33287.330    33387.510    33841.120    33850.120
  1165:    33904.120    33907.120    33909.120    33917.120    33931.110
  1170:    34028.110    34028.210    34030.110    34035.120    34078.310
  1175:    34082.120    34178.510    34596.110    34601.110    34789.120
  1180:    34899.120    34900.120    34901.120    34911.120    34914.120
  1185:    34915.120    35284.110    35284.210    35290.120    35311.120
  1190:    35317.120    35318.120    35334.310    35360.120    35434.510
  1195:    35645.120    36231.110    36231.210    36232.110    36236.120
  1200:    36281.310    36381.500    37051.100    37111.200    37126.120
  1205:    37159.120    37161.300    37161.120    37170.120    37173.120
  1210:    37178.120    37222.120    37261.540    37531.110    38364.110
  1215:    38373.120    39061.340    39161.500    41033.120    41811.120
  1220:    41929.120
E:
     0:     1221.000      248.000      532.000
F:
     0:       70.000       32.633       32.345
G:
     0:        1.000        1.000        1.000        1.000        1.000
     5:        1.000        1.000        1.000        1.000        0.000
H:
     0:        1.000        1.000        2.000        2.000
L:
     0:     6270.000     6540.000     6243.000     6102.000     6287.000
     5:     6257.000     6263.000     6196.000     6581.000     6138.000
    10:     6574.000     9163.000     7096.000     7855.000     6596.000
    15:    12661.000     7405.000
R:
     0:        1.000        1.000        1.000        1.000        1.000
     5:        1.000        1.000        1.000        1.000        0.000
S:
     0:        1.000        0.000
U:
     0:     6287.000        4.000    22984.000
X:
     0:        0.000      154.001      213.002      250.003      252.004
     5:      256.005      361.006      367.007      371.008      379.009
    10:      384.010      393.011      416.012      420.013      423.014
    15:      444.015      459.016      481.017      486.018      489.019
    20:      494.020      497.021      509.022      517.023      521.024
    25:      522.025      524.026      527.027      556.028      574.029
    30:      579.030      617.030      619.031      667.000      667.000
    35:      667.197      667.198      667.199      667.200      667.201
    40:      667.202      667.203      667.204      667.205      667.206
    45:      667.207      667.208      667.209      667.210      667.211
    50:      667.212      667.213      667.214      667.215      667.216
    55:      667.217      667.218      667.219      667.220      667.221
    60:      667.222      667.223      667.224      667.225      667.226
    65:      667.227      667.227      667.000      667.000      854.001
    70:     1146.002     1154.003     1175.004     1194.005     1221.006
    75:     1236.007     1256.008     1259.009     1281.010     1281.010
    80:     1331.000     1331.000     1546.001     1616.002     1657.003
    85:     1661.004     1678.005     1683.006     1686.007     1698.008
    90:     1704.009     1708.010     1729.011     1751.012     1758.013
    95:     1762.014     1764.015     1801.016     1841.017     1848.018
   100:     1850.019     1852.020     1871.021     1878.022     1881.023
   105:     1885.024     1931.024     1981.000     1981.000     2478.001
   110:     2485.002     2519.003     2539.004     2556.005     2568.006
   115:     2599.006     2649.000     2649.000     2818.001     2924.002
   120:     2957.003     3054.004     3119.005     3122.006     3129.007
   125:     3164.008     3167.009     3170.010     3172.011     3176.012
   130:     3177.013     3204.014     3208.015     3213.016     3218.017
   135:     3246.018     3249.019     3256.020     3257.021     3261.022
   140:     3264.022     3314.000     3314.000     3761.001     3870.002
   145:     3883.003     3905.004     3919.005     3924.006     3930.006
   150:     3980.000     3980.000     4302.001     4470.002     4507.003
   155:     4529.004     4546.005     4552.006     4553.007     4567.008
   160:     4573.009     4574.010     4588.011     4589.011     4639.000
   165:     4639.000     4887.001     5129.002     5227.003     5246.004
   170:     5261.005     5287.005     5337.000     5337.000     5714.002
   175:     5765.004     5896.006     5922.008     5967.010     5979.012
   180:     5993.014     5997.016     6000.018     6040.020     6059.022
   185:     6098.024     6115.026     6136.028     6138.030     6174.032
   190:     6224.034     6230.036     6239.038     6397.040     6682.042
   195:     6763.044     6784.046     6832.048     6848.050     6860.052
   200:     6862.054     6902.056     6933.058     6985.060     6997.062
   205:     7069.064     7099.066     8064.001     8318.002     8352.003
   210:     8479.004     8564.005     8624.005     8674.000     8674.000
   215:     9261.001     9321.001     9371.000     9371.000    10217.001
   220:    10247.002    10277.002    10327.000    10327.000    10529.001
   225:    10646.002    10966.003    11026.003    11076.000    11076.000
   230:    11791.001    11851.001    11901.000    11901.000    12490.001
   235:    12525.002    12550.002    12600.000    12600.000    13796.001
   240:    13856.001    13906.000    13906.000    15439.002    19470.001
   245:    19530.001    19580.000    19580.000
Y:
     0:        0.000        9.001       65.002       70.003      158.004
     5:      161.005      164.006      195.007      198.008      202.009
    10:      255.010      257.011      264.012      267.013      269.014
    15:      292.015      296.016      300.017      303.018      306.019
    20:      318.020      320.021      322.022      326.023      330.024
    25:      337.025      366.026      369.027      376.028      398.029
    30:      402.030      405.031      410.032      414.033      418.034
    35:      421.035      425.036      460.037      464.038      473.039
    40:      475.040      477.041      489.042      501.043      502.044
    45:      505.045      506.046      515.047      523.048      526.049
    50:      528.050      532.051      534.052      536.053      538.054
    55:      539.055      544.056      544.056      594.000      594.000
    60:      870.001      928.002      999.003     1006.004     1011.005
    65:     1087.006     1150.007     1150.007     1200.000     1200.000
    70:     1428.002     1531.004     1548.006     1832.008     1840.010
    75:     1866.012     1875.014     1879.016     1885.018     1888.020
    80:     1900.022     1902.024     1906.026     1942.028     1946.030
    85:     1948.032     1950.034     1952.036     1957.038     1963.040
    90:     1966.042     1970.044     1979.046     1982.048     1986.050
    95:     1989.052     1991.054     1993.056     1995.058     1998.060
   100:     2001.062     2007.064     2009.066     2012.068     2015.070
   105:     2019.072     2025.074     2029.076     2032.078     2034.080
   110:     2035.082     2039.084     2057.086     2062.088     2065.090
   115:     2073.092     2081.094     2086.096     2089.098     2134.100
   120:     2138.102     2145.104     2151.106     2154.108     2160.110
   125:     2164.112     2165.114     2171.116     2177.118     2246.120
   130:     2255.122     2263.124     2268.126     2270.128     2332.130
   135:     2339.132     2348.134     2406.136     2408.138     2446.140
   140:     2448.142     2455.144     2459.146     2507.148     2509.150
   145:     2513.152     2518.154     2580.156     2617.158     2621.160
   150:     2778.162     2781.164     2785.166     2789.168     2793.170
   155:     2798.172     2857.174     2901.176     2904.178     2909.180
   160:     2912.182     2914.184     2959.186     2963.188     2966.190
   165:     2974.192     2985.194     2988.196     4104.001     4269.002
   170:     4349.003     4358.004     4411.005     4414.006     4418.007
   175:     4448.008     4454.009     4457.010     4459.011     4467.012
   180:     4470.013     4473.014     4476.015     4480.016     4512.017
   185:     4520.018     4530.019     4530.019     4580.000     4580.000
   190:     4796.001     4982.002     5000.003     5103.004     5105.005
   195:     5110.006     5116.007     5120.008     5129.009     5134.010
   200:     5157.011     5161.012     5165.013     5167.014     5169.015
   205:     5171.016     5174.017     5179.018     5184.019     5190.020
   210:     5193.021     5207.022     5207.022     5210.023     5257.000
   215:     5257.000     5461.001     5889.002     5889.002     5891.003
   220:     5939.000     5939.000     6055.001     6168.002     6216.003
   225:     6224.004     6231.005     6236.006     6281.007     6288.008
   230:     6299.009     6307.010     6312.011     6315.012     6318.013
   235:     6344.014     6353.015     6355.016     6361.017     6367.018
   240:     6374.019     6385.020     6401.021     6404.022     6408.023
   245:     6410.024     6412.025     6418.026     6422.027     6424.028
   250:     6431.029     6433.030     6435.031     6439.032     6466.033
   255:     6468.034     6475.035     6477.036     6478.037     6483.038
   260:     6489.039     6491.040     6500.041     6507.042     6512.043
   265:     6516.044     6528.045     6554.046     6556.047     6558.048
   270:     6560.049     6564.050     6567.051     6569.052     6571.053
   275:     6572.054     6574.055     6612.056     6612.056     6614.057
   280:     6662.000     6662.000     7066.001     7096.002     7100.003
   285:     7134.004     7138.005     7142.006     7146.007     7201.008
   290:     7211.009     7213.010     7215.011     7224.012     7226.013
   295:     7229.014     7233.015     7236.016     7239.017     7243.018
   300:     7248.019     7254.020     7277.021     7285.022     7293.023
   305:     7293.023     7343.000     7343.000     7631.001     7682.002
   310:     7738.003     7743.004     7749.005     7753.006     7761.007
   315:     7793.008     7800.009     7803.010     7807.011     7823.012
   320:     7833.013     7838.014     7849.015     7854.016     7862.017
   325:     7863.018     7948.019     7955.020     7959.021     7963.022
   330:     7990.023     7990.023     7993.024     8040.000     8040.000
   335:     8150.001     8223.002     8419.003     8471.004     8519.005
   340:     8526.006     8537.007     8540.008     8548.009     8587.010
   345:     8595.011     8601.012     8604.013     8606.014     8608.015
   350:     8610.016     8615.017     8622.018     8633.019     8637.020
   355:     8640.021     8648.022     8654.023     8660.024     8661.025
   360:     8669.026     8669.026     8673.027     8719.000     8719.000
   365:     8916.001     9099.002     9107.003     9186.004     9193.005
   370:     9212.006     9215.007     9219.008     9267.009     9277.010
   375:     9282.011     9311.012     9316.013     9326.014     9333.015
   380:     9374.016     9374.016     9424.000     9424.000     9424.067
   385:     9424.068     9424.069     9424.070     9424.071     9424.072
   390:     9424.073     9424.074     9424.075     9424.076     9424.077
   395:     9424.078     9424.079     9424.080     9424.081     9424.082
   400:     9424.083     9424.084     9424.085     9424.086     9424.087
   405:     9424.088     9424.089     9424.090     9424.091     9424.092
   410:     9424.093     9424.094     9424.095     9424.096     9424.097
   415:     9424.098     9424.099     9424.100     9424.101     9424.102
   420:     9424.103     9424.104     9424.105     9424.106     9424.107
   425:     9424.108     9424.109     9424.110     9424.111     9424.112
   430:     9424.113     9424.114     9424.115     9424.116     9424.117
   435:     9424.118     9424.119     9424.120     9424.121     9424.122
   440:     9424.122     9424.123     9424.000     9424.000     9700.001
   445:     9707.002     9766.003     9773.004     9808.005     9812.006
   450:     9815.007     9868.008     9871.009     9886.010     9914.011
   455:     9918.012     9921.013     9923.014     9927.015     9955.016
   460:     9964.017     9970.018     9975.019     9978.020     9980.021
   465:     9985.022     9988.023     9989.024    10000.025    10002.026
   470:    10021.027    10026.028    10067.029    10067.029    10117.000
   475:    10117.000    10290.001    10294.002    11003.003    11004.003
   480:    11054.000    11054.000    11474.002    11476.004    11748.006
   485:    11756.008    11760.010    11767.012    11770.014    11772.016
   490:    11775.018    11806.020    12075.022    12091.024    12174.026
   495:    12189.028    12253.030    12467.032    12555.034    12834.036
   500:    13351.037    13352.038    13762.039    13762.039    13764.040
   505:    13812.000    13812.000    13825.001    13880.002    14619.003
   510:    14619.003    14669.000    14669.000    14669.003    14669.004
   515:    14669.004    14669.005    14669.000    14669.000    14669.001
   520:    14669.002    14669.003    14669.003    14669.000    14669.000
   525:    14669.001    14669.001    14669.002    14669.000    14669.000
   530:    14938.002    15771.004
