File: C:\MED-PC\Data\2018-05-03_11h48m_Subject M328.txt


Start Date: 05/03/18
End Date: 05/03/18
Subject: M328
Experiment: DOBLE_PICO_ACO
Group: EXP
Box: 8
Start Time: 11:48:04
End Time: 13:01:27
MSN: IF_ACO_MULTIPLE_PICO
A:     384.000
B:      20.000
D:      20.000
I:       2.000
J:   18000.000
K:    5400.000
M:       0.000
N:      20.000
O:      21.000
P:     397.000
Q:       0.000
T:    1000.000
V:     600.000
W:      20.000
Z:       0.000
C:
     0:        0.510       48.120       52.120       83.120      110.110
     5:      119.120      234.120      278.110      355.110      363.120
    10:      380.110      387.120      412.110      420.120      448.120
    15:      470.110      475.110      570.120      572.120      589.110
    20:      589.210      596.120      639.310      651.120      653.120
    25:      739.510     1053.120     1068.120     1071.120     1105.120
    30:     1158.110     1269.110     1276.120     1300.120     1306.110
    35:     1306.210     1314.120     1356.310     1456.500     1468.120
    40:     1667.100     1675.100     1677.120     1708.100     1713.100
    45:     1715.120     1745.120     1777.100     1778.100     1781.120
    50:     1797.120     1803.120     1811.100     1812.100     1816.120
    55:     1831.120     1833.120     1836.120     1857.120     1866.100
    60:     1867.100     1872.120     1889.120     1891.120     1924.100
    65:     1941.100     1942.100     1946.120     1958.120     1981.100
    70:     1989.100     1991.100     2053.100     2059.100     2061.100
    75:     2070.120     2092.100     2097.100     2099.100     2103.120
    80:     2113.200     2114.120     2163.300     2170.120     2244.120
    85:     2263.500     2389.120     2418.120     2426.120     3355.120
    90:     3373.120     3391.100     3396.120     3445.120     3451.200
    95:     3501.300     3514.120     3562.120     3570.120     3571.120
   100:     3572.120     3574.120     3580.120     3601.510     4552.120
   105:     4580.110     4580.210     4586.120     4630.310     4730.540
   110:     5261.120     5359.120     5373.120     5415.120     5415.120
   115:     5430.120     5517.120     5532.120     5558.110     5567.110
   120:     5577.110     5589.110     5599.120     5662.120     5678.110
   125:     5687.120     5734.110     5742.110     5748.120     5779.110
   130:     5799.110     5805.110     5810.120     5853.110     5868.120
   135:     5909.110     5925.110     5930.110     6002.110     6014.110
   140:     6024.110     6029.110     6033.120     6081.120     6086.120
   145:     6140.110     6150.120     6182.120     6194.120     6195.120
   150:     6203.120     6212.120     6241.110     6322.120     6530.340
   155:     6630.500     6701.100     6713.100     6719.120     6767.100
   160:     6781.100     6787.100     6791.120     6855.100     6863.120
   165:     6890.100     6901.100     6902.100     6907.100     6907.120
   170:     6939.100     6945.100     6946.100     6951.120     6965.120
   175:     6968.120     7003.120     7007.100     7014.100     7019.120
   180:     7026.120     7041.120     7082.100     7089.100     7092.100
   185:     7102.120     7132.100     7137.100     7140.100     7142.100
   190:     7143.100     7146.120     7268.100     7272.100     7282.120
   195:     7296.100     7304.100     7306.100     7308.100     7319.120
   200:     7328.200     7378.300     7383.120     7478.500     8107.100
   205:     8113.120     8167.200     8217.300     8235.120     8255.120
   210:     8306.120     8317.510     8361.110     8370.120     8378.120
   215:     8435.110     8444.120     8457.120     8528.110     8537.120
   220:     8551.120     8582.120     8594.110     8603.120     8614.120
   225:     8622.120     8626.120     8627.120     8629.120     8633.120
   230:     8643.120     8654.110     8667.110     8684.110     8693.120
   235:     8713.120     8715.120     8751.110     8759.110     8762.110
   240:     8767.110     8778.110     8788.110     8793.110     8795.110
   245:     8810.110     8815.120     8903.110     8909.120     8921.110
   250:     8929.110     8934.110     8953.110     8965.120     9038.110
   255:     9038.210     9046.120     9088.310     9188.510     9895.120
   260:     9918.110     9929.110     9936.120     9968.120    10000.110
   265:    10011.110    10038.110    10046.120    10066.120    10080.120
   270:    10081.120    10086.110    10092.110    10098.110    10104.120
   275:    10178.110    10188.110    10195.110    10204.120    10214.120
   280:    10231.110    10246.110    10402.110    10402.210    10409.120
   285:    10452.310    10457.120    10552.500    10610.120    10810.100
   290:    10814.120    10872.120    11112.100    11122.120    11135.100
   295:    11143.100    11146.120    11172.200    11222.300    11322.500
   300:    11499.120    11503.120    11516.120    11518.120    11520.120
   305:    11739.100    11743.120    11798.100    11873.120    11898.100
   310:    11902.120    11942.100    11944.100    11947.120    11958.200
   315:    12008.300    12108.510    12114.120    12298.120    12378.120
   320:    12407.120    12408.120    12415.120    12420.120    12424.120
   325:    12436.120    12553.120    12561.120    12573.120    12597.120
   330:    12612.120    12619.120    12672.120    12677.120    12678.120
   335:    12685.110    12739.110    12745.120    12766.110    12808.110
   340:    12814.120    12820.120    12847.110    12852.110    12857.110
   345:    12865.120    12888.120    12931.120    12959.110    12964.110
   350:    12973.110    12976.110    12987.110    12994.110    12999.110
   355:    13007.120    13015.120    13038.120    13068.120    13075.110
   360:    13082.110    13085.110    13098.110    13107.120    13116.120
   365:    13122.120    13123.120    13143.110    13162.110    13235.110
   370:    13247.110    13250.110    13257.110    13267.120    13281.120
   375:    13309.110    13309.210    13316.120    13359.310    13459.510
   380:    13642.120    13810.120    13859.120    13936.120    13953.120
   385:    13964.120    14065.120    14112.120    14121.120    14139.120
   390:    14169.110    14169.210    14219.310    14247.120    14284.120
   395:    14294.120    14319.500    14372.120    14376.120    14450.100
   400:    14454.120    14486.100    14494.100    14498.120    14519.120
   405:    14524.100    14533.100    14539.120    14573.120    14587.120
   410:    14617.100    14619.100    14622.120    14673.100    14674.100
   415:    14679.100    14684.120    14706.120    14711.120    14742.120
   420:    14745.120    14747.120    14759.100    14762.100    14766.100
   425:    14769.100    14770.100    14774.100    14774.120    14785.120
   430:    14794.100    14799.100    14801.100    14805.100    14806.120
   435:    14837.100    14842.100    14845.100    14847.100    14850.100
   440:    14853.120    14886.120    14922.120    14931.100    14933.100
   445:    14941.100    14941.120    14991.200    14998.120    15041.300
   450:    15062.120    15141.500    15291.120    15637.100    15652.100
   455:    15655.120    15663.120    15767.100    15772.120    15801.120
   460:    15815.100    15816.100    15820.100    15820.120    15827.200
   465:    15877.300    15977.510    16037.120    16158.120    16245.120
   470:    16249.120    16290.110    16293.120    16334.120    16341.120
   475:    16342.120    16349.110    16353.120    16355.120    16365.110
   480:    16368.120    16376.120    16377.120    16426.120    16439.110
   485:    16448.110    16451.120    16459.120    16487.120    16490.120
   490:    16496.110    16513.110    16516.120    16523.120    16558.120
   495:    16560.120    16563.120    16564.120    16568.120    16573.110
   500:    16578.120    16620.110    16629.110    16636.110    16642.110
   505:    16648.120    16656.120    16657.120    16671.120    16693.110
   510:    16693.210    16702.120    16743.310    16749.120    16843.510
   515:    17253.110    17308.120    17331.120    17338.120    17373.120
   520:    17379.120    17380.120    17412.120    17422.110    17427.120
   525:    17430.120    17458.120    17467.120    17490.120    17491.120
   530:    17494.120    17501.110    17509.110    17522.110    17524.120
   535:    17530.120    17539.120    17539.120    17541.120    17544.120
   540:    17546.120    17550.120    17555.110    17555.210    17560.120
   545:    17605.310    17705.510    17786.120    17859.120    17862.120
   550:    17979.120    18034.120    18036.120    18038.120    18039.120
   555:    18044.120    18054.120    18285.110    18287.110    18299.120
   560:    18310.120    18323.110    18328.120    18347.110    18360.110
   565:    18366.120    18386.120    18425.110    18425.210    18430.120
   570:    18475.310    18575.530    18612.120    18624.120    18625.120
   575:    18679.120    18697.100    18700.100    18706.100    18710.120
   580:    18724.120    18769.120    18843.100    18851.100    18852.100
   585:    18857.120    18887.120    18889.120    18893.120    18898.100
   590:    18901.100    18904.100    18905.100    18907.120    18938.120
   595:    18960.100    18966.100    18970.120    18970.100    19022.100
   600:    19032.120    19062.100    19063.100    19068.120    19095.120
   605:    19114.100    19115.100    19122.120    19138.120    19140.120
   610:    19172.100    19177.100    19179.100    19180.100    19184.120
   615:    19191.120    19233.100    19240.120    19270.100    19274.100
   620:    19278.120    19308.100    19310.100    19314.100    19316.100
   625:    19322.120    19333.120    19335.120    19341.120    19355.120
   630:    19360.120    19371.100    19373.100    19377.120    19381.120
   635:    19390.120    19418.100    19420.100    19427.120    19447.120
   640:    19475.120    19482.120    19496.100    19503.100    19505.100
   645:    19511.120    19562.100    19566.100    19569.100    19576.120
   650:    19589.120    19591.120    19594.120    19606.120    19617.100
   655:    19625.120    19720.120    19739.100    19744.120    19755.120
   660:    19782.120    19787.120    19788.120    19793.120    19793.120
   665:    19803.100    19807.120    19818.120    19835.120    19908.120
   670:    19932.100    20015.120    20045.120    20045.120    20046.120
   675:    20102.100    20107.100    20112.120    20131.120    20346.120
   680:    20362.100    20368.120    20375.330    20459.120    20465.120
   685:    20465.120    20470.120    20475.500    20483.120    20491.120
   690:    20521.100    20534.100    20536.100    20538.120    20556.120
   695:    20577.100    20582.120    20606.120    20609.120    20617.100
   700:    20621.120    20630.120    20631.120    20650.120    20655.120
   705:    20661.120    20675.100    20679.120    20714.100    20718.100
   710:    20721.100    20725.120    20737.120    20760.120    20769.100
   715:    20771.100    20778.100    20779.100    20784.120    20817.120
   720:    20833.120    20842.120    20844.120    20866.100    20867.100
   725:    20873.120    20930.120    20935.120    20946.100    20948.100
   730:    20953.120    20981.120    20989.120    21014.100    21030.120
   735:    21059.100    21063.100    21065.100    21067.100    21071.120
   740:    21116.120    21119.200    21169.300    21269.500    21606.120
   745:    21649.120    21668.120    21728.120    21733.120    21745.100
   750:    21749.120    21758.120    21771.120    21772.120    21811.100
   755:    21815.120    21871.200    21898.100    21904.120    21921.300
   760:    22021.510    22181.120    22186.120    22197.120    22337.120
   765:    22399.120    22405.120    22422.120    22440.110    22459.120
   770:    22498.120    22504.110    22511.110    22524.120    22527.120
   775:    22535.120    22538.120    22543.110    22553.110    22566.110
   780:    22569.120    22583.120    22585.120    22605.120    22608.120
   785:    22614.110    22620.110    22625.110    22631.120    22648.120
   790:    22676.110    22681.110    22683.110    22690.120    22710.120
   795:    22732.110    22732.210    22737.120    22782.310    22882.510
   800:    22967.120    22968.120    23254.120    23273.110    23277.120
   805:    23289.120    23305.120    23315.120    23322.110    23327.120
   810:    23331.120    23355.120    23365.110    23372.110    23377.110
   815:    23381.120    23407.110    23416.110    23422.110    23426.110
   820:    23439.110    23442.120    23468.110    23474.120    23501.110
   825:    23510.110    23513.110    23515.110    23525.120    23559.120
   830:    23600.110    23600.210    23606.120    23650.310    23750.500
   835:    24371.100    24380.100    24384.120    24424.100    24427.120
   840:    24431.200    24481.300    24486.120    24581.500    24665.120
   845:    24686.120    24921.120    24941.100    24949.100    24966.120
   850:    24978.120    25035.120    25037.120    25043.100    25047.100
   855:    25053.120    25091.120    25092.120    25101.100    25105.120
   860:    25146.120    25154.100    25159.100    25163.120    25212.120
   865:    25214.200    25264.300    25364.500    25424.120    25558.120
   870:    25589.120    25636.120    25648.100    25653.100    25657.120
   875:    25697.120    25740.120    25753.120    25771.120    25792.120
   880:    25796.120    25829.120    25910.100    25916.120    25944.120
   885:    25970.200    26020.300    26120.510    26128.120    26188.120
   890:    26190.120    26391.120    26498.120    26554.120    26557.120
   895:    26562.120    26569.110    26574.120    26600.120    26615.110
   900:    26619.110    26624.120    26653.120    26695.110    26699.120
   905:    26712.120    26739.110    26746.110    26751.110    26758.120
   910:    26770.120    26815.120    26815.120    26818.120    26829.110
   915:    26829.210    26835.110    26840.110    26856.110    26861.120
   920:    26879.310    26899.120    26979.510    27275.120    27330.120
   925:    27337.120    27406.120    27422.120    27444.120    27449.120
   930:    27451.120    27455.120    27459.110    27464.120    27488.120
   935:    27495.120    27504.110    27508.120    27529.120    27537.110
   940:    27620.110    27620.210    27626.120    27670.310    27770.530
   945:    27888.120    27931.120    28189.100    28193.120    28221.120
   950:    28226.100    28227.100    28231.100    28234.120    28279.100
   955:    28284.100    28288.120    28320.100    28322.100    28326.120
   960:    28383.120    28404.100    28405.100    28410.120    28425.120
   965:    28455.120    28479.100    28481.100    28483.100    28487.120
   970:    28526.100    28528.100    28533.120    28565.100    28567.100
   975:    28572.100    28573.120    28635.100    28636.100    28643.120
   980:    28660.120    28685.100    28686.100    28694.100    28698.100
   985:    28702.100    28703.120    28726.120    28747.120    28760.100
   990:    28762.100    28768.120    28796.120    28798.120    28817.120
   995:    28845.100    28852.100    28854.100    28860.100    28861.120
  1000:    28890.120    28895.120    28903.120    28909.120    28924.100
  1005:    28926.100    28931.120    28968.120    28991.100    28996.120
  1010:    29009.120    29015.120    29027.120    29102.100    29104.100
  1015:    29110.120    29124.120    29220.120    29340.100    29361.120
  1020:    29418.120    29437.100    29443.120    29482.100    29487.100
  1025:    29491.100    29494.120    29502.120    29570.330    29670.500
  1030:    29696.120    29750.100    29762.100    29769.100    29772.120
  1035:    29786.120    29849.100    29854.120    29863.120    29882.120
  1040:    29883.120    29884.120    29888.120    29894.120    29904.100
  1045:    29907.120    29945.100    29949.120    29957.120    30010.100
  1050:    30014.120    30030.120    30038.120    30039.120    30040.120
  1055:    30043.120    30052.100    30055.100    30059.100    30060.100
  1060:    30065.100    30066.120    30098.120    30145.120    30154.100
  1065:    30158.100    30161.100    30165.100    30166.120    30179.120
  1070:    30202.120    30224.100    30226.100    30229.100    30230.120
  1075:    30280.100    30282.100    30284.200    30291.120    30334.300
  1080:    30434.510    30505.120    30508.120    30515.120    30517.120
  1085:    30803.120    30856.120    30910.120    30963.120    30970.120
  1090:    30976.110    30986.110    30990.120    30999.120    31022.120
  1095:    31027.110    31036.110    31040.120    31053.120    31054.120
  1100:    31065.110    31065.210    31071.120    31115.310    31215.510
  1105:    31684.110    31688.120    31690.120    31702.120    31702.120
  1110:    31712.110    31717.120    31737.110    31743.110    31751.120
  1115:    31775.110    31780.110    31784.110    31789.110    31802.120
  1120:    31825.110    31830.120    31847.110    31847.210    31852.120
  1125:    31897.310    31997.500    32100.120    32103.120    32103.120
  1130:    32105.120    32107.120    32112.120    32117.120    32119.120
  1135:    32120.120    32141.100    32154.120    32205.120    32207.120
  1140:    32210.120    32238.120    32250.100    32260.120    32293.120
  1145:    32297.120    32325.120    32326.120    32346.100    32350.120
  1150:    32376.120    32386.100    32392.120    32407.120    32435.120
  1155:    32439.120    32440.120    32446.100    32449.100    32454.120
  1160:    32467.120    32489.120    32490.120    32490.120    32511.100
  1165:    32512.100    32517.100    32518.120    32561.100    32562.100
  1170:    32567.100    32569.120    32596.120    32621.200    32625.120
  1175:    32671.300    32771.540    32987.120    33023.120    33132.120
  1180:    33149.110    33152.120    33169.120    33177.110    33180.120
  1185:    33188.120    33195.110    33199.120    33208.120    33209.120
  1190:    33229.110    33235.110    33241.110    33243.120    33256.120
  1195:    33258.120    33265.110    33271.110    33274.110    33280.120
  1200:    33290.110    33301.120    33324.110    33328.120    33341.120
  1205:    33343.120    33357.110    33362.110    33364.110    33369.120
  1210:    33380.120    33384.120    33389.110    33396.110    33399.110
  1215:    33400.110    33404.110    33416.110    33419.120    33422.120
  1220:    33434.110    33440.120    33452.120    33462.110    33470.110
  1225:    33480.110    33484.110    33486.110    33494.110    33498.120
  1230:    33513.120    33535.110    33544.110    33546.110    33550.120
  1235:    33565.120    33576.120    33596.110    33599.110    33614.120
  1240:    33639.110    33643.120    33663.110    33668.120    33678.120
  1245:    33682.120    33694.110    33699.110    33720.110    33728.110
  1250:    33731.110    33738.110    33749.110    33752.120    33754.120
  1255:    33755.120    33767.120    33777.120    33789.120    33791.120
  1260:    33806.110    33812.120    33836.110    33846.110    33850.110
  1265:    33857.120    33859.120    33869.120    33871.120    33953.110
  1270:    33958.120    33983.110    33996.110    34002.110    34011.110
  1275:    34014.110    34019.120    34040.120    34046.120    34053.110
  1280:    34062.120    34250.120    34267.110    34278.120    34385.120
  1285:    34397.110    34405.110    34410.110    34412.120    34432.120
  1290:    34454.120    34455.120    34461.120    34467.110    34471.120
  1295:    34495.120    34501.120    34505.120    34509.110    34514.120
  1300:    34533.120    34537.120    34543.120    34543.120    34554.110
  1305:    34558.110    34563.110    34570.120    34571.340    34671.510
  1310:    34746.120    34751.120    34760.110    34882.110    34894.120
  1315:    34906.120    34906.120    34913.110    34926.120    35032.110
  1320:    35042.110    35049.120    35068.120    35075.120    35088.120
  1325:    35097.110    35101.120    35125.110    35134.120    35165.120
  1330:    35167.120    35170.120    35173.120    35179.110    35186.110
  1335:    35192.110    35199.110    35203.110    35223.110    35232.110
  1340:    35235.110    35241.110    35247.110    35251.120    35278.120
  1345:    35281.120    35287.110    35294.110    35295.110    35301.110
  1350:    35301.210    35303.110    35304.110    35314.120    35351.310
  1355:    35451.500    35512.120    35535.120    35758.120    35792.120
  1360:    35838.100    35841.120    35878.100    35881.100    35884.120
  1365:    35913.100    35917.120    35949.100    35954.100    35956.120
  1370:    36000.100    36001.100    36008.100    36013.100    36015.100
  1375:    36020.120    36060.200    36077.100    36083.100    36084.120
  1380:    36110.300    36210.500    36272.120    36273.120    36274.120
  1385:    36296.120    36298.120    36300.120    36702.120    36713.100
  1390:    36719.100    36720.100    36723.100    36727.120    36770.100
  1395:    36776.100    36777.120    36805.100    36810.100    36811.100
  1400:    36817.120    36830.200    36880.300    36980.500    37021.120
  1405:    37032.120    37036.120    37719.120    37762.100    37767.120
  1410:    37782.120    37814.100    37818.100    37822.200    37826.100
  1415:    37828.100    37835.120    37872.300    37972.510    38052.120
  1420:    38246.120    38266.120    38286.110    38289.120    38303.120
  1425:    38313.110    38330.110    38332.120    38377.120    38383.110
  1430:    38392.110    38395.110    38399.120    38406.120    38407.120
  1435:    38420.120    38432.120    38449.110    38460.110    38462.120
  1440:    38480.120    38485.120    38490.110    38494.120    38514.120
  1445:    38515.120    38518.120    38523.110    38527.110    38531.120
  1450:    38544.120    38555.110    38558.110    38564.120    38585.120
  1455:    38589.120    38597.120    38602.110    38604.110    38604.210
  1460:    38609.120    38654.310    38754.510    38890.120    38959.120
  1465:    38966.120    38999.120    39032.120    39034.120    39043.110
  1470:    39045.120    39046.120    39087.110    39119.110    39124.120
  1475:    39132.120    39152.110    39155.110    39169.110    39175.120
  1480:    39195.120    39201.110    39212.110    39215.110    39225.110
  1485:    39232.110    39233.110    39238.110    39239.110    39243.110
  1490:    39246.110    39250.120    39276.120    39281.110    39285.120
  1495:    39306.120    39315.120    39319.110    39323.120    39338.110
  1500:    39342.120    39357.110    39364.110    39369.110    39373.110
  1505:    39378.110    39382.120    39402.120    39408.110    39408.210
  1510:    39411.120    39458.310    39558.510    39613.120    39740.120
  1515:    39748.120    39764.120    39874.120    39906.120    39929.120
  1520:    39941.120    39969.120    39969.120    39970.120    39979.120
  1525:    39981.120    40005.120    40017.110    40021.110    40023.120
  1530:    40044.120    40056.120    40070.110    40071.110    40076.120
  1535:    40091.120    40118.110    40131.120    40140.120    40147.120
  1540:    40156.110    40160.110    40162.110    40169.110    40171.120
  1545:    40193.110    40199.110    40200.110    40204.110    40213.120
  1550:    40227.120    40232.120    40249.120    40260.110    40260.210
  1555:    40266.120    40310.310    40410.500    40460.120    40839.120
  1560:    40864.100    40869.120    40910.100    40913.100    40916.100
  1565:    40917.120    40957.100    40963.100    40965.100    40968.120
  1570:    41012.100    41013.100    41017.200    41018.120    41067.300
  1575:    41167.500    41216.120    41503.120    41629.100    41637.100
  1580:    41643.100    41648.120    41658.120    41682.120    41687.100
  1585:    41696.100    41699.120    41735.100    41738.100    41743.120
  1590:    41773.120    41795.200    41796.120    41845.300    41847.120
  1595:    41945.510    41992.120
E:
     0:     1597.000      357.000      377.000
F:
     0:       70.000       28.100       35.537
G:
     0:        1.000        1.000        1.000        1.000        1.000
     5:        1.000        1.000        1.000        1.000        0.000
H:
     0:        1.000        1.000        2.000        2.000
L:
     0:     6664.000    11983.000     7079.000     6992.000     6297.000
     5:     6467.000     6820.000     6960.000     6536.000     6122.000
    10:     6908.000     6427.000     6167.000     6236.000     6338.000
    15:     6185.000     6300.000     8525.000     6162.000     6381.000
R:
     0:        1.000        1.000        1.000        1.000        1.000
     5:        1.000        1.000        1.000        1.000        0.000
S:
     0:        1.000        1.000
U:
     0:     6467.000        5.000        0.000
X:
     0:        0.000      210.001      218.002      252.003      256.004
     5:      320.005      321.006      354.007      355.008      409.009
    10:      410.010      467.011      484.012      485.013      524.014
    15:      532.015      534.016      596.017      602.018      604.019
    20:      635.020      640.021      642.022      656.022      706.000
    25:      706.000     1834.001     1894.001     1944.000     1944.000
    30:     1944.041     1944.042     1944.043     1944.044     1944.045
    35:     1944.046     1944.047     1944.048     1944.049     1944.050
    40:     1944.051     1944.052     1944.053     1944.054     1944.055
    45:     1944.056     1944.057     1944.058     1944.059     1944.060
    50:     1944.061     1944.062     1944.063     1944.064     1944.065
    55:     1944.066     1944.067     1944.068     1944.069     1944.069
    60:     1944.000     1944.000     1944.001     1944.001     1944.000
    65:     1944.000     2202.001     2503.002     2526.003     2534.004
    70:     2563.004     2613.000     2613.000     3029.001     3089.002
    75:     3189.003     3233.004     3235.005     3249.005     3299.000
    80:     3299.000     3429.001     3465.002     3473.003     3503.004
    85:     3512.005     3596.006     3598.007     3652.008     3653.009
    90:     3658.010     3738.011     3741.012     3745.013     3748.014
    95:     3749.015     3753.016     3773.017     3778.018     3780.019
   100:     3784.020     3816.021     3821.022     3824.023     3826.024
   105:     3829.025     3910.026     3912.027     3920.028     3971.028
   110:     4021.000     4021.000     4516.001     4531.002     4646.003
   115:     4694.004     4695.005     4699.006     4707.006     4757.000
   120:     4757.000     4879.002     4881.004     4888.006     5025.008
   125:     5033.010     5034.012     5079.014     5082.016     5085.018
   130:     5086.020     5142.022     5147.024     5151.026     5204.028
   135:     5243.030     5244.032     5295.034     5296.036     5353.038
   140:     5359.040     5360.042     5362.044     5415.046     5452.048
   145:     5456.050     5490.052     5491.054     5496.056     5497.058
   150:     5552.060     5554.062     5600.064     5601.066     5677.068
   155:     5684.070     5686.072     5743.074     5748.076     5750.078
   160:     5799.080     5920.082     5985.084     6114.086     6284.088
   165:     6288.090     6544.092     6703.093     6716.094     6717.095
   170:     6759.096     6798.097     6857.098     6896.099     6900.100
   175:     6902.101     6951.102     6953.103     6959.104     6961.105
   180:     7048.106     7049.107     7128.108     7130.109     7196.110
   185:     7240.111     7245.112     7247.113     7248.114     7300.114
   190:     7350.000     7350.000     7826.001     7892.002     7952.002
   195:     7979.003     8002.000     8002.000     8622.001     8631.002
   200:     8675.003     8682.003     8732.000     8732.000     9091.001
   205:     9099.002     9194.003     9198.004     9251.005     9304.006
   210:     9310.007     9364.007     9414.000     9414.000     9698.001
   215:     9703.002     9960.003    10020.003    10070.000    10070.000
   220:    10488.002    10525.004    10527.006    10530.008    10578.010
   225:    10583.012    10619.014    10621.016    10703.018    10704.020
   230:    10779.022    10780.024    10782.026    10825.028    10828.030
   235:    10865.032    10866.034    10871.036    10934.038    10935.040
   240:    10984.042    10986.044    10993.046    10997.048    11001.050
   245:    11060.052    11062.054    11145.056    11151.058    11153.060
   250:    11160.062    11223.064    11225.066    11291.068    11401.070
   255:    11403.072    11639.074    11736.076    11781.078    11786.080
   260:    11790.082    12050.083    12061.084    12068.085    12148.086
   265:    12203.087    12244.088    12309.089    12351.090    12354.091
   270:    12358.092    12360.093    12364.094    12453.095    12458.096
   275:    12460.097    12464.098    12523.099    12525.100    12529.101
   280:    12579.102    12581.103    12583.103    12633.000    12633.000
   285:    12776.001    12886.002    12982.003    13022.004    13081.005
   290:    13085.006    13146.007    13148.008    13153.009    13196.010
   295:    13198.011    13203.012    13256.012    13306.000    13306.000
   300:    13692.001    13732.002    13735.003    13767.004    13804.005
   305:    13809.006    13854.007    13855.008    13862.009    13867.010
   310:    13869.011    13914.011    13931.012    13937.013    13964.000
   315:    13964.000    14466.001    14472.002    14474.003    14477.004
   320:    14523.005    14529.006    14559.007    14564.008    14565.009
   325:    14584.009    14634.000    14634.000    15416.001    15467.002
   330:    15472.003    15476.003    15479.004    15482.005    15526.000
   335:    15526.000    15979.001    16025.002    16028.003    16031.004
   340:    16072.005    16078.006    16080.007    16127.008    16128.009
   345:    16132.009    16182.000    16182.000    16644.001    16652.002
   350:    16658.003    16702.004    16711.005    16750.006    16753.007
   355:    16810.007    16860.000
Y:
     0:        0.000      110.001      277.002      355.003      380.004
     5:      412.005      470.006      475.007      589.008      589.008
    10:      639.000      639.000     1057.001     1169.002     1206.003
    15:     1206.003     1256.000     1256.000     2234.001     2234.001
    20:     2284.000     2284.000     3112.002     3121.004     3131.006
    25:     3143.008     3232.010     3288.012     3296.014     3333.016
    30:     3352.018     3359.020     3406.022     3463.024     3479.026
    35:     3484.028     3556.030     3568.032     3577.034     3583.036
    40:     3693.038     3795.040     5915.001     5988.002     6082.003
    45:     6148.004     6208.005     6220.006     6237.007     6304.008
    50:     6313.009     6315.010     6321.011     6332.012     6341.013
    55:     6346.014     6349.015     6364.016     6457.017     6475.018
    60:     6483.019     6488.020     6507.021     6592.022     6592.022
    65:     6642.000     6642.000     7372.001     7382.002     7454.003
    70:     7464.004     7492.005     7540.006     7546.007     7552.008
    75:     7631.009     7642.010     7649.011     7685.012     7699.013
    80:     7856.014     7856.014     7906.000     7906.000     8482.001
    85:     8536.002     8563.003     8605.004     8644.005     8649.006
    90:     8655.007     8757.008     8761.009     8770.010     8773.011
    95:     8784.012     8791.013     8796.014     8872.015     8879.016
   100:     8882.017     8895.018     8940.019     8959.020     9032.021
   105:     9044.022     9047.023     9054.024     9106.025     9106.025
   110:     9156.000     9156.000     9866.001     9866.001     9916.000
   115:     9916.000    10228.001    10287.002    10303.003    10377.004
   120:    10386.005    10434.006    10451.007    10511.008    10558.009
   125:    10567.010    10574.011    10580.012    10631.013    10631.013
   130:    10681.000    10681.000    11091.001    11259.002    11338.003
   135:    11346.004    11359.005    11392.006    11392.006    11442.000
   140:    11442.000    12021.001    12024.002    12059.003    12084.004
   145:    12096.005    12162.006    12162.006    12212.000    12212.000
   150:    12630.001    12695.002    12702.003    12734.004    12744.005
   155:    12757.006    12804.007    12811.008    12815.009    12867.010
   160:    12872.011    12873.012    12923.013    12923.013    12973.000
   165:    12973.000    13363.001    13412.002    13455.003    13462.004
   170:    13467.005    13498.006    13507.007    13512.008    13516.009
   175:    13529.010    13558.011    13591.012    13600.013    13603.014
   180:    13605.015    13691.016    13691.016    13741.000    13741.000
   185:    14189.001    14235.002    14239.003    14315.004    14359.005
   190:    14366.006    14371.007    14449.008    14449.008    14455.009
   195:    14460.010    14476.011    14499.000    14499.000    14978.001
   200:    15023.002    15056.003    15140.004    15140.004    15190.000
   205:    15190.000    15731.001    15741.002    15783.003    15792.004
   210:    15821.005    15821.005    15871.000    15871.000    16339.001
   215:    16367.002    16392.003    16398.004    16430.005    16435.006
   220:    16439.007    16444.008    16480.009    16502.010    16502.010
   225:    16552.000    16552.000    16930.002    16958.004    16976.006
   230:    17010.008    17015.010    17022.012    17045.014    17052.016
   235:    17055.018    17071.020    17104.022    17138.024    17143.026
   240:    17145.028    17170.030    17177.032    17180.034    17181.036
   245:    17184.038    17197.040    17215.042    17243.044    17251.046
   250:    17261.048    17264.050    17267.052    17274.054    17316.056
   255:    17325.058    17326.060    17377.062    17380.064    17420.066
   260:    17444.068    17475.070    17480.072    17500.074    17508.076
   265:    17512.078    17519.080    17530.082    17587.084    17617.086
   270:    17626.088    17631.090    17734.092    17764.094    17777.096
   275:    17783.098    17792.100    17795.102    17834.104    18048.106
   280:    18178.108    18185.110    18191.112    18248.114    18290.116
   285:    18335.118    18339.120    18344.122    18541.123    18663.124
   290:    18694.125    18813.126    18823.127    18878.128    18905.129
   295:    18960.130    18967.131    18972.132    18980.133    18984.134
   300:    19004.135    19012.136    19016.137    19022.138    19028.139
   305:    19068.140    19075.141    19076.142    19082.143    19082.143
   310:    19084.144    19085.145    19132.000    19132.000    19445.001
   315:    19472.002    19489.003    19542.004    19551.005    19554.006
   320:    19608.007    19619.008    19649.009    19682.010    19686.011
   325:    19714.012    19717.013    19761.014    19763.015    19763.015
   330:    19813.000    19813.000    20101.001    20146.002    20177.003
   335:    20210.004    20214.005    20227.006    20259.007    20270.008
   340:    20273.009    20283.010    20290.011    20292.012    20297.013
   345:    20298.014    20301.015    20304.016    20339.017    20378.018
   350:    20396.019    20416.020    20422.021    20428.022    20431.023
   355:    20436.024    20466.025    20466.025    20516.000    20516.000
   360:    20974.001    20979.002    21027.003    21029.004    21075.005
   365:    21113.006    21117.007    21120.008    21127.009    21151.010
   370:    21156.011    21158.012    21162.013    21218.014    21218.014
   375:    21268.000    21268.000
