File: C:\MED-PC\Data\2018-05-23_12h06m_Subject M332.txt


Start Date: 05/23/18
End Date: 05/23/18
Subject: M332
Experiment: DOBLE_PICO_ACO
Group: EXP
Box: 9
Start Time: 12:06:57
End Time: 13:20:16
MSN: IF_ACO_MULTIPLE_PICO
A:    1357.000
B:      22.000
D:      23.000
I:       1.000
J:   18000.000
K:    5400.000
M:       0.000
N:      22.000
O:      23.000
P:    1389.000
Q:       0.000
T:    1000.000
V:     600.000
W:      22.000
Z:       0.000
C:
     0:        0.120        0.120        0.120        0.120        0.120
     5:        0.120        0.120        0.120        0.120        0.120
    10:        0.120        0.120        0.120        0.120        0.120
    15:        0.120        0.120        0.120        0.120        0.120
    20:        0.120        0.120        0.120        0.120        0.120
    25:        0.120        0.120        0.120        0.120        0.120
    30:        0.120        0.120        0.120        0.120        0.120
    35:        0.510      149.120      180.110      185.120      272.110
    40:      275.110      275.110      278.120      332.110      334.110
    45:      335.110      335.110      339.110      345.110      346.110
    50:      349.110      351.110      354.110      357.110      360.110
    55:      369.110      372.110      376.110      379.110      380.110
    60:      383.110      387.110      389.110      392.110      405.110
    65:      407.110      410.110      412.110      416.110      418.110
    70:      420.110      426.110      440.110      442.110      444.110
    75:      445.110      449.110      451.110      458.110      463.110
    80:      465.110      475.110      479.110      481.110      485.110
    85:      489.110      492.110      497.110      502.110      504.110
    90:      509.110      513.110      518.110      520.110      521.110
    95:      526.110      533.110      538.110      539.110      542.110
   100:      542.210      544.110      546.120      590.120      592.310
   105:      692.510      741.120      743.120      804.120      805.120
   110:      836.120     1011.110     1016.120     1021.120     1086.120
   115:     1089.120     1089.120     1106.120     1113.110     1117.110
   120:     1124.110     1126.110     1131.110     1133.110     1135.110
   125:     1138.110     1141.110     1142.110     1143.110     1144.110
   130:     1148.110     1150.110     1157.110     1158.110     1160.110
   135:     1161.110     1165.110     1171.110     1174.110     1185.110
   140:     1187.110     1191.110     1202.110     1204.110     1216.110
   145:     1221.110     1222.110     1226.110     1234.110     1234.210
   150:     1239.120     1278.120     1284.310     1384.510     1465.120
   155:     1466.120     1788.120     1795.120     1797.120     1945.120
   160:     1965.120     1967.120     2004.110     2004.210     2008.120
   165:     2045.120     2054.310     2154.500     2193.120     2250.120
   170:     2343.120     2356.120     2396.100     2406.100     2408.100
   175:     2411.100     2415.120     2434.100     2442.100     2444.100
   180:     2449.120     2473.100     2475.100     2479.100     2482.100
   185:     2484.100     2488.100     2493.100     2495.100     2501.100
   190:     2503.100     2507.100     2508.100     2510.100     2516.100
   195:     2518.100     2521.100     2525.100     2527.100     2528.100
   200:     2530.100     2545.100     2546.100     2550.100     2553.100
   205:     2555.100     2556.100     2559.100     2570.100     2572.100
   210:     2580.120     2608.120     2617.120     2623.100     2624.100
   215:     2626.100     2627.100     2629.100     2633.100     2637.100
   220:     2639.100     2652.100     2657.100     2660.100     2673.100
   225:     2684.120     2710.120     2719.100     2720.100     2722.100
   230:     2727.100     2729.100     2732.100     2735.100     2741.100
   235:     2743.100     2745.100     2750.100     2753.100     2757.100
   240:     2760.100     2767.100     2770.100     2771.100     2776.100
   245:     2778.100     2779.200     2785.120     2812.120     2829.300
   250:     2929.500     2935.120     3017.120     3019.120     3021.120
   255:     3048.120     3050.120     3060.120     3116.100     3206.120
   260:     3227.100     3302.120     3333.120     3362.100     3365.100
   265:     3367.100     3371.120     3403.100     3405.100     3410.100
   270:     3414.100     3421.100     3425.100     3428.100     3435.120
   275:     3461.100     3463.100     3465.100     3472.100     3474.100
   280:     3476.100     3483.100     3485.100     3490.100     3492.100
   285:     3501.100     3503.100     3505.100     3508.100     3510.100
   290:     3516.100     3518.100     3532.200     3538.120     3570.120
   295:     3582.300     3682.500     3803.120     3804.120     3806.120
   300:     3865.120     3866.120     4080.120     4081.120     4116.100
   305:     4118.100     4121.100     4124.100     4133.120     4151.100
   310:     4153.100     4157.100     4159.100     4173.100     4175.100
   315:     4177.100     4179.100     4180.100     4182.100     4184.100
   320:     4197.100     4202.100     4205.100     4220.100     4223.100
   325:     4226.100     4230.100     4232.100     4234.100     4251.100
   330:     4262.100     4266.100     4269.100     4283.200     4289.120
   335:     4306.120     4323.120     4333.300     4433.510     4674.120
   340:     4675.120     4748.120     4750.120     4918.120     5026.110
   345:     5028.110     5033.110     5035.110     5043.110     5044.110
   350:     5045.110     5054.110     5063.110     5067.110     5079.110
   355:     5079.210     5081.110     5083.120     5114.120     5129.310
   360:     5229.510     5363.120     5365.120     5373.120     5374.120
   365:     5446.120     5453.120     5459.120     5665.110     5667.110
   370:     5673.110     5675.110     5677.110     5678.110     5680.110
   375:     5683.110     5687.110     5693.110     5695.110     5696.110
   380:     5699.110     5704.110     5709.110     5716.110     5718.110
   385:     5723.110     5731.110     5733.110     5744.110     5745.110
   390:     5750.110     5761.110     5763.110     5765.110     5777.110
   395:     5779.110     5781.110     5785.110     5793.110     5806.110
   400:     5810.110     5811.110     5812.110     5818.110     5841.110
   405:     5847.110     5851.110     5852.110     5855.110     5859.110
   410:     5865.110     5865.210     5870.120     5901.120     5915.310
   415:     6015.500     6201.120     6202.120     6363.120     6365.120
   420:     6421.100     6467.100     6470.100     6474.100     6484.100
   425:     6487.100     6488.100     6491.100     6494.100     6497.100
   430:     6502.100     6515.100     6520.100     6524.120     6554.120
   435:     6561.100     6562.100     6563.100     6570.100     6573.100
   440:     6577.100     6579.100     6583.100     6588.100     6590.100
   445:     6592.100     6595.100     6598.100     6612.100     6615.100
   450:     6618.100     6621.200     6621.100     6628.120     6660.120
   455:     6671.300     6771.500     7102.120     7104.120     7162.120
   460:     7166.120     7183.120     7282.120     7302.120     7308.100
   465:     7310.100     7319.100     7325.100     7334.100     7339.100
   470:     7348.100     7350.100     7353.100     7355.100     7357.100
   475:     7373.100     7375.100     7377.100     7379.200     7381.100
   480:     7386.120     7419.120     7429.300     7529.540     7582.120
   485:     7621.120     7624.120     7662.120     7770.120     7771.120
   490:     7965.110     7967.110     7975.110     7979.110     7980.110
   495:     7995.110     7996.110     7997.110     8003.110     8005.110
   500:     8008.110     8010.110     8015.110     8016.110     8026.110
   505:     8034.110     8038.110     8042.110     8046.110     8051.110
   510:     8056.110     8062.110     8064.110     8066.110     8071.110
   515:     8073.110     8075.110     8077.110     8098.110     8099.110
   520:     8101.110     8103.110     8109.110     8111.110     8113.110
   525:     8132.110     8134.110     8135.110     8138.110     8144.110
   530:     8146.110     8152.110     8155.110     8157.110     8159.110
   535:     8166.110     8172.110     8176.110     8178.110     8180.110
   540:     8183.110     8189.110     8191.110     8193.110     8195.110
   545:     8197.110     8209.110     8213.110     8218.110     8221.110
   550:     8222.110     8231.110     8233.110     8255.110     8259.110
   555:     8261.110     8263.110     8269.110     8275.110     8287.110
   560:     8291.110     8297.110     8299.110     8303.110     8312.110
   565:     8315.110     8333.110     8335.110     8354.110     8360.120
   570:     8363.120     8395.120     8537.120     8813.120     8827.110
   575:     8828.110     8830.110     8833.110     8841.120     8881.120
   580:     8891.120     8900.120     8914.110     8916.110     8916.110
   585:     8918.110     8923.110     8926.110     8928.110     8932.110
   590:     8939.110     8943.120     8982.110     8984.110     8986.110
   595:     8988.110     8993.110     8996.110     8998.110     9001.110
   600:     9004.110     9006.110     9018.110     9020.110     9020.110
   605:     9021.110     9023.110     9028.110     9030.110     9030.110
   610:     9032.110     9043.110     9045.110     9046.110     9050.110
   615:     9051.110     9062.110     9069.110     9069.110     9071.110
   620:     9072.110     9083.110     9085.110     9103.110     9106.110
   625:     9108.110     9118.110     9122.110     9144.110     9146.110
   630:     9150.110     9158.110     9160.110     9164.110     9166.110
   635:     9169.110     9178.110     9192.110     9194.110     9196.110
   640:     9202.110     9205.110     9207.110     9211.110     9214.110
   645:     9234.110     9243.110     9244.110     9246.110     9258.110
   650:     9262.110     9265.110     9275.110     9291.110     9294.110
   655:     9295.110     9297.110     9301.110     9304.110     9320.110
   660:     9323.110     9325.110     9326.110     9327.110     9329.340
   665:     9329.110     9356.120     9407.120     9412.120     9413.120
   670:     9419.120     9425.120     9429.530     9430.120     9431.120
   675:     9441.100     9453.120     9453.120     9476.120     9478.120
   680:     9479.120     9483.120     9493.120     9496.120     9497.120
   685:     9508.100     9516.100     9521.120     9542.120     9544.120
   690:     9546.120     9557.100     9559.100     9563.100     9564.100
   695:     9567.100     9569.100     9570.100     9571.100     9579.100
   700:     9582.100     9584.100     9590.100     9596.100     9598.100
   705:     9603.100     9608.100     9617.100     9627.100     9629.100
   710:     9631.100     9641.100     9655.100     9664.100     9666.100
   715:     9682.100     9684.100     9695.100     9704.100     9706.100
   720:     9711.100     9725.100     9727.100     9728.100     9742.100
   725:     9745.100     9749.120     9777.120     9795.120     9804.100
   730:     9806.100     9807.100     9809.100     9809.100     9816.100
   735:     9817.100     9818.100     9829.100     9831.100     9839.100
   740:     9842.100     9846.100     9850.100     9853.100     9854.100
   745:     9866.100     9869.100     9874.100     9879.100     9896.100
   750:     9898.100     9900.100     9903.100     9906.100     9909.100
   755:     9914.100     9915.100     9919.100     9921.100     9927.100
   760:     9930.100     9933.100     9942.100     9944.100     9946.100
   765:     9950.100     9951.100     9956.100     9958.100     9961.100
   770:     9966.100     9979.100     9984.120    10010.120    10021.100
   775:    10022.100    10031.100    10036.100    10039.100    10041.100
   780:    10044.100    10046.100    10050.100    10051.100    10056.100
   785:    10066.100    10070.120    10092.120    10096.120    10098.120
   790:    10099.120    10132.120    10138.100    10141.100    10334.100
   795:    10583.120    10604.100    10606.100    10608.100    10616.120
   800:    10651.100    10652.100    10654.100    10658.100    10661.100
   805:    10674.100    10675.100    10683.100    10685.100    10687.100
   810:    10691.100    10693.100    10695.100    10696.100    10700.100
   815:    10705.100    10716.120    10732.120    10740.100    10742.100
   820:    10743.100    10746.100    10750.100    10765.100    10772.100
   825:    10776.100    10777.100    10779.100    10785.100    10788.100
   830:    10790.100    10795.100    10798.100    10805.100    10812.100
   835:    10813.100    10815.100    10825.100    10827.100    10830.100
   840:    10831.100    10834.100    10844.100    10845.100    10847.100
   845:    10853.100    10859.100    10862.100    10871.100    10875.100
   850:    10877.100    10882.100    10884.100    10892.100    10897.100
   855:    10898.100    10899.100    10902.100    10906.100    10914.100
   860:    10916.100    10920.100    10925.120    10969.100    10970.100
   865:    10973.100    10981.100    10999.100    11006.100    11007.100
   870:    11010.100    11011.100    11018.100    11019.100    11022.100
   875:    11024.100    11027.100    11030.120    11050.100    11051.100
   880:    11055.100    11056.100    11058.100    11060.100    11073.100
   885:    11075.100    11079.100    11084.100    11089.100    11093.100
   890:    11096.100    11098.100    11102.100    11103.100    11106.100
   895:    11108.100    11112.100    11115.100    11119.100    11120.100
   900:    11135.100    11142.100    11144.100    11160.100    11170.100
   905:    11173.100    11175.100    11176.100    11179.100    11182.100
   910:    11183.100    11187.100    11197.100    11203.100    11206.100
   915:    11209.100    11211.100    11214.100    11229.330    11229.100
   920:    11286.120    11329.510    11430.120    11455.110    11459.110
   925:    11459.110    11469.110    11475.110    11475.110    11476.110
   930:    11477.110    11485.110    11486.110    11494.110    11503.110
   935:    11507.110    11510.110    11514.110    11515.110    11534.110
   940:    11540.110    11542.110    11548.110    11551.110    11556.110
   945:    11558.110    11572.110    11589.110    11593.110    11595.110
   950:    11597.110    11601.110    11607.110    11609.110    11611.110
   955:    11627.110    11637.110    11643.120    11672.110    11675.110
   960:    11676.110    11680.110    11682.110    11683.110    11689.110
   965:    11690.110    11693.110    11710.110    11712.110    11726.110
   970:    11729.110    11732.110    11736.110    11737.110    11740.110
   975:    11762.110    11764.110    11784.110    11821.110    11825.110
   980:    11827.110    11834.110    11835.110    11837.110    11841.110
   985:    11851.110    11872.110    11874.110    11882.110    11885.110
   990:    11890.110    11892.110    11913.110    11913.110    11914.110
   995:    11943.110    11956.110    11968.110    11968.210    11972.120
  1000:    12005.120    12018.310    12118.500    12374.120    12416.120
  1005:    12436.100    12490.120    12504.100    12515.100    12524.100
  1010:    12534.100    12535.100    12541.120    12557.100    12559.100
  1015:    12560.100    12565.100    12566.100    12568.100    12572.100
  1020:    12582.100    12584.100    12586.100    12592.100    12596.100
  1025:    12601.100    12606.100    12610.100    12613.100    12615.100
  1030:    12616.100    12626.100    12634.100    12636.100    12639.100
  1035:    12650.100    12654.100    12659.100    12661.100    12665.100
  1040:    12668.100    12670.100    12671.100    12673.100    12674.100
  1045:    12692.100    12696.100    12701.100    12705.100    12709.100
  1050:    12714.100    12719.200    12719.100    12726.120    12756.120
  1055:    12769.300    12869.510    13240.120    13242.120    13286.110
  1060:    13299.120    13316.120    13327.110    13329.110    13339.110
  1065:    13347.110    13354.110    13359.110    13361.110    13363.110
  1070:    13368.110    13378.110    13388.110    13394.110    13395.110
  1075:    13402.110    13406.110    13409.110    13410.110    13414.110
  1080:    13420.110    13424.110    13427.110    13431.110    13446.110
  1085:    13473.110    13475.110    13488.110    13490.110    13495.110
  1090:    13497.110    13501.110    13510.110    13510.210    13517.120
  1095:    13545.120    13560.310    13634.120    13660.500    14124.120
  1100:    14125.120    14126.120    14127.120    14260.120    14290.100
  1105:    14298.100    14302.100    14305.100    14307.100    14309.100
  1110:    14312.100    14318.100    14320.100    14323.100    14328.100
  1115:    14340.100    14343.100    14345.100    14350.200    14351.100
  1120:    14356.120    14387.120    14400.300    14500.510    14904.120
  1125:    14906.120    14930.120    14932.120    15122.120    15124.120
  1130:    15147.110    15147.210    15147.110    15151.120    15183.120
  1135:    15197.310    15297.510    15365.120    15367.120    15413.120
  1140:    15562.120    15604.120    15607.120    15615.110    15617.110
  1145:    15619.110    15630.110    15631.110    15641.110    15642.110
  1150:    15649.110    15661.110    15664.110    15666.110    15673.110
  1155:    15677.110    15685.110    15699.110    15700.110    15704.110
  1160:    15706.110    15710.110    15716.110    15718.110    15738.110
  1165:    15763.110    15766.110    15772.110    15776.110    15790.110
  1170:    15793.110    15797.110    15805.110    15809.110    15812.110
  1175:    15816.110    15831.110    15834.110    15840.110    15850.110
  1180:    15868.110    15887.110    15890.110    15891.110    15896.110
  1185:    15902.110    15904.110    15906.110    15934.110    15934.210
  1190:    15936.110    15939.120    15970.120    15984.310    16084.500
  1195:    16525.120    16526.120    16583.100    16621.100    16624.100
  1200:    16627.100    16630.100    16631.100    16634.100    16637.120
  1205:    16651.100    16652.100    16657.100    16660.100    16663.100
  1210:    16667.100    16672.100    16678.100    16684.100    16684.200
  1215:    16690.120    16722.120    16734.300    16834.500    16944.120
  1220:    16952.120    16953.120    17318.120    17318.120    17334.100
  1225:    17379.100    17382.100    17384.100    17389.100    17397.100
  1230:    17402.100    17405.100    17408.100    17411.100    17422.100
  1235:    17424.100    17434.100    17439.200    17441.100    17446.120
  1240:    17476.120    17489.300    17509.120    17521.120    17525.120
  1245:    17528.120    17528.120    17589.540    17689.120    17871.120
  1250:    17871.120    17897.110    17899.110    17901.110    17903.110
  1255:    17908.110    17912.110    17914.110    17922.110    17926.110
  1260:    17932.110    17936.110    17938.110    17948.110    17958.110
  1265:    17960.110    17961.110    17965.110    17967.110    17973.110
  1270:    17976.110    17981.110    17986.110    17995.110    18003.110
  1275:    18008.110    18011.110    18015.110    18020.110    18035.110
  1280:    18053.110    18058.110    18070.110    18074.110    18078.110
  1285:    18079.110    18081.110    18089.110    18096.110    18102.110
  1290:    18105.110    18126.110    18129.110    18149.110    18153.110
  1295:    18155.110    18158.110    18161.110    18180.110    18184.110
  1300:    18186.110    18193.110    18200.110    18203.110    18206.110
  1305:    18228.110    18230.110    18232.110    18234.110    18236.110
  1310:    18247.110    18249.110    18253.110    18255.110    18260.110
  1315:    18274.110    18277.110    18279.110    18281.110    18282.110
  1320:    18284.110    18285.110    18293.110    18298.110    18299.110
  1325:    18301.110    18302.110    18307.110    18313.110    18314.110
  1330:    18318.110    18329.110    18334.120    18366.120    18387.110
  1335:    18387.110    18389.110    18401.110    18404.110    18634.110
  1340:    18642.120    18806.120    18837.120    18850.120    18853.120
  1345:    18854.120    18858.120    18862.120    18870.120    18874.120
  1350:    18894.110    18904.120    18905.120    18943.120    18952.120
  1355:    18952.120    18975.120    18982.120    18986.120    18989.120
  1360:    19021.110    19101.120    19120.110    19123.110    19125.110
  1365:    19125.110    19129.120    19154.120    19159.120    19160.120
  1370:    19167.120    19171.120    19191.110    19193.110    19200.120
  1375:    19224.120    19230.120    19235.120    19235.120    19236.120
  1380:    19243.120    19262.120    19265.120    19273.120    19285.120
  1385:    19380.110    19389.340    19391.120    19489.500    19598.100
  1390:    19600.100    19628.100    19642.120    19660.120    19665.100
  1395:    19673.100    19674.100    19677.100    19686.120    19706.100
  1400:    19715.100    19720.100    19727.100    19731.120    19743.120
  1405:    19745.120    19759.100    19770.100    19776.100    19779.100
  1410:    19779.100    19784.100    19789.100    19791.100    19802.100
  1415:    19817.100    19820.100    19823.100    19833.100    19834.100
  1420:    19839.100    19850.100    19852.100    19859.100    19862.100
  1425:    19865.100    19868.100    19869.100    19883.100    19894.100
  1430:    19897.100    19901.100    19908.100    19912.100    19914.100
  1435:    19917.100    19919.100    19921.100    19923.100    19947.100
  1440:    19952.120    19978.120    19998.100    19999.100    20000.100
  1445:    20011.100    20018.100    20022.100    20027.100    20028.100
  1450:    20032.100    20036.100    20039.100    20041.100    20051.100
  1455:    20054.100    20058.100    20068.100    20070.100    20079.100
  1460:    20088.100    20092.200    20098.120    20125.120    20142.300
  1465:    20242.500    20423.120    20424.120    20446.120    20455.120
  1470:    20485.120    20488.120    20547.100    20554.120    20624.120
  1475:    20649.100    20652.100    20654.100    20666.100    20669.100
  1480:    20670.100    20672.100    20677.100    20679.100    20683.100
  1485:    20685.100    20688.100    20694.100    20698.100    20714.100
  1490:    20719.100    20731.100    20736.100    20738.100    20742.100
  1495:    20743.100    20762.100    20764.100    20766.100    20768.100
  1500:    20770.100    20775.100    20783.100    20786.100    20787.100
  1505:    20798.100    20800.100    20802.100    20808.100    20810.100
  1510:    20812.100    20814.100    20818.100    20834.100    20843.200
  1515:    20849.120    20879.120    20880.120    20893.300    20993.510
  1520:    21185.120    21200.120    21200.120    21270.120    21306.120
  1525:    21344.110    21345.110    21347.110    21351.110    21363.110
  1530:    21368.110    21373.110    21377.110    21386.110    21398.110
  1535:    21409.110    21411.110    21416.110    21421.110    21428.110
  1540:    21430.110    21438.110    21443.110    21453.110    21455.110
  1545:    21464.110    21467.110    21473.110    21484.110    21487.110
  1550:    21489.110    21496.110    21498.110    21506.110    21508.110
  1555:    21512.110    21519.110    21536.110    21537.110    21543.110
  1560:    21547.110    21553.110    21555.110    21557.110    21559.110
  1565:    21568.110    21570.110    21577.110    21581.110    21585.110
  1570:    21588.110    21591.110    21594.110    21603.110    21611.110
  1575:    21611.210    21616.120    21647.120    21661.310    21761.510
  1580:    22040.120    22043.120    22072.120    22075.120    22154.120
  1585:    22174.120    22175.120    22209.110    22211.110    22216.110
  1590:    22222.110    22224.110    22226.110    22239.110    22242.110
  1595:    22250.110    22265.110    22280.110    22285.110    22287.110
  1600:    22296.110    22301.110    22305.110    22307.110    22311.110
  1605:    22313.110    22314.110    22318.110    22343.110    22346.110
  1610:    22352.110    22354.110    22356.110    22360.110    22362.110
  1615:    22365.110    22367.110    22372.110    22373.110    22376.110
  1620:    22376.210    22381.120    22410.120    22426.310    22526.510
  1625:    22588.120    22683.120    22778.120    22816.120    22827.120
  1630:    22858.120    22875.120    22892.120    22915.110    22917.110
  1635:    22917.110    22918.110    22922.110    22947.110    22953.110
  1640:    22957.110    22960.110    22961.110    22963.110    22969.110
  1645:    22971.110    22977.110    22994.110    22998.110    23002.110
  1650:    23013.110    23020.110    23032.110    23033.110    23034.110
  1655:    23041.110    23047.110    23056.110    23067.110    23070.110
  1660:    23088.110    23089.110    23096.110    23101.110    23105.110
  1665:    23120.110    23122.110    23131.110    23143.110    23143.210
  1670:    23148.120    23180.120    23193.310    23293.500    23478.120
  1675:    23478.120    23532.100    23632.100    23634.100    23637.100
  1680:    23644.100    23647.100    23649.100    23662.100    23664.100
  1685:    23673.100    23689.100    23692.100    23694.100    23703.100
  1690:    23708.100    23710.100    23715.100    23716.100    23719.100
  1695:    23724.100    23726.100    23730.100    23744.100    23750.100
  1700:    23755.100    23757.100    23774.100    23783.100    23788.100
  1705:    23791.100    23804.100    23809.120    23832.120    23835.120
  1710:    23842.100    23844.100    23846.100    23852.100    23854.100
  1715:    23857.100    23870.100    23874.100    23877.100    23888.100
  1720:    23891.100    23899.100    23902.200    23905.100    23910.120
  1725:    23941.120    23952.300    24052.500    24464.120    24466.120
  1730:    24469.120    24513.120    24515.120    24527.100    24536.100
  1735:    24539.100    24552.100    24556.100    24558.100    24568.100
  1740:    24570.100    24574.100    24590.100    24595.100    24609.100
  1745:    24612.100    24621.100    24623.100    24632.100    24634.100
  1750:    24643.100    24649.100    24655.200    24656.100    24660.120
  1755:    24689.120    24705.300    24805.510    24965.120    24968.120
  1760:    25075.120    25091.110    25094.110    25100.110    25108.110
  1765:    25112.110    25117.110    25128.110    25132.110    25141.110
  1770:    25146.110    25149.110    25153.110    25160.110    25162.110
  1775:    25162.110    25166.110    25167.110    25171.110    25177.110
  1780:    25179.110    25181.110    25185.110    25190.110    25196.110
  1785:    25204.110    25220.110    25222.110    25228.110    25230.110
  1790:    25235.110    25238.110    25240.110    25246.110    25249.110
  1795:    25256.110    25258.110    25280.110    25282.110    25292.110
  1800:    25309.110    25332.110    25334.110    25343.110    25345.110
  1805:    25352.110    25354.110    25380.110    25382.110    25388.110
  1810:    25396.110    25400.110    25402.110    25404.110    25407.110
  1815:    25409.110    25412.110    25418.110    25418.210    25424.120
  1820:    25457.120    25468.310    25568.510    25700.120    25702.120
  1825:    25847.120    25850.120    25853.120    26037.120    26063.110
  1830:    26063.110    26066.110    26068.120    26087.110    26089.110
  1835:    26093.110    26095.110    26097.110    26099.110    26106.110
  1840:    26110.110    26112.110    26123.110    26125.110    26127.110
  1845:    26143.110    26146.110    26148.110    26162.110    26165.110
  1850:    26172.110    26175.110    26178.110    26182.110    26184.110
  1855:    26184.210    26189.120    26224.120    26234.310    26334.510
  1860:    26412.120    26414.120    26763.120    26767.120    26871.110
  1865:    26881.120    26882.120    26895.110    26899.110    26901.110
  1870:    26905.110    26908.110    26911.110    26913.110    26920.110
  1875:    26921.110    26923.110    26925.110    26928.110    26932.110
  1880:    26935.110    26937.110    26942.110    26944.110    26946.110
  1885:    26951.110    26951.210    26956.120    26991.120    27001.310
  1890:    27101.500    27290.120    27297.120    27297.120    27298.120
  1895:    27330.100    27376.100    27380.100    27384.120    27398.100
  1900:    27401.100    27411.100    27427.100    27436.100    27437.100
  1905:    27437.100    27444.100    27452.100    27455.100    27457.100
  1910:    27459.100    27461.100    27477.100    27479.100    27489.100
  1915:    27494.100    27496.100    27499.100    27500.100    27507.100
  1920:    27508.100    27525.100    27527.100    27535.100    27539.100
  1925:    27540.100    27567.100    27571.100    27572.100    27575.100
  1930:    27590.100    27600.120    27617.120    27636.100    27638.100
  1935:    27639.100    27650.100    27657.100    27658.100    27667.100
  1940:    27669.100    27673.100    27675.100    27679.100    27687.100
  1945:    27703.100    27705.100    27709.100    27710.200    27713.100
  1950:    27717.120    27747.120    27760.300    27860.530    27932.120
  1955:    27934.120    27935.120    28210.120    28211.120    28313.120
  1960:    28328.100    28330.100    28339.100    28344.100    28354.100
  1965:    28361.100    28362.100    28364.100    28382.100    28388.100
  1970:    28396.100    28399.100    28408.100    28414.120    28432.120
  1975:    28440.100    28442.100    28443.100    28449.100    28459.100
  1980:    28461.100    28464.100    28466.100    28475.100    28477.100
  1985:    28480.100    28483.100    28490.100    28492.100    28510.100
  1990:    28515.100    28519.100    28523.100    28524.100    28529.100
  1995:    28534.100    28536.100    28549.100    28551.100    28567.100
  2000:    28570.100    28572.100    28594.100    28595.100    28599.100
  2005:    28603.100    28604.100    28614.100    28620.120    28654.120
  2010:    28662.120    28674.120    28871.100    29075.100    29292.120
  2015:    29478.120    29495.100    29499.100    29505.120    29530.100
  2020:    29531.100    29533.100    29536.100    29549.100    29555.100
  2025:    29560.100    29570.100    29572.100    29582.100    29583.100
  2030:    29586.100    29590.100    29599.100    29607.100    29629.100
  2035:    29637.100    29638.100    29640.100    29645.100    29647.100
  2040:    29648.100    29651.100    29660.330    29684.120    29687.120
  2045:    29721.120    29760.510    29801.120    29804.120    29821.120
  2050:    29824.120    29834.110    29841.120    29849.120    29855.120
  2055:    29942.120    29952.120    29967.110    29970.110    29978.110
  2060:    29980.110    29988.110    29993.110    29997.110    30004.110
  2065:    30007.110    30013.110    30016.110    30019.110    30025.110
  2070:    30029.110    30041.110    30045.110    30048.110    30049.110
  2075:    30064.110    30072.110    30075.110    30093.110    30094.110
  2080:    30102.110    30109.110    30117.110    30119.110    30121.110
  2085:    30130.110    30134.110    30138.110    30143.110    30145.110
  2090:    30148.110    30149.110    30151.110    30162.110    30164.110
  2095:    30173.110    30183.110    30195.110    30197.110    30198.110
  2100:    30205.110    30209.110    30215.110    30223.110    30224.110
  2105:    30244.110    30251.110    30253.110    30257.110    30261.110
  2110:    30282.110    30284.110    30298.110    30308.110    30320.110
  2115:    30322.110    30326.110    30330.110    30332.110    30340.110
  2120:    30343.110    30345.110    30359.110    30360.110    30363.110
  2125:    30368.110    30373.110    30396.110    30396.210    30400.120
  2130:    30439.120    30446.310    30546.510    30583.120    30945.120
  2135:    30965.120    30983.120    30983.120    30994.110    31083.110
  2140:    31088.120    31111.110    31113.110    31115.110    31115.110
  2145:    31118.110    31118.110    31119.110    31125.110    31129.110
  2150:    31131.110    31133.110    31135.110    31141.110    31143.110
  2155:    31146.110    31150.110    31154.110    31173.110    31173.210
  2160:    31176.120    31208.120    31223.310    31323.500    31467.120
  2165:    31528.100    31611.100    31617.120    31632.100    31634.100
  2170:    31652.100    31654.100    31658.100    31667.100    31674.100
  2175:    31685.100    31687.100    31695.100    31712.100    31720.100
  2180:    31721.100    31722.100    31727.100    31733.100    31737.100
  2185:    31743.100    31745.100    31754.100    31757.100    31760.100
  2190:    31764.100    31778.100    31782.100    31791.100    31792.100
  2195:    31798.100    31801.100    31822.100    31830.100    31832.100
  2200:    31837.100    31839.100    31841.100    31859.100    31870.100
  2205:    31874.100    31882.100    31883.100    31896.120    31913.120
  2210:    31925.100    31926.100    31930.200    31937.120    31967.120
  2215:    31980.300    32080.500    32427.120    32428.120    32432.120
  2220:    32465.120    32578.120    32579.120    32607.100    32610.100
  2225:    32619.100    32624.100    32625.100    32628.100    32630.100
  2230:    32633.100    32636.100    32644.100    32652.100    32655.100
  2235:    32656.100    32661.100    32670.100    32672.100    32677.100
  2240:    32681.100    32684.200    32684.100    32691.120    32718.120
  2245:    32734.300    32834.500    33042.120    33046.120    33087.100
  2250:    33213.120    33223.100    33226.100    33227.100    33236.100
  2255:    33238.100    33239.100    33245.100    33251.100    33254.100
  2260:    33268.100    33272.100    33275.100    33286.100    33292.100
  2265:    33294.100    33298.100    33301.100    33313.100    33320.100
  2270:    33325.100    33328.100    33336.100    33343.100    33352.100
  2275:    33355.100    33358.100    33360.100    33364.100    33367.100
  2280:    33369.100    33374.100    33381.100    33396.100    33406.100
  2285:    33414.100    33415.100    33416.100    33419.100    33422.100
  2290:    33424.100    33434.200    33441.120    33466.120    33484.300
  2295:    33584.500    33621.120    33662.100    33887.120    33888.120
  2300:    33910.100    33913.100    33920.100    33930.100    33933.100
  2305:    33936.100    33939.100    33955.100    33960.100    33961.100
  2310:    33980.100    33984.100    33987.100    34007.100    34010.100
  2315:    34011.100    34019.100    34028.100    34044.100    34048.100
  2320:    34050.100    34051.100    34053.100    34053.100    34064.100
  2325:    34077.100    34079.100    34090.100    34093.100    34094.100
  2330:    34106.100    34124.100    34128.100    34129.100    34132.100
  2335:    34147.100    34153.120    34178.120    34188.200    34192.120
  2340:    34222.120    34238.300    34338.510    34566.120    34568.120
  2345:    34937.120    34941.120    34942.120    34965.110    34965.210
  2350:    34969.120    35001.120    35015.310    35115.510    35398.120
  2355:    35400.120    35516.120    35516.120    35517.120    35538.110
  2360:    35542.110    35546.110    35552.110    35558.110    35562.120
  2365:    35575.110    35579.110    35581.110    35589.110    35593.110
  2370:    35603.110    35613.110    35617.110    35632.110    35635.110
  2375:    35638.110    35643.110    35647.110    35654.110    35658.110
  2380:    35660.110    35667.110    35669.110    35677.110    35691.110
  2385:    35693.110    35697.110    35711.110    35714.110    35720.110
  2390:    35724.110    35727.110    35729.110    35733.110    35758.110
  2395:    35758.210    35762.120    35796.120    35808.310    35908.510
  2400:    35968.120    36206.120    36228.110    36230.110    36233.120
  2405:    36260.110    36262.110    36263.110    36264.110    36265.110
  2410:    36266.110    36273.110    36276.110    36277.110    36280.110
  2415:    36283.110    36297.110    36301.110    36305.110    36308.110
  2420:    36314.110    36324.110    36325.110    36330.110    36332.110
  2425:    36356.110    36358.110    36360.110    36367.110    36369.110
  2430:    36379.110    36383.110    36392.110    36397.110    36406.110
  2435:    36407.110    36409.110    36417.110    36423.110    36427.110
  2440:    36431.110    36437.110    36452.110    36457.120    36488.110
  2445:    36492.110    36494.110    36499.110    36502.110    36504.110
  2450:    36506.110    36513.110    36520.110    36536.110    36536.210
  2455:    36540.120    36571.120    36586.310    36686.500    37049.120
  2460:    37051.120    37096.100    37112.100    37116.100    37118.100
  2465:    37126.120    37141.100    37143.100    37145.100    37150.100
  2470:    37153.100    37157.100    37158.100    37165.100    37171.100
  2475:    37174.100    37177.100    37181.100    37181.100    37187.100
  2480:    37189.100    37191.100    37194.100    37196.100    37197.100
  2485:    37200.100    37202.100    37211.100    37215.100    37218.100
  2490:    37219.100    37229.100    37235.100    37238.100    37243.100
  2495:    37245.100    37256.100    37258.100    37260.100    37263.100
  2500:    37266.100    37271.100    37274.100    37276.100    37277.100
  2505:    37286.100    37288.100    37289.200    37290.100    37295.120
  2510:    37325.120    37339.300    37439.510    37487.120    37490.120
  2515:    37587.120    37803.120    37805.120    37806.120    37822.110
  2520:    37823.110    37827.110    37829.110    37830.110    37833.110
  2525:    37835.110    37841.110    37846.110    37848.110    37850.110
  2530:    37852.110    37858.110    37860.110    37863.110    37868.110
  2535:    37871.110    37872.110    37878.110    37882.110    37885.110
  2540:    37888.110    37890.110    37896.110    37899.110    37902.110
  2545:    37903.110    37911.110    37913.110    37920.110    37929.110
  2550:    37937.110    37943.110    37944.110    37957.110    37959.110
  2555:    37961.110    37962.110    37966.110    37968.110    37970.110
  2560:    37972.110    37977.110    37980.110    37982.110    37984.110
  2565:    37989.110    37996.110    38000.110    38002.110    38006.110
  2570:    38008.110    38010.110    38012.110    38014.110    38016.110
  2575:    38020.110    38035.110    38042.110    38043.110    38052.110
  2580:    38053.110    38061.110    38061.210    38066.120    38102.120
  2585:    38111.310    38211.500    38404.120    38488.100    38692.100
  2590:    38694.100    38697.100    38701.100    38703.100    38707.100
  2595:    38711.100    38714.100    38717.100    38719.100    38727.100
  2600:    38730.100    38735.100    38756.100    38760.100    38776.100
  2605:    38779.100    38784.100    38787.100    38805.100    38814.100
  2610:    38815.100    38816.200    38817.100    38819.100    38826.120
  2615:    38853.120    38866.300    38966.510    39038.120    39054.120
  2620:    39129.120    39131.120    39240.120    39268.110    39274.110
  2625:    39278.120    39300.110    39302.110    39305.110    39311.110
  2630:    39314.110    39318.110    39322.110    39325.110    39326.110
  2635:    39328.110    39329.110    39337.110    39340.110    39342.110
  2640:    39352.110    39356.110    39360.110    39362.110    39364.110
  2645:    39369.110    39372.110    39375.110    39377.110    39381.110
  2650:    39394.110    39403.110    39405.110    39408.110    39410.110
  2655:    39412.110    39426.110    39429.110    39432.110    39437.110
  2660:    39453.110    39470.110    39471.110    39472.110    39477.110
  2665:    39481.110    39484.110    39486.110    39488.110    39490.110
  2670:    39492.110    39494.110    39500.110    39511.110    39512.110
  2675:    39513.110    39515.110    39520.110    39526.110    39528.110
  2680:    39531.110    39547.110    39551.110    39563.110    39570.110
  2685:    39576.110    39580.110    39589.110    39589.210    39593.110
  2690:    39595.120    39622.120    39639.310    39739.510    39813.120
  2695:    39814.120    39900.120    40140.120    40162.120    40163.120
  2700:    40163.120    40178.110    40181.110    40183.110    40187.110
  2705:    40189.110    40194.120    40221.110    40224.110    40228.110
  2710:    40234.110    40239.110    40240.110    40244.110    40248.110
  2715:    40253.110    40265.110    40266.110    40269.110    40281.110
  2720:    40283.110    40287.110    40289.110    40300.110    40302.110
  2725:    40304.110    40306.110    40315.110    40317.110    40319.110
  2730:    40322.110    40325.110    40328.110    40329.110    40341.110
  2735:    40347.110    40349.110    40368.110    40368.210    40372.120
  2740:    40403.120    40418.310    40518.500    40590.120    40592.120
  2745:    40621.120    40734.100    40740.100    40743.100    40746.100
  2750:    40751.100    40757.120    40781.100    40790.100    40792.100
  2755:    40799.100    40804.100    40811.100    40816.100    40818.100
  2760:    40828.100    40838.100    40840.100    40843.100    40851.100
  2765:    40853.100    40856.100    40859.100    40865.100    40868.100
  2770:    40877.100    40881.100    40883.100    40886.100    40897.100
  2775:    40898.100    40900.100    40901.100    40909.100    40916.100
  2780:    40919.100    40922.100    40963.100    40966.100    40968.100
  2785:    40973.100    40976.100    40979.100    40982.100    40983.100
  2790:    40994.100    40996.100    40999.100    41003.100    41008.100
  2795:    41009.100    41011.100    41023.100    41024.100    41031.100
  2800:    41033.100    41038.100    41039.100    41068.100    41074.100
  2805:    41079.100    41080.100    41085.100    41100.100    41108.100
  2810:    41113.100    41114.100    41128.200    41134.120    41158.120
  2815:    41178.300    41193.120    41278.500    41502.120    41503.120
  2820:    41698.120    41727.100    41729.100    41732.100    41742.100
  2825:    41744.100    41748.100    41751.100    41756.100    41759.100
  2830:    41763.100    41764.100    41779.100    41797.100    41800.100
  2835:    41803.100    41805.100    41820.100    41822.100    41826.100
  2840:    41828.100    41830.100    41833.100    41850.100    41858.100
  2845:    41859.100    41863.100    41870.100    41880.200    41880.100
  2850:    41882.100    41886.120    41914.120    41930.300
E:
     0:     2854.000     1137.000     1198.000
F:
     0:       70.000       27.747       35.435
G:
     0:        1.000        1.000        1.000        1.000        1.000
     5:        1.000        1.000        1.000        1.000        0.000
H:
     0:        1.000        1.000        2.000        2.000
L:
     0:     6349.000     6134.000     6106.000     6154.000     6181.000
     5:     6111.000     7008.000     6101.000     6149.000     6131.000
    10:     6105.000     6189.000     6124.000     6184.000     6170.000
    15:     6140.000     6106.000     6133.000     6133.000     6155.000
    20:     6198.000     6119.000
R:
     0:        1.000        1.000        1.000        1.000        1.000
     5:        1.000        1.000        1.000        1.000        0.000
S:
     0:        1.000        1.000
U:
     0:     6181.000        4.000        0.000
X:
     0:        0.000      242.001      251.002      254.003      256.004
     5:      279.005      287.006      290.007      318.008      321.009
    10:      325.010      327.011      329.012      333.013      338.014
    15:      341.015      347.016      349.017      352.018      354.019
    20:      356.020      361.021      364.022      367.023      371.024
    25:      372.025      374.026      375.027      390.028      392.029
    30:      395.030      398.031      401.032      401.033      404.034
    35:      415.035      418.036      469.037      470.038      471.039
    40:      473.040      474.041      478.042      482.043      484.044
    45:      497.045      503.046      505.047      519.048      564.049
    50:      566.050      567.051      573.052      574.053      577.054
    55:      581.055      586.056      588.057      591.058      595.059
    60:      599.060      603.061      606.062      613.063      615.064
    65:      617.065      622.066      624.067      624.067      674.000
    70:      674.000      861.001      971.002     1106.003     1110.004
    75:     1112.005     1147.006     1150.007     1155.008     1158.009
    80:     1166.010     1170.011     1172.012     1206.013     1208.014
    85:     1210.015     1217.016     1219.017     1221.018     1228.019
    90:     1230.020     1235.021     1237.022     1246.023     1247.024
    95:     1250.025     1252.026     1254.027     1261.028     1262.029
   100:     1277.029     1327.000     1327.000     1760.001     1762.002
   105:     1765.003     1769.004     1795.005     1797.006     1802.007
   110:     1803.008     1817.009     1819.010     1821.011     1823.012
   115:     1824.013     1826.014     1828.015     1841.016     1846.017
   120:     1849.018     1864.019     1867.020     1870.021     1874.022
   125:     1876.023     1878.024     1895.025     1907.026     1910.027
   130:     1913.028     1927.028     1977.000     1977.000     2382.001
   135:     2428.002     2431.003     2436.004     2445.005     2448.006
   140:     2450.007     2452.008     2456.009     2458.010     2464.011
   145:     2476.012     2481.013     2522.014     2523.015     2525.016
   150:     2531.017     2534.018     2538.019     2540.020     2545.021
   155:     2549.022     2551.023     2553.024     2557.025     2559.026
   160:     2574.027     2576.028     2579.029     2582.029     2583.030
   165:     2632.000     2632.000     3169.001     3171.002     3180.003
   170:     3186.004     3195.005     3200.006     3209.007     3211.008
   175:     3213.009     3216.010     3218.011     3234.012     3236.013
   180:     3238.014     3240.014     3242.015     3290.000     3290.000
   185:     3290.331     3290.333     3290.335     3290.337     3290.339
   190:     3290.341     3290.343     3290.345     3290.347     3290.349
   195:     3290.351     3290.353     3290.355     3290.357     3290.359
   200:     3290.361     3290.363     3290.365     3290.367     3290.369
   205:     3290.371     3290.373     3290.375     3290.377     3290.379
   210:     3290.381     3290.383     3290.385     3290.387     3290.389
   215:     3290.391     3290.393     3290.395     3290.397     3290.399
   220:     3290.401     3290.403     3290.405     3290.407     3290.409
   225:     3290.411     3290.413     3290.415     3290.417     3290.419
   230:     3290.421     3290.423     3290.425     3290.427     3290.429
   235:     3290.431     3290.433     3290.435     3290.437     3290.439
   240:     3290.441     3290.443     3290.445     3290.447     3290.449
   245:     3290.451     3290.453     3290.455     3290.457     3290.459
   250:     3290.461     3290.463     3290.465     3290.467     3290.469
   255:     3290.471     3290.473     3290.475     3290.477     3290.479
   260:     3290.481     3290.483     3290.485     3290.487     3290.489
   265:     3290.491     3290.493     3290.495     3290.497     3290.499
   270:     3290.501     3290.503     3290.505     3290.507     3290.509
   275:     3290.511     3290.513     3290.515     3290.517     3290.519
   280:     3290.521     3290.523     3290.525     3290.527     3290.529
   285:     3290.531     3290.533     3290.535     3290.537     3290.539
   290:     3290.541     3290.543     3290.545     3290.547     3290.549
   295:     3290.551     3290.553     3290.555     3290.557     3290.559
   300:     3290.561     3290.563     3290.565     3290.567     3290.569
   305:     3290.571     3290.573     3290.575     3290.577     3290.579
   310:     3290.581     3290.583     3290.585     3290.587     3290.589
   315:     3290.591     3290.593     3290.595     3290.597     3290.599
   320:     3290.601     3290.603     3290.605     3290.607     3290.609
   325:     3290.611     3290.613     3290.615     3290.617     3290.619
   330:     3290.621     3290.623     3290.625     3290.627     3290.629
   335:     3290.631     3290.633     3290.635     3290.637     3290.639
   340:     3290.641     3290.643     3290.645     3290.647     3290.649
   345:     3290.651     3290.653     3290.655     3290.657     3290.659
   350:     3290.661     3290.663     3290.665     3290.667     3290.669
   355:     3290.671     3290.673     3290.675     3290.677     3290.679
   360:     3290.681     3290.683     3290.685     3290.687     3290.689
   365:     3290.691     3290.693     3290.695     3290.697     3290.699
   370:     3290.701     3290.703     3290.705     3290.707     3290.709
   375:     3290.711     3290.713     3290.715     3290.717     3290.719
   380:     3290.721     3290.723     3290.725     3290.727     3290.729
   385:     3290.731     3290.733     3290.735     3290.737     3290.739
   390:     3290.741     3290.743     3290.745     3290.747     3290.749
   395:     3290.751     3290.753     3290.755     3290.756     3608.001
   400:     3676.002     3687.003     3696.004     3706.005     3707.006
   405:     3729.007     3731.008     3732.009     3737.010     3738.011
   410:     3739.012     3744.013     3754.014     3756.015     3758.016
   415:     3764.017     3768.018     3772.019     3778.020     3782.021
   420:     3785.022     3786.023     3788.024     3798.025     3806.026
   425:     3808.027     3811.028     3822.029     3826.030     3831.031
   430:     3832.032     3837.033     3840.034     3842.035     3843.036
   435:     3845.037     3846.038     3863.039     3868.040     3872.041
   440:     3877.042     3881.043     3886.044     3891.044     3891.045
   445:     3941.000     3941.000     4571.001     4579.002     4583.003
   450:     4586.004     4588.005     4590.006     4593.007     4599.008
   455:     4601.009     4604.010     4609.011     4621.012     4623.013
   460:     4626.014     4631.014     4632.015     4681.000     4681.000
   465:     5179.001     5218.002     5221.003     5223.004     5227.005
   470:     5228.006     5231.007     5247.008     5249.009     5254.010
   475:     5257.011     5259.012     5263.013     5268.014     5274.015
   480:     5280.016     5281.016     5331.000     5331.000     5830.001
   485:     5875.002     5878.003     5880.004     5885.005     5893.006
   490:     5899.007     5901.008     5904.009     5907.010     5918.011
   495:     5921.012     5930.013     5935.013     5937.014     5985.000
   500:     5985.000     5985.193     5985.194     5985.195     5985.196
   505:     5985.197     5985.198     5985.199     5985.200     5985.201
   510:     5985.202     5985.203     5985.204     5985.205     5985.206
   515:     5985.207     5985.208     5985.209     5985.210     5985.211
   520:     5985.212     5985.213     5985.214     5985.215     5985.216
   525:     5985.217     5985.218     5985.219     5985.220     5985.221
   530:     5985.222     5985.223     5985.224     5985.225     5985.226
   535:     5985.227     5985.228     5985.229     5985.230     5985.231
   540:     5985.232     5985.233     5985.234     5985.235     5985.236
   545:     5985.237     5985.238     5985.239     5985.240     5985.241
   550:     5985.242     5985.243     5985.244     5985.245     5985.246
   555:     5985.247     5985.248     5985.249     5985.250     5985.251
   560:     5985.252     5985.253     5985.254     5985.255     5985.256
   565:     5985.256     5985.000     5985.000     5985.001     5985.002
   570:     5985.003     5985.004     5985.005     5985.006     5985.007
   575:     5985.008     5985.009     5985.010     5985.011     5985.012
   580:     5985.013     5985.014     5985.015     5985.016     5985.017
   585:     5985.018     5985.019     5985.020     5985.021     5985.022
   590:     5985.023     5985.024     5985.025     5985.026     5985.027
   595:     5985.028     5985.029     5985.030     5985.031     5985.032
   600:     5985.033     5985.034     5985.035     5985.036     5985.037
   605:     5985.038     5985.039     5985.040     5985.040     5985.000
   610:     5985.000     6223.001     6323.002     6325.003     6328.004
   615:     6335.005     6338.006     6340.007     6353.008     6355.009
   620:     6364.010     6380.011     6383.012     6385.013     6394.014
   625:     6399.015     6401.016     6406.017     6407.018     6410.019
   630:     6415.020     6417.021     6421.022     6436.023     6441.024
   635:     6446.025     6448.026     6465.027     6474.028     6479.029
   640:     6482.030     6495.031     6533.032     6535.033     6537.034
   645:     6543.035     6545.036     6548.037     6561.038     6565.039
   650:     6568.040     6580.041     6583.042     6590.043     6593.043
   655:     6597.044     6643.000     6643.000     7117.001     7126.002
   660:     7130.003     7142.004     7146.005     7148.006     7158.007
   665:     7161.008     7164.009     7180.010     7185.011     7199.012
   670:     7202.013     7211.014     7213.015     7223.016     7224.017
   675:     7233.018     7240.019     7245.019     7246.020     7295.000
   680:     7295.000     7523.001     7569.002     7573.003     7591.004
   685:     7594.005     7604.006     7620.007     7629.008     7630.009
   690:     7630.010     7637.011     7646.012     7648.013     7650.014
   695:     7652.015     7655.016     7670.017     7672.018     7683.019
   700:     7687.020     7689.021     7692.022     7693.023     7700.024
   705:     7701.025     7718.026     7720.027     7728.028     7732.029
   710:     7734.030     7760.031     7764.032     7765.033     7768.034
   715:     7783.035     7829.036     7831.037     7832.038     7843.039
   720:     7850.040     7851.041     7860.042     7862.043     7866.044
   725:     7868.045     7873.046     7881.047     7896.048     7898.049
   730:     7902.050     7903.050     7906.051     7953.000     7953.000
   735:     8421.002     8423.004     8431.006     8437.008     8447.010
   740:     8454.012     8455.014     8457.016     8475.018     8481.020
   745:     8488.022     8491.024     8501.026     8533.028     8534.030
   750:     8535.032     8542.034     8551.036     8554.038     8557.040
   755:     8559.042     8568.044     8570.046     8573.048     8576.050
   760:     8583.052     8585.054     8603.056     8607.058     8612.060
   765:     8615.062     8617.064     8621.066     8627.068     8629.070
   770:     8642.072     8644.074     8660.076     8663.078     8665.080
   775:     8686.082     8688.084     8692.086     8695.088     8697.090
   780:     8707.092     8963.094     9167.096     9588.098     9592.100
   785:     9622.102     9624.104     9625.106     9628.108     9642.110
   790:     9648.112     9652.114     9663.116     9665.118     9675.120
   795:     9676.122     9679.124     9683.126     9692.128     9700.130
   800:     9721.132     9730.134     9731.136     9733.138     9738.140
   805:     9740.142     9741.144     9743.146    11620.001    11704.002
   810:    11725.003    11727.004    11744.005    11747.006    11750.007
   815:    11760.008    11766.009    11778.010    11780.011    11788.012
   820:    11805.013    11813.014    11814.015    11814.016    11820.017
   825:    11825.018    11830.019    11836.020    11838.021    11847.022
   830:    11850.023    11853.024    11856.025    11870.026    11875.027
   835:    11883.028    11885.029    11891.030    11893.031    11914.032
   840:    11923.033    11925.034    11929.035    11932.036    11933.037
   845:    11951.038    11963.039    11967.040    11974.041    11976.042
   850:    12017.043    12019.044    12023.044    12073.000    12073.000
   855:    12600.001    12603.002    12611.003    12616.004    12618.005
   860:    12620.006    12623.007    12625.008    12629.009    12636.010
   865:    12645.011    12647.012    12649.013    12654.014    12663.015
   870:    12665.016    12669.017    12674.018    12677.018    12677.019
   875:    12727.000    12727.000    12980.001    13116.002    13118.003
   880:    13120.004    13128.005    13130.006    13132.007    13137.008
   885:    13144.009    13147.010    13161.011    13165.012    13167.013
   890:    13179.014    13184.015    13187.016    13190.017    13193.018
   895:    13206.019    13213.020    13218.021    13221.022    13228.023
   900:    13236.024    13244.025    13247.026    13251.027    13253.028
   905:    13257.029    13260.030    13262.031    13267.032    13273.033
   910:    13289.034    13299.035    13306.036    13307.037    13309.038
   915:    13312.039    13314.040    13316.041    13327.041    13377.000
   920:    13377.000    13454.001    13702.002    13705.003    13712.004
   925:    13722.005    13725.006    13728.007    13731.008    13747.009
   930:    13752.010    13753.011    13772.012    13776.013    13779.014
   935:    13799.015    13802.016    13803.017    13811.018    13820.019
   940:    13836.020    13840.021    13842.022    13843.023    13845.024
   945:    13845.025    13856.026    13869.027    13871.028    13882.029
   950:    13885.030    13886.031    13898.032    13916.033    13920.034
   955:    13921.035    13924.036    13939.037    13980.037    14030.000
   960:    14030.000    14440.001    14455.002    14459.003    14461.004
   965:    14484.005    14486.006    14488.007    14493.008    14496.009
   970:    14500.010    14502.011    14509.012    14514.013    14518.014
   975:    14520.015    14524.016    14525.017    14531.018    14532.019
   980:    14535.020    14538.021    14539.022    14541.023    14544.024
   985:    14546.025    14555.026    14558.027    14561.028    14563.029
   990:    14573.030    14578.031    14581.032    14587.033    14588.034
   995:    14599.035    14601.036    14604.037    14607.038    14609.039
  1000:    14614.040    14618.041    14620.042    14621.043    14629.044
  1005:    14631.045    14633.045    14634.046    14683.000    14683.000
  1010:    14960.001    15163.002    15166.003    15169.004    15173.005
  1015:    15175.006    15179.007    15183.008    15186.009    15189.010
  1020:    15191.011    15198.012    15201.013    15207.014    15228.015
  1025:    15232.016    15248.017    15251.018    15256.019    15259.020
  1030:    15277.021    15285.022    15287.023    15288.023    15288.024
  1035:    15290.025    15338.000    15338.000    15554.001    15560.002
  1040:    15563.003    15566.004    15571.005    15600.006    15610.007
  1045:    15612.008    15618.009    15624.010    15630.011    15636.012
  1050:    15638.013    15648.014    15657.015    15660.016    15663.017
  1055:    15670.018    15673.019    15676.020    15679.021    15684.022
  1060:    15688.023    15696.024    15700.025    15702.026    15706.027
  1065:    15716.028    15718.029    15719.030    15721.031    15729.032
  1070:    15735.033    15739.034    15742.035    15782.036    15785.037
  1075:    15787.038    15793.039    15795.040    15798.041    15801.042
  1080:    15802.043    15813.044    15815.045    15819.046    15822.047
  1085:    15827.048    15829.049    15830.050    15842.051    15844.052
  1090:    15850.053    15852.054    15857.055    15859.056    15887.057
  1095:    15893.058    15898.059    15900.060    15905.061    15919.062
  1100:    15928.063    15932.064    15934.065    15947.065    15997.000
  1105:    15997.000    16446.001    16448.002    16451.003    16461.004
  1110:    16463.005    16467.006    16469.007    16475.008    16478.009
  1115:    16481.010    16483.011    16498.012    16516.013    16519.014
  1120:    16522.015    16524.016    16538.017    16541.018    16545.019
  1125:    16546.020    16549.021    16552.022    16568.023    16577.024
  1130:    16578.025    16582.026    16589.027    16598.027    16599.028
  1135:    16600.029    16648.000
Y:
     0:        0.000      180.001      272.002      275.003      275.004
     5:      332.005      334.006      335.007      335.008      339.009
    10:      345.010      346.011      349.012      351.013      353.014
    15:      357.015      360.016      369.017      372.018      376.019
    20:      378.020      380.021      383.022      387.023      389.024
    25:      392.025      405.026      407.027      410.028      412.029
    30:      416.030      418.031      420.032      426.033      440.034
    35:      442.035      444.036      445.037      449.038      451.039
    40:      458.040      463.041      465.042      475.043      479.044
    45:      481.045      485.046      489.047      492.048      497.049
    50:      502.050      504.051      509.052      513.053      518.054
    55:      520.055      521.056      526.057      532.058      538.059
    60:      539.060      542.061      542.061      544.062      592.000
    65:      592.000      911.001     1012.002     1016.003     1023.004
    70:     1025.005     1030.006     1033.007     1034.008     1037.009
    75:     1040.010     1041.011     1042.012     1043.013     1047.014
    80:     1049.015     1056.016     1058.017     1059.018     1060.019
    85:     1064.020     1070.021     1073.022     1085.023     1086.024
    90:     1091.025     1102.026     1103.027     1116.028     1120.029
    95:     1122.030     1125.031     1133.032     1133.032     1183.000
   100:     1183.000     1802.001     1803.001     1853.000     1853.000
   105:     2446.001     2448.002     2453.003     2455.004     2462.005
   110:     2464.006     2464.007     2474.008     2483.009     2487.010
   115:     2498.011     2498.011     2500.012     2548.000     2548.000
   120:     2983.001     2986.002     2991.003     2994.004     2996.005
   125:     2997.006     2998.007     3002.008     3006.009     3012.010
   130:     3014.011     3015.012     3018.013     3023.014     3028.015
   135:     3035.016     3037.017     3041.018     3050.019     3052.020
   140:     3062.021     3064.022     3069.023     3080.024     3082.025
   145:     3084.026     3096.027     3098.028     3100.029     3104.030
   150:     3112.031     3125.032     3128.033     3130.034     3131.035
   155:     3137.036     3160.037     3165.038     3169.039     3171.040
   160:     3174.041     3178.042     3184.043     3184.043     3234.000
   165:     3234.000     3670.002     3672.004     3680.006     3683.008
   170:     3685.010     3700.012     3700.014     3701.016     3708.018
   175:     3710.020     3713.022     3715.024     3719.026     3721.028
   180:     3731.030     3738.032     3743.034     3747.036     3751.038
   185:     3756.040     3761.042     3767.044     3769.046     3771.048
   190:     3776.050     3778.052     3779.054     3781.056     3802.058
   195:     3804.060     3805.062     3808.064     3813.066     3816.068
   200:     3818.070     3837.072     3839.074     3840.076     3843.078
   205:     3849.080     3851.082     3857.084     3860.086     3862.088
   210:     3863.090     3871.092     3877.094     3881.096     3883.098
   215:     3885.100     3888.102     3893.104     3895.106     3897.108
   220:     3900.110     3902.112     3914.114     3917.116     3923.118
   225:     3925.120     3927.122     3936.124     3938.126     3960.128
   230:     3964.130     3966.132     3968.134     3974.136     3980.138
   235:     3992.140     3996.142     4002.144     4004.146     4008.148
   240:     4016.150     4020.152     4038.154     4040.156     4059.158
   245:     4531.160     4533.162     4535.164     4538.166     4619.168
   250:     4621.170     4621.172     4623.174     4628.176     4631.178
   255:     4632.180     4637.182     4644.184     4687.186     4689.188
   260:     4691.190     4693.192     4698.194     4701.196     4703.198
   265:     4706.200     4709.202     4711.204     4722.206     4724.208
   270:     4725.210     4726.212     4728.214     4733.216     4735.218
   275:     4735.220     4737.222     4748.224     4750.226     4751.228
   280:     4755.230     4756.232     4767.234     4774.236     4774.238
   285:     4775.240     4777.242     4788.244     4790.246     4808.248
   290:     4811.250     4813.252     4822.254     4827.256     4849.258
   295:     4851.260     4855.262     4863.264     4865.266     4869.268
   300:     4871.270     4873.272     4883.274     4897.276     4898.278
   305:     4901.280     4907.282     4910.284     4912.286     4916.288
   310:     4919.290     4939.292     4948.294     4949.296     4951.298
   315:     4963.300     4967.302     4969.304     4980.306     4996.308
   320:     4998.310     5000.312     5002.314     5006.316     5008.318
   325:     5025.320     5028.322     5030.324     5031.326     5032.328
   330:     5034.329     7160.757     7163.758     7164.759     7174.760
   335:     7179.761     7180.762     7181.763     7182.764     7190.765
   340:     7191.766     7199.767     7208.768     7212.769     7215.770
   345:     7219.771     7220.772     7239.773     7244.774     7247.775
   350:     7253.776     7256.777     7261.778     7263.779     7277.780
   355:     7293.781     7298.782     7299.783     7302.784     7306.785
   360:     7312.786     7314.787     7316.788     7332.789     7341.790
   365:     7377.791     7380.792     7381.793     7385.794     7387.795
   370:     7388.796     7393.797     7395.798     7398.799     7415.800
   375:     7417.801     7431.802     7434.803     7436.804     7440.805
   380:     7442.806     7445.807     7467.808     7469.809     7488.810
   385:     7525.811     7529.812     7532.813     7539.814     7540.815
   390:     7542.816     7546.817     7555.818     7577.819     7579.820
   395:     7587.821     7589.822     7594.823     7596.824     7618.825
   400:     7618.826     7619.827     7648.828     7660.829     7672.830
   405:     7672.830     7722.000     7722.000     8139.001     8179.002
   410:     8182.003     8192.004     8200.005     8207.006     8212.007
   415:     8214.008     8216.009     8220.010     8231.011     8241.012
   420:     8247.013     8248.014     8255.015     8259.016     8262.017
   425:     8263.018     8267.019     8273.020     8277.021     8280.022
   430:     8284.023     8299.024     8326.025     8328.026     8340.027
   435:     8343.028     8348.029     8349.030     8354.031     8362.032
   440:     8362.032     8412.000     8412.000     9058.001     9058.001
   445:     9058.002     9108.000     9108.000     9426.001     9428.002
   450:     9430.003     9440.004     9442.005     9451.006     9453.007
   455:     9460.008     9472.009     9475.010     9476.011     9483.012
   460:     9487.013     9496.014     9510.015     9511.016     9515.017
   465:     9517.018     9521.019     9527.020     9529.021     9549.022
   470:     9573.023     9576.024     9583.025     9587.026     9601.027
   475:     9604.028     9607.029     9615.030     9620.031     9623.032
   480:     9627.033     9642.034     9645.035     9650.036     9661.037
   485:     9679.038     9698.039     9700.040     9702.041     9707.042
   490:     9713.043     9715.044     9717.045     9745.046     9745.046
   495:     9746.047     9795.000     9795.000    10102.002    10104.004
   500:    10107.006    10108.008    10114.010    10118.012    10119.014
   505:    10128.016    10132.018    10137.020    10142.022    10144.024
   510:    10154.026    10164.028    10165.030    10166.032    10170.034
   515:    10172.036    10178.038    10182.040    10186.042    10191.044
   520:    10201.046    10209.048    10213.050    10216.052    10220.054
   525:    10225.056    10240.058    10259.060    10264.062    10276.064
   530:    10279.066    10283.068    10285.070    10287.072    10295.074
   535:    10302.076    10308.078    10310.080    10332.082    10335.084
   540:    10354.086    10358.088    10361.090    10364.092    10367.094
   545:    10386.096    10390.098    10391.100    10399.102    10406.104
   550:    10409.106    10411.108    10433.110    10435.112    10438.114
   555:    10439.116    10441.118    10453.120    10454.122    10459.124
   560:    10461.126    10466.128    10480.130    10483.132    10484.134
   565:    10486.136    10488.138    10490.140    10491.142    10499.144
   570:    10504.146    10504.148    10507.150    10508.152    10513.154
   575:    10518.156    10520.158    10524.160    10535.162    10592.164
   580:    10593.166    10595.168    10607.170    10610.172    10839.174
   585:    11099.176    11227.178    11326.180    11328.182    11330.184
   590:    11331.186    11396.188    11398.190    11586.192    13549.001
   595:    13551.002    13552.003    13556.004    13569.005    13573.006
   600:    13578.007    13583.008    13592.009    13603.010    13614.011
   605:    13616.012    13621.013    13626.014    13633.015    13635.016
   610:    13644.017    13648.018    13659.019    13660.020    13670.021
   615:    13672.022    13678.023    13690.024    13693.025    13695.026
   620:    13701.027    13703.028    13711.029    13713.030    13718.031
   625:    13724.032    13741.033    13743.034    13748.035    13752.036
   630:    13758.037    13761.038    13763.039    13764.040    13773.041
   635:    13775.042    13782.043    13787.044    13791.045    13793.046
   640:    13797.047    13800.048    13808.049    13816.050    13816.050
   645:    13866.000    13866.000    14314.001    14315.002    14320.003
   650:    14326.004    14329.005    14330.006    14343.007    14347.008
   655:    14355.009    14370.010    14384.011    14389.012    14392.013
   660:    14400.014    14405.015    14410.016    14412.017    14416.018
   665:    14417.019    14418.020    14423.021    14448.022    14450.023
   670:    14456.024    14458.025    14460.026    14464.027    14466.028
   675:    14470.029    14472.030    14477.031    14478.032    14480.033
   680:    14480.033    14530.000    14530.000    14919.001    14920.002
   685:    14921.003    14922.004    14926.005    14950.006    14957.007
   690:    14961.008    14963.009    14965.010    14967.011    14973.012
   695:    14975.013    14981.014    14997.015    15002.016    15006.017
   700:    15017.018    15024.019    15036.020    15037.021    15038.022
   705:    15044.023    15051.024    15060.025    15070.026    15074.027
   710:    15091.028    15093.029    15100.030    15105.031    15108.032
   715:    15124.033    15125.034    15135.035    15147.036    15147.036
   720:    15197.000    15197.000    15483.001    15486.002    15492.003
   725:    15500.004    15504.005    15508.006    15520.007    15524.008
   730:    15533.009    15538.010    15541.011    15545.012    15552.013
   735:    15554.014    15554.015    15558.016    15559.017    15563.018
   740:    15569.019    15571.020    15573.021    15577.022    15582.023
   745:    15588.024    15596.025    15612.026    15614.027    15620.028
   750:    15622.029    15627.030    15630.031    15632.032    15637.033
   755:    15641.034    15648.035    15650.036    15672.037    15674.038
   760:    15684.039    15701.040    15724.041    15726.042    15735.043
   765:    15737.044    15744.045    15746.046    15772.047    15774.048
   770:    15780.049    15788.050    15792.051    15794.052    15796.053
   775:    15799.054    15801.055    15804.056    15809.057    15809.057
   780:    15859.000    15859.000    16354.001    16354.002    16357.003
   785:    16378.004    16380.005    16384.006    16386.007    16387.008
   790:    16390.009    16397.010    16401.011    16403.012    16414.013
   795:    16416.014    16418.015    16434.016    16437.017    16438.018
   800:    16453.019    16456.020    16463.021    16466.022    16469.023
   805:    16473.024    16475.025    16475.025    16525.000    16525.000
   810:    17062.001    17086.002    17090.003    17091.004    17095.005
   815:    17099.006    17101.007    17103.008    17110.009    17112.010
   820:    17114.011    17116.012    17118.013    17123.014    17126.015
   825:    17128.016    17133.017    17135.018    17137.019    17142.020
   830:    17142.020    17192.000    17192.000    17192.147    17192.148
   835:    17192.149    17192.150    17192.151    17192.152    17192.153
   840:    17192.154    17192.155    17192.156    17192.157    17192.158
   845:    17192.159    17192.160    17192.161    17192.162    17192.163
   850:    17192.164    17192.165    17192.166    17192.167    17192.168
   855:    17192.169    17192.170    17192.171    17192.172    17192.173
   860:    17192.174    17192.175    17192.176    17192.177    17192.178
   865:    17192.179    17192.180    17192.181    17192.182    17192.183
   870:    17192.184    17192.185    17192.186    17192.187    17192.188
   875:    17192.189    17192.190    17192.191    17192.192    17192.193
   880:    17192.194    17192.195    17192.196    17192.197    17192.198
   885:    17192.199    17192.200    17192.201    17192.202    17192.203
   890:    17192.204    17192.205    17192.206    17192.207    17192.208
   895:    17192.209    17192.210    17192.211    17192.212    17192.213
   900:    17192.214    17192.215    17192.216    17192.217    17192.218
   905:    17192.218    17192.000    17192.000    17192.001    17192.002
   910:    17192.003    17192.004    17192.005    17192.006    17192.007
   915:    17192.008    17192.009    17192.010    17192.011    17192.012
   920:    17192.013    17192.014    17192.015    17192.016    17192.017
   925:    17192.018    17192.019    17192.020    17192.020    17192.000
   930:    17192.000    17819.001    17819.001    17869.000    17869.000
   935:    18291.001    18295.002    18299.003    18305.004    18311.005
   940:    18328.006    18332.007    18334.008    18343.009    18346.010
   945:    18357.011    18366.012    18371.013    18385.014    18388.015
   950:    18392.016    18396.017    18400.018    18407.019    18412.020
   955:    18413.021    18420.022    18422.023    18430.024    18444.025
   960:    18446.026    18450.027    18464.028    18467.029    18473.030
   965:    18477.031    18480.032    18483.033    18486.034    18511.035
   970:    18511.035    18561.000    18561.000    18881.001    18883.002
   975:    18913.003    18915.004    18915.005    18916.006    18918.007
   980:    18919.008    18925.009    18929.010    18930.011    18933.012
   985:    18935.013    18950.014    18954.015    18957.016    18961.017
   990:    18967.018    18976.019    18978.020    18982.021    18985.022
   995:    19009.023    19010.024    19012.025    19019.026    19022.027
  1000:    19032.028    19036.029    19045.030    19049.031    19059.032
  1005:    19060.033    19062.034    19070.035    19075.036    19079.037
  1010:    19084.038    19090.039    19105.040    19140.041    19145.042
  1015:    19146.043    19152.044    19154.045    19156.046    19159.047
  1020:    19166.048    19172.049    19189.050    19189.050    19239.000
  1025:    19239.000    19622.001    19622.002    19626.003    19629.004
  1030:    19630.005    19632.006    19635.007    19640.008    19645.009
  1035:    19647.010    19649.011    19651.012    19657.013    19659.014
  1040:    19662.015    19667.016    19670.017    19671.018    19677.019
  1045:    19681.020    19684.021    19687.022    19689.023    19696.024
  1050:    19698.025    19701.026    19702.027    19710.028    19713.029
  1055:    19719.030    19728.031    19736.032    19742.033    19743.034
  1060:    19756.035    19759.036    19760.037    19762.038    19765.039
  1065:    19767.040    19769.041    19771.042    19776.043    19779.044
  1070:    19781.045    19784.046    19788.047    19795.048    19799.049
  1075:    19802.050    19805.051    19807.052    19809.053    19811.054
  1080:    19813.055    19816.056    19819.057    19835.058    19841.059
  1085:    19843.060    19851.061    19852.062    19860.063    19860.063
  1090:    19910.000    19910.000    20211.001    20218.002    20243.003
  1095:    20246.004    20248.005    20254.006    20257.007    20261.008
  1100:    20265.009    20268.010    20270.011    20271.012    20273.013
  1105:    20280.014    20283.015    20285.016    20295.017    20299.018
  1110:    20304.019    20305.020    20307.021    20313.022    20315.023
  1115:    20318.024    20321.025    20324.026    20338.027    20346.028
  1120:    20349.029    20351.030    20354.031    20356.032    20369.033
  1125:    20372.034    20375.035    20380.036    20396.037    20413.038
  1130:    20415.039    20415.040    20420.041    20424.042    20427.043
  1135:    20429.044    20432.045    20433.046    20435.047    20438.048
  1140:    20443.049    20454.050    20455.051    20456.052    20459.053
  1145:    20463.054    20469.055    20472.056    20474.057    20490.058
  1150:    20494.059    20506.060    20514.061    20520.062    20523.063
  1155:    20533.064    20533.064    20536.065    20583.000    20583.000
  1160:    21022.001    21024.002    21026.003    21030.004    21033.005
  1165:    21064.006    21067.007    21071.008    21077.009    21082.010
  1170:    21083.011    21087.012    21091.013    21097.014    21108.015
  1175:    21109.016    21112.017    21124.018    21126.019    21130.020
  1180:    21132.021    21143.022    21145.023    21147.024    21149.025
  1185:    21158.026    21160.027    21163.028    21165.029    21168.030
  1190:    21171.031    21172.032    21184.033    21190.034    21192.035
  1195:    21211.036    21211.036    21261.000
