File: C:\MED-PC\Data\2018-05-18_13h20m_Subject M327.txt


Start Date: 05/18/18
End Date: 05/18/18
Subject: M327
Experiment: DOBLE_PICO_DEMORA
Group: EXP
Box: 10
Start Time: 13:20:57
End Time: 14:34:32
MSN: IF_ACO_MULTIPLE_PICO
A:     186.000
B:      20.000
D:      21.000
I:       2.000
J:   18000.000
K:    5400.000
M:       0.000
N:      20.000
O:      22.000
P:     911.000
Q:       0.000
T:    1000.000
V:     600.000
W:      20.000
Z:       0.000
C:
     0:        0.120        0.120        0.120        0.120        0.120
     5:        0.120        0.120        0.120        0.120        0.120
    10:        0.120        0.120        0.120        0.120        0.120
    15:        0.120        0.120        0.120        0.120        0.120
    20:        0.120        0.120        0.120        0.120        0.120
    25:        0.120        0.120        0.120        0.510        4.120
    30:       31.110       38.110       44.110       48.110       71.120
    35:      127.110      144.120      187.110      195.110      200.110
    40:      202.110      205.110      229.120      245.110      253.110
    45:      258.110      259.110      263.110      273.110      276.110
    50:      283.110      289.110      292.110      293.110      295.110
    55:      304.110      306.110      310.110      315.110      319.110
    60:      322.110      323.110      327.120      372.120      379.110
    65:      383.110      394.120      418.110      425.110      435.110
    70:      440.110      445.110      462.110      465.110      469.110
    75:      470.110      474.120      496.110      504.110      510.110
    80:      512.110      513.110      519.110      522.110      528.110
    85:      585.120      592.110      592.210      596.120      642.310
    90:      684.120      742.530      924.100      981.120      998.100
    95:     1202.120     1229.100     1267.100     1312.120     1322.120
   100:     1331.100     1382.100     1435.100     1438.100     1488.100
   105:     1493.120     1509.100     1565.100     1576.100     1578.100
   110:     1633.100     1643.100     1649.120     1760.120     1776.100
   115:     1818.100     1821.100     1837.120     1855.120     1871.120
   120:     1881.100     1982.120     1984.120     2002.100     2009.120
   125:     2049.100     2060.100     2122.100     2131.120     2141.100
   130:     2143.100     2206.120     2227.100     2501.100     2507.100
   135:     2513.120     2542.330     2621.120     2642.510     2642.120
   140:     2687.110     2691.110     2693.110     2764.110     2769.110
   145:     2775.110     2819.110     2824.110     2837.120     2840.120
   150:     2950.110     2956.110     2960.110     2965.110     2969.120
   155:     2995.120     2997.120     3004.110     3008.110     3012.110
   160:     3014.110     3022.110     3030.110     3035.110     3036.110
   165:     3039.120     3070.110     3072.110     3076.110     3078.110
   170:     3084.110     3087.110     3090.110     3094.110     3104.110
   175:     3122.110     3124.110     3127.110     3129.110     3130.110
   180:     3132.110     3136.110     3142.110     3155.110     3157.110
   185:     3160.110     3169.110     3179.110     3183.110     3183.210
   190:     3187.120     3233.310     3333.510     3780.120     3816.110
   195:     3819.110     3827.110     3832.110     3839.110     3846.110
   200:     3853.110     3857.120     3876.110     3876.210     3880.120
   205:     3926.310     3992.120     4026.500     4240.120     4511.120
   210:     4512.120     4537.120     4547.100     4595.120     4604.100
   215:     4652.100     4664.200     4671.120     4714.300     4765.120
   220:     4814.500     5023.120     5218.120     5219.120     5580.120
   225:     5605.100     5631.100     5665.200     5676.120     5715.300
   230:     5815.510     5960.120     6045.120     6070.120     6071.120
   235:     6083.110     6275.110     6276.110     6283.120     6354.120
   240:     6372.110     6385.110     6386.110     6396.110     6399.110
   245:     6409.110     6415.110     6416.110     6421.110     6426.110
   250:     6433.110     6441.110     6447.110     6453.110     6454.110
   255:     6456.110     6486.120     6494.110     6494.210     6500.120
   260:     6544.310     6591.120     6644.510     6859.120     7161.110
   265:     7181.120     7203.110     7212.110     7215.110     7220.110
   270:     7232.110     7242.110     7244.110     7248.110     7256.110
   275:     7267.110     7271.110     7278.110     7280.110     7285.110
   280:     7291.110     7293.110     7293.210     7298.120     7343.310
   285:     7443.500     7646.120     7997.120     8006.100     8066.200
   290:     8084.120     8116.300     8216.500     8723.120     8735.120
   295:     8761.100     8821.200     8827.120     8871.300     8929.120
   300:     8971.510     9142.120     9166.120     9197.110     9455.120
   305:     9486.110     9489.110     9495.120     9495.120     9513.110
   310:     9515.110     9520.110     9522.110     9528.110     9530.110
   315:     9533.110     9545.110     9546.110     9550.110     9552.110
   320:     9560.110     9570.110     9576.110     9577.110     9579.110
   325:     9618.120     9629.110     9629.210     9634.120     9679.310
   330:     9779.500     9967.120    10334.120    10387.100    10419.100
   335:    10447.200    10454.120    10497.300    10538.120    10597.510
   340:    10732.120    10995.110    10998.110    11056.110    11063.120
   345:    11090.110    11093.110    11098.110    11105.110    11108.110
   350:    11114.110    11116.110    11119.120    11120.120    11126.110
   355:    11129.110    11134.110    11140.110    11142.110    11148.110
   360:    11159.110    11161.110    11175.110    11186.110    11194.110
   365:    11195.110    11198.110    11205.110    11207.110    11213.110
   370:    11216.110    11225.110    11226.110    11229.110    11233.110
   375:    11234.110    11235.110    11238.110    11243.110    11248.110
   380:    11248.210    11252.120    11298.310    11362.120    11398.510
   385:    11723.110    11796.110    11863.110    11932.110    11939.120
   390:    11942.120    11944.120    11947.120    11966.110    11972.110
   395:    11977.110    11979.110    11986.110    11990.110    11993.110
   400:    11995.110    12003.110    12005.110    12006.110    12059.120
   405:    12067.110    12067.210    12069.110    12072.120    12117.310
   410:    12155.120    12217.510    12355.120    12757.120    12770.120
   415:    12780.110    12792.110    12801.110    12802.110    12809.110
   420:    12827.110    12836.110    12838.110    12842.110    12843.110
   425:    12849.110    12857.110    12860.110    12867.110    12867.210
   430:    12874.120    12917.310    13017.500    13383.100    13446.120
   435:    13455.100    13533.100    13586.100    13646.200    13654.120
   440:    13696.300    13737.120    13796.500    13879.120    14129.120
   445:    14161.120    14169.120    14176.100    14294.120    14312.100
   450:    14343.100    14394.100    14403.200    14410.120    14453.300
   455:    14553.540    14850.110    14856.120    15036.120    15057.110
   460:    15059.110    15066.110    15070.110    15073.110    15077.120
   465:    15094.110    15101.110    15103.110    15108.110    15112.110
   470:    15115.110    15120.110    15122.110    15124.110    15127.110
   475:    15129.110    15135.110    15137.110    15139.110    15152.110
   480:    15156.110    15160.110    15165.110    15167.110    15172.110
   485:    15184.110    15186.110    15193.120    15206.110    15208.110
   490:    15209.110    15219.110    15221.110    15223.110    15226.110
   495:    15227.110    15229.110    15233.110    15235.110    15242.110
   500:    15245.110    15248.110    15254.110    15256.110    15272.110
   505:    15285.110    15286.110    15289.110    15295.110    15298.120
   510:    15371.110    15388.110    15393.110    15394.110    15399.110
   515:    15407.110    15416.110    15418.110    15428.110    15431.110
   520:    15433.110    15436.110    15474.110    15481.110    15493.110
   525:    15499.110    15550.110    15558.110    15560.110    15566.110
   530:    15579.120    15585.120    15600.120    15602.120    16060.120
   535:    16086.120    16088.120    16098.110    16104.110    16233.110
   540:    16242.120    16249.120    16284.110    16289.110    16293.110
   545:    16297.110    16307.110    16311.110    16317.110    16321.110
   550:    16323.110    16325.110    16333.110    16335.110    16353.340
   555:    16368.120    16396.120    16397.120    16453.500    16636.100
   560:    16674.100    16715.100    16750.120    16762.100    16827.100
   565:    16830.100    16833.100    16929.100    16998.100    17008.120
   570:    17013.120    17058.200    17063.120    17108.300    17208.500
   575:    17496.120    17824.120    17840.100    17847.100    17894.100
   580:    17900.200    17907.120    17950.300    18050.510    18373.120
   585:    18413.110    18420.110    18424.110    18427.110    18431.110
   590:    18444.110    18457.110    18461.110    18462.110    18465.120
   595:    18482.120    18489.110    18493.110    18496.110    18500.110
   600:    18501.110    18508.110    18514.110    18516.110    18518.110
   605:    18522.110    18524.110    18531.110    18545.110    18551.110
   610:    18558.110    18561.110    18563.110    18564.110    18565.110
   615:    18567.110    18581.120    18599.110    18601.110    18604.110
   620:    18613.110    18620.110    18625.110    18627.110    18630.120
   625:    18655.110    18657.110    18661.110    18673.110    18676.110
   630:    18682.110    18683.110    18686.110    18690.110    18692.110
   635:    18721.110    18721.210    18726.120    18771.310    18871.510
   640:    19086.120    19524.120    19532.110    19532.210    19537.120
   645:    19582.310    19682.500    19832.120    20100.120    20112.100
   650:    20254.100    20257.100    20314.200    20321.120    20364.300
   655:    20464.510    20984.110    20993.120    21033.110    21044.110
   660:    21049.110    21055.110    21062.110    21066.110    21072.110
   665:    21073.110    21075.110    21082.110    21086.110    21089.110
   670:    21097.110    21102.110    21106.110    21108.110    21126.110
   675:    21126.210    21132.120    21176.310    21276.500    21383.120
   680:    21688.120    21714.100    21748.100    21787.100    21844.100
   685:    21899.100    21901.100    21904.200    21912.120    21954.300
   690:    21993.120    22054.510    22399.120    22442.110    22522.110
   695:    22526.110    22530.120    22561.120    22572.110    22575.110
   700:    22580.110    22592.110    22596.110    22599.120    22621.110
   705:    22628.110    22636.110    22642.110    22654.110    22656.110
   710:    22659.110    22660.110    22661.110    22663.110    22670.110
   715:    22681.110    22684.110    22688.110    22689.110    22691.110
   720:    22712.120    22721.110    22721.210    22724.110    22727.120
   725:    22771.310    22871.500    23268.120    23274.120    23295.100
   730:    23332.100    23467.100    23483.100    23490.100    23527.200
   735:    23537.120    23577.300    23614.120    23677.510    23872.110
   740:    24066.110    24218.120    24224.120    24242.110    24252.110
   745:    24256.110    24258.110    24261.120    24275.110    24282.110
   750:    24285.110    24292.110    24293.110    24295.110    24302.110
   755:    24312.110    24318.110    24320.110    24322.110    24334.120
   760:    24344.110    24344.210    24347.110    24350.120    24394.310
   765:    24494.500    24965.100    24966.100    24992.120    24998.120
   770:    25000.120    25011.100    25049.100    25101.100    25109.200
   775:    25116.120    25159.300    25259.500    25484.120    26006.120
   780:    26027.100    26087.100    26087.200    26096.120    26137.300
   785:    26237.510    26344.110    26476.110    26483.120    26612.120
   790:    26650.110    26654.110    26660.110    26664.110    26677.110
   795:    26684.120    26725.110    26729.110    26803.120    26829.110
   800:    26836.110    26849.110    26854.110    26856.110    26860.110
   805:    26872.110    26885.110    26886.110    26886.210    26891.120
   810:    26936.310    27036.540    27380.120    27393.110    27399.110
   815:    27414.110    27570.120    27580.110    27584.110    27588.110
   820:    27592.110    27596.110    27599.110    27604.110    27605.110
   825:    27607.110    27631.110    27642.110    27645.110    27649.110
   830:    27651.110    27656.110    27662.110    27665.110    27670.110
   835:    27677.110    27679.110    27683.110    27686.120    27702.120
   840:    27711.110    27724.110    27732.110    27734.110    27739.110
   845:    27752.110    27755.110    27765.110    27768.110    27772.110
   850:    27779.110    27780.110    27782.110    27788.110    27799.110
   855:    27801.110    27816.110    27820.110    27828.110    27833.110
   860:    27839.110    27840.110    27841.110    27846.110    27849.110
   865:    27856.110    27857.110    27858.110    27860.110    27867.110
   870:    27868.110    27878.120    27893.120    27910.110    27912.110
   875:    27915.110    27926.110    27933.110    27935.110    27936.110
   880:    27938.110    27942.110    27943.110    27954.110    27957.110
   885:    27963.110    27983.110    28001.110    28008.110    28010.110
   890:    28013.110    28018.120    28022.120    28022.120    28026.120
   895:    28136.110    28145.110    28147.110    28148.110    28151.110
   900:    28156.110    28173.110    28176.110    28177.110    28179.110
   905:    28183.110    28186.110    28201.110    28202.110    28208.120
   910:    28236.120    28243.110    28250.110    28251.110    28446.110
   915:    28464.120    28736.110    28742.110    28745.110    28748.110
   920:    28752.120    28836.340    28936.530    29131.120    29131.120
   925:    29137.120    29182.120    29193.100    29212.100    29275.100
   930:    29331.100    29374.100    29376.100    29379.100    29538.100
   935:    29546.120    29559.100    29570.100    29575.100    29630.100
   940:    29639.120    29667.100    29724.100    29731.120    29759.100
   945:    29767.100    29898.100    29904.120    29906.120    29907.120
   950:    29908.120    29959.120    30150.100    30172.120    30215.120
   955:    30232.120    30234.120    30506.100    30542.100    30555.100
   960:    30561.120    30568.100    30579.100    30639.100    30709.100
   965:    30717.120    30730.100    30736.330    30808.120    30809.120
   970:    30836.510    31029.110    31031.110    31039.120    31063.110
   975:    31126.110    31133.120    31171.110    31178.110    31181.110
   980:    31184.110    31188.110    31194.110    31209.110    31215.110
   985:    31281.120    31287.110    31292.110    31295.110    31298.110
   990:    31304.110    31307.110    31312.110    31314.110    31319.110
   995:    31322.110    31326.110    31329.110    31329.110    31339.110
  1000:    31345.110    31347.110    31349.110    31354.110    31359.110
  1005:    31366.120    31390.110    31392.110    31401.110    31403.110
  1010:    31407.110    31409.110    31413.110    31416.110    31418.110
  1015:    31424.120    31449.110    31450.110    31459.110    31465.110
  1020:    31466.110    31468.110    31475.110    31488.110    31488.210
  1025:    31493.120    31538.310    31577.120    31638.500    31772.120
  1030:    32145.100    32186.100    32228.100    32246.200    32254.120
  1035:    32296.300    32396.500    32915.120    32946.100    32952.120
  1040:    32966.100    33000.100    33006.200    33013.120    33056.300
  1045:    33156.510    33771.110    33779.110    33800.110    33803.110
  1050:    33805.120    33810.120    33818.110    33818.210    33823.120
  1055:    33868.310    33968.500    34281.120    34297.100    34347.100
  1060:    34349.100    34380.100    34424.100    34462.100    34512.100
  1065:    34515.100    34515.100    34572.200    34587.120    34622.300
  1070:    34722.500    35001.120    35032.100    35299.100    35346.120
  1075:    35359.200    35359.100    35366.120    35409.300    35441.120
  1080:    35509.510    36084.120    36097.110    36101.110    36110.110
  1085:    36117.110    36121.120    36122.120    36129.110    36136.110
  1090:    36142.110    36151.110    36160.110    36160.210    36162.110
  1095:    36164.110    36167.120    36210.310    36310.510    36881.110
  1100:    36886.110    36893.110    36900.110    36903.110    36907.110
  1105:    36914.110    36922.110    36925.120    36927.120    36927.120
  1110:    36935.110    36939.110    36949.110    36951.110    36957.110
  1115:    36973.110    36983.110    36985.110    36987.110    36990.110
  1120:    36991.110    36993.110    36999.110    37002.110    37005.110
  1125:    37017.110    37023.110    37025.110    37029.110    37032.110
  1130:    37036.110    37042.110    37052.110    37060.110    37061.110
  1135:    37062.110    37064.120    37075.110    37077.110    37080.110
  1140:    37088.110    37092.110    37101.110    37103.110    37105.110
  1145:    37107.110    37111.110    37113.110    37121.110    37124.110
  1150:    37127.110    37131.120    37169.120    37176.110    37176.210
  1155:    37179.110    37182.120    37226.310    37326.510    37752.120
  1160:    37874.120    37880.110    37888.110    37891.110    37900.110
  1165:    37907.110    37910.110    37917.110    37922.110    37930.110
  1170:    37936.110    37943.110    37959.110    37966.110    37967.110
  1175:    37971.120    37984.120    37994.110    37997.110    38001.110
  1180:    38005.110    38007.110    38013.110    38020.110    38030.110
  1185:    38037.120    38068.110    38072.110    38077.110    38079.110
  1190:    38081.110    38122.110    38135.110    38142.110    38145.110
  1195:    38155.110    38169.110    38173.110    38177.110    38178.110
  1200:    38182.110    38195.120    38763.120    38795.110    38795.210
  1205:    38801.120    38845.310    38945.510    39452.120    39481.110
  1210:    39491.110    39499.110    39501.110    39512.110    39519.110
  1215:    39521.110    39525.110    39530.110    39534.110    39541.110
  1220:    39571.120    39578.110    39595.110    39596.110    39599.110
  1225:    39603.110    39619.110    39632.110    39633.110    39637.110
  1230:    39639.110    39641.110    39643.110    39647.120    39648.120
  1235:    39650.120    39658.110    39661.110    39669.110    39679.110
  1240:    39681.110    39683.110    39684.110    39700.110    39708.110
  1245:    39709.110    39710.110    39713.110    39714.110    39742.110
  1250:    39744.110    39746.110    39747.110    39748.110    39766.110
  1255:    39782.110    39793.110    39798.110    39800.110    39802.110
  1260:    39806.120    39808.120    39951.110    39951.210    39956.120
  1265:    40001.310    40031.120    40058.120    40059.120    40061.120
  1270:    40066.120    40067.120    40079.120    40101.500    40411.120
  1275:    40455.100    40574.100    40616.100    40618.100    40651.100
  1280:    40653.100    40675.100    40679.120    40692.100    40711.200
  1285:    40721.120    40761.300    40861.500    41618.100    41627.120
  1290:    41655.100    41678.200    41687.120    41728.300    41828.510
E:
     0:     1295.000      192.000      796.000
F:
     0:       70.000       26.737       37.067
G:
     0:        1.000        1.000        1.000        1.000        1.000
     5:        1.000        1.000        1.000        1.000        0.000
H:
     0:        1.000        1.000        2.000        2.000
L:
     0:     6484.000     8611.000     6325.000     6152.000     6774.000
     5:     6392.000     6166.000     6146.000     7020.000     6418.000
    10:     6377.000     6660.000     6248.000     8383.000     6179.000
    15:     6201.000     6141.000     6472.000     6201.000     8269.000
R:
     0:        1.000        1.000        1.000        1.000        1.000
     5:        1.000        1.000        1.000        1.000        0.000
S:
     0:        1.000        1.000
U:
     0:     8611.000        1.000        0.000
X:
     0:        0.000      182.002      256.004      487.006      525.008
     5:      589.010      639.012      693.014      696.016      746.018
    10:      766.020      822.022      834.024      836.026      891.028
    15:      901.030     1033.032     1076.034     1078.036     1139.038
    20:     1259.040     1307.042     1318.044     1380.046     1398.048
    25:     1401.050     1484.052     1758.054     1765.056     3805.001
    30:     3862.002     3909.003     3922.003     3972.000     3972.000
    35:     4763.001     4789.002     4823.002     4873.000     4873.000
    40:     5435.001     5495.001     5545.000     5545.000     6090.001
    45:     6150.001     6200.000     6200.000     6807.001     6839.002
    50:     6867.002     6917.000     6917.000     7282.001     7354.002
    55:     7432.003     7486.004     7546.004     7596.000     7596.000
    60:     7975.001     8111.002     8142.003     8193.004     8202.004
    65:     8252.000     8252.000     8252.169     8252.170     8252.171
    70:     8252.172     8252.173     8252.174     8252.175     8252.176
    75:     8252.177     8252.177     8252.000     8252.000     8252.001
    80:     8252.002     8252.003     8252.003     8252.000     8252.000
    85:     8681.001     8823.002     8826.003     8883.003     8933.000
    90:     8933.000     9370.001     9404.002     9443.003     9500.004
    95:     9555.005     9558.006     9560.006     9610.000     9610.000
   100:    10033.001    10070.002    10205.003    10221.004    10228.005
   105:    10266.005    10316.000    10316.000    10786.001    10788.002
   110:    10832.003    10870.004    10922.005    10930.005    10980.000
   115:    10980.000    11748.001    11807.002    11808.002    11858.000
   120:    11858.000    11858.192    11858.194    11858.196    11858.198
   125:    11858.200    11858.202    11858.204    11858.206    11858.208
   130:    11858.210    11858.212    11858.214    11858.216    11858.218
   135:    11858.220    11858.222    11858.224    11858.226    11858.228
   140:    11858.230    11858.232    11858.234    11858.236    11858.238
   145:    11858.240    11858.242    12364.001    12405.002    12447.003
   150:    12465.003    12515.000    12515.000    13065.001    13084.002
   155:    13119.003    13125.003    13175.000    13175.000    13503.001
   160:    13554.002    13556.003    13587.004    13631.005    13668.006
   165:    13719.007    13721.008    13722.009    13779.009    13829.000
   170:    13829.000    14138.001    14406.002    14466.002    14466.003
   175:    14516.000    14516.000    14869.001    14989.002    15030.003
   180:    15032.004    15066.005    15068.006    15090.007    15107.008
   185:    15126.008    15176.000    15176.000    15932.001    15970.002
   190:    15992.002    16042.000
Y:
     0:        0.000       31.001       38.002       44.003       48.004
     5:      127.005      187.006      195.007      200.008      202.009
    10:      205.010      245.011      253.012      258.013      259.014
    15:      263.015      273.016      275.017      283.018      289.019
    20:      292.020      293.021      295.022      304.023      306.024
    25:      310.025      315.026      319.027      322.028      323.029
    30:      379.030      383.031      418.032      425.033      435.034
    35:      440.035      445.036      461.037      465.038      469.039
    40:      470.040      496.041      504.042      510.043      512.044
    45:      513.045      519.046      522.047      528.048      592.049
    50:      592.049      642.000      642.000      642.057      642.058
    55:      642.059      642.060      642.061      642.062      642.063
    60:      642.064      642.065      642.066      642.067      642.068
    65:      642.069      642.070      642.071      642.072      642.073
    70:      642.074      642.075      642.076      642.077      642.078
    75:      642.079      642.080      642.081      642.082      642.083
    80:      642.084      642.085      642.086      642.087      642.088
    85:      642.089      642.090      642.091      642.092      642.093
    90:      642.094      642.095      642.096      642.097      642.098
    95:      642.099      642.099      642.000      642.000      642.001
   100:      642.002      642.003      642.004      642.005      642.006
   105:      642.007      642.008      642.008      642.000      642.000
   110:      910.001     1101.002     1103.003     1199.004     1211.005
   115:     1213.006     1222.007     1226.008     1235.009     1242.010
   120:     1243.011     1247.012     1252.013     1260.014     1267.015
   125:     1273.016     1279.017     1281.018     1282.019     1320.020
   130:     1320.020     1370.000     1370.000     1887.001     1928.002
   135:     1938.003     1940.004     1945.005     1958.006     1968.007
   140:     1969.008     1974.009     1982.010     1993.011     1996.012
   145:     2004.013     2005.014     2010.015     2017.016     2019.017
   150:     2019.017     2069.000     2069.000     2294.001     2583.002
   155:     2586.003     2611.004     2613.005     2617.006     2620.007
   160:     2625.008     2628.009     2631.010     2643.011     2644.012
   165:     2647.013     2650.014     2657.015     2668.016     2673.017
   170:     2675.018     2676.019     2727.020     2727.020     2777.000
   175:     2777.000     3174.001     3177.002     3236.003     3269.004
   180:     3272.005     3277.006     3284.007     3287.008     3293.009
   185:     3295.010     3306.011     3309.012     3314.013     3320.014
   190:     3321.015     3328.016     3338.017     3341.018     3355.019
   195:     3365.020     3373.021     3375.022     3378.023     3384.024
   200:     3386.025     3393.026     3396.027     3404.028     3406.029
   205:     3409.030     3412.031     3414.032     3415.033     3417.034
   210:     3423.035     3427.036     3427.036     3477.000     3477.000
   215:     3802.001     3874.002     3942.003     4011.004     4045.005
   220:     4051.006     4056.007     4058.008     4065.009     4069.010
   225:     4072.011     4074.012     4082.013     4083.014     4085.015
   230:     4145.016     4145.016     4147.017     4195.000     4195.000
   235:     4758.001     4769.002     4779.003     4780.004     4787.005
   240:     4804.006     4814.007     4816.008     4820.009     4821.010
   245:     4827.011     4835.012     4838.013     4845.014     4845.014
   250:     4895.000     4895.000     5191.002     5398.004     5401.006
   255:     5407.008     5412.010     5414.012     5435.014     5442.016
   260:     5445.018     5450.020     5453.022     5457.024     5462.026
   265:     5464.028     5466.030     5469.032     5470.034     5476.036
   270:     5478.038     5480.040     5493.042     5497.044     5502.046
   275:     5507.048     5508.050     5514.052     5525.054     5527.056
   280:     5547.058     5550.060     5551.062     5561.064     5563.066
   285:     5564.068     5567.070     5568.072     5570.074     5574.076
   290:     5576.078     5584.080     5586.082     5590.084     5595.086
   295:     5597.088     5614.090     5626.092     5628.094     5630.096
   300:     5636.098     5713.100     5729.102     5734.104     5735.106
   305:     5741.108     5749.110     5757.112     5760.114     5770.116
   310:     5772.118     5775.120     5777.122     5816.124     5823.126
   315:     5835.128     5840.130     5892.132     5900.134     5902.136
   320:     5907.138     6439.140     6445.142     6574.144     6625.146
   325:     6630.148     6634.150     6638.152     6649.154     6653.156
   330:     6659.158     6663.160     6664.162     6666.164     6675.166
   335:     6677.168     8754.001     8762.002     8765.003     8768.004
   340:     8772.005     8785.006     8798.007     8802.008     8804.009
   345:     8830.010     8835.011     8838.012     8841.013     8842.014
   350:     8849.015     8855.016     8857.017     8859.018     8863.019
   355:     8865.020     8872.021     8887.022     8892.023     8900.024
   360:     8903.025     8904.026     8905.027     8907.028     8909.029
   365:     8940.030     8942.031     8945.032     8954.033     8962.034
   370:     8967.035     8968.036     8996.037     8998.038     9002.039
   375:     9015.040     9018.041     9024.042     9025.043     9027.044
   380:     9031.045     9034.046     9062.047     9063.047     9113.000
   385:     9113.000     9774.001     9774.001     9824.000     9824.000
   390:    10344.001    10392.002    10403.003    10408.004    10415.005
   395:    10422.006    10425.007    10431.008    10433.009    10434.010
   400:    10442.011    10446.012    10448.013    10456.014    10461.015
   405:    10465.016    10467.017    10485.018    10486.018    10536.000
   410:    10536.000    10923.001    11003.002    11008.003    11054.004
   415:    11057.005    11061.006    11073.007    11077.008    11103.009
   420:    11110.010    11117.011    11124.012    11136.013    11137.014
   425:    11140.015    11141.016    11142.017    11144.018    11152.019
   430:    11162.020    11165.021    11169.022    11171.023    11172.024
   435:    11203.025    11203.025    11205.026    11253.000    11253.000
   440:    11447.001    11641.002    11818.003    11827.004    11831.005
   445:    11833.006    11851.007    11857.008    11861.009    11867.010
   450:    11868.011    11870.012    11877.013    11887.014    11893.015
   455:    11895.016    11897.017    11919.018    11919.018    11922.019
   460:    11969.000    11969.000    12075.001    12208.002    12381.003
   465:    12385.004    12392.005    12395.006    12408.007    12456.008
   470:    12460.009    12561.010    12567.011    12580.012    12586.013
   475:    12587.014    12591.015    12603.016    12616.017    12617.018
   480:    12617.018    12667.000    12667.000    13024.002    13029.004
   485:    13044.006    13211.008    13215.010    13219.012    13222.014
   490:    13226.016    13230.018    13235.020    13236.022    13238.024
   495:    13262.026    13272.028    13276.030    13279.032    13281.034
   500:    13287.036    13292.038    13296.040    13301.042    13308.044
   505:    13310.046    13313.048    13342.050    13355.052    13363.054
   510:    13364.056    13370.058    13382.060    13386.062    13396.064
   515:    13399.066    13403.068    13409.070    13411.072    13413.074
   520:    13419.076    13430.078    13431.080    13446.082    13450.084
   525:    13459.086    13464.088    13469.090    13470.092    13472.094
   530:    13477.096    13480.098    13486.100    13488.102    13489.104
   535:    13491.106    13497.108    13499.110    13541.112    13543.114
   540:    13545.116    13556.118    13563.120    13565.122    13567.124
   545:    13568.126    13572.128    13574.130    13584.132    13588.134
   550:    13594.136    13614.138    13632.140    13638.142    13641.144
   555:    13643.146    13767.148    13776.150    13777.152    13779.154
   560:    13782.156    13787.158    13804.160    13806.162    13808.164
   565:    13809.166    13814.168    13817.170    13831.172    13833.174
   570:    13874.176    13880.178    13882.180    14076.182    14366.184
   575:    14373.186    14376.188    14379.190    16659.243    16662.244
   580:    16694.245    16756.246    16802.247    16809.248    16812.249
   585:    16815.250    16818.251    16824.252    16839.253    16845.254
   590:    16918.255    16923.256    16925.257    16929.258    16934.259
   595:    16937.260    16943.261    16944.262    16949.263    16952.264
   600:    16957.265    16959.266    16960.267    16970.268    16976.269
   605:    16977.270    16979.271    16985.272    16989.273    17020.274
   610:    17022.275    17032.276    17033.277    17037.278    17040.279
   615:    17044.280    17047.281    17049.282    17080.283    17081.284
   620:    17090.285    17095.286    17097.287    17098.288    17106.289
   625:    17119.290    17119.290    17169.000    17169.000    17783.001
   630:    17791.002    17812.003    17815.004    17830.005    17830.005
   635:    17880.000    17880.000    18467.001    18471.002    18480.003
   640:    18487.004    18499.005    18506.006    18512.007    18521.008
   645:    18530.009    18530.009    18533.010    18534.011    18580.000
   650:    18580.000    19151.001    19156.002    19163.003    19170.004
   655:    19173.005    19177.006    19184.007    19191.008    19205.009
   660:    19209.010    19219.011    19221.012    19227.013    19243.014
   665:    19253.015    19255.016    19257.017    19260.018    19261.019
   670:    19262.020    19269.021    19272.022    19275.023    19287.024
   675:    19293.025    19295.026    19298.027    19302.028    19306.029
   680:    19312.030    19322.031    19330.032    19331.033    19332.034
   685:    19345.035    19347.036    19350.037    19358.038    19362.039
   690:    19371.040    19373.041    19375.042    19377.043    19381.044
   695:    19382.045    19391.046    19394.047    19397.048    19446.049
   700:    19446.049    19449.050    19496.000    19496.000    20049.001
   705:    20057.002    20060.003    20069.004    20076.005    20079.006
   710:    20086.007    20091.008    20099.009    20105.010    20112.011
   715:    20128.012    20135.013    20136.014    20163.015    20167.016
   720:    20170.017    20174.018    20176.019    20182.020    20189.021
   725:    20199.022    20237.023    20241.024    20246.025    20248.026
   730:    20250.027    20291.028    20305.029    20311.030    20314.031
   735:    20324.032    20338.033    20342.034    20346.035    20347.036
   740:    20351.037    20964.038    20964.038    21014.000    21014.000
   745:    21549.001    21559.002    21567.003    21569.004    21581.005
   750:    21587.006    21589.007    21593.008    21598.009    21602.010
   755:    21609.011    21647.012    21663.013    21664.014    21668.015
   760:    21672.016    21687.017    21700.018    21701.019    21706.020
   765:    21707.021    21709.022    21711.023    21726.024    21729.025
   770:    21737.026    21747.027    21749.028    21751.029    21753.030
   775:    21768.031    21776.032    21777.033    21779.034    21781.035
   780:    21782.036    21810.037    21812.038    21814.039    21815.040
   785:    21817.041    21834.042    21850.043    21862.044    21867.045
   790:    21868.046    21870.047    22019.048    22019.048    22069.000
   795:    22069.000
