File: C:\MED-PC\Data\2018-05-23_10h46m_Subject M329.txt


Start Date: 05/23/18
End Date: 05/23/18
Subject: M329
Experiment: DOBLE_PICO_ACO
Group: EXP
Box: 9
Start Time: 10:46:03
End Time: 11:59:50
MSN: IF_ACO_MULTIPLE_PICO
A:     405.000
B:      19.000
D:      21.000
I:       1.000
J:   18000.000
K:    5400.000
M:      10.000
N:      19.000
O:      21.000
P:     712.000
Q:       0.000
T:    1000.000
V:     600.000
W:      19.000
Z:       0.000
C:
     0:        0.120        0.120        0.120        0.120        0.120
     5:        0.510       81.120      107.120      192.110      249.120
    10:      257.120      265.110      270.120      288.120      301.110
    15:      306.120      357.120      365.120      374.110      379.120
    20:      388.120      393.120      407.110      416.120      422.120
    25:      455.110      458.110      461.120      513.110      517.120
    30:      532.120      536.120      545.120      551.110      551.210
    35:      555.120      601.310      701.510     1033.120     1034.120
    40:     1051.120     1174.110     1179.120     1191.120     1194.120
    45:     1201.120     1204.120     1216.110     1219.110     1222.120
    50:     1236.120     1238.120     1254.110     1254.210     1258.120
    55:     1304.310     1404.510     1832.120     1909.120     1926.110
    60:     1998.110     1998.210     2002.120     2048.310     2148.530
    65:     2360.120     2376.120     2446.120     2460.100     2469.120
    70:     2473.120     2480.120     2488.120     2504.100     2507.100
    75:     2511.100     2521.120     2522.120     2544.100     2548.100
    80:     2550.100     2555.100     2558.100     2574.120     2579.120
    85:     2601.100     2617.100     2621.100     2625.100     2628.100
    90:     2643.120     2645.120     2650.120     2660.120     2697.100
    95:     2700.100     2703.100     2718.120     2785.120     2841.100
   100:     2858.100     2861.100     2864.100     2864.100     2866.100
   105:     2868.100     2875.100     2888.120     2928.120     2929.120
   110:     2959.100     2977.100     3048.100     3062.100     3065.100
   115:     3067.100     3071.100     3079.100     3082.100     3090.120
   120:     3116.120     3141.100     3145.120     3149.120     3156.120
   125:     3158.120     3183.120     3184.120     3193.120     3207.120
   130:     3257.120     3264.120     3362.100     3487.100     3501.100
   135:     3554.100     3556.100     3582.100     3588.100     3591.100
   140:     3594.100     3597.100     3609.100     3614.100     3620.120
   145:     3714.120     3731.100     3739.100     3741.100     3746.100
   150:     3750.100     3755.100     3756.120     3759.120     3760.120
   155:     3804.100     3808.100     3810.100     3813.100     3817.100
   160:     3819.100     3836.120     3858.120     3863.120     3876.100
   165:     3880.100     3882.100     3885.100     3887.100     3899.120
   170:     3908.120     3909.120     3910.120     3911.120     3937.120
   175:     3948.330     4048.500     4162.120     4361.100     4366.100
   180:     4372.100     4377.100     4385.120     4411.100     4415.100
   185:     4417.100     4419.100     4424.100     4426.100     4432.100
   190:     4445.120     4473.100     4478.100     4481.100     4488.100
   195:     4490.100     4498.120     4503.120     4521.120     4525.120
   200:     4536.120     4539.120     4582.120     4596.120     4598.120
   205:     4598.120     4681.120     4882.120     4898.100     4905.100
   210:     4907.100     4910.100     4912.100     4915.100     4917.100
   215:     4922.100     4926.100     4932.120     4958.200     4961.120
   220:     5004.120     5008.300     5108.500     5262.120     5482.120
   225:     5500.120     5500.120     5520.100     5524.100     5525.100
   230:     5529.100     5541.120     5570.100     5573.100     5582.100
   235:     5585.100     5587.100     5604.120     5645.100     5650.100
   240:     5652.100     5655.100     5658.100     5660.100     5664.100
   245:     5675.100     5679.100     5683.100     5685.100     5699.120
   250:     5710.200     5760.300     5860.510     6106.120     6131.110
   255:     6235.110     6240.110     6243.120     6251.120     6444.110
   260:     6448.110     6452.120     6461.120     6473.110     6477.110
   265:     6481.120     6492.120     6499.120     6515.110     6520.110
   270:     6524.120     6531.120     6537.120     6563.110     6567.110
   275:     6572.120     6583.120     6594.120     6595.120     6609.110
   280:     6612.110     6613.110     6617.120     6658.120     6665.110
   285:     6668.110     6670.110     6716.120     6724.110     6733.110
   290:     6735.110     6738.110     6740.110     6746.120     6787.110
   295:     6787.210     6790.120     6837.310     6937.540     7159.120
   300:     7445.120     7448.120     7461.120     7469.110     7472.110
   305:     7476.120     7690.110     7699.110     7703.120     7716.110
   310:     7720.110     7725.110     7726.120     7726.120     7735.120
   315:     7753.110     7757.120     7764.120     7766.120     7768.120
   320:     7772.120     7783.110     7787.110     7793.110     7797.120
   325:     7817.120     7825.120     7830.110     7835.110     7839.110
   330:     7841.120     7863.120     7874.110     7879.110     7881.110
   335:     7894.120     7913.120     7918.110     7928.110     7931.110
   340:     7932.110     7936.110     7938.110     7942.110     7949.110
   345:     7956.110     7962.120     7974.110     7997.110     8000.110
   350:     8002.110     8004.110     8009.110     8013.110     8016.120
   355:     8035.110     8038.110     8041.110     8043.110     8048.120
   360:     8105.120     8116.110     8124.110     8127.110     8148.120
   365:     8166.110     8170.110     8182.110     8184.110     8186.110
   370:     8189.110     8206.110     8232.110     8301.110     8308.110
   375:     8310.120     8353.110     8355.110     8359.110     8360.110
   380:     8363.110     8366.110     8377.110     8393.110     8400.110
   385:     8402.110     8407.110     8410.110     8431.120     8439.120
   390:     8446.120     8469.110     8471.110     8473.110     8477.110
   395:     8546.110     8549.110     8559.120     8564.120     8708.110
   400:     8715.120     8737.340     8837.500     8913.120     8917.120
   405:     8924.120     8947.120     8976.120     9001.100     9004.100
   410:     9006.100     9008.100     9012.120     9070.100     9074.100
   415:     9078.120     9080.120     9117.120     9137.120     9169.100
   420:     9173.100     9177.100     9179.100     9182.100     9193.100
   425:     9196.100     9199.100     9201.100     9208.120     9217.120
   430:     9258.100     9261.100     9265.100     9268.100     9270.100
   435:     9297.100     9301.100     9303.100     9384.100     9391.100
   440:     9400.100     9405.100     9410.100     9444.200     9449.120
   445:     9494.300     9495.120     9594.510     9703.120     9704.120
   450:     9826.120     9827.120     9884.120     9903.120     9906.120
   455:     9914.120     9948.110     9952.110     9999.110    10004.110
   460:    10009.120    10023.110    10030.120    10037.120    10038.120
   465:    10066.120    10079.110    10087.110    10089.110    10092.110
   470:    10096.110    10128.110    10134.110    10137.110    10138.110
   475:    10140.110    10141.110    10143.110    10151.120    10158.120
   480:    10159.120    10167.120    10169.120    10176.110    10186.120
   485:    10192.120    10195.120    10206.120    10222.110    10226.110
   490:    10229.110    10268.120    10280.120    10289.110    10303.110
   495:    10305.110    10309.110    10313.110    10315.110    10319.110
   500:    10323.110    10327.110    10329.110    10332.110    10335.110
   505:    10339.110    10342.120    10358.120    10376.110    10379.110
   510:    10380.110    10383.110    10395.110    10399.110    10400.110
   515:    10402.110    10404.110    10407.110    10409.120    10428.120
   520:    10441.110    10444.110    10451.110    10454.110    10486.110
   525:    10489.110    10491.110    10494.110    10505.110    10513.110
   530:    10518.110    10518.210    10521.120    10568.310    10668.510
   535:    11002.120    11183.110    11189.120    11200.120    11226.110
   540:    11229.110    11233.120    11263.120    11294.110    11313.110
   545:    11348.110    11352.110    11354.110    11361.120    11368.120
   550:    11378.120    11387.110    11393.110    11397.110    11399.110
   555:    11408.110    11412.110    11413.110    11417.110    11423.120
   560:    11437.120    11450.110    11452.110    11454.110    11456.110
   565:    11458.110    11460.120    11466.120    11466.120    11467.120
   570:    11468.120    11487.120    11504.110    11512.110    11514.110
   575:    11516.110    11519.110    11520.110    11522.110    11527.120
   580:    11554.120    11556.120    11561.120    11567.120    11580.110
   585:    11587.110    11591.110    11591.210    11593.110    11595.120
   590:    11641.310    11741.500    11928.120    11942.120    11944.120
   595:    11951.120    11964.120    12204.120    12212.100    12256.120
   600:    12272.100    12279.100    12287.120    12349.100    12353.100
   605:    12355.100    12358.100    12362.120    12369.120    12381.120
   610:    12385.120    12390.120    12407.100    12409.100    12409.200
   615:    12414.120    12447.120    12459.300    12559.500    12900.120
   620:    13205.100    13213.100    13221.100    13224.100    13228.120
   625:    13249.100    13252.100    13255.100    13258.100    13260.100
   630:    13265.200    13270.120    13315.300    13415.500    13534.120
   635:    13535.120    13564.120    14010.120    14017.120    14024.120
   640:    14041.120    14051.120    14055.120    14067.100    14071.100
   645:    14074.100    14077.100    14119.120    14123.120    14127.200
   650:    14177.300    14277.510    14538.120    14582.110    14674.110
   655:    14680.110    14687.120    14688.120    14705.120    14728.120
   660:    14733.120    14740.120    14751.110    14791.110    14796.110
   665:    14804.110    14808.110    14810.110    14811.110    14817.120
   670:    14830.120    14846.110    14848.110    14851.110    14853.110
   675:    14855.110    14857.110    14863.120    14873.120    14877.120
   680:    14907.110    14915.110    14920.110    14921.110    14922.110
   685:    14924.110    14928.110    14929.110    14935.110    14938.110
   690:    14940.110    14943.120    14967.120    14970.120    14975.110
   695:    14983.110    14985.110    14986.110    14989.110    14991.110
   700:    14993.110    14997.110    15001.110    15004.110    15006.110
   705:    15009.120    15029.120    15060.110    15066.110    15067.110
   710:    15069.110    15071.110    15074.110    15076.110    15077.110
   715:    15081.110    15086.110    15092.120    15139.110    15156.110
   720:    15158.110    15202.110    15202.210    15207.120    15252.310
   725:    15352.500    15502.120    15503.120    15537.120    15552.120
   730:    15866.120    15878.100    15887.120    15933.100    15937.100
   735:    15939.100    15941.100    15949.100    15989.100    15992.100
   740:    15993.200    15999.120    16043.300    16143.510    16422.120
   745:    16424.120    16873.120    16882.110    16884.110    16934.120
   750:    16941.110    16948.110    16953.110    16957.110    16961.110
   755:    16963.120    16971.120    16977.110    16983.110    16985.110
   760:    16987.110    16989.110    16991.110    16992.110    16995.110
   765:    17007.110    17009.110    17012.110    17019.110    17025.120
   770:    17073.110    17073.210    17077.120    17109.120    17123.310
   775:    17223.500    17273.120    17427.120    17706.120    17714.100
   780:    17719.100    17723.100    17784.100    17789.100    17791.100
   785:    17794.100    17798.100    17800.100    17805.120    17808.120
   790:    17833.120    17844.200    17845.120    17846.120    17894.300
   795:    17994.500    18279.120    18533.120    18570.100    18576.100
   800:    18582.100    18598.120    18630.200    18630.100    18635.120
   805:    18680.300    18780.510    18814.120    19109.120    19117.120
   810:    19283.120    19301.120    19304.120    19328.120    19335.120
   815:    19336.120    19351.110    19414.110    19417.110    19421.120
   820:    19432.120    19444.120    19462.110    19466.110    19469.110
   825:    19471.110    19476.120    19490.120    19513.120    19526.110
   830:    19532.120    19550.120    19550.120    19556.120    19563.120
   835:    19574.110    19580.110    19583.110    19584.110    19589.110
   840:    19591.110    19592.110    19594.110    19597.110    19598.110
   845:    19601.110    19603.110    19610.120    19629.120    19630.120
   850:    19643.110    19648.110    19656.110    19656.110    19659.110
   855:    19668.110    19672.110    19676.110    19680.110    19685.110
   860:    19686.110    19691.110    19693.110    19699.110    19706.110
   865:    19706.210    19710.120    19756.310    19856.510    19943.120
   870:    20200.120    20347.120    20364.110    20385.120    20397.110
   875:    20439.110    20553.110    20553.210    20558.120    20603.310
   880:    20703.500    20796.120    21022.120    21032.120    21047.100
   885:    21056.100    21070.100    21076.120    21112.100    21116.100
   890:    21118.100    21120.100    21122.100    21144.120    21154.120
   895:    21160.120    21162.120    21174.120    21197.100    21204.100
   900:    21208.100    21209.100    21224.120    21232.120    21245.120
   905:    21247.120    21307.100    21313.100    21318.100    21320.100
   910:    21324.100    21352.100    21356.100    21361.120    21367.200
   915:    21367.120    21417.300    21517.530    21674.120    21815.120
   920:    21828.120    22030.120    22037.120    22038.120    22039.120
   925:    22046.120    22047.120    22051.120    22055.120    22069.120
   930:    22085.120    22097.120    22099.120    22111.100    22116.100
   935:    22120.120    22122.120    22132.120    22140.120    22177.100
   940:    22181.100    22184.100    22186.100    22192.100    22194.100
   945:    22197.100    22202.120    22204.120    22234.100    22238.100
   950:    22243.100    22245.100    22249.100    22265.100    22271.120
   955:    22274.120    22274.120    22283.120    22309.120    22315.120
   960:    22351.120    22358.120    22397.100    22441.100    22446.100
   965:    22449.100    22454.120    22472.120    22489.120    22548.100
   970:    22556.100    22559.120    22574.120    22601.120    22626.120
   975:    22643.100    22798.120    22811.100    22826.100    22834.100
   980:    22840.100    22852.100    22855.100    22858.100    22863.100
   985:    22867.100    22872.120    22954.120    22959.120    22978.120
   990:    22987.120    22990.120    22996.120    23151.120    23264.120
   995:    23273.100    23317.330    23318.100    23417.510    23494.120
  1000:    23504.110    23511.110    23516.120    23523.120    23525.120
  1005:    23528.120    23552.110    23575.110    23580.110    23583.110
  1010:    23601.110    23603.110    23605.110    23608.110    23611.110
  1015:    23613.110    23614.110    23620.110    23627.120    23663.120
  1020:    23666.120    23674.110    23681.110    23691.110    23693.110
  1025:    23696.120    23702.120    23710.120    23717.120    23726.110
  1030:    23738.110    23741.110    23743.110    23746.110    23748.110
  1035:    23750.120    23759.120    23779.120    23793.120    23800.110
  1040:    23807.110    23811.110    23813.110    23815.110    23817.110
  1045:    23819.110    23821.110    23825.110    23829.110    23831.110
  1050:    23834.110    23837.110    23841.110    23847.110    23862.120
  1055:    23876.110    23884.110    23891.110    23894.110    23895.110
  1060:    23897.110    23900.110    23906.120    23943.120    23949.110
  1065:    23957.110    23960.110    23969.120    23979.120    23995.120
  1070:    24001.110    24011.110    24013.110    24018.110    24021.110
  1075:    24025.110    24027.120    24044.120    24047.120    24056.120
  1080:    24067.110    24067.210    24071.120    24117.310    24217.540
  1085:    24334.120    24335.120    24354.120    24558.120    24577.120
  1090:    24580.120    24582.120    24588.120    24619.120    24628.120
  1095:    24666.110    24673.110    24678.120    24679.120    24711.120
  1100:    24716.120    24718.120    24723.110    24738.120    24750.120
  1105:    24770.110    24777.110    24779.110    24782.110    24784.120
  1110:    24792.120    24808.110    24814.110    24817.110    24819.110
  1115:    24820.110    24822.110    24824.120    24845.120    24847.120
  1120:    24864.110    24870.110    24904.110    24907.110    24910.110
  1125:    24918.110    24922.110    24926.120    24942.120    24949.120
  1130:    24956.110    24963.110    24964.110    24967.110    24968.110
  1135:    24971.110    24974.110    24979.110    24983.110    24986.110
  1140:    24992.110    25000.110    25004.110    25008.120    25023.120
  1145:    25037.110    25045.110    25048.110    25054.110    25056.110
  1150:    25058.110    25060.110    25063.110    25067.110    25068.110
  1155:    25071.110    25074.120    25083.120    25087.120    25104.110
  1160:    25111.110    25114.110    25116.110    25123.110    25130.110
  1165:    25132.110    25144.120    25159.120    25166.110    25173.110
  1170:    25175.110    25178.110    25198.110    25202.110    25204.110
  1175:    25213.110    25219.110    25221.120    25221.120    25240.120
  1180:    25243.120    25253.110    25265.110    25267.110    25269.110
  1185:    25271.110    25287.110    25308.110    25331.120    25391.110
  1190:    25582.110    25589.120    25827.120    25836.110    25839.110
  1195:    25844.120    25847.120    25854.120    25907.110    25911.110
  1200:    25965.110    25968.110    25970.110    26017.340    26023.120
  1205:    26031.120    26117.510    26423.110    26516.110    26520.110
  1210:    26528.110    26532.110    26539.110    26543.110    26547.110
  1215:    26550.110    26557.120    26573.110    26575.110    26578.110
  1220:    26585.110    26593.110    26596.120    26609.120    26627.110
  1225:    26630.110    26633.110    26638.110    26647.110    26651.110
  1230:    26653.120    26666.120    26684.120    26689.110    26696.110
  1235:    26699.110    26704.110    26706.110    26708.110    26712.110
  1240:    26715.110    26718.110    26728.110    26736.110    26736.210
  1245:    26738.110    26740.120    26786.310    26886.500    27225.120
  1250:    27242.120    27248.120    27574.100    27577.100    27581.100
  1255:    27583.100    27586.100    27592.100    27599.120    27601.120
  1260:    27602.120    27613.100    27616.100    27620.100    27623.100
  1265:    27625.100    27627.100    27631.100    27634.200    27635.120
  1270:    27684.300    27784.500    27999.120    28295.120    28552.120
  1275:    28556.120    28559.120    28570.120    28579.100    28583.100
  1280:    28591.100    28595.100    28599.100    28602.100    28607.120
  1285:    28610.120    28612.120    28616.120    28625.120    28639.200
  1290:    28642.120    28672.120    28689.300    28789.510    29041.120
  1295:    29041.120    29305.120    29319.110    29326.110    29330.110
  1300:    29368.110    29372.110    29375.110    29381.120    29381.120
  1305:    29387.120    29401.110    29404.110    29404.210    29408.120
  1310:    29454.310    29554.510    29650.120    29802.120    30004.120
  1315:    30030.120    30033.120    30033.120    30036.120    30043.120
  1320:    30044.120    30056.120    30103.120    30106.120    30111.120
  1325:    30117.120    30123.120    30128.120    30133.120    30147.110
  1330:    30150.110    30153.110    30158.120    30178.120    30190.120
  1335:    30197.110    30197.210    30201.120    30247.310    30347.500
  1340:    30413.120    30465.120    30498.120    30902.100    30908.100
  1345:    30913.100    30916.100    30920.100    30930.120    30936.120
  1350:    30962.200    30972.120    31012.300    31112.500    31179.120
  1355:    31317.120    31318.120    31535.120    31542.120    32092.120
  1360:    32104.120    32126.100    32132.100    32135.100    32139.100
  1365:    32143.100    32146.120    32149.120    32153.120    32168.120
  1370:    32172.120    32174.120    32185.120    32186.200    32236.300
  1375:    32336.510    32351.120    32363.120    32419.120    32422.120
  1380:    32509.120    32514.120    32701.110    32707.110    32716.120
  1385:    32758.120    32772.110    32778.110    32783.110    32787.110
  1390:    32790.120    32802.120    32816.120    32829.110    32832.110
  1395:    32835.110    32838.110    32841.120    32866.110    32872.110
  1400:    32874.110    32877.110    32882.120    32890.120    32900.120
  1405:    32917.110    32920.110    32923.110    32926.110    32928.110
  1410:    32934.110    32937.110    32942.110    32946.120    32961.120
  1415:    32962.120    32992.110    32992.210    32997.120    33042.310
  1420:    33142.500    33365.120    33375.120    33745.120    33756.100
  1425:    33761.100    33765.100    33769.100    33772.100    33775.100
  1430:    33780.120    33782.120    33786.120    33816.200    33819.120
  1435:    33866.300    33966.500    34106.120    34159.120    34532.120
  1440:    34536.120    34546.100    34549.100    34555.100    34557.100
  1445:    34565.100    34571.120    34573.120    34574.120    34579.120
  1450:    34585.120    34597.120    34597.120    34606.200    34609.120
  1455:    34656.300    34756.510    34980.120    35071.120    35413.110
  1460:    35413.210    35417.120    35463.310    35563.510    35778.120
  1465:    35800.110    35803.110    35808.110    35821.120    35893.120
  1470:    35913.120    35924.110    35929.110    35932.110    35988.110
  1475:    35993.110    35996.110    36000.120    36004.120    36007.120
  1480:    36019.120    36035.110    36039.110    36043.120    36060.120
  1485:    36063.120    36076.110    36079.110    36090.110    36096.110
  1490:    36098.110    36103.120    36139.110    36145.110    36151.110
  1495:    36155.110    36159.110    36162.110    36165.110    36167.120
  1500:    36182.120    36195.110    36195.210    36199.120    36245.310
  1505:    36345.500    36557.120    36773.100    36775.100    36781.100
  1510:    36790.120    36798.120    36799.120    36838.100    36842.100
  1515:    36846.100    36848.100    36852.100    36859.100    36860.120
  1520:    36864.120    36872.120    36886.120    36897.120    36919.120
  1525:    36936.120    36976.120    36977.120    37020.100    37025.100
  1530:    37029.100    37035.100    37037.100    37040.100    37043.100
  1535:    37046.100    37052.120    37056.120    37064.120    37080.200
  1540:    37084.120    37116.120    37130.300    37230.510    37471.120
  1545:    37604.110    37607.110    37613.120    37743.120    37763.110
  1550:    37767.110    37771.110    37775.110    37777.120    37792.120
  1555:    37795.120    37807.120    37815.110    37818.110    37822.110
  1560:    37829.110    37831.120    37833.120    37838.120    37846.120
  1565:    37869.120    37875.110    37875.210    37880.120    37925.310
  1570:    38025.500    38131.120    38180.120    38182.120    38185.120
  1575:    38188.120    38507.100    38514.100    38516.100    38522.100
  1580:    38528.100    38531.120    38532.120    38536.120    38538.120
  1585:    38568.100    38573.100    38574.100    38577.100    38578.100
  1590:    38590.120    38594.120    38602.120    38620.120    38628.200
  1595:    38630.120    38678.300    38778.510    38872.120    38893.120
  1600:    39248.120    39260.110    39263.110    39266.110    39271.120
  1605:    39314.120    39322.110    39328.120    39338.120    39339.120
  1610:    39342.120    39345.120    39355.110    39362.110    39364.110
  1615:    39366.120    39380.120    39389.120    39395.110    39398.110
  1620:    39398.210    39403.120    39448.310    39548.510    39613.120
  1625:    39625.120    39634.120    39636.120    39642.120    39876.120
  1630:    39880.120    39923.120    39926.120    39996.120    40005.110
  1635:    40008.110    40012.110    40015.120    40018.120    40021.120
  1640:    40028.120    40036.120    40047.120    40076.110    40081.110
  1645:    40084.110    40091.110    40094.110    40098.110    40104.110
  1650:    40105.110    40112.110    40120.120    40126.120    40130.120
  1655:    40139.110    40142.110    40144.110    40147.110    40213.120
  1660:    40226.110    40226.210    40232.120    40276.310    40376.510
  1665:    40471.120    40621.120    41153.110    41153.210    41158.120
  1670:    41203.310    41303.500    41347.120    41384.120    41424.120
  1675:    41478.120    41701.120    41725.100    41729.100    41736.100
  1680:    41741.120    41761.120    41783.120    41797.100    41802.100
  1685:    41806.100    41809.100    41813.100    41819.100    41824.120
  1690:    41825.120    41825.120    41848.120    41851.120    41855.120
  1695:    41866.120    41908.100    41966.120    41968.200
E:
     0:     1699.000      365.000      630.000
F:
     0:       70.000       34.857       29.117
G:
     0:        1.000        1.000        1.000        1.000        1.000
     5:        1.000        1.000        1.000        1.000        0.000
H:
     0:        1.000        1.000        2.000        2.000
L:
     0:     9199.000     6127.000     6170.000     6787.000     7155.000
     5:     7224.000     6510.000     6317.000     6454.000     6741.000
    10:     7577.000     8650.000     6249.000    10849.000     6838.000
    15:     6503.000     7452.000     6131.000     6749.000
R:
     0:        1.000        1.000        1.000        1.000        1.000
     5:        1.000        1.000        1.000        1.000        0.000
S:
     0:        1.000        1.000
U:
     0:     6170.000        2.000        0.000
X:
     0:        0.000      311.002      356.004      359.006      363.008
     5:      396.010      399.012      402.014      407.016      409.018
    10:      453.020      469.022      473.024      476.026      480.028
    15:      549.030      552.032      555.034      693.036      710.038
    20:      713.040      715.042      716.044      718.046      720.048
    25:      726.050      810.052      829.054      900.056      914.058
    30:      917.060      919.062      923.064      930.066      933.068
    35:      993.070     1214.072     1338.074     1353.076     1405.078
    40:     1408.080     1434.082     1440.084     1443.086     1446.088
    45:     1449.090     1461.092     1466.094     1583.096     1590.098
    50:     1593.100     1597.102     1602.104     1607.106     1656.108
    55:     1660.110     1662.112     1665.114     1669.116     1671.118
    60:     1728.120     1732.122     1734.124     1736.126     1739.128
    65:     2212.129     2218.130     2224.131     2228.132     2263.133
    70:     2266.134     2268.135     2271.136     2276.137     2278.138
    75:     2284.139     2325.140     2330.141     2332.142     2339.143
    80:     2341.144     2749.145     2756.146     2759.147     2762.148
    85:     2764.149     2767.150     2769.151     2774.152     2777.153
    90:     2809.153     2859.000     2859.000     3271.001     3274.002
    95:     3276.003     3279.004     3320.005     3324.006     3333.007
   100:     3336.008     3338.009     3396.010     3401.011     3403.012
   105:     3406.013     3408.014     3411.015     3415.016     3426.017
   110:     3430.018     3433.019     3436.020     3461.020     3511.000
   115:     3511.000     3511.139     3511.140     3511.141     3511.142
   120:     3511.143     3511.144     3511.145     3511.146     3511.147
   125:     3511.148     3511.149     3511.150     3511.151     3511.152
   130:     3511.153     3511.154     3511.155     3511.156     3511.157
   135:     3511.158     3511.159     3511.160     3511.161     3511.162
   140:     3511.163     3511.164     3511.165     3511.166     3511.166
   145:     3511.000     3511.000     3981.001     4041.002     4049.003
   150:     4119.004     4123.005     4125.006     4128.007     4176.008
   155:     4179.009     4179.009     4229.000     4229.000     4874.001
   160:     4882.002     4890.003     4893.004     4918.005     4921.006
   165:     4924.007     4927.008     4929.009     4934.009     4984.000
   170:     4984.000     5636.001     5640.002     5643.003     5645.004
   175:     5696.004     5746.000     5746.000     6272.001     6326.002
   180:     6330.003     6332.004     6335.005     6343.006     6382.007
   185:     6386.008     6387.008     6437.000     6437.000     6928.001
   190:     6933.002     6937.003     6998.004     7002.005     7005.006
   195:     7008.007     7012.008     7014.009     7058.009     7108.000
   200:     7108.000     7683.001     7689.002     7695.003     7743.003
   205:     7744.004     7793.000     7793.000     8136.001     8146.002
   210:     8160.003     8201.004     8205.005     8208.006     8210.007
   215:     8212.008     8287.009     8293.010     8297.011     8299.012
   220:     8397.013     8403.014     8408.015     8410.016     8414.017
   225:     8442.018     8446.019     8457.019     8507.000     8507.000
   230:     9101.002     9105.004     9167.006     9171.008     9173.010
   235:     9176.012     9181.014     9184.016     9187.018     9223.020
   240:     9227.022     9232.024     9234.026     9239.028     9255.030
   245:     9387.032     9431.034     9435.036     9439.038     9537.040
   250:     9546.042     9633.044     9801.046     9816.048     9823.050
   255:     9830.052     9841.054     9844.056     9848.058     9853.060
   260:     9856.062    10263.064    10308.065    14564.001    14566.002
   265:    14571.003    14573.004    14575.005    14581.006    14603.007
   270:    14606.008    14610.009    14612.010    14615.011    14617.012
   275:    14620.013    14624.013    14674.000    14674.000    15468.001
   280:    15472.002    15481.003    15484.004    15489.005    15492.006
   285:    15529.006    15579.000    15579.000    16133.001    16140.002
   290:    16144.003    16148.004    16152.005    16193.005    16243.000
   295:    16243.000    17257.001    17263.002    17266.003    17270.004
   300:    17274.005    17317.005    17367.000    17367.000    17980.001
   305:    17986.002    17990.003    17993.004    17997.005    18000.006
   310:    18040.006    18090.000    18090.000    18670.001    18672.002
   315:    18679.003    18681.004    18689.005    18730.005    18780.000
   320:    18780.000    19208.001    19210.002    19216.003    19273.004
   325:    19277.005    19281.006    19283.007    19287.008    19294.009
   330:    19455.010    19460.011    19464.012    19470.013    19472.014
   335:    19475.015    19478.016    19480.017    19515.017    19565.000
   340:    19565.000    20047.001    20053.002    20055.003    20061.004
   345:    20068.005    20108.006    20112.007    20113.008    20116.009
   350:    20117.010    20168.010    20218.000    20218.000    20639.001
   355:    20643.002    20650.003    20711.004    20716.005    20720.006
   360:    20723.007    20727.008    20733.009    20822.010    20882.010
Y:
     0:        0.000      192.001      265.002      301.003      374.004
     5:      407.005      455.006      458.007      513.008      551.009
    10:      551.009      601.000      601.000     1073.001     1116.002
    15:     1119.003     1154.004     1154.004     1204.000     1204.000
    20:     1726.001     1797.002     1797.002     1847.000     1847.000
    25:     2117.001     2221.002     2226.003     2431.004     2434.005
    30:     2459.006     2463.007     2501.008     2506.009     2549.010
    35:     2553.011     2596.012     2598.013     2599.014     2651.015
    40:     2654.016     2657.017     2710.018     2719.019     2722.020
    45:     2724.021     2726.022     2773.023     2773.023     2823.000
    50:     2823.000     3355.002     3358.004     3576.006     3585.008
    55:     3602.010     3606.012     3611.014     3638.016     3669.018
    60:     3673.020     3679.022     3716.024     3721.026     3724.028
    65:     3760.030     3765.032     3767.034     3804.036     3814.038
    70:     3817.040     3818.042     3821.044     3824.046     3828.048
    75:     3835.050     3842.052     3860.054     3883.056     3886.058
    80:     3888.060     3890.062     3895.064     3899.066     3921.068
    85:     3924.070     3926.072     3929.074     4002.076     4010.078
    90:     4013.080     4052.082     4056.084     4068.086     4070.088
    95:     4072.090     4075.092     4092.094     4118.096     4187.098
   100:     4194.100     4239.102     4241.104     4245.106     4246.108
   105:     4249.110     4252.112     4263.114     4279.116     4286.118
   110:     4288.120     4293.122     4295.124     4354.126     4357.128
   115:     4359.130     4362.132     4432.134     4435.136     4594.138
   120:     5834.001     5838.002     5885.003     5890.004     5909.005
   125:     5965.006     5973.007     5975.008     5978.009     5982.010
   130:     6014.011     6020.012     6023.013     6024.014     6026.015
   135:     6027.016     6029.017     6062.018     6108.019     6111.020
   140:     6115.021     6175.022     6189.023     6191.024     6195.025
   145:     6199.026     6201.027     6205.028     6209.029     6213.030
   150:     6215.031     6218.032     6221.033     6225.034     6262.035
   155:     6265.036     6266.037     6269.038     6281.039     6285.040
   160:     6286.041     6288.042     6290.043     6292.044     6326.045
   165:     6330.046     6337.047     6340.048     6372.049     6375.050
   170:     6377.051     6380.052     6391.053     6399.054     6404.055
   175:     6404.055     6454.000     6454.000     6968.001     7012.002
   180:     7015.003     7079.004     7098.005     7134.006     7138.007
   185:     7140.008     7173.009     7179.010     7183.011     7185.012
   190:     7194.013     7197.014     7199.015     7202.016     7236.017
   195:     7238.018     7239.019     7242.020     7244.021     7290.022
   200:     7297.023     7300.024     7302.025     7305.026     7306.027
   205:     7308.028     7366.029     7373.030     7377.031     7377.031
   210:     7379.032     7427.000     7427.000     7731.001     7823.002
   215:     7830.003     7900.004     7940.005     7945.006     7953.007
   220:     7957.008     7959.009     7961.010     7995.011     7997.012
   225:     8000.013     8002.014     8004.015     8007.016     8056.017
   230:     8064.018     8069.019     8070.020     8072.021     8073.022
   235:     8077.023     8078.024     8084.025     8087.026     8089.027
   240:     8124.028     8132.029     8134.030     8135.031     8138.032
   245:     8140.033     8142.034     8146.035     8150.036     8153.037
   250:     8155.038     8209.039     8215.040     8216.041     8219.042
   255:     8220.043     8223.044     8225.045     8226.046     8230.047
   260:     8235.048     8288.049     8305.050     8307.051     8351.052
   265:     8351.052     8401.000     8401.000     9139.001     9142.002
   270:     9198.003     9205.004     9210.005     9214.006     9218.007
   275:     9235.008     9240.009     9242.010     9244.011     9247.012
   280:     9248.013     9249.014     9253.015     9265.016     9267.017
   285:     9270.018     9276.019     9330.020     9330.020     9380.000
   290:     9380.000     9951.001    10014.002    10017.003    10061.004
   295:    10066.005    10069.006    10071.007    10126.008    10173.009
   300:    10180.010    10183.011    10184.012    10189.013    10191.014
   305:    10192.015    10194.016    10196.017    10198.018    10201.019
   310:    10203.020    10242.021    10248.022    10255.023    10256.024
   315:    10258.025    10268.026    10271.027    10276.028    10280.029
   320:    10284.030    10286.031    10291.032    10293.033    10299.034
   325:    10305.035    10305.035    10355.000    10355.000    10863.001
   330:    10896.002    10938.003    11052.004    11052.004    11102.000
   335:    11102.000    11102.066    11102.067    11102.068    11102.069
   340:    11102.070    11102.071    11102.072    11102.073    11102.074
   345:    11102.075    11102.076    11102.077    11102.078    11102.079
   350:    11102.080    11102.081    11102.082    11102.083    11102.084
   355:    11102.085    11102.086    11102.087    11102.088    11102.089
   360:    11102.090    11102.091    11102.092    11102.093    11102.094
   365:    11102.095    11102.096    11102.097    11102.098    11102.099
   370:    11102.100    11102.101    11102.102    11102.103    11102.104
   375:    11102.105    11102.106    11102.107    11102.108    11102.109
   380:    11102.110    11102.111    11102.112    11102.113    11102.114
   385:    11102.115    11102.116    11102.117    11102.118    11102.119
   390:    11102.120    11102.121    11102.121    11102.000    11102.000
   395:    11102.002    11102.004    11102.006    11102.008    11102.010
   400:    11102.012    11102.014    11102.016    11102.018    11102.020
   405:    11102.022    11102.024    11102.026    11102.028    11102.030
   410:    11102.032    11102.034    11102.036    11102.038    11102.040
   415:    11102.042    11102.044    11102.046    11102.048    11102.050
   420:    11102.052    11102.054    11102.056    11102.058    11102.060
   425:    11102.062    11102.064    11102.066    11102.068    11102.070
   430:    11102.072    11102.074    11102.076    11102.078    11102.080
   435:    11102.082    11102.084    11102.086    11102.088    11102.090
   440:    11102.092    11102.094    11102.096    11102.098    11102.100
   445:    11102.102    11102.104    11102.106    11102.108    11102.110
   450:    11102.112    11102.114    11102.116    11102.118    11102.120
   455:    11102.122    11102.124    11102.126    11102.128    11102.130
   460:    11102.132    11102.134    11102.136    11102.138    11102.140
   465:    11102.142    11102.144    11102.146    11102.148    11102.150
   470:    11102.152    11102.153    11102.154    11102.155    11102.156
   475:    11102.157    11102.158    11102.159    11102.160    11102.161
   480:    11102.162    11102.163    11102.164    11102.165    11102.166
   485:    11102.167    11102.168    11102.169    11102.170    11102.171
   490:    11102.172    11102.173    11102.174    11102.175    11102.176
   495:    11102.177    11102.178    11102.179    11102.180    11102.181
   500:    11102.182    11102.183    11102.183    11102.184    11102.000
   505:    11102.000    11632.001    11639.002    11643.003    11681.004
   510:    11685.005    11688.006    11713.007    11716.008    11716.008
   515:    11766.000    11766.000    12359.001    12362.002    12365.003
   520:    12408.004    12409.004    12459.000    12459.000    12823.001
   525:    12829.002    12894.003    12900.004    12905.005    12909.006
   530:    12951.007    12954.008    12957.009    12960.010    12988.011
   535:    12994.012    12996.013    12999.014    13039.015    13042.016
   540:    13045.017    13048.018    13050.019    13056.020    13059.021
   545:    13064.022    13114.023    13114.023    13164.000    13164.000
   550:    13821.001    13821.001    13871.000    13871.000    14107.001
   555:    14110.002    14115.003    14231.004    14236.005    14239.006
   560:    14295.007    14300.008    14303.009    14342.010    14346.011
   565:    14383.012    14386.013    14397.014    14403.015    14405.016
   570:    14446.017    14452.018    14458.019    14462.020    14467.021
   575:    14469.022    14472.023    14502.024    14502.024    14552.000
   580:    14552.000    14925.001    14929.002    15085.003    15089.004
   585:    15093.005    15097.006    15137.007    15140.008    15144.009
   590:    15150.010    15197.011    15197.011    15247.000    15247.000
   595:    15729.001    15732.002    15734.003    15791.004    15824.005
   600:    15830.006    15832.007    15863.008    15866.009    15866.009
   605:    15916.000    15916.000    16373.001    16376.002    16380.003
   610:    16444.004    16449.005    16451.006    16459.007    16462.008
   615:    16466.009    16471.010    16473.011    16480.012    16507.013
   620:    16510.014    16512.015    16515.016    16594.017    16594.017
   625:    16644.000    16644.000    17420.001    17420.001    17470.000
