File: C:\MED-PC\Data\2018-05-23_09h29m_Subject M327.txt


Start Date: 05/23/18
End Date: 05/23/18
Subject: M327
Experiment: DOBLE_PICO_ACO
Group: EXP
Box: 10
Start Time: 09:29:20
End Time: 10:42:41
MSN: IF_ACO_MULTIPLE_PICO
A:     290.000
B:      21.000
D:      21.000
I:       1.000
J:   18000.000
K:    5400.000
M:       0.000
N:      21.000
O:      21.000
P:     892.000
Q:       0.000
T:    1000.000
V:     600.000
W:      21.000
Z:       0.000
C:
     0:        0.120        0.120        0.120        0.120        0.120
     5:        0.120        0.120        0.120        0.120        0.510
    10:        4.120       91.120      132.110      142.110      149.110
    15:      153.110      155.110      156.110      158.110      164.110
    20:      228.120      245.110      247.110      251.110      255.110
    25:      260.110      273.110      275.110      279.120      304.120
    30:      314.110      318.110      321.110      323.110      331.110
    35:      333.110      339.110      347.110      349.110      351.110
    40:      356.110      360.110      370.110      378.110      387.110
    45:      394.110      396.110      404.120      427.110      430.110
    50:      433.110      442.110      444.110      446.110      449.110
    55:      452.110      494.120      512.110      517.110      523.110
    60:      527.110      530.110      533.110      534.110      544.110
    65:      544.210      548.120      594.310      636.120      694.510
    70:      822.120      969.110      978.120     1056.120     1063.120
    75:     1071.110     1076.110     1260.110     1260.210     1263.110
    80:     1266.120     1310.310     1359.120     1410.530     1756.120
    85:     1774.120     1780.120     1793.100     1825.100     1849.120
    90:     1854.120     1861.100     1930.120     1939.100     1940.100
    95:     1947.100     1948.100     1952.100     1989.100     1993.100
   100:     1995.100     2056.100     2066.120     2089.100     2138.100
   105:     2142.100     2149.100     2158.100     2204.100     2253.100
   110:     2259.100     2262.100     2276.120     2284.120     2286.120
   115:     2348.120     2358.100     2366.100     2369.100     2555.100
   120:     2561.100     2570.120     2580.120     2586.120     2594.120
   125:     2613.120     2613.120     2641.120     2649.100     2651.100
   130:     2654.100     2656.100     2659.100     2661.100     2665.100
   135:     2669.100     2770.100     2906.120     2923.120     2924.120
   140:     2925.120     3067.100     3073.100     3206.120     3210.330
   145:     3238.120     3259.120     3267.120     3268.120     3310.500
   150:     3314.120     3329.120     3331.120     3355.120     3358.120
   155:     3379.100     3443.100     3471.120     3481.120     3504.100
   160:     3514.100     3521.100     3523.100     3526.100     3527.100
   165:     3579.100     3655.100     3666.100     3671.120     3701.100
   170:     3781.100     3784.100     3788.100     3792.100     3799.120
   175:     3885.100     3888.100     3895.100     3898.100     3918.100
   180:     3922.100     3923.100     3926.100     3932.100     3943.100
   185:     3945.200     3952.120     3995.300     4095.510     4232.120
   190:     4647.110     4649.110     4655.110     4663.120     4666.120
   195:     4686.110     4691.110     4693.110     4697.110     4699.110
   200:     4703.110     4706.110     4717.110     4719.110     4724.110
   205:     4730.110     4732.110     4736.110     4741.110     4741.210
   210:     4746.120     4791.310     4891.510     5119.110     5181.110
   215:     5182.110     5186.110     5191.110     5196.110     5199.110
   220:     5206.120     5217.120     5220.120     5231.120     5245.110
   225:     5247.110     5251.110     5256.110     5261.110     5263.110
   230:     5267.110     5278.110     5280.110     5288.110     5290.110
   235:     5292.110     5310.110     5317.110     5318.110     5320.110
   240:     5323.110     5328.110     5353.110     5355.110     5356.110
   245:     5359.110     5361.110     5365.110     5372.110     5375.110
   250:     5380.110     5381.110     5383.110     5387.110     5391.120
   255:     5394.120     5396.120     5400.120     5421.110     5423.110
   260:     5426.110     5427.110     5432.110     5433.110     5439.110
   265:     5443.110     5450.110     5502.110     5505.110     5507.110
   270:     5513.110     5514.110     5516.110     5523.110     5528.110
   275:     5532.120     5557.110     5557.210     5561.120     5607.310
   280:     5707.540     6218.110     6221.110     6250.110     6268.110
   285:     6273.110     6274.110     6278.110     6290.110     6294.120
   290:     6322.110     6350.110     6357.110     6359.110     6368.110
   295:     6374.110     6378.110     6384.110     6390.110     6391.110
   300:     6393.110     6398.110     6403.110     6416.110     6419.110
   305:     6420.110     6423.110     6432.110     6437.110     6439.110
   310:     6440.110     6441.110     6446.120     6451.120     6546.110
   315:     6547.110     6555.110     6559.110     6570.110     6576.110
   320:     6578.110     6584.120     6599.110     6641.110     6648.110
   325:     6649.110     6659.110     6669.110     6672.110     6677.110
   330:     6679.110     6684.110     6685.110     6688.110     6708.110
   335:     6710.110     6713.110     6722.110     6727.110     6728.110
   340:     6729.110     6734.110     6737.110     6742.110     6819.110
   345:     6821.110     6827.110     6829.110     6834.110     6839.110
   350:     6841.110     6877.110     6885.110     6886.110     6893.110
   355:     6895.110     6901.120     6923.120     6931.110     6934.110
   360:     6937.110     6949.110     6954.110     6955.110     6956.110
   365:     7111.110     7117.110     7123.120     7171.110     7178.120
   370:     7226.120     7231.120     7249.110     7254.110     7264.110
   375:     7267.110     7269.110     7270.110     7272.110     7279.110
   380:     7280.110     7282.110     7288.110     7294.110     7297.110
   385:     7299.110     7307.110     7309.110     7310.110     7311.110
   390:     7370.110     7378.110     7380.110     7383.110     7392.110
   395:     7395.110     7399.110     7400.110     7409.110     7411.110
   400:     7421.110     7424.110     7435.110     7437.110     7444.110
   405:     7445.110     7446.110     7451.110     7452.110     7457.110
   410:     7479.110     7507.340     7519.120     7524.120     7528.120
   415:     7607.500     8190.120     8199.120     8209.100     8212.100
   420:     8245.100     8269.200     8278.120     8319.300     8368.120
   425:     8419.500     8598.120     8625.120     8952.120     8967.100
   430:     8995.100     9027.200     9036.120     9077.300     9124.120
   435:     9177.500     9711.120     9713.120     9718.100     9758.100
   440:     9778.200     9787.120     9828.300     9885.120     9928.510
   445:    10270.120    10288.120    10290.120    10297.120    10304.120
   450:    10314.110    10370.110    10375.110    10449.110    10461.110
   455:    10462.110    10469.110    10472.110    10476.110    10478.110
   460:    10484.120    10497.110    10501.110    10505.110    10510.110
   465:    10511.110    10513.110    10517.110    10523.110    10533.110
   470:    10539.110    10545.110    10546.110    10547.110    10549.110
   475:    10552.120    10576.110    10576.210    10579.110    10581.110
   480:    10583.120    10626.310    10670.120    10726.510    10843.120
   485:    11048.120    11048.120    11056.120    11066.120    11068.120
   490:    11069.120    11095.110    11100.110    11107.110    11108.110
   495:    11110.110    11117.110    11119.110    11125.110    11127.110
   500:    11191.120    11202.110    11205.110    11210.110    11215.110
   505:    11218.110    11226.110    11233.110    11236.110    11241.110
   510:    11242.110    11243.110    11245.110    11248.120    11264.110
   515:    11267.110    11268.110    11277.110    11282.110    11288.110
   520:    11291.110    11293.110    11294.110    11297.110    11302.110
   525:    11309.110    11310.110    11319.110    11321.110    11325.110
   530:    11346.110    11353.110    11355.110    11357.110    11362.110
   535:    11368.120    11386.110    11386.210    11388.110    11391.120
   540:    11436.310    11474.120    11486.120    11536.500    12178.120
   545:    12199.120    12212.100    12272.200    12283.120    12322.300
   550:    12422.500    12907.120    12922.100    13055.100    13095.100
   555:    13114.100    13115.200    13118.120    13165.300    13208.120
   560:    13265.510    13737.120    13752.110    13761.110    13766.110
   565:    13770.110    13780.110    13788.110    13789.110    13791.110
   570:    13797.110    13801.120    13810.120    13819.110    13824.110
   575:    13827.110    13831.110    13833.110    13835.110    13840.110
   580:    13850.110    13852.110    13866.110    13872.110    13877.110
   585:    13878.110    13880.110    13883.110    13884.110    13887.120
   590:    13897.110    13899.110    13906.110    13913.110    13913.210
   595:    13918.120    13963.310    13997.120    14063.510    14494.110
   600:    14506.110    14512.110    14539.110    14573.110    14621.110
   605:    14642.110    14648.120    14674.110    14680.110    14682.110
   610:    14688.110    14698.110    14705.110    14706.110    14708.110
   615:    14711.110    14711.210    14717.120    14761.310    14792.120
   620:    14861.500    15349.120    15351.120    15360.100    15419.100
   625:    15467.100    15479.200    15486.120    15529.300    15563.120
   630:    15629.510    16066.120    16081.110    16084.110    16092.110
   635:    16094.110    16095.110    16100.110    16102.110    16110.110
   640:    16111.110    16114.110    16117.110    16123.110    16134.110
   645:    16140.110    16141.110    16143.110    16149.110    16152.110
   650:    16154.110    16158.110    16196.120    16205.110    16207.110
   655:    16216.110    16221.110    16222.110    16239.110    16242.110
   660:    16253.110    16258.110    16260.110    16261.110    16263.110
   665:    16270.110    16276.110    16276.210    16281.120    16326.310
   670:    16426.510    16750.120    16776.120    16814.110    16864.120
   675:    16878.110    16883.110    16887.110    16895.110    16898.110
   680:    16899.110    16900.110    16902.110    16907.110    16920.110
   685:    16932.110    16938.110    16940.110    16942.110    16947.110
   690:    16956.110    16958.110    16968.110    16973.110    16978.110
   695:    16982.110    16984.110    16985.110    16986.110    16994.110
   700:    16999.110    17000.110    17002.110    17006.110    17010.110
   705:    17016.110    17020.110    17041.110    17048.110    17049.110
   710:    17052.120    17066.110    17070.110    17073.110    17073.210
   715:    17080.120    17123.310    17223.500    17633.120    17638.120
   720:    17644.120    17645.120    17647.120    17655.100    17741.100
   725:    17743.100    17749.120    17767.100    17802.100    17827.200
   730:    17839.120    17877.300    17914.120    17924.120    17977.500
   735:    18398.100    18525.100    18532.120    18542.100    18573.100
   740:    18578.100    18585.200    18593.120    18635.300    18735.500
   745:    19290.120    19303.100    19313.100    19363.200    19370.120
   750:    19413.300    19491.120    19491.120    19498.120    19500.120
   755:    19513.510    19524.120    19624.120    20069.120    20111.110
   760:    20115.110    20120.110    20123.110    20131.110    20138.110
   765:    20141.110    20145.120    20166.110    20166.210    20167.110
   770:    20171.120    20216.310    20316.500    20699.120    20699.120
   775:    20702.120    20702.120    20721.100    20828.100    20855.120
   780:    20863.100    20867.100    20923.200    20929.120    20973.300
   785:    21073.510    21432.120    21445.120    21457.120    21461.120
   790:    21463.120    21464.120    21466.120    21483.110    21487.110
   795:    21491.110    21494.110    21497.110    21498.110    21501.120
   800:    21507.120    21508.120    21516.120    21518.120    21531.120
   805:    21555.120    21568.110    21572.110    21576.110    21578.110
   810:    21579.110    21583.110    21586.110    21596.110    21604.110
   815:    21609.110    21619.110    21620.110    21621.110    21623.110
   820:    21738.120    21749.110    21749.210    21758.120    21799.310
   825:    21842.120    21899.500    22432.100    22669.120    22686.120
   830:    22688.120    22701.120    22711.100    22753.100    22760.100
   835:    22765.100    22771.200    22777.120    22821.300    22921.540
   840:    23094.120    23126.120    23567.120    23651.110    23652.110
   845:    23657.110    23664.110    23669.110    23670.110    23672.110
   850:    23678.110    23681.110    23684.110    23687.110    23694.110
   855:    23696.110    23700.110    23702.110    23713.110    23717.110
   860:    23719.110    23722.110    23725.120    23739.110    23741.110
   865:    23747.110    23752.110    23754.110    23758.110    23763.110
   870:    23781.110    23787.110    23788.110    23790.110    23796.120
   875:    23798.120    23809.110    23812.110    23820.110    23826.110
   880:    23827.110    23829.110    23831.110    23837.110    23843.110
   885:    23860.110    23870.110    23874.110    23875.110    23877.110
   890:    23880.110    23884.110    23887.110    23891.120    23911.110
   895:    23915.110    23924.110    23927.110    23933.110    23934.110
   900:    23936.110    23941.110    23947.110    23949.110    23951.110
   905:    23960.110    23966.110    23976.110    23979.110    23980.110
   910:    23986.110    23998.110    24001.110    24005.110    24009.110
   915:    24011.110    24012.110    24016.110    24021.110    24023.110
   920:    24035.110    24036.110    24038.110    24042.110    24063.110
   925:    24065.110    24069.110    24071.110    24080.110    24082.110
   930:    24086.110    24087.110    24168.110    24177.110    24182.110
   935:    24191.120    24262.110    24574.120    24583.110    24591.120
   940:    24692.120    24717.110    24721.340    24821.510    24823.120
   945:    24824.120    25118.110    25126.120    25127.120    25128.120
   950:    25129.120    25206.110    25258.110    25263.110    25265.110
   955:    25269.120    25300.120    25306.110    25308.110    25313.110
   960:    25315.110    25317.110    25321.110    25323.110    25388.120
   965:    25395.110    25401.110    25404.110    25408.110    25409.110
   970:    25413.110    25420.110    25434.110    25436.110    25438.110
   975:    25440.110    25444.120    25489.120    25505.110    25505.210
   980:    25507.110    25510.120    25555.310    25655.500    25992.120
   985:    26017.100    26024.100    26080.100    26121.100    26123.100
   990:    26157.120    26168.100    26172.100    26185.100    26189.100
   995:    26275.100    26278.100    26282.120    26335.200    26340.120
  1000:    26385.300    26485.500    26612.120    26823.120    26834.120
  1005:    26862.100    26939.100    26971.100    27029.100    27040.100
  1010:    27058.120    27066.120    27074.100    27089.200    27096.120
  1015:    27139.300    27179.120    27239.510    27394.120    27630.120
  1020:    27794.120    27823.120    27951.120    27970.110    27970.210
  1025:    27975.120    28020.310    28120.510    28325.120    28338.120
  1030:    28368.120    28377.120    28379.120    28380.120    28386.120
  1035:    28388.120    28389.120    28395.120    28501.120    28507.110
  1040:    28511.120    28521.120    28524.120    28718.120    28726.110
  1045:    28730.110    28737.110    28742.110    28743.110    28744.110
  1050:    28749.110    28759.110    28763.110    28764.110    28765.110
  1055:    28768.120    28786.110    28788.110    28795.110    28795.210
  1060:    28797.110    28799.120    28845.310    28945.500    29149.120
  1065:    29183.120    29197.120    29198.120    29200.120    29219.120
  1070:    29229.120    29231.120    29233.120    29234.120    29236.120
  1075:    29238.120    29239.120    29242.120    29251.120    29252.120
  1080:    29283.120    29296.100    29471.100    29530.100    29582.100
  1085:    29590.200    29597.120    29640.300    29699.120    29740.500
  1090:    29933.120    30132.100    30145.100    30155.100    30223.100
  1095:    30224.100    30249.100    30252.100    30252.100    30257.120
  1100:    30266.100    30267.100    30353.100    30359.100    30395.100
  1105:    30407.120    30412.120    30413.200    30414.120    30463.300
  1110:    30563.510    30711.120    30727.120    30729.120    30729.120
  1115:    30731.120    30731.120    30737.120    30739.120    30740.120
  1120:    30745.120    30784.120    30785.120    31014.110    31020.110
  1125:    31029.110    31034.120    31065.110    31226.120    31240.110
  1130:    31240.210    31241.110    31242.110    31245.120    31290.310
  1135:    31390.510    31781.110    31834.110    31842.110    31850.120
  1140:    31873.110    31878.110    31882.110    31884.110    31888.110
  1145:    31892.110    31901.110    31905.110    31906.110    31908.110
  1150:    31909.110    31913.110    31919.110    31927.110    31930.110
  1155:    31932.110    31934.110    31936.110    31940.110    31944.110
  1160:    31956.110    31959.110    31961.110    31962.110    31964.110
  1165:    31968.120    31981.110    31984.110    31986.110    31994.110
  1170:    31997.110    31998.110    32000.110    32001.110    32004.110
  1175:    32006.110    32009.110    32009.210    32014.120    32059.310
  1180:    32159.530    32288.120    32481.100    32557.100    32602.100
  1185:    32669.100    32672.100    32678.100    32682.120    32686.120
  1190:    32687.120    32772.120    32791.100    32797.100    32805.100
  1195:    32832.100    32921.100    32926.100    33006.100    33009.100
  1200:    33013.120    33018.120    33019.120    33025.120    33027.120
  1205:    33035.120    33568.120    33622.100    33625.100    33628.100
  1210:    33680.100    33736.100    33743.100    33746.100    33801.100
  1215:    33802.100    33847.100    33855.120    33859.120    33861.120
  1220:    33870.120    33886.100    33910.100    33945.100    33948.100
  1225:    33959.330    33960.100    34059.500    34067.100    34080.100
  1230:    34085.100    34089.100    34097.100    34099.100    34123.100
  1235:    34162.100    34166.100    34168.100    34171.100    34178.100
  1240:    34182.100    34189.100    34198.100    34207.100    34210.100
  1245:    34212.100    34214.100    34222.120    34229.120    34231.120
  1250:    34234.120    34354.100    34365.100    34375.120    34396.100
  1255:    34399.100    34586.100    34595.120    34601.120    34605.120
  1260:    34635.120    34636.120    34649.120    34651.120    34667.120
  1265:    34673.120    34676.120    34688.120    34690.120    34699.100
  1270:    34706.100    34759.200    34771.120    34809.300    34883.120
  1275:    34885.120    34909.500    35021.120    35032.120    35041.120
  1280:    35044.120    35053.120    35054.120    35056.120    35086.120
  1285:    35344.120    35352.120    35400.100    35405.100    35436.100
  1290:    35488.100    35534.100    35548.200    35552.100    35555.120
  1295:    35598.300    35698.510    35932.120    35946.120    35955.120
  1300:    36201.120    36219.110    36223.110    36230.110    36233.110
  1305:    36235.110    36239.110    36248.110    36249.110    36262.110
  1310:    36265.110    36266.110    36268.110    36270.110    36287.110
  1315:    36293.110    36295.110    36299.110    36303.120    36321.110
  1320:    36321.210    36324.110    36328.120    36371.310    36471.510
  1325:    36903.120    36940.110    36948.120    37019.120    37026.110
  1330:    37035.110    37036.110    37040.110    37044.110    37052.110
  1335:    37053.110    37055.110    37060.110    37062.120    37075.110
  1340:    37085.110    37085.210    37088.110    37090.120    37135.310
  1345:    37235.500    37751.100    37837.100    37839.100    37867.100
  1350:    37878.100    37888.120    37895.120    37897.200    37947.300
  1355:    38047.510    38584.110    38592.120    38593.120    38622.110
  1360:    38628.110    38643.110    38743.110    38743.210    38749.120
  1365:    38793.310    38835.120    38893.500    39021.120    39029.120
  1370:    39031.120    39033.120    39035.120    39086.120    39263.100
  1375:    39287.100    39331.100    39336.100    39337.100    39416.100
  1380:    39421.100    39428.120    39444.120    39463.100    39466.100
  1385:    39479.100    39488.100    39494.100    39523.200    39534.120
  1390:    39573.300    39673.510    40075.120    40142.120    40191.120
  1395:    40360.120    40414.110    40414.210    40420.120    40464.310
  1400:    40496.120    40564.500    40793.100    40856.100    40861.120
  1405:    40882.100    40883.100    40886.100    40900.100    40936.100
  1410:    40983.100    41005.120    41031.100    41034.100    41038.100
  1415:    41101.100    41260.100    41288.120    41305.100    41320.200
  1420:    41327.120    41370.300    41470.530    41965.120
E:
     0:     1424.000      289.000      744.000
F:
     0:       70.000       28.685       34.788
G:
     0:        1.000        1.000        1.000        1.000        1.000
     5:        1.000        1.000        1.000        1.000        0.000
H:
     0:        1.000        1.000        2.000        2.000
L:
     0:     6450.000     6726.000     6181.000     6111.000     7451.000
     5:     7033.000     6280.000     6136.000     6181.000     6386.000
    10:     6171.000     8819.000     6900.000     6138.000     6548.000
    15:     6832.000     7098.000     6489.000     6716.000     6400.000
    20:     7663.000
R:
     0:        1.000        1.000        1.000        1.000        1.000
     5:        1.000        1.000        1.000        1.000        0.000
S:
     0:        0.000        1.000
U:
     0:     6111.000        3.000        0.000
X:
     0:        0.000      382.002      414.004      450.006      528.008
     5:      530.010      536.012      538.014      541.016      578.018
    10:      583.020      584.022      646.024      679.026      727.028
    15:      731.030      738.032      747.034      794.036      842.038
    20:      848.040      851.042      947.044      955.046      958.048
    25:     1145.050     1150.052     1238.054     1240.056     1243.058
    30:     1245.060     1248.062     1250.064     1254.066     1258.068
    35:     1359.070     1657.072     1663.074     1968.075     2032.076
    40:     2093.077     2103.078     2110.079     2112.080     2115.081
    45:     2117.082     2168.083     2244.084     2255.085     2290.086
    50:     2370.087     2373.088     2377.089     2381.090     2474.091
    55:     2477.092     2484.093     2487.094     2507.095     2511.096
    60:     2512.097     2515.098     2521.099     2532.100     2535.100
    65:     2585.000     2585.000     2585.241     2585.242     2585.243
    70:     2585.243     2585.000     2585.000     2585.001     2585.002
    75:     2585.002     2585.000     2585.000     2585.001     2585.002
    80:     2585.002     2585.000     2585.000     3260.001     3320.001
    85:     3370.000     3370.000     3870.001     4003.002     4043.003
    90:     4062.004     4063.004     4113.000     4113.000     4611.001
    95:     4670.002     4718.003     4731.003     4781.000     4781.000
   100:     5212.001     5299.002     5300.003     5324.004     5359.005
   105:     5384.005     5434.000     5434.000     5855.001     5982.002
   110:     5998.003     6030.004     6035.005     6042.005     6092.000
   115:     6092.000     6660.001     6670.002     6720.002     6770.000
   120:     6770.000     7175.001     7282.002     7317.003     7321.004
   125:     7377.004     7427.000     7427.000     7959.001     8238.002
   130:     8280.003     8288.004     8293.005     8298.005     8348.000
   135:     8348.000     8709.001     8716.002     8772.003     8813.004
   140:     8815.005     8861.006     8864.007     8877.008     8881.009
   145:     8967.010     8970.011     9028.011     9078.000     9078.000
   150:     9454.001     9531.002     9563.003     9621.004     9633.005
   155:     9666.006     9681.006     9731.000     9731.000    10081.001
   160:    10256.002    10315.003    10367.004    10375.004    10425.000
   165:    10425.000    10817.001    10830.002    10840.003    10907.004
   170:    10909.005    10934.006    10936.007    10937.008    10950.009
   175:    10952.010    11038.011    11043.012    11080.013    11098.013
   180:    11148.000    11148.000    11469.002    11546.004    11591.006
   185:    11658.008    11660.010    11666.012    11779.014    11785.016
   190:    11794.018    11821.020    11910.022    11915.024    11994.026
   195:    11997.028    12611.030    12614.032    12617.034    12669.036
   200:    12725.038    12732.040    12734.042    12789.044    12791.046
   205:    12836.048    12874.050    12899.052    12933.054    12937.056
   210:    12949.057    13056.058    13069.059    13074.060    13077.061
   215:    13085.062    13087.063    13111.064    13151.065    13155.066
   220:    13156.067    13159.068    13167.069    13171.070    13178.071
   225:    13187.072    13195.073    13199.074    13200.075    13203.076
   230:    13343.077    13354.078    13385.079    13387.080    13575.081
   235:    13687.082    13695.083    13747.083    13797.000    13797.000
   240:    14287.001    14292.002    14324.003    14375.004    14422.005
   245:    14435.005    14440.006    14485.000    14485.000    15000.001
   250:    15086.002    15089.003    15116.004    15128.005    15146.005
   255:    15196.000    15196.000    15566.001    15590.002    15634.003
   260:    15639.004    15640.005    15719.006    15724.007    15765.008
   265:    15769.009    15782.010    15791.011    15797.012    15826.012
   270:    15876.000    15876.000    16104.001    16167.002    16193.003
   275:    16195.004    16197.005    16212.006    16247.007    16294.008
   280:    16343.009    16345.010    16349.011    16413.012    16572.013
   285:    16616.014    16632.014    16682.000    16682.000
Y:
     0:        0.000      132.001      142.002      149.003      153.004
     5:      155.005      156.006      158.007      164.008      245.009
    10:      247.010      251.011      255.012      260.013      273.014
    15:      275.015      314.016      318.017      321.018      323.019
    20:      330.020      333.021      339.022      347.023      349.024
    25:      351.025      356.026      360.027      370.028      378.029
    30:      387.030      394.031      396.032      427.033      430.034
    35:      433.035      442.036      444.037      446.038      449.039
    40:      452.040      512.041      517.042      523.043      527.044
    45:      530.045      533.046      534.047      543.048      544.048
    50:      594.000      594.000      868.001      971.002      976.003
    55:     1160.004     1160.004     1163.005     1210.000     1210.000
    60:     1761.001     1763.002     1770.003     1800.004     1805.005
    65:     1807.006     1811.007     1813.008     1817.009     1820.010
    70:     1831.011     1834.012     1839.013     1844.014     1846.015
    75:     1850.016     1855.017     1855.017     1905.000     1905.000
    80:     2133.001     2195.002     2196.003     2200.004     2205.005
    85:     2210.006     2213.007     2259.008     2261.009     2264.010
    90:     2270.011     2275.012     2277.013     2281.014     2292.015
    95:     2294.016     2302.017     2304.018     2305.019     2324.020
   100:     2331.021     2332.022     2334.023     2337.024     2342.025
   105:     2366.026     2368.027     2370.028     2373.029     2374.030
   110:     2379.031     2386.032     2389.033     2394.034     2395.035
   115:     2397.036     2401.037     2435.038     2437.039     2440.040
   120:     2441.041     2446.042     2447.043     2453.044     2457.045
   125:     2463.046     2516.047     2518.048     2520.049     2527.050
   130:     2528.051     2530.052     2537.053     2541.054     2570.055
   135:     2570.055     2620.000     2620.000     3131.002     3134.004
   140:     3163.006     3181.008     3186.010     3187.012     3191.014
   145:     3203.016     3235.018     3263.020     3270.022     3272.024
   150:     3281.026     3287.028     3291.030     3297.032     3303.034
   155:     3304.036     3306.038     3311.040     3316.042     3329.044
   160:     3331.046     3333.048     3336.050     3345.052     3350.054
   165:     3351.056     3353.058     3354.060     3459.062     3460.064
   170:     3468.066     3472.068     3483.070     3489.072     3491.074
   175:     3512.076     3554.078     3560.080     3562.082     3572.084
   180:     3582.086     3585.088     3590.090     3592.092     3597.094
   185:     3598.096     3601.098     3620.100     3623.102     3626.104
   190:     3635.106     3640.108     3641.110     3642.112     3647.114
   195:     3650.116     3655.118     3731.120     3734.122     3740.124
   200:     3741.126     3747.128     3752.130     3754.132     3790.134
   205:     3798.136     3799.138     3806.140     3808.142     3844.144
   210:     3846.146     3850.148     3862.150     3867.152     3868.154
   215:     3869.156     4024.158     4030.160     4084.162     4162.164
   220:     4167.166     4177.168     4180.170     4182.172     4183.174
   225:     4185.176     4192.178     4193.180     4195.182     4201.184
   230:     4207.186     4210.188     4212.190     4220.192     4221.194
   235:     4223.196     4224.198     4283.200     4291.202     4293.204
   240:     4296.206     4305.208     4308.210     4311.212     4313.214
   245:     4322.216     4324.218     4334.220     4337.222     4348.224
   250:     4350.226     4356.228     4358.230     4359.232     4363.234
   255:     4365.236     4370.238     4392.240     7227.001     7283.002
   260:     7288.003     7362.004     7374.005     7375.006     7382.007
   265:     7385.008     7389.009     7391.010     7410.011     7414.012
   270:     7418.013     7423.014     7424.015     7426.016     7430.017
   275:     7436.018     7445.019     7451.020     7458.021     7459.022
   280:     7460.023     7462.024     7489.025     7489.025     7492.026
   285:     7494.027     7539.000     7539.000     7908.001     7912.002
   290:     7919.003     7921.004     7923.005     7929.006     7931.007
   295:     7938.008     7939.009     8015.010     8017.011     8022.012
   300:     8027.013     8030.014     8038.015     8045.016     8048.017
   305:     8053.018     8054.019     8056.020     8057.021     8077.022
   310:     8079.023     8080.024     8089.025     8094.026     8101.027
   315:     8104.028     8106.029     8106.030     8110.031     8114.032
   320:     8121.033     8122.034     8131.035     8134.036     8138.037
   325:     8158.038     8166.039     8167.040     8170.041     8174.042
   330:     8199.043     8199.043     8200.044     8249.000     8249.000
   335:     8735.001     8745.002     8750.003     8753.004     8764.005
   340:     8771.006     8773.007     8774.008     8780.009     8803.010
   345:     8807.011     8810.012     8815.013     8817.014     8818.015
   350:     8823.016     8834.017     8836.018     8850.019     8856.020
   355:     8861.021     8862.022     8863.023     8866.024     8868.025
   360:     8880.026     8883.027     8890.028     8897.029     8897.029
   365:     8947.000     8947.000     9377.001     9389.002     9395.003
   370:     9423.004     9456.005     9504.006     9525.007     9557.008
   375:     9563.009     9565.010     9572.011     9582.012     9588.013
   380:     9590.014     9591.015     9595.016     9595.016     9645.000
   385:     9645.000    10096.001    10099.002    10107.003    10109.004
   390:    10110.005    10115.006    10118.007    10125.008    10126.009
   395:    10129.010    10133.011    10138.012    10149.013    10155.014
   400:    10156.015    10158.016    10164.017    10167.018    10169.019
   405:    10174.020    10220.021    10222.022    10231.023    10236.024
   410:    10237.025    10254.026    10258.027    10268.028    10273.029
   415:    10275.030    10276.031    10278.032    10285.033    10291.034
   420:    10291.034    10341.000    10341.000    10728.001    10793.002
   425:    10798.003    10801.004    10809.005    10812.006    10814.007
   430:    10815.008    10817.009    10821.010    10835.011    10846.012
   435:    10853.013    10854.014    10857.015    10861.016    10871.017
   440:    10873.018    10882.019    10888.020    10892.021    10896.022
   445:    10899.023    10900.024    10901.025    10909.026    10914.027
   450:    10915.028    10916.029    10921.030    10924.031    10930.032
   455:    10935.033    10956.034    10963.035    10964.036    10981.037
   460:    10984.038    10988.039    10988.039    11038.000    11038.000
   465:    11635.001    11639.002    11644.003    11647.004    11655.005
   470:    11662.006    11665.007    11690.008    11690.008    11692.009
   475:    11740.000    11740.000    12150.001    12153.002    12158.003
   480:    12160.004    12163.005    12165.006    12234.007    12238.008
   485:    12242.009    12244.010    12245.011    12250.012    12252.013
   490:    12262.014    12271.015    12275.016    12285.017    12287.018
   495:    12288.019    12290.020    12415.021    12416.021    12466.000
   500:    12466.000    13195.002    13197.004    13201.006    13209.008
   505:    13213.010    13215.012    13217.014    13222.016    13225.018
   510:    13229.020    13232.022    13238.024    13240.026    13245.028
   515:    13246.030    13257.032    13262.034    13264.036    13267.038
   520:    13283.040    13285.042    13292.044    13297.046    13298.048
   525:    13302.050    13308.052    13325.054    13331.056    13332.058
   530:    13334.060    13354.062    13357.064    13365.066    13370.068
   535:    13372.070    13373.072    13376.074    13382.076    13387.078
   540:    13405.080    13414.082    13418.084    13420.086    13421.088
   545:    13424.090    13429.092    13432.094    13456.096    13460.098
   550:    13469.100    13472.102    13477.104    13479.106    13481.108
   555:    13486.110    13492.112    13493.114    13495.116    13505.118
   560:    13511.120    13521.122    13523.124    13525.126    13531.128
   565:    13543.130    13546.132    13550.134    13554.136    13555.138
   570:    13557.140    13560.142    13565.144    13567.146    13580.148
   575:    13581.150    13583.152    13587.154    13608.156    13609.158
   580:    13614.160    13616.162    13624.164    13627.166    13630.168
   585:    13632.170    13712.172    13722.174    13727.176    13807.178
   590:    14128.180    14262.182    14663.183    14751.184    14803.185
   595:    14807.186    14809.187    14850.188    14853.189    14857.190
   600:    14859.191    14861.192    14866.193    14867.194    14940.195
   605:    14945.196    14949.197    14953.198    14954.199    14958.200
   610:    14965.201    14979.202    14981.203    14983.204    14985.205
   615:    15050.206    15050.206    15052.207    15100.000    15100.000
   620:    15830.001    15830.001    15880.000    15880.000    16266.001
   625:    16485.002    16490.003    16497.004    16501.005    16502.006
   630:    16504.007    16508.008    16519.009    16522.010    16524.011
   635:    16525.012    16545.013    16547.014    16554.015    16555.015
   640:    16556.016    16605.000    16605.000    17055.001    17061.002
   645:    17071.003    17107.004    17281.005    17281.005    17283.006
   650:    17284.007    17331.000    17331.000    17722.001    17775.002
   655:    17783.003    17813.004    17819.005    17823.006    17825.007
   660:    17829.008    17833.009    17842.010    17846.011    17847.012
   665:    17849.013    17850.014    17854.015    17860.016    17868.017
   670:    17871.018    17873.019    17875.020    17877.021    17881.022
   675:    17885.023    17897.024    17900.025    17901.026    17903.027
   680:    17904.028    17922.029    17925.030    17927.031    17935.032
   685:    17938.033    17939.034    17941.035    17942.036    17945.037
   690:    17947.038    17950.039    17950.039    18000.000    18000.000
   695:    18521.001    18525.002    18531.003    18535.004    18537.005
   700:    18541.006    18549.007    18551.008    18564.009    18567.010
   705:    18568.011    18570.012    18572.013    18589.014    18594.015
   710:    18597.016    18600.017    18623.018    18623.018    18625.019
   715:    18673.000    18673.000    19141.001    19228.002    19236.003
   720:    19238.004    19241.005    19246.006    19253.007    19254.008
   725:    19256.009    19261.010    19276.011    19286.012    19287.012
   730:    19289.013    19337.000    19337.000    19874.001    19912.002
   735:    19918.003    19933.004    20032.005    20032.005    20082.000
   740:    20082.000    20823.001    20823.001    20873.000
