File: C:\MED-PC\Data\2018-05-02_11h09m_Subject M330.txt


Start Date: 05/02/18
End Date: 05/02/18
Subject: M330
Experiment: DOBLE_PICO_ACO
Group: EXP
Box: 10
Start Time: 11:09:35
End Time: 12:23:02
MSN: IF_ACO_MULTIPLE_PICO
A:     579.000
B:      20.000
D:      21.000
I:       2.000
J:   18000.000
K:    5400.000
M:      27.000
N:      20.000
O:      21.000
P:     939.000
Q:       0.000
T:    1000.000
V:     600.000
W:      20.000
Z:       0.000
C:
     0:        0.510       54.120       56.120       79.120      177.110
     5:      187.120      220.110      223.110      233.110      242.110
    10:      254.110      261.110      279.110      285.110      292.110
    15:      301.120      331.110      349.110      357.110      363.110
    20:      372.110      392.110      411.110      413.110      428.110
    25:      437.120      475.120      499.110      506.110      512.110
    30:      525.110      532.110      536.110      575.110      575.210
    35:      579.120      625.310      721.120      723.120      725.500
    40:     1354.100     1363.120     1364.120     1374.120     1401.100
    45:     1414.200     1417.120     1464.300     1471.120     1564.510
    50:     1695.120     1718.110     1742.110     1754.110     1758.110
    55:     1768.110     1773.110     1778.120     1792.120     1799.110
    60:     1807.110     1819.120     1831.110     1838.110     1842.110
    65:     1848.110     1851.110     1860.110     1896.110     1898.110
    70:     1910.110     1921.110     1924.110     1928.110     1945.110
    75:     1955.120     1968.110     1977.110     2001.110     2006.110
    80:     2009.110     2014.110     2052.120     2063.110     2075.110
    85:     2080.110     2082.110     2097.120     2132.110     2192.110
    90:     2199.110     2209.110     2226.110     2239.110     2355.110
    95:     2355.210     2359.120     2405.310     2411.120     2494.120
   100:     2495.120     2505.500     2527.120     2530.120     2534.120
   105:     2564.120     2565.120     2567.120     2576.120     2639.120
   110:     2640.120     2642.120     2646.120     2648.120     2697.120
   115:     2736.120     2738.120     2739.120     2742.120     2745.120
   120:     2748.120     2751.120     2753.120     2754.120     2756.120
   125:     2798.120     2799.120     2869.120     2870.120     2872.120
   130:     2875.120     2912.100     2917.120     2940.100     2944.100
   135:     2960.100     2966.100     2968.100     2971.100     2983.100
   140:     2994.100     2999.120     3013.100     3014.100     3016.100
   145:     3017.100     3020.100     3028.100     3031.100     3033.100
   150:     3039.100     3041.100     3048.100     3053.100     3056.100
   155:     3059.100     3064.120     3090.100     3097.100     3099.100
   160:     3102.100     3107.100     3108.200     3112.120     3158.300
   165:     3232.120     3243.120     3245.120     3247.120     3256.120
   170:     3258.120     3258.510     3280.120     3301.120     3304.120
   175:     3306.120     3308.120     3310.120     3311.120     3314.120
   180:     3315.120     3417.120     3421.120     3422.120     3424.120
   185:     3426.120     3428.120     3553.110     3569.110     3596.110
   190:     3599.110     3607.110     3609.110     3613.120     3635.110
   195:     3638.110     3641.110     3643.110     3647.110     3663.110
   200:     3668.110     3677.110     3682.110     3686.110     3688.110
   205:     3691.110     3706.110     3712.110     3715.110     3734.110
   210:     3742.110     3759.110     3775.110     3779.110     3782.110
   215:     3789.110     3799.110     3802.110     3803.110     3822.110
   220:     3829.110     3833.110     3835.110     3854.110     3857.110
   225:     3887.110     3893.110     3940.110     3946.110     3957.110
   230:     3960.110     3960.210     3965.120     4010.310     4110.500
   235:     4147.120     4178.120     4217.120     4222.120     4227.120
   240:     4229.120     4231.120     4233.120     4235.120     4243.120
   245:     4246.120     4260.120     4263.120     4264.120     4270.120
   250:     4271.120     4272.120     4275.120     4275.120     4331.120
   255:     4339.120     4341.120     4344.120     4346.120     4349.120
   260:     4350.120     4352.120     4354.120     4356.120     4356.120
   265:     4398.120     4404.120     4406.120     4407.120     4434.120
   270:     4439.120     4440.120     4441.120     4443.120     4444.120
   275:     4445.120     4515.120     4545.100     4553.100     4567.100
   280:     4574.100     4581.100     4597.100     4614.100     4616.100
   285:     4619.100     4627.100     4633.100     4635.100     4639.100
   290:     4650.100     4666.100     4670.100     4674.100     4681.100
   295:     4688.100     4692.100     4695.100     4696.100     4712.100
   300:     4715.120     4723.120     4726.200     4776.300     4788.120
   305:     4803.120     4876.530     4913.120     4915.120     4919.120
   310:     4921.120     4923.120     4927.120     4928.120     4944.120
   315:     4948.120     4976.120     4986.120     4988.120     4992.120
   320:     4994.120     5045.120     5046.120     5051.120     5053.120
   325:     5055.120     5057.120     5061.120     5062.120     5114.120
   330:     5116.120     5126.120     5127.120     5128.120     5202.120
   335:     5204.120     5275.100     5293.100     5305.100     5319.100
   340:     5327.100     5337.100     5345.100     5355.100     5360.100
   345:     5367.100     5368.100     5381.120     5396.120     5403.120
   350:     5427.100     5431.100     5436.100     5438.100     5455.100
   355:     5463.100     5471.100     5480.120     5491.120     5525.100
   360:     5527.100     5531.100     5534.100     5537.100     5542.100
   365:     5554.100     5559.100     5562.100     5566.100     5568.100
   370:     5581.100     5611.120     5644.100     5648.100     5650.100
   375:     5653.100     5658.120     5689.100     5699.100     5702.100
   380:     5705.100     5727.100     5730.100     5735.100     5746.120
   385:     5771.100     5775.100     5797.100     5799.100     5803.120
   390:     5815.120     5823.120     5826.120     5830.120     5899.100
   395:     5903.100     5905.100     5911.120     5972.100     5979.100
   400:     5984.100     5987.120     6042.120     6086.120     6086.120
   405:     6089.120     6091.120     6092.120     6120.120     6121.120
   410:     6122.120     6129.120     6132.120     6171.120     6172.120
   415:     6173.120     6176.120     6178.120     6179.120     6181.120
   420:     6182.120     6232.120     6252.120     6255.120     6271.120
   425:     6273.120     6280.120     6332.120     6336.120     6370.120
   430:     6372.120     6374.120     6375.120     6377.120     6378.120
   435:     6380.120     6408.120     6439.100     6445.100     6448.100
   440:     6456.100     6463.100     6473.100     6475.120     6531.100
   445:     6537.100     6540.100     6545.100     6551.100     6553.100
   450:     6560.100     6566.100     6579.100     6585.100     6596.100
   455:     6599.100     6602.100     6604.100     6610.100     6619.100
   460:     6625.100     6626.100     6627.100     6648.100     6654.100
   465:     6658.120     6663.120     6676.330     6676.120     6686.120
   470:     6693.120     6707.120     6725.120     6776.510     6777.120
   475:     6792.120     6794.120     6797.120     6818.120     6833.120
   480:     6835.120     6837.120     6839.120     6840.120     6841.120
   485:     6853.120     6854.120     6855.120     6857.120     6858.120
   490:     6860.120     6876.120     6877.120     6880.120     6882.120
   495:     6883.120     6885.120     6933.120     6934.120     6939.120
   500:     6940.120     6943.120     6944.120     6946.120     6948.120
   505:     6983.120     6984.120     6989.120     6995.120     6996.120
   510:     6999.120     7000.120     7002.120     7042.120     7043.120
   515:     7044.120     7048.120     7050.120     7092.120     7098.120
   520:     7102.120     7140.110     7213.110     7225.110     7232.110
   525:     7239.110     7240.110     7257.110     7268.110     7272.110
   530:     7273.110     7275.110     7282.110     7289.110     7291.110
   535:     7298.110     7322.110     7327.110     7333.110     7340.110
   540:     7352.110     7357.110     7364.110     7383.110     7385.110
   545:     7386.110     7389.110     7393.110     7402.110     7403.110
   550:     7405.110     7415.110     7440.110     7442.110     7444.110
   555:     7447.110     7449.110     7469.110     7477.110     7477.210
   560:     7482.120     7527.310     7627.540     7664.120     7667.120
   565:     7671.120     7685.120     7711.120     7728.120     7733.120
   570:     7738.120     7742.120     7757.120     7758.120     7764.120
   575:     7765.120     7767.120     7769.120     7771.120     7773.120
   580:     7775.120     7776.120     7779.120     7781.120     7848.120
   585:     7852.120     7854.120     7855.120     7858.120     7859.120
   590:     7861.120     7862.120     7867.120     7867.120     7868.120
   595:     7927.120     7930.120     7934.120     7935.120     7936.120
   600:     7937.120     8006.110     8015.110     8026.110     8036.120
   605:     8074.110     8080.110     8083.110     8091.110     8100.110
   610:     8130.110     8132.110     8190.110     8203.110     8219.110
   615:     8236.110     8243.110     8247.110     8251.110     8281.110
   620:     8288.110     8291.110     8297.110     8302.110     8319.110
   625:     8325.110     8327.110     8333.110     8349.110     8351.110
   630:     8353.110     8362.110     8365.110     8366.110     8367.110
   635:     8368.110     8369.110     8394.110     8398.110     8409.110
   640:     8426.110     8436.110     8447.110     8451.110     8458.110
   645:     8461.110     8470.110     8478.110     8479.110     8484.110
   650:     8493.110     8504.110     8520.120     8568.110     8575.110
   655:     8688.110     8699.110     8703.110     8709.120     8712.120
   660:     8735.110     8738.110     8756.110     8852.110     8856.110
   665:     8957.110     8969.120     8979.120     8987.120     9099.110
   670:     9287.110     9305.120     9339.120     9342.120     9345.120
   675:     9352.120     9358.120     9364.120     9376.110     9379.110
   680:     9386.110     9389.110     9394.110     9400.110     9402.110
   685:     9427.340     9527.510     9571.110     9575.110     9584.110
   690:     9593.110     9595.110     9601.120     9646.120     9657.110
   695:     9662.110     9671.110     9676.110     9686.110     9689.110
   700:     9700.110     9704.110     9706.110     9723.110     9729.110
   705:     9736.110     9739.110     9741.110     9753.120     9757.120
   710:     9759.120     9764.110     9769.110     9789.110     9794.110
   715:     9816.110     9821.110     9844.120     9860.110     9912.110
   720:     9919.110     9921.110     9923.110     9930.110     9932.110
   725:     9949.110     9950.110     9953.110     9963.110     9965.110
   730:     9967.110     9970.110     9974.110     9980.110     9983.110
   735:     9984.110     9986.110     9987.110     9988.110     9990.110
   740:    10074.110    10076.110    10098.110    10101.110    10105.110
   745:    10113.120    10119.120    10130.120    10144.120    10144.120
   750:    10202.120    10605.110    10605.210    10609.120    10655.310
   755:    10755.500    10867.120    11182.100    11186.120    11229.100
   760:    11237.100    11242.100    11246.100    11251.100    11255.100
   765:    11257.100    11261.100    11271.120    11291.100    11298.100
   770:    11302.100    11304.100    11308.100    11333.100    11337.100
   775:    11341.100    11343.120    11358.200    11359.100    11363.120
   780:    11408.300    11508.510    11540.120    11567.120    11569.120
   785:    11576.120    11579.120    11592.120    11593.120    11606.120
   790:    11608.120    11610.120    11611.120    11615.120    11617.120
   795:    11619.120    11621.120    11622.120    11623.120    11637.120
   800:    11639.120    11642.120    11643.120    11645.120    11646.120
   805:    11649.120    11650.120    11654.120    11656.120    11657.120
   810:    11658.120    11659.120    11710.120    11711.120    11714.120
   815:    11715.120    11717.120    11719.120    11722.120    11723.120
   820:    11724.120    11725.120    11752.120    11753.120    11754.120
   825:    11756.120    11757.120    11759.120    11761.120    11762.120
   830:    11764.120    11766.120    11766.120    11767.120    11769.120
   835:    11771.120    11772.120    11773.120    11808.120    11811.120
   840:    11812.120    11813.120    11815.120    11816.120    11817.120
   845:    11819.120    11820.120    11851.120    11852.120    11854.120
   850:    11855.120    11857.120    11879.120    11882.120    11883.120
   855:    11884.120    11940.120    11941.120    11943.120    11944.120
   860:    11946.120    12011.110    12091.110    12093.110    12099.110
   865:    12101.110    12106.110    12112.110    12125.110    12129.110
   870:    12135.110    12141.110    12155.110    12157.110    12173.110
   875:    12181.110    12185.110    12205.110    12209.110    12209.210
   880:    12214.120    12259.310    12359.500    12457.120    12496.120
   885:    12512.120    12520.120    12542.120    12555.120    12571.120
   890:    12576.120    12577.120    12579.120    12580.120    12582.120
   895:    12584.120    12585.120    12587.120    12588.120    12589.120
   900:    12591.120    12591.120    12668.120    12676.120    12677.120
   905:    12679.120    12681.120    12682.120    12684.120    12685.120
   910:    12686.120    12687.120    12750.120    12752.120    12755.120
   915:    12757.120    12758.120    12760.120    12761.120    12763.120
   920:    12766.120    12767.120    12768.120    12852.120    12861.120
   925:    12862.120    12863.120    12865.120    12867.120    12868.120
   930:    12870.120    12928.100    12934.120    12947.120    12957.100
   935:    12970.120    12977.120    12988.200    12990.120    13038.300
   940:    13138.500    13177.120    13204.120    13253.120    13254.120
   945:    13260.120    13384.120    13414.120    13455.120    13456.120
   950:    13461.120    13463.120    13465.120    13493.120    13613.100
   955:    13618.120    13651.100    13662.100    13665.100    13683.120
   960:    13699.100    13706.100    13709.100    13713.100    13718.100
   965:    13723.100    13732.100    13737.100    13740.100    13741.100
   970:    13749.120    13759.200    13809.300    13909.500    13949.120
   975:    13990.120    14007.120    14014.120    14015.120    14017.120
   980:    14019.120    14021.120    14022.120    14074.120    14091.120
   985:    14093.120    14095.120    14097.120    14099.120    14100.120
   990:    14121.120    14122.120    14125.120    14127.120    14129.120
   995:    14130.120    14132.120    14134.120    14135.120    14137.120
  1000:    14171.120    14172.120    14175.120    14177.120    14178.120
  1005:    14181.120    14181.120    14362.100    14373.100    14381.120
  1010:    14434.100    14437.100    14440.100    14445.100    14452.100
  1015:    14457.100    14460.100    14471.100    14480.100    14486.120
  1020:    14512.200    14514.120    14562.300    14662.510    14674.120
  1025:    14702.120    14708.120    14710.120    14730.120    14731.120
  1030:    14743.120    14747.120    14748.120    14752.120    14766.120
  1035:    14781.120    14783.120    14784.120    14784.120    14797.120
  1040:    14800.120    14802.120    14806.120    14807.120    14809.120
  1045:    14811.120    14813.120    14876.120    14877.120    14883.120
  1050:    14885.120    14936.120    14964.120    14965.120    14966.120
  1055:    14968.120    14969.120    14971.120    14972.120    14974.120
  1060:    14975.120    14977.120    15032.120    15033.120    15111.110
  1065:    15121.110    15129.110    15150.110    15152.110    15158.110
  1070:    15167.110    15171.120    15199.110    15209.110    15210.110
  1075:    15211.110    15213.110    15214.110    15217.110    15221.110
  1080:    15222.110    15298.110    15301.110    15312.110    15330.110
  1085:    15334.110    15358.110    15360.110    15362.110    15362.210
  1090:    15367.120    15412.310    15512.510    15573.120    15575.120
  1095:    15610.120    15642.120    15643.120    15644.120    15646.120
  1100:    15647.120    15666.120    15673.120    15681.120    15745.120
  1105:    15755.120    15757.120    15758.120    15796.120    15802.120
  1110:    15804.120    15805.120    15832.120    15833.120    15835.120
  1115:    15837.120    15839.120    15841.120    15875.120    15881.120
  1120:    15882.120    15948.120    15952.120    15953.120    15988.120
  1125:    16022.110    16030.110    16043.120    16060.120    16093.120
  1130:    16107.120    16130.110    16130.210    16135.120    16180.310
  1135:    16280.510    16297.120    16339.120    16346.120    16352.120
  1140:    16366.120    16370.120    16372.120    16374.120    16376.120
  1145:    16377.120    16379.120    16380.120    16429.120    16436.120
  1150:    16440.120    16440.120    16441.120    16443.120    16444.120
  1155:    16478.120    16566.120    16576.120    16635.120    16650.120
  1160:    16666.120    16678.120    16683.120    16685.120    16686.120
  1165:    16688.120    16728.120    16731.120    16736.120    16738.120
  1170:    16739.120    16781.110    16790.110    16821.110    16864.110
  1175:    16867.110    16875.110    16878.110    16885.110    16901.110
  1180:    16901.210    16905.120    16951.310    17039.120    17040.120
  1185:    17041.120    17051.500    17056.120    17081.120    17125.120
  1190:    17127.120    17128.120    17148.120    17149.120    17152.120
  1195:    17173.120    17200.120    17576.100    17595.100    17604.100
  1200:    17611.120    17645.100    17648.100    17655.200    17659.120
  1205:    17705.300    17805.500    17833.120    17886.120    17887.120
  1210:    17895.120    17895.120    17904.120    17917.120    17920.120
  1215:    17922.120    17924.120    17949.120    17958.120    17959.120
  1220:    17967.120    17968.120    17970.120    17972.120    17974.120
  1225:    17976.120    17979.120    17980.120    17982.120    18036.120
  1230:    18042.120    18044.120    18046.120    18208.120    18257.100
  1235:    18277.100    18283.120    18312.100    18314.100    18317.100
  1240:    18320.100    18321.100    18327.100    18333.100    18336.100
  1245:    18337.100    18338.100    18340.100    18353.100    18358.100
  1250:    18366.120    18385.100    18393.100    18396.100    18403.100
  1255:    18407.100    18413.200    18420.120    18463.300    18542.120
  1260:    18563.510    18565.120    18569.120    18583.120    18597.120
  1265:    18600.120    18624.120    18626.120    18652.120    18665.120
  1270:    18669.120    18749.120    18829.120    18831.120    18832.120
  1275:    18834.120    18835.120    18837.120    18838.120    18839.120
  1280:    18845.120    18847.120    18850.120    18881.120    18887.120
  1285:    18888.120    18889.120    18929.120    18930.120    18935.120
  1290:    18937.120    18939.120    18976.120    18977.120    18979.120
  1295:    18981.120    18982.120    18983.120    18984.120    19032.120
  1300:    19036.120    19038.120    19041.120    19043.120    19047.120
  1305:    19077.120    19117.110    19124.110    19132.110    19140.110
  1310:    19144.110    19162.110    19168.110    19171.110    19183.110
  1315:    19183.210    19187.120    19233.310    19333.500    19357.120
  1320:    19359.120    19850.100    19853.120    19895.100    19898.100
  1325:    19908.100    19915.100    19921.120    19944.100    19953.100
  1330:    19955.200    19959.100    19962.120    20005.300    20105.510
  1335:    20115.120    20117.120    20162.120    20174.120    20177.120
  1340:    20221.120    20234.120    20239.120    20241.120    20243.120
  1345:    20245.120    20268.120    20279.120    20280.120    20282.120
  1350:    20284.120    20285.120    20288.120    20290.120    20491.120
  1355:    20503.120    20506.120    20508.120    20512.120    20551.120
  1360:    20576.110    20586.110    20593.110    20597.110    20602.120
  1365:    20610.120    20632.110    20638.110    20641.110    20643.110
  1370:    20648.110    20655.110    20672.110    20674.110    20677.110
  1375:    20681.110    20725.110    20725.210    20730.120    20775.310
  1380:    20862.120    20863.120    20864.120    20875.540    20910.120
  1385:    20913.120    20920.120    20922.120    20931.120    20933.120
  1390:    20934.120    20935.120    20938.120    20939.120    20940.120
  1395:    20941.120    20947.120    20989.120    20997.120    20998.120
  1400:    21000.120    21036.120    21042.120    21071.120    21072.120
  1405:    21115.120    21116.120    21117.120    21119.120    21120.120
  1410:    21155.120    21156.120    21158.120    21160.120    21161.120
  1415:    21163.120    21220.120    21226.120    21240.120    21241.120
  1420:    21243.120    21245.120    21246.120    21248.120    21249.120
  1425:    21274.120    21292.120    21297.120    21313.120    21316.120
  1430:    21317.120    21337.110    21406.110    21416.110    21440.110
  1435:    21447.110    21462.110    21482.110    21486.110    21495.110
  1440:    21499.110    21502.110    21531.110    21535.110    21536.110
  1445:    21537.110    21538.110    21543.110    21546.110    21552.110
  1450:    21559.110    21566.110    21569.110    21570.110    21578.110
  1455:    21582.110    21585.110    21596.110    21620.110    21634.110
  1460:    21641.110    21643.110    21648.110    21654.110    21656.110
  1465:    21658.110    21675.110    21681.110    21682.110    21683.110
  1470:    21687.110    21688.110    21689.110    21695.110    21717.110
  1475:    21723.110    21727.110    21735.110    21787.110    21794.110
  1480:    21806.110    21808.110    21809.110    21811.110    21812.110
  1485:    21835.110    21837.110    21840.110    21841.110    21850.110
  1490:    21855.120    21910.120    21918.110    21921.110    21974.110
  1495:    22097.110    22225.120    22232.120    22242.120    22243.120
  1500:    22285.120    22291.120    22344.120    22347.120    22348.120
  1505:    22350.120    22478.120    22506.120    22508.120    22531.110
  1510:    22539.110    22545.110    22551.110    22561.110    22613.110
  1515:    22623.110    22628.110    22632.110    22653.110    22660.110
  1520:    22666.110    22667.110    22669.110    22675.340    22677.110
  1525:    22704.120    22721.120    22733.120    22747.120    22748.120
  1530:    22750.120    22759.120    22760.120    22760.120    22775.500
  1535:    22791.120    22820.100    22844.100    22853.120    22971.100
  1540:    22978.100    22980.120    23001.120    23010.120    23053.100
  1545:    23068.100    23070.100    23074.100    23075.100    23079.100
  1550:    23086.100    23091.100    23094.120    23126.100    23129.100
  1555:    23131.100    23136.100    23149.100    23158.100    23164.100
  1560:    23167.100    23196.100    23207.100    23214.120    23259.100
  1565:    23262.100    23264.100    23269.100    23273.120    23298.120
  1570:    23304.120    23328.100    23331.100    23338.120    23352.120
  1575:    23356.120    23367.100    23379.100    23381.100    23388.200
  1580:    23389.120    23438.300    23486.120    23490.120    23497.120
  1585:    23507.120    23538.500    23538.120    23556.120    23560.120
  1590:    23573.120    23575.120    23582.120    23589.120    23591.120
  1595:    23593.120    23627.120    23628.120    23636.120    23640.120
  1600:    23719.120    23720.120    23730.120    23733.120    23735.120
  1605:    23736.120    23738.120    23739.120    23741.120    23803.120
  1610:    23804.120    23850.120    23852.120    23853.120    23857.120
  1615:    23874.120    23877.120    23879.120    23889.120    23892.120
  1620:    23894.120    23896.120    23959.100    23976.120    24030.100
  1625:    24052.100    24058.100    24059.100    24075.120    24100.100
  1630:    24109.100    24154.100    24160.200    24164.120    24210.300
  1635:    24298.120    24301.120    24302.120    24310.500    24321.120
  1640:    24337.120    24344.120    24351.120    24353.120    24355.120
  1645:    24357.120    24368.120    24377.120    24385.120    24387.120
  1650:    24389.120    24391.120    24393.120    24432.120    24437.120
  1655:    24442.120    24443.120    24445.120    24447.120    24448.120
  1660:    24464.120    24465.120    24498.120    24505.120    24506.120
  1665:    24509.120    24511.120    24514.120    24515.120    24517.120
  1670:    24519.120    24521.120    24522.120    24685.120    24693.120
  1675:    24790.100    24793.100    24799.100    24807.100    24812.100
  1680:    24817.100    24824.100    24826.100    24838.100    24846.120
  1685:    24858.120    24875.100    24879.100    24886.100    24890.100
  1690:    24897.100    24904.100    24911.100    24916.120    24935.200
  1695:    24945.120    24985.300    25085.510    25097.120    25132.120
  1700:    25134.120    25151.120    25153.120    25176.120    25181.120
  1705:    25195.120    25196.120    25206.120    25208.120    25220.120
  1710:    25226.120    25228.120    25230.120    25233.120    25234.120
  1715:    25284.120    25290.120    25292.120    25295.120    25297.120
  1720:    25298.120    25478.120    25542.120    25584.110    25590.110
  1725:    25604.110    25629.110    25657.110    25670.110    25674.110
  1730:    25683.110    25687.110    25700.110    25702.110    25708.110
  1735:    25717.110    25720.110    25725.110    25725.210    25730.120
  1740:    25775.310    25833.120    25875.510    25878.120    25920.120
  1745:    25948.120    25950.120    25959.120    25967.120    25975.120
  1750:    25980.120    25982.120    25983.120    25985.120    25986.120
  1755:    26046.120    26073.120    26076.120    26080.120    26083.120
  1760:    26084.120    26085.120    26087.120    26089.120    26150.120
  1765:    26150.120    26155.120    26197.120    26198.120    26204.120
  1770:    26219.120    26229.120    26277.120    26335.110    26343.110
  1775:    26346.110    26351.110    26360.110    26364.110    26383.110
  1780:    26390.110    26395.110    26401.110    26407.110    26424.110
  1785:    26426.110    26435.110    26449.110    26452.110    26455.110
  1790:    26478.110    26479.110    26484.110    26488.110    26490.110
  1795:    26492.110    26495.110    26498.110    26499.110    26500.110
  1800:    26506.110    26506.210    26512.120    26556.310    26656.500
  1805:    26666.120    26726.120    26732.120    26734.120    26742.120
  1810:    26759.120    26760.120    26765.120    26768.120    26773.120
  1815:    26780.120    26818.120    26828.120    26842.120    26843.120
  1820:    26844.120    26864.120    27165.100    27166.120    27200.100
  1825:    27210.100    27213.100    27228.100    27242.100    27247.120
  1830:    27260.200    27262.120    27310.300    27404.120    27410.510
  1835:    27438.120    27446.120    27460.120    27461.120    27463.120
  1840:    27465.120    27474.120    27477.120    27479.120    27481.120
  1845:    27484.120    27486.120    27523.120    27539.120    27541.120
  1850:    27568.120    27569.120    27602.120    27678.120    27713.120
  1855:    27768.120    27777.120    27795.120    27810.110    27836.110
  1860:    27844.110    27847.110    27856.110    27862.120    27889.110
  1865:    27892.110    27897.110    27905.110    27911.110    27913.110
  1870:    27916.110    27934.110    27936.110    27938.110    27946.110
  1875:    27948.110    27964.110    27967.110    27976.110    27983.110
  1880:    28008.110    28017.110    28020.110    28021.110    28022.110
  1885:    28024.110    28024.210    28025.110    28029.120    28074.310
  1890:    28174.510    28215.120    28246.120    28344.120    28463.120
  1895:    28470.120    28493.120    28525.120    28549.110    28556.110
  1900:    28561.110    28575.110    28581.120    28615.120    28619.120
  1905:    28628.110    28635.110    28640.110    28654.110    28656.110
  1910:    28674.120    28682.110    28685.110    28687.110    28695.110
  1915:    28699.110    28700.110    28704.110    28723.110    28727.110
  1920:    28733.110    28736.110    28739.110    28763.110    28772.110
  1925:    28774.110    28776.110    28783.110    28785.110    28787.110
  1930:    28788.110    28789.110    28790.110    28791.110    28795.110
  1935:    28798.110    28810.110    28819.110    28819.210    28824.120
  1940:    28869.310    28969.500    28981.120    28982.120    29051.120
  1945:    29060.120    29062.120    29528.120    29553.100    29561.100
  1950:    29570.100    29576.100    29586.100    29592.100    29594.120
  1955:    29613.200    29663.300    29669.120    29708.120    29716.120
  1960:    29728.120    29729.120    29732.120    29749.120    29750.120
  1965:    29752.120    29755.120    29757.120    29759.120    29760.120
  1970:    29763.510    29768.120    29783.120    29787.120    29789.120
  1975:    29790.120    29792.120    29794.120    29795.120    29796.120
  1980:    29827.120    29829.120    29831.120    29834.120    29835.120
  1985:    29838.120    29841.120    29842.120    29844.120    29846.120
  1990:    29847.120    29876.120    29878.120    29879.120    29881.120
  1995:    29883.120    29884.120    30298.110    30306.110    30314.110
  2000:    30321.110    30327.110    30330.110    30339.110    30342.110
  2005:    30348.110    30364.110    30370.110    30377.110    30381.110
  2010:    30385.110    30390.110    30397.110    30401.110    30404.110
  2015:    30404.210    30407.120    30454.310    30458.120    30491.120
  2020:    30492.120    30492.120    30531.120    30533.120    30534.120
  2025:    30547.120    30550.120    30554.500    30571.120    30588.120
  2030:    30699.120    30709.120    30966.120    31059.100    31061.100
  2035:    31068.120    31081.120    31114.100    31124.120    31149.100
  2040:    31157.100    31162.100    31165.100    31174.200    31179.120
  2045:    31224.300    31324.510    31342.120    31344.120    31438.120
  2050:    31445.120    31455.120    31473.120    31481.120    31481.120
  2055:    31488.120    31492.120    31493.120    31497.120    31500.120
  2060:    31534.120    31534.120    31536.120    31553.120    31554.120
  2065:    31555.120    31559.120    31560.120    31562.120    31566.120
  2070:    31568.120    31570.120    31571.120    31574.120    31574.120
  2075:    31575.120    31723.120    31747.110    31943.110    31952.110
  2080:    31956.110    31967.110    31967.210    31972.120    32017.310
  2085:    32090.120    32092.120    32117.500    32125.120    32164.120
  2090:    32164.120    32175.120    32176.120    32178.120    32180.120
  2095:    32182.120    32184.120    32185.120    32186.120    32187.120
  2100:    32189.120    32241.120    32277.120    32279.120    32281.120
  2105:    32283.120    32284.120    32286.120    32288.120    32290.120
  2110:    32292.120    32294.120    32295.120    32363.120    32364.120
  2115:    32365.120    32368.120    32371.120    32373.120    32374.120
  2120:    32376.120    32376.120    32378.120    32380.120    32381.120
  2125:    32453.120    32454.120    32477.120    32497.120    32498.120
  2130:    32510.120    32539.100    32560.100    32566.120    32579.120
  2135:    32596.100    32600.100    32607.100    32613.100    32614.100
  2140:    32619.100    32629.100    32639.100    32641.100    32649.100
  2145:    32658.120    32672.100    32675.100    32682.100    32686.100
  2150:    32689.100    32695.100    32704.100    32706.100    32707.100
  2155:    32715.100    32730.100    32732.100    32732.200    32733.120
  2160:    32782.300    32794.120    32867.120    32877.120    32878.120
  2165:    32882.500    32942.120    32944.120    32948.120    32950.120
  2170:    32951.120    32953.120    32954.120    32955.120    32957.120
  2175:    32957.120    32958.120    33030.120    33038.120    33039.120
  2180:    33040.120    33046.120    33047.120    33049.120    33050.120
  2185:    33073.120    33074.120    33075.120    33078.120    33082.120
  2190:    33084.120    33086.120    33088.120    33089.120    33091.120
  2195:    33101.120    33103.120    33105.120    33106.120    33108.120
  2200:    33109.120    33112.120    33113.120    33114.120    33115.120
  2205:    33116.120    33346.120    33371.120    33404.100    33413.120
  2210:    33436.120    33450.100    33461.100    33465.100    33479.100
  2215:    33488.100    33499.100    33507.100    33510.200    33513.120
  2220:    33560.300    33660.530    33706.120    33725.120    33726.120
  2225:    33728.120    33731.120    33732.120    33736.120    33756.120
  2230:    33769.120    33771.120    33773.120    33774.120    33775.120
  2235:    33777.120    33780.120    33782.120    33783.120    33784.120
  2240:    33785.120    33786.120    33788.120    33789.120    33791.120
  2245:    33837.120    33842.120    33844.120    33845.120    33847.120
  2250:    33870.120    33871.120    33873.120    33874.120    33876.120
  2255:    33877.120    33879.120    33881.120    33883.120    33884.120
  2260:    33948.120    34030.120    34063.120    34076.120    34091.120
  2265:    34146.120    34186.120    34221.120    34246.120    34262.100
  2270:    34273.100    34275.100    34283.100    34292.100    34293.100
  2275:    34298.100    34300.100    34303.100    34309.100    34319.100
  2280:    34327.120    34336.120    34363.120    34376.100    34383.100
  2285:    34389.100    34394.100    34403.100    34410.100    34415.100
  2290:    34424.100    34429.100    34430.100    34432.100    34434.100
  2295:    34440.120    34456.120    34473.120    34490.100    34493.100
  2300:    34508.100    34509.100    34516.100    34522.120    34551.120
  2305:    34567.100    34576.100    34582.100    34586.100    34588.100
  2310:    34594.100    34604.100    34607.100    34612.100    34630.120
  2315:    34671.100    34673.100    34683.100    34686.100    34725.100
  2320:    34814.100    34818.100    34825.120    34938.120    35128.100
  2325:    35135.120    35164.100    35174.100    35180.100    35183.100
  2330:    35185.100    35259.100    35264.100    35265.100    35282.100
  2335:    35301.100    35304.100    35309.100    35312.120    35337.100
  2340:    35340.100    35341.100    35348.100    35359.120    35396.100
  2345:    35399.100    35402.100    35405.100    35417.100    35424.100
  2350:    35427.100    35431.100    35436.100    35440.100    35448.100
  2355:    35449.120    35460.330    35513.120    35518.120    35526.120
  2360:    35544.120    35547.120    35560.510    35648.110    36148.110
  2365:    36157.110    36165.110    36179.110    36200.110    36200.210
  2370:    36206.120    36250.310    36314.120    36343.120    36348.120
  2375:    36350.510    36360.120    36361.120    36374.120    36375.120
  2380:    36377.120    36388.120    36391.120    36393.120    36398.120
  2385:    36399.120    36401.120    36402.120    36403.120    36405.120
  2390:    36406.120    36459.120    36466.120    36468.120    36473.120
  2395:    36475.120    36476.120    36478.120    36517.120    36524.120
  2400:    36526.120    36531.120    36532.120    36534.120    36570.120
  2405:    36571.120    36574.120    36576.120    36577.120    36612.120
  2410:    36613.120    36614.120    36616.120    36619.120    36620.120
  2415:    36621.120    36622.120    36623.120    36625.120    36626.120
  2420:    36666.120    36670.120    36673.120    36741.110    36751.110
  2425:    36759.110    36770.120    36792.110    36800.110    36805.110
  2430:    36807.110    36815.110    36816.110    36819.110    36844.110
  2435:    36851.110    36859.110    36864.110    36867.110    36908.110
  2440:    36912.110    36918.110    36921.110    36929.110    36932.110
  2445:    36948.110    36951.110    36960.110    36962.110    36966.110
  2450:    36972.110    36975.110    36980.110    36984.110    36984.210
  2455:    36990.120    37034.310    37134.500    37185.120    37186.120
  2460:    37236.120    37250.120    37251.120    37253.120    37260.120
  2465:    37267.120    37277.120    37278.120    37280.120    37281.120
  2470:    37282.120    37303.120    37306.120    37309.120    37334.120
  2475:    37337.120    37338.120    37340.120    37341.120    37372.120
  2480:    37383.120    37385.120    37386.120    37440.120    37445.120
  2485:    37447.120    37448.120    37508.120    37521.120    37552.100
  2490:    37556.100    37558.100    37578.120    37614.100    37620.100
  2495:    37625.100    37647.100    37651.100    37667.120    37685.100
  2500:    37696.100    37700.100    37731.100    37734.100    37736.120
  2505:    37745.200    37795.300    37895.540    37911.120    37929.120
  2510:    37929.120    37930.120    37943.120    37944.120    37946.120
  2515:    37950.120    37963.120    37982.120    37995.120    37996.120
  2520:    37998.120    37999.120    38001.120    38002.120    38004.120
  2525:    38005.120    38007.120    38009.120    38011.120    38012.120
  2530:    38014.120    38015.120    38023.120    38024.120    38025.120
  2535:    38027.120    38030.120    38031.120    38053.120    38054.120
  2540:    38056.120    38057.120    38059.120    38061.120    38062.120
  2545:    38063.120    38111.120    38113.120    38115.120    38116.120
  2550:    38118.120    38119.120    38157.120    38160.120    38161.120
  2555:    38168.120    38168.120    38170.120    38171.120    38208.120
  2560:    38274.120    38322.110    38335.110    38340.110    38348.110
  2565:    38398.110    38403.110    38405.110    38412.110    38419.110
  2570:    38444.110    38445.110    38448.110    38458.110    38463.110
  2575:    38465.110    38473.110    38482.110    38488.110    38491.110
  2580:    38497.110    38502.110    38504.110    38506.110    38507.110
  2585:    38508.110    38509.110    38518.110    38529.110    38533.110
  2590:    38554.110    38562.120    38596.110    38610.110    38611.110
  2595:    38618.110    38620.110    38624.110    38626.110    38628.110
  2600:    38634.110    38636.110    38640.110    38656.110    38660.110
  2605:    38662.110    38668.110    38681.110    38694.120    38714.120
  2610:    38723.110    38766.110    39084.110    39099.110    39104.110
  2615:    39115.110    39124.110    39130.110    39135.110    39149.120
  2620:    39173.110    39177.110    39187.110    39192.110    39197.120
  2625:    39204.120    39220.120    39232.120    39258.110    39266.110
  2630:    39347.110    39364.120    39383.110    39392.110    39399.110
  2635:    39416.110    39420.110    39424.110    39436.110    39440.110
  2640:    39472.120    39490.110    39601.110    39616.110    39619.110
  2645:    39624.110    39626.110    39630.110    39631.110    39635.120
  2650:    39667.110    39669.110    39679.110    39684.110    39688.110
  2655:    39691.110    39695.340    39696.110    39795.500    39965.100
  2660:    39969.120    39988.100    39993.100    40000.100    40012.100
  2665:    40015.100    40023.100    40028.120    40051.100    40056.100
  2670:    40061.100    40066.100    40068.100    40081.100    40083.100
  2675:    40091.120    40124.100    40132.100    40139.100    40144.100
  2680:    40145.100    40162.100    40183.100    40192.120    40234.120
  2685:    40266.100    40283.100    40285.100    40297.120    40330.100
  2690:    40342.100    40346.100    40363.100    40384.100    40389.120
  2695:    40402.200    40452.300    40470.120    40552.510    40573.120
  2700:    40577.120    40585.120    40586.120    40590.120    40595.120
  2705:    40607.120    40609.120    40610.120    40619.120    40620.120
  2710:    40622.120    40624.120    40631.120    40632.120    40688.120
  2715:    40692.120    40744.120    40753.120    40755.120    40757.120
  2720:    40758.120    40850.120    40858.120    40860.120    40888.120
  2725:    40893.120    40895.120    40897.120    40898.120    40900.120
  2730:    40901.120    40903.120    41014.120    41021.120    41024.120
  2735:    41026.120    41028.120    41029.120    41086.120    41135.110
  2740:    41143.110    41153.110    41162.110    41170.110    41190.110
  2745:    41190.210    41195.120    41240.310    41340.510    41357.120
  2750:    41358.120    41383.120    41387.120    41388.120    41393.120
  2755:    41410.120    41410.120    41411.120    41419.120    41420.120
  2760:    41466.120    41467.120    41475.120    41518.120    41523.120
  2765:    41559.120    41560.120    41562.120    41591.120    41592.120
  2770:    41594.120    41595.120    41597.120    41601.120    41742.120
  2775:    41770.110    41773.110    41776.110    41781.110    41788.110
  2780:    41792.110    41793.110    41800.110    41806.110    41812.110
  2785:    41870.110    41873.110    41882.110    41884.110    41889.110
  2790:    41896.110    41910.110    41914.110    41916.110    41919.110
  2795:    41929.110    41932.110    41934.110    41938.110    41942.110
  2800:    41947.110    41956.110    41956.210    41960.120
E:
     0:     2804.000      489.000      770.000
F:
     0:       70.000       33.442       31.198
G:
     0:        1.000        1.000        1.000        1.000        1.000
     5:        1.000        1.000        1.000        1.000        0.000
H:
     0:        1.000        1.000        2.000        2.000
L:
     0:     6984.000     6136.000     6259.000     6130.000     6387.000
     5:     6313.000     6127.000     6142.000     6178.000     6325.000
    10:     6226.000     6325.000     6347.000     6144.000     6539.000
    15:     6306.000     6251.000     6373.000     6208.000     6173.000
R:
     0:        1.000        1.000        1.000        1.000        1.000
     5:        1.000        1.000        1.000        1.000        0.000
S:
     0:        1.000        1.000
U:
     0:     6127.000        6.000        0.000
X:
     0:        0.000      628.001      675.002      688.002      738.000
     5:      738.000     1145.001     1173.002     1176.003     1192.004
    10:     1199.005     1201.006     1204.007     1215.008     1227.009
    15:     1246.010     1247.011     1249.012     1250.013     1253.014
    20:     1261.015     1264.016     1266.017     1271.018     1274.019
    25:     1281.020     1285.021     1289.022     1292.023     1323.024
    30:     1330.025     1332.026     1334.027     1339.028     1341.028
    35:     1391.000     1391.000     1826.001     1833.002     1848.003
    40:     1855.004     1862.005     1878.006     1894.007     1897.008
    45:     1900.009     1908.010     1914.011     1916.012     1919.013
    50:     1930.014     1946.015     1950.016     1955.017     1962.018
    55:     1969.019     1972.020     1975.021     1977.022     1993.023
    60:     2006.023     2056.000     2056.000     2454.002     2473.004
    65:     2484.006     2498.008     2507.010     2516.012     2525.014
    70:     2535.016     2540.018     2547.020     2548.022     2606.024
    75:     2611.026     2616.028     2618.030     2635.032     2643.034
    80:     2650.036     2705.038     2707.040     2711.042     2714.044
    85:     2717.046     2722.048     2734.050     2738.052     2742.054
    90:     2745.056     2748.058     2760.060     2824.062     2827.064
    95:     2830.066     2832.068     2868.070     2879.072     2881.074
   100:     2885.076     2906.078     2909.080     2915.082     2951.084
   105:     2955.086     2977.088     2979.090     3079.092     3083.094
   110:     3085.096     3151.098     3159.100     3163.102     3619.104
   115:     3625.106     3627.108     3636.110     3642.112     3653.114
   120:     3710.116     3716.118     3719.120     3725.122     3731.124
   125:     3733.126     3739.128     3745.130     3758.132     3765.134
   130:     3775.136     3779.138     3782.140     3784.142     3790.144
   135:     3799.146     3804.148     3805.150     3807.152     3828.154
   140:     3834.156     8362.001     8408.002     8417.003     8422.004
   145:     8426.005     8430.006     8434.007     8437.008     8441.009
   150:     8471.010     8478.011     8482.012     8484.013     8487.014
   155:     8512.015     8517.016     8521.017     8538.017     8538.018
   160:     8588.000     8588.000     9156.001     9185.002     9216.002
   165:     9266.000     9266.000     9740.001     9779.002     9790.003
   170:     9792.004     9827.005     9834.006     9836.007     9841.008
   175:     9845.009     9851.010     9860.011     9864.012     9868.013
   180:     9869.014     9887.014     9937.000     9937.000    10389.001
   185:    10401.002    10461.003    10465.004    10467.005    10472.006
   190:    10479.007    10485.008    10487.009    10498.010    10508.011
   195:    10539.011    10589.000    10589.000    11113.001    11133.002
   200:    11142.003    11182.004    11185.005    11193.005    11243.000
   205:    11243.000    11695.001    11714.002    11750.003    11751.004
   210:    11755.005    11757.006    11759.007    11765.008    11770.009
   215:    11774.010    11774.011    11776.012    11777.013    11790.014
   220:    11795.015    11822.016    11830.017    11834.018    11840.019
   225:    11844.020    11850.020    11900.000    11900.000    12416.001
   230:    12462.002    12464.003    12474.004    12482.005    12511.006
   235:    12520.007    12522.007    12525.008    12572.000    12572.000
   240:    12572.156    12572.157    12572.158    12572.159    12572.160
   245:    12572.161    12572.162    12572.163    12572.164    12572.165
   250:    12572.166    12572.167    12572.168    12572.169    12572.170
   255:    12572.171    12572.172    12572.173    12572.174    12572.175
   260:    12572.176    12572.177    12572.178    12572.179    12572.180
   265:    12572.181    12572.182    12572.183    12572.184    12572.185
   270:    12572.186    12572.186    12572.000    12572.000    12572.001
   275:    12572.002    12572.003    12572.004    12572.005    12572.006
   280:    12572.007    12572.008    12572.008    12572.000    12572.000
   285:    12572.001    12572.002    12572.003    12572.004    12572.005
   290:    12572.006    12572.007    12572.008    12572.009    12572.010
   295:    12572.011    12572.012    12572.013    12572.014    12572.015
   300:    12572.016    12572.016    12572.000    12572.000    13081.001
   305:    13116.002    13126.003    13129.004    13143.005    13157.006
   310:    13176.006    13226.000    13226.000    13809.001    13817.002
   315:    13826.003    13833.004    13842.005    13849.006    13869.006
   320:    13919.000    13919.000    14424.001    14426.002    14479.003
   325:    14513.004    14522.005    14527.006    14530.007    14539.007
   330:    14589.000    14589.000    15010.001    15031.002    15067.003
   335:    15071.004    15078.005    15084.006    15085.007    15090.008
   340:    15100.009    15110.010    15112.011    15120.012    15144.013
   345:    15147.014    15153.015    15157.016    15160.017    15166.018
   350:    15175.019    15177.020    15179.021    15186.022    15201.023
   355:    15203.024    15204.024    15254.000    15254.000    15775.001
   360:    15821.002    15832.003    15836.004    15850.005    15859.006
   365:    15870.007    15878.008    15881.008    15931.000    15931.000
   370:    16533.002    16544.004    16546.006    16554.008    16563.010
   375:    16564.012    16569.014    16571.016    16574.018    16580.020
   380:    16590.022    16647.024    16654.026    16659.028    16665.030
   385:    16674.032    16681.034    16686.036    16695.038    16700.040
   390:    16701.042    16703.044    16705.046    16761.048    16763.050
   395:    16779.052    16780.054    16786.056    16838.058    16846.060
   400:    16853.062    16857.064    16859.066    16865.068    16875.070
   405:    16878.072    16883.074    16941.076    16944.078    16954.080
   410:    16956.082    16995.084    17084.086    17089.088    17399.090
   415:    17434.092    17444.094    17450.096    17454.098    17456.100
   420:    17530.102    17534.104    17536.106    17553.108    17571.110
   425:    17575.112    17580.114    17608.116    17611.118    17612.120
   430:    17619.122    17667.124    17670.126    17673.128    17676.130
   435:    17688.132    17694.134    17698.136    17702.138    17706.140
   440:    17711.142    17718.144    19822.001    19826.002    19829.003
   445:    19885.004    19890.005    19896.006    19918.007    19921.008
   450:    19955.009    19967.010    19970.011    20002.012    20005.013
   455:    20015.013    20065.000    20065.000    20065.170    20065.171
   460:    20065.172    20065.173    20065.174    20065.175    20065.176
   465:    20065.177    20065.178    20065.179    20065.180    20065.181
   470:    20065.182    20065.183    20065.184    20065.185    20065.186
   475:    20065.187    20065.188    20065.189    20065.190    20065.191
   480:    20065.192    20065.193    20065.194    20065.195    20065.196
   485:    20065.197    20065.198    20065.198    20065.000
Y:
     0:        0.000      177.001      220.002      223.003      233.004
     5:      242.005      254.006      261.007      279.008      285.009
    10:      292.010      331.011      349.012      357.013      363.014
    15:      372.015      392.016      411.017      413.018      428.019
    20:      499.020      506.021      512.022      525.023      532.024
    25:      536.025      575.026      575.026      625.000      625.000
    30:      779.001      802.002      815.003      819.004      829.005
    35:      833.006      860.007      867.008      891.009      899.010
    40:      903.011      909.012      912.013      921.014      957.015
    45:      959.016      971.017      981.018      985.019      988.020
    50:     1006.021     1029.022     1038.023     1062.024     1067.025
    55:     1069.026     1075.027     1124.028     1136.029     1140.030
    60:     1143.031     1193.032     1253.033     1259.034     1269.035
    65:     1287.036     1300.037     1416.038     1416.038     1466.000
    70:     1466.000     1760.001     1776.002     1803.003     1806.004
    75:     1814.005     1816.006     1842.007     1845.008     1848.009
    80:     1850.010     1854.011     1870.012     1875.013     1885.014
    85:     1889.015     1894.016     1895.017     1898.018     1913.019
    90:     1919.020     1922.021     1941.022     1949.023     1966.024
    95:     1982.025     1986.026     1989.027     1996.028     2006.029
   100:     2009.030     2010.031     2030.032     2037.033     2040.034
   105:     2043.035     2061.036     2064.037     2094.038     2100.039
   110:     2147.040     2153.041     2164.042     2167.043     2167.043
   115:     2217.000     2217.000     2217.157     2217.158     2217.159
   120:     2217.160     2217.161     2217.162     2217.163     2217.164
   125:     2217.165     2217.166     2217.167     2217.168     2217.169
   130:     2217.170     2217.171     2217.172     2217.173     2217.174
   135:     2217.175     2217.176     2217.177     2217.178     2217.179
   140:     2217.180     2217.181     2217.182     2217.183     2217.184
   145:     2217.185     2217.186     2217.187     2217.188     2217.189
   150:     2217.190     2217.191     2217.192     2217.193     2217.194
   155:     2217.194     2217.000     2217.000     2217.002     2217.004
   160:     2217.006     2217.008     2217.010     2217.012     2217.014
   165:     2217.016     2217.018     2217.020     2217.022     2217.024
   170:     2217.026     2217.028     2217.030     2217.032     2217.034
   175:     2217.036     2217.038     2217.040     2217.042     2217.044
   180:     2217.046     2217.048     2217.050     2217.052     2217.054
   185:     2217.056     2217.058     2217.060     2217.062     2217.064
   190:     2217.066     2217.068     2217.070     2217.072     2217.074
   195:     2217.076     2217.078     2217.080     2217.082     2217.084
   200:     2217.086     2217.088     2217.090     2217.092     2217.094
   205:     2217.096     2217.098     2217.100     2217.102     2217.104
   210:     2217.106     2217.108     2217.110     2217.112     2217.114
   215:     2217.116     2217.118     2217.120     2217.122     2217.124
   220:     2217.126     2217.128     2217.130     2217.132     2217.134
   225:     2217.136     2217.138     2217.140     2217.141     2217.142
   230:     2217.143     2217.144     2217.145     2217.146     2217.147
   235:     2217.148     2217.149     2217.150     2217.151     2217.152
   240:     2217.153     2217.154     2217.155     2217.156     2217.157
   245:     2217.158     2217.159     2217.160     2217.161     2217.162
   250:     2217.163     2217.164     2217.165     2217.166     2217.167
   255:     2217.168     2217.169     2217.170     2217.171     2217.172
   260:     2217.173     2217.174     2217.175     2217.176     2217.177
   265:     2217.178     2217.179     2217.180     2217.181     2217.182
   270:     2217.183     2217.184     2217.185     2217.186     2217.187
   275:     2217.188     2217.189     2217.190     2217.191     2217.192
   280:     2217.193     2217.193     2217.000     2217.000     2719.001
   285:     2799.002     2801.003     2807.004     2809.005     2814.006
   290:     2820.007     2833.008     2837.009     2844.010     2849.011
   295:     2863.012     2865.013     2881.014     2889.015     2893.016
   300:     2914.017     2917.018     2917.018     2967.000     2967.000
   305:     3415.001     3426.002     3433.003     3455.004     3457.005
   310:     3462.006     3471.007     3504.008     3513.009     3514.010
   315:     3515.011     3517.012     3518.013     3522.014     3525.015
   320:     3527.016     3603.017     3606.018     3616.019     3635.020
   325:     3639.021     3663.022     3665.023     3667.024     3667.024
   330:     3717.000     3717.000     4226.001     4234.002     4334.003
   335:     4335.003     4385.000     4385.000     4885.001     4894.002
   340:     4925.003     4968.004     4971.005     4979.006     4982.007
   345:     4989.008     5005.009     5005.009     5055.000     5055.000
   350:     5609.001     5616.002     5623.003     5631.004     5635.005
   355:     5654.006     5660.007     5663.008     5675.009     5675.009
   360:     5725.000     5725.000     6195.001     6205.002     6212.003
   365:     6216.004     6251.005     6257.006     6260.007     6262.008
   370:     6267.009     6274.010     6291.011     6293.012     6296.013
   375:     6300.014     6344.015     6344.015     6394.000     6394.000
   380:     6855.002     6924.004     6934.006     6959.008     6965.010
   385:     6980.012     7001.014     7004.016     7013.018     7017.020
   390:     7021.022     7049.024     7053.026     7054.028     7055.030
   395:     7056.032     7061.034     7064.036     7070.038     7078.040
   400:     7084.042     7087.044     7088.046     7096.048     7100.050
   405:     7104.052     7114.054     7138.056     7152.058     7159.060
   410:     7161.062     7166.064     7172.066     7174.068     7176.070
   415:     7193.072     7199.074     7200.076     7201.078     7205.080
   420:     7206.082     7207.084     7213.086     7236.088     7241.090
   425:     7245.092     7253.094     7305.096     7312.098     7324.100
   430:     7326.102     7327.104     7329.106     7331.108     7353.110
   435:     7356.112     7358.114     7360.116     7368.118     7436.120
   440:     7439.122     7492.124     7615.126     8049.128     8057.130
   445:     8063.132     8069.134     8079.136     8131.138     8141.140
   450:     8146.142     8150.144     8171.146     8179.148     8184.150
   455:     8185.152     8187.154     8195.155    11102.001    11108.002
   460:    11122.003    11147.004    11176.005    11188.006    11192.007
   465:    11201.008    11205.009    11218.010    11220.011    11226.012
   470:    11236.013    11238.014    11243.015    11244.015    11294.000
   475:    11294.000    11753.001    11761.002    11765.003    11769.004
   480:    11778.005    11783.006    11801.007    11808.008    11813.009
   485:    11819.010    11825.011    11843.012    11844.013    11853.014
   490:    11867.015    11870.016    11873.017    11896.018    11897.019
   495:    11902.020    11907.021    11908.022    11911.023    11913.024
   500:    11916.025    11917.026    11918.027    11924.028    11924.028
   505:    11974.000    11974.000    12373.001    12399.002    12408.003
   510:    12410.004    12419.005    12453.006    12456.007    12461.008
   515:    12468.009    12475.010    12476.011    12479.012    12497.013
   520:    12499.014    12501.015    12509.016    12512.017    12527.018
   525:    12530.019    12539.020    12546.021    12571.022    12580.023
   530:    12583.024    12585.025    12586.026    12587.027    12587.027
   535:    12588.028    12637.000    12637.000    13012.001    13019.002
   540:    13024.003    13038.004    13091.005    13098.006    13103.007
   545:    13117.008    13119.009    13145.010    13148.011    13150.012
   550:    13158.013    13162.014    13163.015    13167.016    13185.017
   555:    13189.018    13196.019    13199.020    13202.021    13226.022
   560:    13235.023    13237.024    13239.025    13246.026    13248.027
   565:    13249.028    13250.029    13252.030    13253.031    13254.032
   570:    13258.033    13261.034    13273.035    13282.036    13282.036
   575:    13332.000    13332.000    13867.001    13874.002    13882.003
   580:    13889.004    13896.005    13898.006    13907.007    13910.008
   585:    13916.009    13932.010    13938.011    13945.012    13950.013
   590:    13953.014    13958.015    13965.016    13969.017    13972.018
   595:    13972.018    14022.000    14022.000    14444.001    14640.002
   600:    14649.003    14653.004    14665.005    14665.005    14715.000
   605:    14715.000    14715.145    14715.146    14715.147    14715.148
   610:    14715.149    14715.150    14715.150    14715.000    14715.000
   615:    14715.001    14715.002    14715.003    14715.004    14715.005
   620:    14715.006    14715.007    14715.008    14715.009    14715.010
   625:    14715.011    14715.012    14715.013    14715.014    14715.015
   630:    14715.016    14715.017    14715.018    14715.019    14715.020
   635:    14715.021    14715.022    14715.023    14715.024    14715.025
   640:    14715.026    14715.027    14715.028    14715.029    14715.030
   645:    14715.030    14715.000    14715.000    15142.002    15155.004
   650:    15160.006    15168.008    15218.010    15222.012    15225.014
   655:    15232.016    15239.018    15264.020    15265.022    15268.024
   660:    15278.026    15283.028    15285.030    15293.032    15302.034
   665:    15308.036    15310.038    15316.040    15321.042    15324.044
   670:    15326.046    15327.048    15328.050    15329.052    15338.054
   675:    15349.056    15353.058    15373.060    15416.062    15430.064
   680:    15431.066    15438.068    15440.070    15444.072    15446.074
   685:    15448.076    15454.078    15455.080    15460.082    15476.084
   690:    15480.086    15482.088    15488.090    15501.092    15543.094
   695:    15586.096    15904.098    15919.100    15923.102    15935.104
   700:    15944.106    15950.108    15955.110    15993.112    15997.114
   705:    16007.116    16012.118    16078.120    16086.122    16166.124
   710:    16203.126    16212.128    16219.130    16236.132    16240.134
   715:    16244.136    16256.138    16260.140    16310.142    16421.144
   720:    16436.146    16438.148    16443.150    16446.152    16450.154
   725:    16451.156    16487.158    16489.160    16499.162    16504.164
   730:    16508.166    16511.168    16516.169    17955.001    17963.002
   735:    17973.003    17982.004    17990.005    18010.006    18010.006
   740:    18060.000    18060.000    18489.001    18492.002    18495.003
   745:    18500.004    18507.005    18511.006    18513.007    18519.008
   750:    18526.009    18532.010    18589.011    18593.012    18602.013
   755:    18604.014    18609.015    18616.016    18630.017    18633.018
   760:    18636.019    18639.020    18648.021    18652.022    18654.023
   765:    18657.024    18661.025    18666.026    18676.027    18676.027
