File: C:\MED-PC\Data\2018-06-06_12h48m_Subject M331.txt


Start Date: 06/06/18
End Date: 06/06/18
Subject: M331
Experiment: DOBLE_PICO_ACO
Group: EXP
Box: 8
Start Time: 12:48:47
End Time: 14:02:07
MSN: IF_ACO_MULTIPLE_PICO
A:     505.000
B:      19.000
D:      21.000
I:       1.000
J:   18000.000
K:    5400.000
M:       0.000
N:      20.000
O:      21.000
P:     691.000
Q:       0.000
T:    1000.000
V:     600.000
W:      19.000
Z:       0.000
C:
     0:        0.120        0.120        0.120        0.510      199.110
     5:      206.120      232.110      246.110      249.110      255.120
    10:      283.110      288.110      296.120      329.110      332.110
    15:      335.110      365.110      449.120      458.110      469.110
    20:      475.110      486.110      494.110      499.110      506.110
    25:      514.110      520.120      540.110      540.210      546.120
    30:      590.310      598.120      599.120      600.120      605.120
    35:      607.120      686.120      688.120      690.500      702.120
    40:      735.120      970.120      991.120     1002.120     1007.120
    45:     1015.120     1023.100     1030.100     1035.120     1054.120
    50:     1069.120     1112.120     1112.120     1113.120     1113.120
    55:     1119.120     1127.100     1218.120     1229.100     1239.100
    60:     1246.100     1256.120     1270.120     1294.100     1299.100
    65:     1299.200     1304.120     1349.300     1360.120     1362.120
    70:     1439.120     1449.500     1452.120     1466.120     1600.120
    75:     1619.100     1713.100     1723.100     1730.120     1735.120
    80:     1769.100     1779.100     1782.100     1794.100     1800.120
    85:     1814.120     1831.100     1841.100     1848.100     1855.120
    90:     1878.120     1888.100     1907.100     1910.100     1922.100
    95:     1936.100     1938.100     1942.100     1946.100     1953.100
   100:     1958.120     1976.120     1988.100     2002.100     2008.100
   105:     2016.120     2037.120     2043.120     2055.100     2062.200
   110:     2068.120     2112.300     2125.120     2140.120     2150.120
   115:     2212.510     2240.120     2242.120     2247.120     2258.120
   120:     2306.110     2311.120     2312.120     2338.110     2356.110
   125:     2561.110     2569.110     2572.110     2577.120     2608.110
   130:     2611.110     2613.110     2616.110     2622.110     2686.110
   135:     2698.110     2705.110     2711.120     2728.110     2730.110
   140:     2732.110     2736.110     2756.110     2766.110     2773.110
   145:     2790.110     2797.110     2808.110     2815.110     2823.120
   150:     2831.110     2835.110     2835.210     2839.120     2885.310
   155:     2985.510     3001.120     3003.120     3036.110     3175.110
   160:     3217.120     3226.110     3232.110     3240.120     3269.110
   165:     3287.110     3320.110     3324.110     3331.110     3445.110
   170:     3454.110     3527.110     3533.110     3540.110     3544.110
   175:     3554.110     3568.110     3575.110     3583.110     3591.110
   180:     3604.120     3613.110     3613.210     3618.120     3663.310
   185:     3708.120     3752.120     3760.120     3763.500     3782.120
   190:     3813.120     3813.120     3873.120     3890.120     3898.120
   195:     3913.120     4010.120     4027.120     4044.120     4366.100
   200:     4381.100     4386.100     4391.100     4394.100     4401.100
   205:     4408.120     4412.120     4426.200     4429.120     4476.300
   210:     4576.530     4630.120     4644.120     4649.120     4922.120
   215:     4934.100     4945.100     4947.100     4948.100     4962.100
   220:     4968.120     4987.100     4989.100     4992.100     5000.100
   225:     5004.100     5011.100     5020.100     5026.120     5038.120
   230:     5048.100     5052.100     5062.100     5067.100     5078.120
   235:     5105.100     5108.100     5115.100     5117.100     5136.100
   240:     5142.100     5144.100     5149.100     5189.100     5193.100
   245:     5195.100     5199.120     5216.120     5230.100     5236.100
   250:     5241.100     5250.100     5282.100     5291.100     5295.100
   255:     5300.120     5302.120     5325.120     5391.100     5400.120
   260:     5428.120     5446.120     5459.100     5469.100     5473.100
   265:     5512.100     5517.100     5519.100     5524.120     5570.120
   270:     5704.120     5728.100     5767.100     5776.100     5827.100
   275:     5830.100     5836.100     5842.120     5872.100     5892.100
   280:     5901.120     5923.120     5935.100     5948.100     5960.100
   285:     5968.100     5998.100     6003.120     6023.120     6060.120
   290:     6079.100     6083.100     6087.100     6094.120     6242.120
   295:     6260.100     6272.100     6279.100     6285.120     6291.120
   300:     6315.120     6357.120     6376.330     6383.120     6443.120
   305:     6476.510     6499.120     6508.110     6513.120     6543.120
   310:     6586.110     6590.110     6592.110     6593.110     6597.110
   315:     6603.110     6605.110     6609.110     6615.110     6851.110
   320:     6854.110     6857.110     6876.110     6880.110     6883.110
   325:     6886.110     6893.110     6902.110     6910.120     6918.110
   330:     6922.110     6930.110     6934.110     6943.110     6949.110
   335:     6958.110     6960.110     6966.110     6981.110     6984.110
   340:     6989.110     6998.110     7002.110     7010.110     7024.110
   345:     7028.110     7033.110     7037.110     7042.110     7053.110
   350:     7060.120     7069.110     7072.110     7084.110     7088.110
   355:     7092.110     7105.110     7105.210     7110.120     7155.310
   360:     7219.120     7225.120     7255.510     7262.120     7269.120
   365:     7275.120     7303.120     7825.110     7828.110     7834.120
   370:     7855.110     7860.110     7864.110     7876.110     7882.110
   375:     7882.210     7888.120     7932.310     8032.540     8150.110
   380:     8511.110     8516.110     8554.110     8556.110     8562.110
   385:     8567.110     8580.110     8583.110     8588.120     8596.110
   390:     8600.110     8605.120     8625.110     8631.110     8661.110
   395:     8668.110     8673.110     8676.110     8682.110     8690.110
   400:     8695.120     8709.110     8716.110     8738.110     8741.110
   405:     8746.110     8765.120     8775.110     8778.110     8783.110
   410:     8790.110     8793.110     8804.110     8807.110     8821.110
   415:     8837.120     8847.110     8849.110     8852.110     8857.110
   420:     8863.110     8866.110     8869.110     8878.120     8929.110
   425:     8931.110     8944.120     9003.110     9005.110     9099.110
   430:     9106.110     9121.110     9126.120     9362.120     9371.110
   435:     9376.110     9381.110     9385.120     9475.110     9498.110
   440:     9504.120     9645.110     9652.110     9654.110     9702.110
   445:     9710.120     9735.110     9741.120     9774.110     9776.110
   450:     9779.110     9832.340     9932.500    10053.120    10075.100
   455:    10084.100    10086.100    10092.120    10121.120    10130.120
   460:    10144.100    10156.100    10160.100    10162.100    10166.120
   465:    10203.120    10209.100    10327.120    10338.100    10385.100
   470:    10394.120    10424.100    10432.100    10442.100    10446.100
   475:    10451.100    10461.100    10466.120    10506.120    10520.100
   480:    10523.100    10533.100    10536.100    10544.120    10580.200
   485:    10585.120    10630.300    10637.120    10638.120    10643.120
   490:    10648.120    10670.120    10730.510    10731.120    10736.120
   495:    10904.110    10909.120    11086.110    11093.120    11265.110
   500:    11297.110    11300.110    11314.110    11320.110    11327.110
   505:    11334.110    11353.110    11353.210    11359.120    11403.310
   510:    11413.120    11432.120    11434.120    11448.120    11455.120
   515:    11456.120    11503.500    11954.120    11967.100    11977.100
   520:    11982.100    11994.120    12006.120    12029.100    12033.100
   525:    12034.100    12039.100    12043.100    12050.100    12066.100
   530:    12072.100    12075.100    12079.120    12102.100    12105.100
   535:    12110.200    12117.120    12160.300    12260.500    12988.120
   540:    13243.120    13259.100    13266.100    13276.120    13296.120
   545:    13319.200    13342.120    13369.300    13469.510    13470.120
   550:    13491.120    13986.110    13992.120    14027.110    14031.110
   555:    14037.110    14058.120    14081.110    14084.110    14088.110
   560:    14095.110    14095.210    14100.120    14145.310    14154.120
   565:    14164.120    14181.120    14204.120    14218.120    14245.500
   570:    14509.120    14542.120    14596.120    14665.100    14674.120
   575:    14743.100    14870.100    14879.100    14884.120    14907.120
   580:    14915.100    14926.100    14930.200    14930.100    14935.120
   585:    14980.300    14984.120    14987.120    15080.510    15538.120
   590:    15560.110    15573.110    15576.110    15580.110    15591.120
   595:    15609.110    15611.110    15615.110    15624.110    15628.110
   600:    15637.120    15639.120    15712.110    15712.210    15717.120
   605:    15762.310    15789.120    15799.120    15811.120    15862.510
   610:    16281.120    16289.120    16307.110    16312.110    16315.110
   615:    16326.110    16335.110    16346.110    16349.110    16351.110
   620:    16353.110    16364.120    16370.110    16373.110    16384.110
   625:    16397.110    16404.110    16407.110    16415.120    16429.110
   630:    16432.110    16440.110    16443.110    16455.110    16464.110
   635:    16469.110    16477.120    16492.110    16492.210    16497.120
   640:    16542.310    16599.120    16601.120    16608.120    16642.500
   645:    16798.120    17232.100    17244.100    17248.100    17257.120
   650:    17269.120    17279.100    17282.100    17286.100    17289.100
   655:    17292.200    17292.100    17299.120    17342.300    17442.510
   660:    17703.110    17706.120    17727.120    17759.110    17763.110
   665:    17824.110    17843.110    17852.120    17861.110    17864.110
   670:    17867.110    17875.110    17878.110    17886.110    17896.110
   675:    17899.110    17906.110    17917.110    17921.110    17934.110
   680:    17941.110    17952.110    17959.110    17964.120    17976.110
   685:    17981.110    17989.110    17993.110    18000.110    18009.110
   690:    18013.110    18019.110    18024.110    18027.110    18034.110
   695:    18046.110    18049.110    18053.120    18064.120    18073.110
   700:    18073.210    18077.120    18123.310    18159.120    18166.120
   705:    18180.120    18194.120    18210.120    18218.120    18223.500
   710:    18232.120    18233.120    18304.120    18682.120    18803.120
   715:    18836.100    18842.100    18847.100    18849.100    18854.120
   720:    18871.120    18877.100    18881.100    18886.100    18889.100
   725:    18895.100    18896.200    18902.120    18946.300    19046.510
   730:    19333.110    19342.110    19346.110    19413.110    19416.110
   735:    19426.110    19433.110    19436.110    19439.110    19445.110
   740:    19451.110    19457.120    19465.110    19468.110    19477.110
   745:    19480.110    19491.110    19501.110    19506.120    19514.110
   750:    19518.110    19531.110    19537.120    19544.120    19551.110
   755:    19556.110    19561.110    19567.110    19570.110    19573.110
   760:    19582.110    19587.110    19593.120    19597.120    19611.110
   765:    19613.110    19621.110    19630.110    19641.110    19646.110
   770:    19654.110    19663.110    19668.110    19671.110    19671.210
   775:    19677.120    19721.310    19770.120    19773.120    19786.120
   780:    19805.120    19815.120    19816.120    19821.500    19828.120
   785:    19829.120    19853.120    19904.120    19911.120    19915.120
   790:    19917.120    19921.120    20331.120    20383.100    20424.120
   795:    20443.120    20443.200    20493.300    20567.120    20572.120
   800:    20588.120    20589.120    20593.500    20597.120    20629.120
   805:    20633.120    20639.120    20650.120    21127.120    21142.100
   810:    21150.100    21154.100    21159.100    21164.120    21195.100
   815:    21198.100    21201.100    21202.200    21207.120    21252.300
   820:    21352.510    21667.110    21671.120    21922.110    21932.120
   825:    21940.110    21952.110    21979.110    21979.210    21984.120
   830:    22029.310    22129.500    22625.100    22664.120    22679.100
   835:    22686.100    22688.100    22691.100    22694.100    22704.100
   840:    22710.120    22721.120    22731.100    22739.100    22739.200
   845:    22744.120    22789.300    22889.500    23144.120    23343.120
   850:    23374.120    23382.100    23390.100    23392.100    23398.120
   855:    23465.120    23489.100    23492.100    23493.100    23498.100
   860:    23505.100    23509.100    23513.100    23523.100    23530.120
   865:    23549.200    23553.120    23599.300    23699.510    23841.120
   870:    24004.110    24094.110    24107.120    24123.110    24129.110
   875:    24131.110    24134.110    24204.110    24208.110    24220.110
   880:    24223.110    24228.120    24243.110    24266.110    24273.110
   885:    24277.110    24287.110    24303.110    24307.110    24315.120
   890:    24331.110    24331.210    24336.120    24381.310    24391.120
   895:    24400.120    24408.120    24481.510    24514.120    25020.120
   900:    25040.110    25044.110    25047.110    25062.110    25073.110
   905:    25079.120    25095.110    25097.110    25101.110    25106.110
   910:    25122.110    25130.110    25139.110    25147.110    25149.110
   915:    25153.110    25157.120    25164.110    25164.210    25169.120
   920:    25214.310    25233.120    25248.120    25314.510    25365.120
   925:    25402.120    25404.120    25405.120    25406.120    25580.120
   930:    25900.110    25903.110    25912.120    25920.110    25923.110
   935:    25931.110    25938.110    25951.110    25955.110    25963.120
   940:    25978.120    25988.110    25988.210    25992.120    26038.310
   945:    26111.120    26138.530    26141.120    26241.120    26246.120
   950:    26721.120    26831.100    26902.100    26913.120    26935.120
   955:    26952.100    26959.100    26966.100    26970.120    26989.120
   960:    27025.100    27030.100    27033.100    27043.100    27045.100
   965:    27048.120    27069.120    27082.100    27103.100    27107.100
   970:    27111.120    27135.120    27148.100    27187.100    27199.100
   975:    27205.120    27220.120    27246.100    27253.100    27259.100
   980:    27262.100    27264.100    27267.100    27272.100    27288.100
   985:    27291.100    27293.100    27295.100    27300.120    27324.120
   990:    27368.120    27380.100    27383.100    27390.100    27399.100
   995:    27437.100    27445.100    27456.120    27481.120    27514.100
  1000:    27527.100    27533.120    27558.120    27577.120    27613.120
  1005:    27648.100    27814.120    27845.120    27876.120    27938.330
  1010:    28038.500    28284.120    28334.120    28440.100    28447.100
  1015:    28450.100    28453.100    28458.120    28482.120    28489.100
  1020:    28491.100    28498.100    28502.100    28505.100    28508.100
  1025:    28511.100    28518.100    28523.100    28528.100    28535.120
  1030:    28553.120    28566.100    28573.100    28588.100    28590.100
  1035:    28594.100    28599.120    28625.120    28635.100    28639.100
  1040:    28648.200    28654.120    28698.300    28798.510    29205.110
  1045:    29215.120    29301.110    29306.110    29310.110    29313.110
  1050:    29320.110    29325.110    29333.110    29342.110    29344.110
  1055:    29354.110    29358.110    29379.110    29383.110    29402.110
  1060:    29408.120    29417.120    29424.110    29427.110    29437.110
  1065:    29442.110    29444.110    29446.110    29525.110    29525.210
  1070:    29533.120    29575.310    29674.120    29675.500    29686.120
  1075:    29687.120    29997.120    30128.120    30229.100    30236.100
  1080:    30242.100    30248.120    30275.100    30279.100    30281.100
  1085:    30286.100    30289.100    30289.200    30295.120    30339.300
  1090:    30439.540    30466.120    30467.120    30468.120    30495.120
  1095:    30837.110    30843.120    30860.110    30864.110    30870.110
  1100:    30875.110    30879.120    30896.110    30899.110    30903.110
  1105:    30906.110    30916.110    30924.110    30926.110    30930.110
  1110:    30940.110    30947.110    30950.120    30964.110    30968.110
  1115:    30974.110    30978.110    30987.110    30994.110    30998.110
  1120:    31002.120    31013.110    31017.110    31026.110    31034.110
  1125:    31039.110    31046.110    31053.110    31056.110    31066.110
  1130:    31069.110    31076.110    31084.120    31101.110    31103.110
  1135:    31112.110    31115.110    31126.110    31129.110    31131.110
  1140:    31134.110    31138.110    31146.110    31154.110    31165.120
  1145:    31183.110    31187.110    31195.110    31199.110    31203.110
  1150:    31207.110    31210.110    31217.110    31227.110    31237.110
  1155:    31243.110    31251.110    31266.110    31270.110    31280.110
  1160:    31288.110    31297.110    31303.110    31307.110    31311.110
  1165:    31315.110    31321.110    31337.110    31343.110    31366.110
  1170:    31370.110    31372.110    31379.110    31397.120    31410.110
  1175:    31415.110    31444.120    31451.110    31454.110    31465.110
  1180:    31473.110    31536.120    31548.110    31550.110    31555.110
  1185:    31634.110    31649.120    31667.110    31683.120    31710.110
  1190:    31712.110    31720.110    31747.110    31761.120    31991.120
  1195:    32000.110    32005.110    32011.110    32026.120    32033.120
  1200:    32052.110    32080.120    32239.340    32339.500    32578.120
  1205:    32684.120    32880.100    32911.100    32914.100    32919.120
  1210:    32933.120    32940.200    32944.120    32990.300    33090.510
  1215:    33298.120    33327.110    33334.120    33397.110    33596.110
  1220:    33607.110    33611.110    33622.110    33633.110    33650.110
  1225:    33655.110    33657.110    33664.110    33674.110    33678.110
  1230:    33690.110    33703.110    33711.120    33720.120    33726.110
  1235:    33729.110    33738.110    33753.110    33762.110    33767.110
  1240:    33767.210    33773.120    33817.310    33917.510    33926.120
  1245:    33930.120    33935.120    34490.110    34500.110    34504.110
  1250:    34506.110    34513.110    34522.110    34539.110    34544.110
  1255:    34551.110    34556.120    34564.110    34568.110    34586.110
  1260:    34592.110    34592.210    34597.120    34642.310    34689.120
  1265:    34708.120    34715.120    34742.500    34819.120    34855.120
  1270:    35155.120    35165.100    35173.100    35183.100    35188.100
  1275:    35191.100    35200.100    35206.120    35225.120    35232.100
  1280:    35235.100    35240.100    35246.100    35249.100    35252.100
  1285:    35259.100    35268.100    35275.120    35289.120    35296.100
  1290:    35312.100    35315.100    35328.100    35345.100    35349.100
  1295:    35355.100    35356.200    35362.120    35406.300    35506.510
  1300:    36014.110    36020.120    36047.110    36053.110    36066.110
  1305:    36076.110    36082.110    36086.110    36093.110    36095.110
  1310:    36100.110    36107.110    36118.110    36126.110    36133.110
  1315:    36136.110    36149.110    36162.120    36175.110    36177.110
  1320:    36183.110    36183.210    36187.120    36233.310    36325.120
  1325:    36333.500    36427.120    36431.120    36869.120    36905.100
  1330:    36918.100    36927.100    36933.100    36937.120    36951.120
  1335:    36963.100    36965.200    36972.120    37015.300    37115.510
  1340:    37597.110    37602.120    37622.110    37627.110    37637.120
  1345:    37649.110    37652.110    37667.110    37670.110    37678.110
  1350:    37690.110    37693.110    37701.110    37710.110    37715.110
  1355:    37719.110    37729.110    37737.110    37746.120    37752.110
  1360:    37757.110    37761.110    37767.110    37777.110    37779.110
  1365:    37786.110    37788.110    37788.210    37793.120    37838.310
  1370:    37887.120    37888.120    37896.120    37897.120    37903.120
  1375:    37938.530    38043.120    38301.120    38327.120    38340.100
  1380:    38346.100    38352.100    38355.100    38360.100    38364.120
  1385:    38376.120    38388.100    38392.100    38393.100    38396.100
  1390:    38399.100    38404.100    38414.100    38421.120    38444.120
  1395:    38470.100    38473.100    38484.100    38492.100    38508.100
  1400:    38510.100    38514.120    38524.120    38545.120    38553.100
  1405:    38555.100    38570.100    38575.100    38577.100    38586.100
  1410:    38597.100    38608.100    38617.100    38644.100    38649.100
  1415:    38659.100    38665.120    38690.120    38711.120    38729.100
  1420:    38787.120    38816.120    38887.100    38915.120    38923.120
  1425:    39251.120    39266.100    39284.100    39294.120    39305.120
  1430:    39323.120    39341.100    39345.100    39353.100    39361.100
  1435:    39365.100    39378.100    39382.100    39385.100    39401.100
  1440:    39406.120    39425.120    39438.100    39446.100    39452.100
  1445:    39461.100    39473.100    39480.100    39485.100    39492.100
  1450:    39501.100    39504.100    39508.120    39531.120    39547.100
  1455:    39550.100    39551.100    39558.100    39565.100    39605.100
  1460:    39610.120    39643.120    39670.120    39685.100    39706.120
  1465:    39738.330    39838.510    40606.110    40606.210    40611.120
  1470:    40656.310    40756.500    40757.120    41116.120    41288.120
  1475:    41296.100    41307.100    41315.100    41318.100    41322.100
  1480:    41326.100    41332.120    41343.100    41347.100    41355.100
  1485:    41356.200    41357.100    41363.120    41406.300    41500.120
  1490:    41506.500    41524.120    41983.120
E:
     0:     1493.000      407.000      604.000
F:
     0:       70.000       38.722       25.248
G:
     0:        1.000        1.000        1.000        1.000        1.000
     5:        1.000        1.000        1.000        1.000        0.000
H:
     0:        1.000        1.000        2.000        2.000
L:
     0:     6189.000     6225.000     6723.000     6576.000     6166.000
     5:    10689.000     6944.000     6596.000     6832.000     6318.000
    10:     6185.000     6194.000     6704.000     6202.000     6241.000
    15:     6103.000     6233.000     6423.000     6102.000
R:
     0:        1.000        1.000        1.000        1.000        1.000
     5:        1.000        1.000        1.000        1.000        0.000
S:
     0:        1.000        1.000
U:
     0:     6723.000        2.000        0.000
X:
     0:        0.000      332.001      339.002      436.003      538.004
     5:      548.005      555.006      603.007      608.008      608.008
    10:      658.000      658.000      827.001      921.002      932.003
    15:      978.004      987.005      990.006     1002.007     1039.008
    20:     1050.009     1057.010     1096.011     1115.012     1118.013
    25:     1131.014     1144.015     1146.016     1150.017     1154.018
    30:     1161.019     1196.020     1210.021     1216.022     1263.023
    35:     1270.023     1320.000     1320.000     1922.001     1937.002
    40:     1942.003     1947.004     1950.005     1957.006     1982.006
    45:     2032.000     2032.000     2390.002     2401.004     2403.006
    50:     2404.008     2418.010     2443.012     2444.014     2447.016
    55:     2456.018     2460.020     2466.022     2476.024     2504.026
    60:     2507.028     2517.030     2523.032     2561.034     2564.036
    65:     2570.038     2573.040     2592.042     2598.044     2600.046
    70:     2605.048     2644.050     2648.052     2651.054     2685.056
    75:     2691.058     2696.060     2705.062     2738.064     2747.066
    80:     2750.068     2847.070     2915.072     2925.074     2929.076
    85:     2967.078     2973.080     2975.082     3184.084     3223.086
    90:     3232.088     3283.090     3286.092     3292.094     3328.096
    95:     3348.098     3391.100     3404.102     3416.104     3424.106
   100:     3454.108     3535.110     3539.112     3542.114     3716.116
   105:     3728.118     3735.120     7531.119     7540.120     7542.121
   110:     7599.122     7612.123     7616.124     7617.125     7665.126
   115:     7794.127     7840.128     7880.129     7888.130     7897.131
   120:     7901.132     7907.133     7917.134     7975.135     7979.136
   125:     7989.137     7992.138     8035.138     8085.000     8085.000
   130:     8548.001     8558.002     8563.003     8610.004     8614.005
   135:     8615.006     8620.007     8624.008     8631.009     8647.010
   140:     8653.011     8656.012     8683.013     8686.014     8691.014
   145:     8741.000     8741.000     9739.001     9746.002     9799.002
   150:     9849.000     9849.000    10268.001    10346.002    10473.003
   155:    10482.004    10519.005    10530.006    10533.006    10533.007
   160:    10583.000    10583.000    11172.001    11185.002    11188.003
   165:    11219.004    11222.005    11227.006    11230.007    11232.007
   170:    11232.008    11282.000    11282.000    11895.001    11900.002
   175:    11906.003    11908.004    11935.005    11940.006    11945.007
   180:    11948.008    11954.009    11955.009    12005.000    12005.000
   185:    12566.001    12626.001    12676.000    12676.000    13224.001
   190:    13233.002    13236.003    13241.004    13277.005    13280.006
   195:    13283.007    13284.007    13334.000    13334.000    13829.001
   200:    13883.002    13890.003    13893.004    13895.005    13898.006
   205:    13908.007    13935.008    13943.009    13943.009    13993.000
   210:    13993.000    14486.001    14494.002    14496.003    14593.004
   215:    14596.005    14597.006    14602.007    14609.008    14613.009
   220:    14617.010    14627.011    14653.011    14703.000    14703.000
   225:    15396.002    15466.004    15517.006    15523.008    15530.010
   230:    15589.012    15594.014    15597.016    15608.018    15610.020
   235:    15646.022    15668.024    15672.026    15712.028    15752.030
   240:    15763.032    15811.034    15818.036    15823.038    15826.040
   245:    15828.042    15832.044    15836.046    15852.048    15855.050
   250:    15858.052    15860.054    15944.056    15948.058    15955.060
   255:    15964.062    16002.064    16010.066    16079.068    16092.070
   260:    16212.072    17004.073    17011.074    17015.075    17017.076
   265:    17054.077    17056.078    17062.079    17066.080    17069.081
   270:    17072.082    17076.083    17083.084    17087.085    17093.086
   275:    17131.087    17137.088    17153.089    17154.090    17158.091
   280:    17199.092    17204.093    17213.093    17263.000    17263.000
   285:    17817.001    17823.002    17829.003    17862.004    17866.005
   290:    17868.006    17873.007    17877.008    17877.008    17927.000
   295:    17927.000    17927.183    17927.184    17927.185    17927.185
   300:    17927.000    17927.000    18349.001    18357.002    18367.003
   305:    18372.004    18375.005    18384.006    18416.007    18419.008
   310:    18424.009    18430.010    18433.011    18436.012    18443.013
   315:    18452.014    18480.015    18496.016    18499.017    18512.018
   320:    18529.019    18533.020    18539.021    18540.021    18590.000
   325:    18590.000    19162.001    19174.002    19183.003    19190.004
   330:    19220.005    19222.005    19272.000    19272.000    19673.002
   335:    19680.004    19685.006    19689.008    19693.010    19721.012
   340:    19725.014    19727.016    19729.018    19732.020    19738.022
   345:    19748.024    19804.026    19806.028    19817.030    19825.032
   350:    19842.034    19844.036    19886.038    19889.040    19904.042
   355:    19908.044    19911.046    19919.048    19931.050    19942.052
   360:    19951.054    19977.056    19982.058    19992.060    20062.062
   365:    20221.064    20599.066    20617.068    20675.070    20678.072
   370:    20687.074    20695.076    20698.078    20711.080    20716.082
   375:    20719.084    20735.086    20772.088    20780.090    20786.092
   380:    20794.094    20806.096    20814.098    20818.100    20825.102
   385:    20834.104    20837.106    20881.108    20883.110    20884.112
   390:    20891.114    20898.116    20938.118    21018.120    22630.001
   395:    22641.002    22649.003    22651.004    22656.005    22660.006
   400:    22676.007    22681.008    22689.009    22690.009    22691.010
   405:    22740.000    22740.000
Y:
     0:        0.000      199.001      232.002      246.003      249.004
     5:      283.005      288.006      329.007      332.008      335.009
    10:      365.010      458.011      469.012      475.013      485.014
    15:      494.015      499.016      506.017      514.018      540.019
    20:      540.019      590.000      590.000      684.001      716.002
    25:      734.003      938.004      947.005      949.006      985.007
    30:      988.008      991.009      994.010     1000.011     1063.012
    35:     1076.013     1082.014     1106.015     1108.016     1110.017
    40:     1114.018     1133.019     1143.020     1151.021     1168.022
    45:     1175.023     1185.024     1193.025     1208.026     1212.027
    50:     1212.027     1262.000     1262.000     1312.001     1452.002
    55:     1503.003     1509.004     1546.005     1564.006     1597.007
    60:     1601.008     1608.009     1722.010     1730.011     1804.012
    65:     1810.013     1817.014     1821.015     1831.016     1845.017
    70:     1852.018     1860.019     1868.020     1890.021     1890.021
    75:     1940.000     1940.000     1940.121     1940.122     1940.123
    80:     1940.124     1940.125     1940.126     1940.127     1940.128
    85:     1940.129     1940.130     1940.131     1940.132     1940.133
    90:     1940.134     1940.135     1940.136     1940.137     1940.138
    95:     1940.139     1940.140     1940.141     1940.142     1940.143
   100:     1940.144     1940.145     1940.146     1940.147     1940.148
   105:     1940.149     1940.150     1940.151     1940.152     1940.153
   110:     1940.154     1940.155     1940.156     1940.157     1940.158
   115:     1940.159     1940.160     1940.161     1940.162     1940.163
   120:     1940.164     1940.165     1940.166     1940.166     1940.000
   125:     1940.000     1940.001     1940.002     1940.003     1940.004
   130:     1940.005     1940.006     1940.007     1940.007     1940.000
   135:     1940.000     1940.002     1940.004     1940.006     1940.008
   140:     1940.010     1940.012     1940.014     1940.016     1940.018
   145:     1940.020     1940.022     1940.024     1940.026     1940.028
   150:     1940.030     1940.032     1940.034     1940.036     1940.038
   155:     1940.040     1940.042     1940.044     1940.046     1940.048
   160:     1940.050     1940.052     1940.054     1940.056     1940.058
   165:     1940.060     1940.062     1940.064     1940.066     1940.068
   170:     1940.070     1940.072     1940.074     1940.076     1940.078
   175:     1940.080     1940.082     1940.084     1940.086     1940.088
   180:     1940.090     1940.092     1940.094     1940.096     1940.098
   185:     1940.100     1940.102     1940.104     1940.106     1940.108
   190:     1940.110     1940.112     1940.114     1940.116     1940.118
   195:     2114.001     2296.002     2475.003     2507.004     2510.005
   200:     2524.006     2530.007     2537.008     2544.009     2563.010
   205:     2563.010     2613.000     2613.000     3130.001     3171.002
   210:     3174.003     3180.004     3224.005     3227.006     3231.007
   215:     3239.008     3239.008     3289.000     3289.000     3769.001
   220:     3782.002     3785.003     3788.004     3817.005     3820.006
   225:     3824.007     3833.008     3837.009     3921.010     3921.010
   230:     3971.000     3971.000     4416.001     4421.002     4424.003
   235:     4435.004     4444.005     4455.006     4457.007     4459.008
   240:     4461.009     4479.010     4482.011     4492.012     4506.013
   245:     4513.014     4516.015     4537.016     4541.017     4548.018
   250:     4552.019     4563.020     4572.021     4577.022     4600.023
   255:     4600.023     4650.000     4650.000     4911.001     4967.002
   260:     4971.003     5032.004     5051.005     5069.006     5072.007
   265:     5075.008     5083.009     5086.010     5094.011     5104.012
   270:     5107.013     5114.014     5125.015     5129.016     5142.017
   275:     5149.018     5160.019     5167.020     5184.021     5189.022
   280:     5197.023     5201.024     5208.025     5217.026     5221.027
   285:     5227.028     5232.029     5235.030     5242.031     5254.032
   290:     5257.033     5281.034     5281.034     5331.000     5331.000
   295:     5618.001     5627.002     5631.003     5697.004     5701.005
   300:     5711.006     5718.007     5720.008     5724.009     5730.010
   305:     5735.011     5750.012     5753.013     5761.014     5764.015
   310:     5776.016     5786.017     5798.018     5802.019     5816.020
   315:     5836.021     5840.022     5845.023     5851.024     5855.025
   320:     5858.026     5867.027     5871.028     5895.029     5897.030
   325:     5906.031     5915.032     5926.033     5931.034     5939.035
   330:     5948.036     5952.037     5956.038     5956.038     6006.000
   335:     6006.000     6321.001     6576.002     6593.003     6605.004
   340:     6633.005     6633.005     6683.000     6683.000     6987.001
   345:     7078.002     7107.003     7112.004     7115.005     7117.006
   350:     7188.007     7191.008     7203.009     7207.010     7227.011
   355:     7250.012     7256.013     7260.014     7270.015     7287.016
   360:     7290.017     7315.018     7315.018     7365.000     7365.000
   365:     7923.001     7927.002     7930.003     7945.004     7956.005
   370:     7978.006     7981.007     7984.008     7989.009     8005.010
   375:     8014.011     8022.012     8030.013     8032.014     8037.015
   380:     8047.016     8047.016     8097.000     8097.000     8682.001
   385:     8685.002     8703.003     8705.004     8714.005     8720.006
   390:     8733.007     8737.008     8770.009     8771.009     8821.000
   395:     8821.000     9228.001     9323.002     9328.003     9333.004
   400:     9336.005     9343.006     9348.007     9356.008     9364.009
   405:     9366.010     9377.011     9380.012     9402.013     9406.014
   410:     9425.015     9447.016     9450.017     9459.018     9464.019
   415:     9466.020     9468.021     9548.022     9548.022     9598.000
   420:     9598.000     9995.002    10018.004    10022.006    10028.008
   425:    10033.010    10054.012    10057.014    10061.016    10064.018
   430:    10074.020    10082.022    10084.024    10088.026    10098.028
   435:    10105.030    10122.032    10126.034    10132.036    10136.038
   440:    10145.040    10152.042    10156.044    10171.046    10175.048
   445:    10184.050    10192.052    10197.054    10204.056    10211.058
   450:    10214.060    10224.062    10227.064    10234.066    10259.068
   455:    10261.070    10270.072    10273.074    10284.076    10287.078
   460:    10289.080    10292.082    10296.084    10304.086    10312.088
   465:    10341.090    10345.092    10353.094    10357.096    10361.098
   470:    10365.100    10368.102    10375.104    10385.106    10395.108
   475:    10401.110    10409.112    10424.114    10428.116    10438.118
   480:    10446.120    10455.122    10461.124    10465.126    10469.128
   485:    10473.130    10479.132    10495.134    10501.136    10524.138
   490:    10528.140    10530.142    10537.144    10568.146    10573.148
   495:    10609.150    10612.152    10623.154    10631.156    10706.158
   500:    10708.160    10713.162    10792.164    10825.166    10868.168
   505:    10870.170    10878.172    10905.174    11158.176    11163.178
   510:    11169.180    11210.182    12485.001    12555.002    12754.003
   515:    12765.004    12769.005    12780.006    12791.007    12808.008
   520:    12813.009    12815.010    12822.011    12832.012    12836.013
   525:    12848.014    12861.015    12884.016    12887.017    12896.018
   530:    12911.019    12920.020    12925.021    12925.021    12975.000
   535:    12975.000    13548.001    13558.002    13561.003    13564.004
   540:    13570.005    13580.006    13596.007    13602.008    13608.009
   545:    13621.010    13626.011    13644.012    13650.013    13650.013
   550:    13700.000    13700.000    14207.001    14241.002    14247.003
   555:    14259.004    14269.005    14276.006    14279.007    14287.008
   560:    14289.009    14294.010    14301.011    14312.012    14320.013
   565:    14327.014    14330.015    14343.016    14369.017    14371.018
   570:    14376.019    14376.019    14426.000    14426.000    14908.001
   575:    14932.002    14938.003    14960.004    14963.005    14978.006
   580:    14981.007    14988.008    15000.009    15003.010    15011.011
   585:    15021.012    15026.013    15030.014    15040.015    15047.016
   590:    15063.017    15067.018    15071.019    15077.020    15087.021
   595:    15090.022    15096.023    15099.024    15099.024    15149.000
   600:    15149.000    15149.121    15149.121    15149.000
