File: C:\MED-PC\Data\2018-05-21_12h27m_Subject M333.txt


Start Date: 05/21/18
End Date: 05/21/18
Subject: M333
Experiment: DOBLE_PICO_ACO
Group: EXP
Box: 10
Start Time: 12:27:15
End Time: 13:40:37
MSN: IF_ACO_MULTIPLE_PICO
A:     330.000
B:      20.000
D:      21.000
I:       2.000
J:   18000.000
K:    5400.000
M:      18.000
N:      20.000
O:      22.000
P:     581.000
Q:       0.000
T:    1000.000
V:     600.000
W:      20.000
Z:       0.000
C:
     0:        0.120        0.120        0.120        0.120        0.120
     5:        0.120        0.120        0.120        0.120        0.120
    10:        0.120        0.120        0.120        0.120        0.120
    15:        0.120        0.120        0.120        0.120        0.120
    20:        0.120        0.120        0.120        0.120        0.120
    25:        0.120        0.120        0.120        0.120        0.120
    30:        0.120        0.120        0.120        0.120        0.120
    35:        0.120        0.120        0.120        0.120        0.120
    40:        0.120        0.120        0.120        0.120        0.120
    45:        0.120        0.120        0.510       10.120      117.110
    50:      122.120      130.120      212.120      287.110      290.120
    55:      301.120      303.120      369.110      373.120      413.120
    60:      465.110      468.120      538.110      542.110      542.210
    65:      546.120      589.120      592.310      692.510      798.110
    70:      802.120      857.110      861.120      866.120      892.120
    75:     1030.110     1036.110     1041.120     1074.120     1105.110
    80:     1110.110     1113.120     1135.120     1139.120     1172.110
    85:     1177.120     1227.120     1230.110     1235.110     1235.210
    90:     1239.120     1285.310     1385.510     1392.120     1497.110
    95:     1500.120     1511.120     1515.120     1577.110     1581.110
   100:     1585.120     1601.120     1620.120     1637.120     1662.120
   105:     1705.110     1708.120     1743.120     1748.110     1751.110
   110:     1841.110     1843.110     1849.110     1858.110     1862.110
   115:     1866.120     1907.110     1914.110     1918.120     1944.120
   120:     1958.110     1958.210     1960.120     2008.310     2108.500
   125:     2109.120     2131.120     2156.120     2210.120     2211.120
   130:     2224.120     2227.120     2259.120     2259.120     2267.120
   135:     2292.120     2294.120     2298.120     2340.120     2364.100
   140:     2376.120     2405.120     2406.120     2415.120     2439.120
   145:     2446.100     2449.120     2454.120     2554.120     2585.120
   150:     2587.120     2588.120     2590.120     2592.120     2707.120
   155:     2767.100     2767.100     2771.100     2775.120     2805.120
   160:     2808.120     2810.120     2812.120     2814.120     2827.200
   165:     2831.120     2877.300     2886.120     2977.500     3025.120
   170:     3270.120     3281.120     3286.120     3349.120     3438.100
   175:     3441.120     3506.120     3509.120     3519.120     3572.100
   180:     3580.120     3632.200     3639.120     3682.300     3684.120
   185:     3782.510     3889.120     3905.120     3905.120     3906.120
   190:     3965.120     3968.120     3998.120     3999.120     4024.120
   195:     4145.110     4148.120     4170.120     4175.120     4215.110
   200:     4220.110     4223.120     4258.120     4259.120     4263.120
   205:     4276.120     4299.110     4303.110     4306.120     4340.120
   210:     4356.110     4360.110     4376.110     4380.110     4384.120
   215:     4404.120     4405.120     4435.110     4437.110     4447.110
   220:     4451.110     4455.110     4459.110     4461.110     4466.110
   225:     4481.110     4484.110     4488.110     4519.110     4519.210
   230:     4523.120     4569.310     4598.120     4669.530     4741.120
   235:     4746.120     4760.120     4812.120     4946.120     4999.100
   240:     5008.120     5050.120     5081.100     5091.120     5139.120
   245:     5164.100     5176.100     5219.100     5230.100     5243.100
   250:     5248.120     5270.100     5289.100     5301.100     5306.100
   255:     5310.100     5316.100     5320.100     5326.100     5330.100
   260:     5350.100     5365.120     5368.120     5391.120     5392.120
   265:     5393.120     5423.100     5439.100     5447.100     5449.100
   270:     5455.120     5502.120     5519.100     5522.100     5527.100
   275:     5530.100     5618.100     5621.100     5626.100     5631.100
   280:     5635.120     5681.120     5754.120     5887.120     5922.120
   285:     6081.120     6085.120     6234.120     6235.120     6360.100
   290:     6363.120     6469.330     6479.120     6512.120     6514.120
   295:     6522.120     6567.120     6569.510     6588.120     6593.120
   300:     6610.120     6692.110     6695.120     6746.120     6750.120
   305:     6781.110     6786.110     6790.120     6811.120     6892.110
   310:     6895.120     6925.120     6930.110     6932.110     6980.110
   315:     6985.110     6990.110     6995.120     7014.120     7017.120
   320:     7020.120     7026.120     7046.110     7048.110     7058.110
   325:     7065.110     7070.110     7074.110     7078.110     7088.120
   330:     7111.110     7113.120     7127.110     7139.110     7145.110
   335:     7148.110     7155.110     7158.110     7162.110     7174.120
   340:     7200.110     7214.110     7222.110     7225.110     7229.110
   345:     7232.110     7238.110     7244.120     7287.110     7290.120
   350:     7316.110     7316.210     7320.120     7366.310     7441.120
   355:     7446.120     7448.120     7466.500     7529.120     8053.100
   360:     8064.120     8079.120     8090.120     8092.120     8101.120
   365:     8113.200     8118.120     8163.300     8263.500     8276.120
   370:     8371.120     8375.120     8756.120     8792.120     8795.120
   375:     8797.120     8802.120     8813.120     8822.100     8825.120
   380:     8882.200     8887.120     8932.300     9032.510     9043.120
   385:     9060.120     9135.120     9164.120     9166.120     9345.120
   390:     9379.120     9418.110     9421.120     9437.120     9492.120
   395:     9522.120     9532.120     9549.110     9553.120     9565.120
   400:     9567.120     9590.110     9595.110     9598.120     9615.120
   405:     9658.110     9664.110     9668.120     9687.120     9712.110
   410:     9744.110     9751.110     9755.110     9758.110     9767.110
   415:     9767.210     9772.120     9817.310     9821.120     9914.120
   420:     9917.510     9922.120    10225.120    10239.120    10296.110
   425:    10299.120    10366.110    10369.120    10396.120    10433.110
   430:    10438.110    10442.120    10469.120    10471.120    10513.120
   435:    10517.120    10523.110    10529.110    10533.120    10571.120
   440:    10577.110    10589.110    10595.110    10598.110    10600.110
   445:    10605.110    10613.110    10630.120    10652.110    10652.210
   450:    10656.120    10702.310    10802.500    11165.120    11230.100
   455:    11243.100    11246.100    11250.100    11255.120    11279.100
   460:    11293.100    11309.100    11313.100    11317.100    11320.100
   465:    11324.100    11333.100    11338.120    11367.100    11381.100
   470:    11396.100    11400.100    11403.100    11415.100    11423.100
   475:    11427.100    11427.200    11432.120    11477.300    11512.120
   480:    11550.120    11554.120    11577.510    12074.110    12077.120
   485:    12111.120    12158.110    12162.120    12183.120    12185.120
   490:    12193.120    12194.120    12202.110    12204.110    12209.120
   495:    12234.120    12243.110    12249.120    12289.110    12293.120
   500:    12312.120    12317.110    12317.210    12320.120    12367.310
   505:    12467.500    12568.120    12855.120    12883.120    12887.120
   510:    12891.120    12893.120    12895.120    12896.120    12898.120
   515:    12901.120    12942.100    12953.100    12962.120    12995.100
   520:    13008.100    13011.100    13014.100    13017.100    13020.100
   525:    13027.100    13029.100    13032.100    13034.100    13039.100
   530:    13041.100    13052.100    13062.100    13068.200    13068.100
   535:    13072.120    13118.300    13195.120    13212.120    13218.540
   540:    13311.120    13317.120    13318.120    13327.120    13369.120
   545:    13396.120    13524.110    13527.120    13535.120    13666.110
   550:    13670.120    13691.120    13693.120    13709.120    13716.120
   555:    13752.110    13756.120    13765.120    13780.120    13786.120
   560:    13815.110    13820.110    13824.120    13851.120    13868.120
   565:    13873.110    13917.110    13924.110    13928.120    13955.110
   570:    13958.110    13974.110    13979.110    13981.110    13985.110
   575:    13991.110    13996.110    14004.120    14029.110    14054.110
   580:    14057.110    14062.110    14064.110    14068.110    14070.120
   585:    14093.110    14096.110    14107.120    14130.120    14133.120
   590:    14134.120    14142.110    14145.110    14153.110    14162.110
   595:    14173.110    14179.110    14181.110    14183.110    14201.110
   600:    14207.110    14212.110    14215.110    14245.120    14253.110
   605:    14258.110    14261.110    14265.110    14271.110    14275.120
   610:    14328.120    14343.120    14344.120    14499.120    14532.120
   615:    14535.120    14537.120    14607.120    14633.120    14634.120
   620:    14638.120    14642.120    14653.120    14690.110    14693.120
   625:    14732.120    14780.110    14783.120    14833.120    14840.120
   630:    14842.120    14870.120    14938.120    14969.120    14971.120
   635:    14984.120    14985.120    14994.120    15002.120    15003.120
   640:    15011.120    15018.340    15030.120    15035.120    15046.120
   645:    15065.120    15096.120    15118.500    15123.120    15124.120
   650:    15144.120    15157.120    15580.100    15584.100    15589.120
   655:    15632.100    15645.100    15648.100    15651.100    15652.100
   660:    15656.100    15661.100    15663.100    15669.100    15675.100
   665:    15685.100    15690.100    15695.120    15709.100    15721.200
   670:    15727.120    15771.300    15780.120    15871.500    16197.120
   675:    16197.120    16207.120    16249.120    16274.120    16278.120
   680:    16372.120    16451.100    16461.100    16464.100    16468.100
   685:    16475.120    16511.200    16516.120    16561.300    16572.120
   690:    16661.510    17229.110    17235.110    17240.120    17247.120
   695:    17251.120    17256.120    17278.120    17281.120    17283.120
   700:    17285.120    17287.120    17288.120    17312.110    17315.120
   705:    17352.120    17379.110    17383.120    17404.120    17426.110
   710:    17426.210    17429.120    17476.310    17576.510    17921.120
   715:    18101.110    18108.110    18113.120    18132.110    18151.110
   720:    18154.110    18159.110    18164.110    18171.110    18173.110
   725:    18178.120    18207.110    18209.110    18216.110    18220.110
   730:    18223.110    18228.120    18244.120    18245.120    18258.110
   735:    18260.110    18275.110    18279.110    18285.110    18288.110
   740:    18297.110    18301.110    18304.110    18307.110    18307.210
   745:    18311.120    18357.310    18451.120    18453.120    18457.500
   750:    18467.120    18484.120    18499.120    18504.120    18544.120
   755:    18550.120    18709.120    18719.120    18720.120    18725.120
   760:    18730.120    18735.120    18738.120    18796.120    18820.120
   765:    18824.120    18826.120    18858.120    18860.120    18871.100
   770:    18889.100    18899.120    18944.120    18947.120    18947.120
   775:    18954.100    18974.100    18987.100    18991.100    18996.100
   780:    19003.100    19011.100    19015.100    19023.100    19030.100
   785:    19033.100    19037.100    19039.100    19042.100    19044.100
   790:    19061.100    19063.200    19069.120    19113.300    19213.500
   795:    19216.120    19217.120    19219.120    19223.120    19230.120
   800:    19232.120    19237.120    19241.120    19249.120    19258.120
   805:    19273.120    19275.120    19284.120    19285.120    19305.120
   810:    19319.120    19507.120    19509.120    19511.120    19512.120
   815:    19515.120    19617.100    19623.120    19658.120    19707.120
   820:    19729.120    19743.120    19744.120    19762.100    19792.100
   825:    19802.100    19809.100    19812.100    19822.200    19825.120
   830:    19872.300    19880.120    19972.510    20259.110    20262.120
   835:    20280.120    20329.110    20332.120    20407.120    20445.120
   840:    20474.120    20504.110    20507.120    20532.120    20552.110
   845:    20558.110    20561.120    20608.110    20611.120    20635.120
   850:    20642.110    20655.110    20661.110    20664.110    20698.110
   855:    20706.110    20706.210    20710.120    20756.310    20856.500
   860:    20869.120    20927.120    20930.120    20950.120    20959.120
   865:    21037.100    21133.100    21139.120    21157.120    21159.120
   870:    21161.120    21167.120    21171.120    21173.120    21174.120
   875:    21179.120    21180.120    21220.100    21233.120    21280.120
   880:    21308.100    21325.100    21328.100    21329.100    21331.120
   885:    21366.100    21383.100    21392.100    21395.100    21397.100
   890:    21400.100    21402.100    21406.100    21415.100    21417.100
   895:    21426.100    21439.100    21444.100    21457.200    21463.120
   900:    21507.300    21512.120    21607.510    21891.120    21968.110
   905:    21971.120    21992.120    22028.110    22031.120    22068.120
   910:    22125.120    22150.120    22162.120    22186.120    22189.120
   915:    22191.120    22196.120    22203.120    22227.110    22231.120
   920:    22237.110    22240.110    22243.110    22258.110    22262.110
   925:    22267.120    22286.120    22291.110    22293.110    22303.110
   930:    22309.110    22313.110    22321.110    22325.120    22343.110
   935:    22343.210    22347.120    22393.310    22448.120    22449.120
   940:    22452.120    22454.120    22456.120    22493.510    23028.120
   945:    23067.120    23095.120    23124.120    23126.120    23128.120
   950:    23134.110    23138.110    23145.110    23150.120    23175.120
   955:    23177.120    23191.110    23201.110    23206.110    23209.110
   960:    23222.110    23222.210    23243.120    23272.310    23353.120
   965:    23354.120    23356.120    23357.120    23372.510    23381.120
   970:    23383.120    23395.120    23400.120    23406.120    23509.120
   975:    23518.120    23519.120    23521.120    23535.120    23537.120
   980:    23538.120    23576.110    23588.120    23595.120    23597.120
   985:    23616.120    23619.120    23646.120    23648.120    23649.120
   990:    23660.120    23700.120    23712.120    23717.110    23720.120
   995:    23845.120    23853.110    23856.120    23871.110    23932.110
  1000:    23945.110    23958.110    23965.110    23967.110    23971.110
  1005:    23975.110    23977.110    23980.110    23983.110    23986.110
  1010:    23990.110    23992.110    24006.110    24010.110    24013.110
  1015:    24037.120    24045.110    24051.110    24054.110    24059.110
  1020:    24062.110    24066.110    24069.110    24073.110    24077.110
  1025:    24085.110    24111.110    24111.210    24115.120    24161.310
  1030:    24261.500    24461.120    24465.120    24509.120    24553.100
  1035:    24561.120    24630.100    24635.120    24661.120    24692.100
  1040:    24705.100    24709.100    24711.100    24714.100    24719.100
  1045:    24723.100    24734.100    24737.100    24740.100    24746.100
  1050:    24751.100    24764.100    24767.100    24769.100    24780.100
  1055:    24783.100    24785.100    24791.100    24794.100    24801.100
  1060:    24809.100    24813.100    24815.100    24816.100    24834.120
  1065:    24843.100    24858.100    24861.100    24868.120    24869.200
  1070:    24919.300    25005.120    25005.120    25009.120    25011.120
  1075:    25019.500    25100.120    25102.120    25297.100    25301.120
  1080:    25304.120    25333.120    25410.120    25448.120    25476.100
  1085:    25491.100    25504.100    25582.100    25590.120    25636.100
  1090:    25640.120    25642.200    25692.300    25750.120    25752.120
  1095:    25753.120    25755.120    25769.120    25792.500    25799.120
  1100:    25820.120    25829.120    25832.120    25834.120    25836.120
  1105:    25838.120    25876.120    25999.120    26053.120    26146.120
  1110:    26170.120    26175.120    26179.120    26180.120    26188.120
  1115:    26193.120    26197.120    26211.120    26228.120    26232.100
  1120:    26241.120    26245.120    26249.120    26250.120    26253.120
  1125:    26283.120    26296.120    26300.120    26303.120    26346.100
  1130:    26351.100    26356.120    26399.100    26406.200    26410.120
  1135:    26456.300    26463.120    26556.510    26906.110    26910.120
  1140:    26928.120    26970.110    26972.120    26984.120    26985.120
  1145:    27038.110    27041.120    27068.120    27125.110    27127.110
  1150:    27133.120    27160.110    27165.110    27170.120    27189.120
  1155:    27203.110    27219.110    27223.110    27231.120    27244.120
  1160:    27262.110    27267.110    27269.110    27277.110    27283.110
  1165:    27296.110    27296.210    27300.120    27346.310    27446.500
  1170:    27483.120    27525.120    27582.120    27587.120    27614.120
  1175:    27752.120    27785.120    27812.120    27821.120    27822.120
  1180:    27822.120    27859.120    27867.120    27880.120    27924.120
  1185:    27985.100    27993.100    27996.100    28002.100    28009.120
  1190:    28053.200    28054.100    28059.120    28103.300    28203.510
  1195:    28500.110    28504.120    28554.120    28573.120    28591.120
  1200:    28647.110    28649.120    28679.120    28704.120    28739.120
  1205:    28772.120    28809.120    28811.120    28816.120    28828.120
  1210:    28829.120    28832.120    28839.110    28842.120    28871.110
  1215:    28873.120    28884.120    28888.110    28893.110    28896.120
  1220:    28924.110    28931.110    28935.120    28956.120    28965.110
  1225:    28965.210    28968.120    29015.310    29019.120    29115.540
  1230:    29167.110    29183.120    29232.120    29356.120    29399.120
  1235:    29461.120    29500.110    29502.120    29533.120    29566.120
  1240:    29573.110    29579.120    29602.110    29621.110    29626.110
  1245:    29632.110    29639.110    29665.120    29677.110    29689.110
  1250:    29691.110    29695.110    29701.110    29706.110    29709.110
  1255:    29712.110    29716.110    29719.110    29721.110    29726.110
  1260:    29735.110    29748.110    29750.120    29762.110    29764.110
  1265:    29783.110    29787.110    29790.110    29793.110    29803.110
  1270:    29815.110    29829.110    29841.110    29846.110    29896.110
  1275:    29902.110    29907.110    29912.110    29915.110    29921.120
  1280:    29924.120    29940.110    29945.110    29948.120    29952.120
  1285:    29972.110    29976.120    29982.120    29984.120    29986.120
  1290:    29999.120    30001.120    30010.120    30012.120    30014.120
  1295:    30015.120    30019.120    30020.120    30024.120    30025.120
  1300:    30027.120    30027.120    30028.120    30029.120    30029.120
  1305:    30033.120    30040.120    30042.120    30043.120    30057.120
  1310:    30066.120    30068.120    30072.120    30073.120    30081.110
  1315:    30090.110    30092.110    30098.110    30106.110    30111.120
  1320:    30114.120    30116.120    30119.120    30158.110    30162.120
  1325:    30186.110    30189.120    30204.120    30211.110    30213.110
  1330:    30216.120    30239.120    30267.120    30287.110    30293.110
  1335:    30297.120    30335.120    30336.120    30344.120    30406.110
  1340:    30407.110    30413.110    30416.110    30419.110    30422.110
  1345:    30424.120    30432.110    30437.110    30455.110    30458.110
  1350:    30460.110    30466.110    30468.110    30472.110    30476.110
  1355:    30518.110    30523.110    30525.110    30531.110    30533.110
  1360:    30537.110    30554.110    30556.110    30562.110    30569.110
  1365:    30579.110    30585.110    30599.110    30602.110    30615.110
  1370:    30623.110    30631.110    30649.110    30656.120    30662.110
  1375:    30667.110    30670.110    30673.110    30686.110    30691.110
  1380:    30693.110    30738.110    30747.110    30750.110    30757.120
  1385:    30875.110    30915.340    31007.120    31010.120    31015.500
  1390:    31087.100    31093.120    31096.120    31103.120    31115.120
  1395:    31145.120    31158.120    31166.120    31208.120    31273.120
  1400:    31336.100    31346.120    31350.120    31358.120    31361.120
  1405:    31363.120    31378.120    31412.120    31469.100    31482.120
  1410:    31497.120    31512.120    31541.100    31554.100    31557.100
  1415:    31559.120    31585.120    31587.120    31589.120    31595.120
  1420:    31597.120    31605.100    31617.200    31623.120    31667.300
  1425:    31763.120    31767.510    31848.120    31852.120    31855.120
  1430:    31856.120    31856.120    32203.110    32207.120    32225.120
  1435:    32269.110    32271.120    32357.110    32359.120    32384.120
  1440:    32422.110    32424.120    32451.120    32457.120    32480.110
  1445:    32484.120    32530.110    32530.210    32534.120    32580.310
  1450:    32680.530    33087.120    33122.120    33126.120    33128.120
  1455:    33157.120    33185.120    33216.100    33227.100    33230.100
  1460:    33236.100    33238.100    33241.100    33248.100    33252.100
  1465:    33255.100    33268.120    33278.100    33292.100    33305.100
  1470:    33309.100    33311.100    33315.100    33327.100    33331.100
  1475:    33335.100    33341.100    33346.100    33349.100    33355.120
  1480:    33408.100    33417.100    33427.120    33459.120    33477.100
  1485:    33504.100    33516.100    33522.100    33525.100    33531.100
  1490:    33541.100    33544.100    33553.120    33574.120    33607.100
  1495:    33620.100    33627.100    33635.120    33747.120    33877.120
  1500:    34056.120    34058.120    34113.120    34118.120    34187.120
  1505:    34188.120    34207.120    34301.120    34302.120    34319.120
  1510:    34428.100    34440.100    34442.100    34446.120    34480.330
  1515:    34489.120    34522.120    34549.120    34551.120    34552.120
  1520:    34554.120    34559.120    34565.120    34569.120    34570.120
  1525:    34580.510    34635.120    34656.120    34659.120    34664.120
  1530:    34674.120    34682.120    34688.120    34688.120    34691.120
  1535:    34727.120    34727.120    34765.120    34776.120    34795.120
  1540:    34802.120    35007.110    35010.120    35019.120    35038.120
  1545:    35041.120    35068.110    35071.120    35217.110    35223.110
  1550:    35228.110    35233.120    35242.120    35263.110    35267.120
  1555:    35287.110    35295.110    35303.120    35334.110    35334.210
  1560:    35335.110    35337.120    35384.310    35386.120    35444.120
  1565:    35449.120    35452.120    35457.120    35482.120    35484.500
  1570:    35484.120    35517.120    35539.120    35541.120    35550.120
  1575:    35599.120    35605.120    35611.120    35612.120    35696.120
  1580:    35697.120    35698.120    35701.120    35756.120    35771.120
  1585:    35774.120    35798.120    35800.120    35971.120    35977.120
  1590:    35986.100    35988.100    35991.120    36022.120    36050.100
  1595:    36060.100    36061.100    36066.120    36110.200    36115.120
  1600:    36160.300    36260.510    36595.120    36596.120    36797.110
  1605:    36801.120    36842.110    36845.120    36851.120    36857.120
  1610:    36879.120    36899.110    36903.120    36938.120    36959.120
  1615:    36975.110    36977.110    36979.120    37044.110    37044.210
  1620:    37047.120    37094.310    37194.500    37321.120    37327.120
  1625:    37653.100    37657.120    37663.120    37680.120    37709.100
  1630:    37714.100    37722.120    37746.100    37762.100    37783.100
  1635:    37786.100    37794.100    37803.100    37806.200    37807.100
  1640:    37813.120    37856.300    37926.120    37931.120    37934.120
  1645:    37944.120    37956.120    37956.500    37959.120    37966.120
  1650:    38040.120    38041.120    38044.120    38053.120    38055.120
  1655:    38069.120    38071.120    38076.120    38080.120    38084.120
  1660:    38087.120    38088.120    38089.120    38092.120    38099.120
  1665:    38101.120    38124.120    38125.120    38129.120    38130.120
  1670:    38133.120    38137.120    38148.120    38152.120    38155.120
  1675:    38166.120    38189.120    38191.120    38201.120    38208.120
  1680:    38212.120    38219.120    38229.120    38234.120    38235.120
  1685:    38241.120    38244.120    38248.120    38257.100    38310.120
  1690:    38315.120    38351.120    38353.120    38356.120    38359.120
  1695:    38361.120    38366.100    38371.120    38393.100    38442.120
  1700:    38460.120    38489.100    38499.120    38532.100    38556.100
  1705:    38562.100    38565.120    38592.200    38598.120    38642.300
  1710:    38742.510    39068.110    39072.120    39092.120    39095.120
  1715:    39133.120    39173.120    39175.120    39181.110    39184.120
  1720:    39211.120    39214.120    39222.120    39229.110    39233.120
  1725:    39247.110    39251.110    39255.120    39276.120    39292.110
  1730:    39294.120    39313.110    39320.110    39334.110    39340.110
  1735:    39342.110    39365.110    39369.110    39370.110    39375.120
  1740:    39403.110    39404.110    39416.110    39426.110    39430.120
  1745:    39450.120    39457.110    39459.110    39474.110    39474.210
  1750:    39480.120    39524.310    39580.120    39580.120    39581.120
  1755:    39582.120    39587.120    39588.120    39590.120    39600.120
  1760:    39602.120    39605.120    39612.120    39620.120    39622.120
  1765:    39623.120    39624.510    39625.120    39627.120    39629.120
  1770:    39637.120    39638.120    39649.120    39654.120    39659.120
  1775:    39660.120    39673.120    39680.120    39688.120    39692.120
  1780:    39705.120    39736.120    39774.120    39778.120    39785.120
  1785:    39812.120    39813.120    39814.120    39848.120    39856.120
  1790:    39859.120    39869.120    39876.120    39895.120    39896.120
  1795:    39898.120    39908.120    39908.120    39909.120    39909.120
  1800:    39911.120    39930.120    39932.120    39941.120    39944.120
  1805:    39957.110    39963.120    39965.120    39988.120    39990.120
  1810:    40002.120    40007.120    40008.120    40010.120    40016.120
  1815:    40018.120    40134.110    40138.120    40146.120    40155.120
  1820:    40159.120    40160.120    40161.120    40167.120    40192.110
  1825:    40195.120    40266.120    40282.110    40285.120    40308.110
  1830:    40313.120    40345.120    40372.120    40384.110    40384.210
  1835:    40387.120    40432.120    40434.310    40534.500    40697.120
  1840:    40701.120    40706.120    40728.120    40738.100    40743.120
  1845:    40748.120    40789.120    40925.120    40952.120    40954.120
  1850:    40990.120    41019.100    41029.100    41033.120    41071.100
  1855:    41082.100    41086.100    41090.100    41096.100    41104.100
  1860:    41122.100    41134.100    41140.100    41142.200    41142.100
  1865:    41147.120    41192.300    41292.510    41496.110    41545.110
  1870:    41555.120    41563.120    41568.120    41622.120    41681.120
  1875:    41690.120    41693.120    41695.120    41696.120    41702.120
  1880:    41703.120    41705.120    41706.120    41706.120    41707.120
  1885:    41741.120    41748.110    41752.120    41779.110    41782.120
  1890:    41816.120    41823.110    41827.120    41852.120    41881.110
  1895:    41885.120    41901.110    41905.110    41915.110    41921.110
  1900:    41936.110    41940.110    41942.110    41949.110    41959.110
  1905:    41964.120    41980.110    41992.110    41999.110
E:
     0:     1909.000      323.000      506.000
F:
     0:       70.000       28.430       35.542
G:
     0:        1.000        1.000        1.000        1.000        1.000
     5:        1.000        1.000        1.000        1.000        0.000
H:
     0:        1.000        1.000        2.000        2.000
L:
     0:     7291.000     6656.000     6565.000     6287.000     6349.000
     5:     6106.000     6131.000     6505.000     6158.000     6194.000
    10:     6108.000     6181.000     6327.000     6236.000     6173.000
    15:     6121.000     6362.000     6228.000     6456.000     6182.000
R:
     0:        1.000        1.000        1.000        1.000        1.000
     5:        1.000        1.000        1.000        1.000        0.000
S:
     0:        1.000        1.000
U:
     0:     7291.000        0.000        0.000
X:
     0:        0.000      256.001      338.002      659.003      659.004
     5:      662.005      719.005      769.000      769.000     1230.001
    10:     1364.002     1424.002     1474.000     1474.000     1804.002
    15:     1885.004     1968.006     1980.008     2023.010     2035.012
    20:     2047.014     2074.016     2094.018     2105.020     2110.022
    25:     2114.024     2121.026     2125.028     2130.030     2134.032
    30:     2154.034     2228.036     2244.038     2251.040     2253.042
    35:     2324.044     2326.046     2332.048     2334.050     2423.052
    40:     2426.054     2431.056     2435.058     3164.060     4857.001
    45:     4918.001     4968.000     4968.000     5526.001     5586.001
    50:     5636.000     5636.000     6063.001     6076.002     6080.003
    55:     6083.004     6112.005     6126.006     6142.007     6146.008
    60:     6151.009     6153.010     6157.011     6166.012     6200.013
    65:     6215.014     6229.015     6233.016     6236.017     6249.018
    70:     6256.019     6260.020     6260.020     6310.000     6310.000
    75:     6785.001     6796.002     6837.003     6850.004     6853.005
    80:     6857.006     6860.007     6862.008     6869.009     6872.010
    85:     6874.011     6877.012     6882.013     6883.014     6894.015
    90:     6904.016     6910.016     6911.017     6960.000     6960.000
    95:     6960.087     6960.088     6960.089     6960.090     6960.091
   100:     6960.092     6960.093     6960.094     6960.095     6960.096
   105:     6960.097     6960.098     6960.099     6960.100     6960.101
   110:     6960.101     6960.000     6960.000     6960.001     6960.002
   115:     6960.003     6960.004     6960.004     6960.000     6960.000
   120:     7373.001     7391.002     7457.003     7476.004     7489.005
   125:     7494.006     7498.007     7505.008     7513.009     7517.010
   130:     7526.011     7533.012     7535.013     7539.014     7541.015
   135:     7544.016     7546.017     7564.018     7565.018     7615.000
   140:     7615.000     8019.001     8164.002     8194.003     8204.004
   145:     8210.005     8213.006     8224.006     8274.000     8274.000
   150:     8454.001     8550.002     8637.003     8725.004     8742.005
   155:     8745.006     8746.007     8783.008     8800.009     8809.010
   160:     8812.011     8814.012     8817.013     8819.014     8823.015
   165:     8832.016     8834.017     8843.018     8856.019     8861.020
   170:     8874.020     8924.000     8924.000     9215.001     9292.002
   175:     9354.003     9367.004     9371.005     9373.006     9376.007
   180:     9381.008     9385.009     9396.010     9400.011     9402.012
   185:     9408.013     9413.014     9426.015     9429.016     9431.017
   190:     9442.018     9445.019     9447.020     9453.021     9456.022
   195:     9463.023     9472.024     9475.025     9477.026     9478.027
   200:     9505.028     9520.029     9524.030     9532.030     9582.000
   205:     9582.000     9859.001    10038.002    10053.003    10066.004
   210:    10144.005    10198.006    10204.006    10254.000    10254.000
   215:    10694.001    10807.002    10813.003    10860.004    10867.004
   220:    10917.000    10917.000    11456.001    11464.002    11467.003
   225:    11472.004    11524.004    11525.005    11574.000    11574.000
   230:    11574.193    11574.194    11574.195    11574.196    11574.197
   235:    11574.198    11574.199    11574.199    11574.000    11574.000
   240:    12109.002    12120.004    12123.006    12129.008    12131.010
   245:    12134.012    12141.014    12145.016    12148.018    12171.020
   250:    12185.022    12198.024    12202.026    12205.028    12208.030
   255:    12220.032    12225.034    12228.036    12234.038    12239.040
   260:    12242.042    12301.044    12310.046    12370.048    12398.050
   265:    12409.052    12415.054    12418.056    12424.058    12434.060
   270:    12438.062    12500.064    12513.066    12520.068    13321.070
   275:    13333.072    13335.074    14879.001    14881.002    14943.003
   280:    14953.004    14954.005    15003.005    15053.000    15053.000
   285:    15512.001    15567.002    15573.003    15605.004    15621.005
   290:    15642.006    15645.007    15653.008    15662.009    15665.009
   295:    15666.010    15715.000    15715.000    16015.001    16124.002
   300:    16151.003    16247.004    16290.005    16314.006    16320.007
   305:    16350.007    16400.000    16400.000    16603.001    16884.002
   310:    16895.003    16937.004    16948.005    16952.006    16956.007
   315:    16962.008    16970.009    16988.010    17000.011    17006.012
   320:    17008.012    17008.013    17058.000
Y:
     0:        0.000      117.001      287.002      369.003      465.004
     5:      538.005      542.006      542.006      592.000      592.000
    10:      698.001      756.002      930.003      936.004     1005.005
    15:     1010.006     1072.007     1130.008     1135.009     1135.009
    20:     1185.000     1185.000     1297.001     1377.002     1381.003
    25:     1505.004     1548.005     1551.006     1641.007     1643.008
    30:     1649.009     1657.010     1662.011     1706.012     1714.013
    35:     1757.014     1757.014     1807.000     1807.000     2170.001
    40:     2239.002     2244.003     2323.004     2327.005     2380.006
    45:     2385.007     2400.008     2404.009     2459.010     2461.011
    50:     2471.012     2475.013     2479.014     2484.015     2485.016
    55:     2490.017     2505.018     2508.019     2512.020     2543.021
    60:     2543.021     2593.000     2593.000     2593.061     2593.062
    65:     2593.063     2593.064     2593.065     2593.066     2593.067
    70:     2593.068     2593.069     2593.070     2593.071     2593.072
    75:     2593.073     2593.074     2593.075     2593.076     2593.077
    80:     2593.078     2593.079     2593.080     2593.081     2593.082
    85:     2593.083     2593.084     2593.085     2593.086     2593.087
    90:     2593.088     2593.089     2593.090     2593.091     2593.092
    95:     2593.093     2593.093     2593.000     2593.000     2979.001
   100:     3110.002     3151.003     3156.004     3218.005     3224.006
   105:     3273.007     3305.008     3312.009     3316.010     3319.011
   110:     3328.012     3328.012     3378.000     3378.000     3756.001
   115:     3826.002     3893.003     3898.004     3983.005     3989.006
   120:     4038.007     4049.008     4055.009     4058.010     4060.011
   125:     4065.012     4073.013     4112.014     4113.014     4163.000
   130:     4163.000     4659.001     4743.002     4787.003     4789.004
   135:     4829.005     4875.006     4902.007     4903.007     4953.000
   140:     4953.000     5259.002     5401.004     5486.006     5550.008
   145:     5554.010     5608.012     5651.014     5659.016     5690.018
   150:     5693.020     5709.022     5714.024     5716.026     5720.028
   155:     5726.030     5731.032     5764.034     5789.036     5792.038
   160:     5797.040     5799.042     5802.044     5827.046     5830.048
   165:     5877.050     5879.052     5887.054     5896.056     5907.058
   170:     5913.060     5915.062     5918.064     5936.066     5942.068
   175:     5946.070     5950.072     5988.074     5993.076     5996.078
   180:     6000.080     6005.082     6424.084     6515.086     8964.001
   185:     8970.002     9046.003     9114.004     9161.005     9161.005
   190:     9211.000     9211.000     9736.001     9742.002     9766.003
   195:     9786.004     9788.005     9793.006     9798.007     9805.008
   200:     9808.009     9841.010     9843.011     9851.012     9855.013
   205:     9857.014     9892.015     9894.016     9910.017     9913.018
   210:     9919.019     9923.020     9931.021     9936.022     9938.023
   215:     9941.024     9941.024     9991.000     9991.000    10277.001
   220:    10348.002    10522.003    10570.004    10576.005    10626.006
   225:    10661.007    10674.008    10679.009    10683.010    10716.011
   230:    10725.012    10725.012    10775.000    10775.000    11135.001
   235:    11196.002    11394.003    11404.004    11407.005    11410.006
   240:    11425.007    11430.008    11459.009    11461.010    11471.011
   245:    11476.012    11480.013    11488.014    11510.015    11511.015
   250:    11561.000    11561.000    12202.001    12205.002    12212.003
   255:    12258.004    12268.005    12273.006    12277.007    12290.008
   260:    12290.008    12340.000    12340.000    12543.001    12684.002
   265:    12820.003    12838.004    12899.005    12912.006    12925.007
   270:    12932.008    12934.009    12938.010    12942.011    12944.012
   275:    12947.013    12950.014    12953.015    12957.016    12959.017
   280:    12973.018    12977.019    12980.020    13012.021    13018.022
   285:    13021.023    13026.024    13029.025    13033.026    13036.027
   290:    13040.028    13044.029    13052.030    13078.031    13078.031
   295:    13128.000    13128.000    13478.001    13542.002    13610.003
   300:    13697.004    13699.005    13732.006    13737.007    13775.008
   305:    13790.009    13795.010    13834.011    13839.012    13841.013
   310:    13849.014    13854.015    13868.016    13868.016    13918.000
   315:    13918.000    14215.001    14361.002    14553.003    14585.004
   320:    14603.005    14607.006    14638.007    14645.008    14679.009
   325:    14679.009    14729.000    14729.000    14781.002    15113.004
   330:    15187.006    15215.008    15235.010    15240.012    15245.014
   335:    15253.016    15291.018    15303.020    15304.022    15308.024
   340:    15315.026    15319.028    15322.030    15326.032    15330.034
   345:    15332.036    15334.038    15339.040    15349.042    15362.044
   350:    15376.046    15378.048    15397.050    15401.052    15403.054
   355:    15406.056    15417.058    15429.060    15442.062    15455.064
   360:    15460.066    15509.068    15516.070    15520.072    15525.074
   365:    15529.076    15554.078    15558.080    15586.082    15695.084
   370:    15704.086    15706.088    15711.090    15720.092    15772.094
   375:    15800.096    15825.098    15827.100    15901.102    15907.104
   380:    16019.106    16021.108    16027.110    16030.112    16033.114
   385:    16035.116    16045.118    16051.120    16068.122    16071.124
   390:    16073.126    16080.128    16082.130    16086.132    16089.134
   395:    16131.136    16137.138    16139.140    16145.142    16147.144
   400:    16151.146    16168.148    16170.150    16175.152    16183.154
   405:    16193.156    16198.158    16212.160    16216.162    16228.164
   410:    16236.166    16245.168    16263.170    16276.172    16281.174
   415:    16283.176    16287.178    16299.180    16304.182    16307.184
   420:    16352.186    16361.188    16363.190    16489.192    17816.001
   425:    17883.002    17971.003    18036.004    18094.005    18144.006
   430:    18144.006    18194.000    18194.000    18194.075    18194.076
   435:    18194.077    18194.078    18194.079    18194.080    18194.081
   440:    18194.082    18194.083    18194.083    18194.084    18194.000
   445:    18194.000    18730.001    18776.002    18832.003    18908.004
   450:    18910.005    18977.006    18977.006    19027.000    19027.000
   455:    19352.001    19465.002    19513.003    19531.004    19536.005
   460:    19576.006    19598.007    19604.008    19619.009    19624.010
   465:    19627.011    19649.012    19654.013    19655.014    19687.015
   470:    19689.016    19700.017    19710.018    19741.019    19743.020
   475:    19758.021    19758.021    19808.000    19808.000    20141.001
   480:    20318.002    20375.003    20466.004    20492.005    20568.006
   485:    20568.006    20618.000    20618.000    20822.001    20870.002
   490:    21074.003    21104.004    21148.005    21206.006    21226.007
   495:    21230.008    21240.009    21246.010    21261.011    21265.012
   500:    21267.013    21275.014    21285.015    21305.016    21318.017
   505:    21324.018
