File: C:\MED-PC\Data\2018-05-22_09h35m_Subject M326.txt


Start Date: 05/22/18
End Date: 05/22/18
Subject: M326
Experiment: DOBLE_PICO_ACO
Group: EXP
Box: 9
Start Time: 09:35:06
End Time: 10:48:27
MSN: IF_ACO_MULTIPLE_PICO
A:     129.000
B:      20.000
D:      19.000
I:       2.000
J:   18000.000
K:    5400.000
M:       4.000
N:      20.000
O:      20.000
P:     344.000
Q:       0.000
T:    1000.000
V:     600.000
W:      20.000
Z:       0.000
C:
     0:        0.120        0.120        0.120        0.120        0.120
     5:        0.120        0.120        0.120        0.120        0.120
    10:        0.120        0.120        0.120        0.120        0.120
    15:        0.120        0.120        0.120        0.120        0.120
    20:        0.120        0.120        0.120        0.120        0.120
    25:        0.120        0.120        0.120        0.120        0.120
    30:        0.120        0.120        0.120        0.120        0.120
    35:        0.510       16.120      183.120      197.120      218.120
    40:      243.110      313.110      323.110      334.120      362.120
    45:      405.110      411.120      416.120      434.120      437.120
    50:      474.110      482.110      486.110      505.110      515.120
    55:      550.120      566.110      566.210      569.120      616.310
    60:      714.120      716.500      932.120      951.100      959.100
    65:      962.120      972.120      997.100     1001.100     1006.120
    70:     1022.120     1062.120     1067.120     1094.120     1107.120
    75:     1127.100     1136.100     1143.120     1276.100     1282.100
    80:     1293.120     1300.120     1336.200     1386.300     1486.540
    85:     1558.120     1608.120     1841.120     1920.110     1925.120
    90:     1962.110     1976.120     2055.110     2075.110     2087.110
    95:     2092.110     2095.120     2109.120     2133.120     2142.110
   100:     2153.120     2157.120     2178.110     2187.110     2191.110
   105:     2200.110     2207.110     2227.110     2237.120     2259.120
   110:     2271.120     2304.110     2314.120     2357.120     2386.110
   115:     2397.110     2415.120     2425.120     2448.120     2455.120
   120:     2535.120     2634.120     2643.120     2673.110     2682.110
   125:     2691.110     2704.110     2718.110     2726.110     2735.110
   130:     2858.120     2872.110     2879.120     2931.120     2938.120
   135:     2956.110     2964.110     2974.120     3034.110     3040.120
   140:     3043.120     3079.120     3088.110     3105.110     3133.120
   145:     3146.120     3182.120     3189.120     3189.120     3213.110
   150:     3224.110     3250.120     3269.110     3275.110     3283.110
   155:     3286.340     3291.120     3335.120     3386.500     3483.120
   160:     3503.120     3504.120     3509.120     3526.100     3536.100
   165:     3542.120     3551.120     3636.100     3646.120     3649.120
   170:     3661.120     3707.120     3728.100     3729.100     3729.100
   175:     3731.100     3738.100     3745.120     3747.120     3750.120
   180:     3759.120     3834.100     3852.100     3861.120     3866.120
   185:     3928.120     3945.120     3965.120     3995.100     4045.100
   190:     4055.200     4059.120     4105.300     4205.510     4249.120
   195:     4347.120     4367.120     4810.110     4816.110     4826.110
   200:     4834.110     4849.120     4905.120     4963.120     4989.110
   205:     4989.210     4993.120     5039.310     5139.500     5207.120
   210:     5286.120     5348.120     5410.120     5724.120     5740.120
   215:     5776.100     5794.100     5803.120     5807.120     5822.120
   220:     5836.200     5886.300     5986.500     6084.120     6145.120
   225:     6676.100     6683.100     6693.120     6697.120     6704.120
   230:     6736.200     6786.300     6886.510     6999.120     7522.110
   235:     7543.110     7550.120     7564.120     7566.120     7567.120
   240:     7577.110     7592.110     7602.110     7613.110     7621.110
   245:     7626.120     7662.110     7662.210     7666.120     7712.310
   250:     7812.510     7866.120     7938.120     8333.120     8405.110
   255:     8419.110     8426.110     8436.120     8453.110     8467.110
   260:     8476.110     8490.110     8499.110     8506.110     8520.120
   265:     8552.110     8552.210     8556.120     8602.310     8702.510
   270:     8751.120     8838.120     9174.110     9180.120     9216.110
   275:     9223.110     9233.110     9239.110     9247.120     9262.120
   280:     9276.120     9290.110     9297.110     9338.110     9345.110
   285:     9353.110     9360.110     9373.110     9378.120     9384.110
   290:     9402.120     9436.120     9459.110     9476.120     9544.120
   295:     9563.110     9563.210     9566.120     9613.310     9713.500
   300:     9785.120    10144.120    10314.120    10317.120    10370.120
   305:    10389.120    10397.100    10404.100    10408.120    10412.120
   310:    10417.120    10457.200    10507.300    10607.500    10662.120
   315:    10981.120    11183.120    11219.120    11226.120    11281.120
   320:    11306.100    11319.120    11342.120    11366.200    11416.300
   325:    11516.510    11573.120    11635.120    11671.120    11705.120
   330:    11709.120    11710.120    11915.120    11940.120    11942.120
   335:    11996.110    12000.120    12009.120    12037.110    12050.110
   340:    12059.110    12068.110    12075.110    12076.110    12088.110
   345:    12094.110    12108.120    12114.120    12133.120    12235.120
   350:    12261.110    12266.110    12277.110    12277.210    12281.120
   355:    12327.310    12427.500    12449.120    12494.120    12683.120
   360:    12710.120    12734.100    12749.120    12771.120    12896.120
   365:    12905.120    12912.120    12924.100    12937.100    12945.100
   370:    12953.120    13020.120    13042.100    13056.100    13066.120
   375:    13070.120    13102.200    13152.300    13252.500    13288.120
   380:    13358.120    13858.120    13923.120    13930.120    13948.100
   385:    13956.100    13966.120    13971.120    14008.200    14058.300
   390:    14158.510    14202.120    14231.120    14256.120    14278.120
   395:    14452.120    14454.120    14491.120    14887.120    14898.110
   400:    14909.110    14922.110    14930.110    14930.210    14935.120
   405:    14974.120    14980.310    15080.510    15128.120    15176.120
   410:    15195.120    15205.120    15390.120    15545.120    15634.120
   415:    15662.110    15676.110    15683.110    15729.110    15740.110
   420:    15748.110    15757.110    15763.110    15772.110    15777.120
   425:    15843.120    15850.110    15875.110    15875.210    15880.120
   430:    15925.310    16025.510    16115.120    16220.120    16296.120
   435:    16524.120    16574.120    16670.120    16748.120    16757.110
   440:    16757.210    16761.120    16807.310    16907.530    17017.120
   445:    17121.120    17171.120    17310.120    17372.100    17390.100
   450:    17396.120    17469.120    17524.100    17534.120    17689.120
   455:    17734.120    17769.100    17778.120    17806.120    17830.120
   460:    17870.100    17884.100    17890.120    17893.120    18010.100
   465:    18023.100    18034.120    18043.120    18176.100    18191.120
   470:    18232.120    18301.120    18440.120    18481.100    18502.100
   475:    18517.100    18533.120    18551.120    18636.120    18659.120
   480:    18707.330    18714.120    18807.500    18820.100    18825.100
   485:    18834.100    18849.100    18869.120    18906.120    18917.120
   490:    18997.120    19034.100    19041.100    19055.120    19132.100
   495:    19142.100    19144.100    19153.100    19162.120    19260.100
   500:    19272.100    19281.120    19302.120    19403.100    19415.100
   505:    19435.100    19447.120    19452.120    19463.200    19513.300
   510:    19613.510    19622.120    19698.120    19743.120    19790.120
   515:    19813.120    19835.120    19874.110    20387.110    20387.210
   520:    20390.120    20437.310    20537.510    20609.120    20661.120
   525:    20791.120    20864.120    20887.110    20892.120    20917.110
   530:    20936.110    20944.110    20950.110    20962.110    20969.110
   535:    20978.110    20982.120    20997.120    21008.120    21015.110
   540:    21022.110    21039.110    21044.110    21060.110    21069.110
   545:    21111.110    21116.120    21170.110    21182.110    21187.110
   550:    21191.120    21205.120    21230.120    21249.110    21249.210
   555:    21252.120    21299.310    21399.500    21451.120    21524.120
   560:    21537.120    21850.120    21896.120    21907.120    21922.100
   565:    21928.100    21934.120    21940.120    21993.120    22032.120
   570:    22078.120    22095.100    22108.100    22114.100    22122.120
   575:    22155.200    22205.300    22305.510    22361.120    22398.120
   580:    22399.120    22496.120    22547.120    22578.120    22628.110
   585:    22649.110    22655.120    22778.110    22786.120    22845.110
   590:    22865.110    22874.110    22882.110    22898.110    22903.110
   595:    22912.110    22917.120    22926.110    22932.110    22949.110
   600:    22959.110    22965.120    23004.110    23004.210    23008.120
   605:    23054.310    23154.500    23275.120    23343.120    23376.120
   610:    23559.120    23623.100    23629.120    23697.100    23703.100
   615:    23711.120    23756.120    23757.200    23807.300    23907.500
   620:    23975.120    24040.120    24211.120    24242.100    24283.100
   625:    24292.120    24348.100    24349.100    24364.100    24373.100
   630:    24377.120    24378.120    24385.120    24439.120    24472.120
   635:    24492.120    24514.100    24517.100    24528.100    24531.120
   640:    24536.120    24574.200    24624.300    24724.510    24758.120
   645:    24829.120    24908.120    25011.120    25031.110    25035.120
   650:    25066.120    25101.110    25113.110    25120.110    25128.110
   655:    25139.110    25148.110    25155.120    25162.110    25170.110
   660:    25179.110    25188.110    25199.110    25203.110    25212.120
   665:    25236.110    25244.110    25250.110    25259.110    25274.110
   670:    25282.110    25294.110    25297.120    25353.120    25381.120
   675:    25401.110    25410.110    25410.210    25414.120    25460.310
   680:    25560.500    25632.120    25870.120    25897.120    26006.100
   685:    26035.120    26092.120    26129.100    26153.120    26189.200
   690:    26239.300    26339.510    26426.120    26489.120    26607.120
   695:    26654.120    26680.120    26732.120    26786.120    26794.110
   700:    26803.120    26821.110    26834.110    26842.110    26849.110
   705:    26849.110    26855.110    26863.110    26869.120    26912.110
   710:    26932.110    26941.110    26949.110    26960.110    26974.110
   715:    26982.110    26988.120    27100.110    27100.210    27104.120
   720:    27150.310    27250.500    27349.120    27434.120    27824.120
   725:    27865.100    27874.120    27881.120    27916.120    27925.200
   730:    27975.300    28075.510    28192.120    28245.120    28329.120
   735:    28441.120    28476.120    28509.110    28517.120    28553.110
   740:    28570.120    28603.110    28609.110    28616.110    28623.110
   745:    28634.110    28635.120    28677.120    28728.110    28738.110
   750:    28748.120    28821.120    28838.110    28838.210    28844.120
   755:    28888.310    28988.500    29075.120    29130.120    29438.120
   760:    29684.100    29694.120    29744.200    29794.300    29894.510
   765:    29949.120    29994.120    30363.110    30370.110    30382.120
   770:    30411.110    30425.110    30431.110    30440.110    30446.110
   775:    30460.110    30473.110    30483.110    30488.120    30554.120
   780:    30563.110    30574.120    30587.110    30587.210    30592.120
   785:    30637.310    30737.540    30799.120    31018.120    31119.120
   790:    31168.110    31189.110    31195.110    31212.110    31217.120
   795:    31235.120    31261.120    31294.110    31307.110    31315.110
   800:    31322.110    31329.110    31365.110    31378.110    31386.110
   805:    31393.110    31410.120    31453.110    31475.110    31491.110
   810:    31501.120    31589.110    31595.110    31605.110    31610.120
   815:    31648.120    31675.120    31693.120    31708.120    31742.110
   820:    31759.120    31796.110    31946.120    31948.120    31988.110
   825:    31999.110    32007.110    32013.120    32102.120    32117.120
   830:    32164.120    32188.120    32256.120    32360.110    32368.120
   835:    32423.120    32448.120    32478.110    32496.110    32506.110
   840:    32515.110    32522.110    32535.110    32537.340    32538.110
   845:    32637.500    32876.120    32878.120    32890.120    32894.120
   850:    32987.120    33051.120    33096.100    33106.120    33109.120
   855:    33196.120    33267.100    33276.120    33327.200    33377.300
   860:    33453.120    33477.500    33523.120    33901.120    33961.100
   865:    33970.120    34072.120    34090.120    34113.100    34121.100
   870:    34128.100    34133.120    34137.120    34173.200    34223.300
   875:    34323.510    34383.120    34444.120    34724.120    34799.120
   880:    34807.110    34812.120    34837.110    34845.110    34857.110
   885:    34865.110    34873.120    34884.120    34906.110    34912.110
   890:    34921.110    34926.120    34952.120    34973.110    34983.120
   895:    34996.120    35007.120    35046.120    35061.120    35086.110
   900:    35086.210    35090.120    35136.310    35236.510    35366.120
   905:    35432.120    35574.120    35725.120    35738.120    35749.110
   910:    35766.110    35785.120    35844.120    35860.110    35870.110
   915:    35879.110    35892.110    35908.110    35911.120    35960.110
   920:    35973.110    35982.110    35992.110    36002.110    36002.210
   925:    36007.120    36052.310    36152.530    36229.120    36302.120
   930:    36431.120    36671.120    36694.120    36695.120    36774.120
   935:    36862.120    36952.120    37021.100    37029.100    37040.120
   940:    37137.120    37199.120    37214.120    37469.120    37510.120
   945:    37628.100    37646.120    37700.100    37713.100    37720.100
   950:    37727.120    37735.120    37791.120    37837.120    37850.120
   955:    37896.100    37902.100    37906.120    37911.120    37945.120
   960:    37952.330    38049.120    38052.500    38136.120    38184.100
   965:    38203.120    38219.120    38226.120    38227.120    38239.100
   970:    38248.100    38257.100    38275.120    38305.120    38318.120
   975:    38320.120    38415.120    38470.120    38481.120    38504.120
   980:    38536.100    38550.100    38558.120    38600.120    38660.100
   985:    38669.100    38679.120    38692.120    38720.200    38770.300
   990:    38870.510    38946.120    39050.120    39264.120    39303.110
   995:    39310.120    39359.110    39371.110    39379.110    39389.110
  1000:    39395.110    39409.110    39413.120    39446.110    39451.110
  1005:    39463.110    39489.110    39503.110    39503.120    39529.110
  1010:    39550.110    39558.110    39581.120    39639.110    39639.210
  1015:    39644.120    39689.310    39789.500    39858.120    39888.120
  1020:    39895.120    39960.120    40237.120    40298.100    40311.120
  1025:    40329.120    40415.100    40425.100    40433.120    40438.120
  1030:    40475.200    40525.300    40625.500    40709.120    40782.120
  1035:    41063.120    41205.100    41233.120    41265.200    41315.300
  1040:    41415.510    41440.120    41501.120    41502.120    41546.120
  1045:    41588.120    41589.120    41592.120    41595.120    41595.120
  1050:    41766.110    41772.120    41896.120    41961.110    41970.110
  1055:    41980.110
E:
     0:     1056.000      169.000      337.000
F:
     0:       70.000       27.302       36.672
G:
     0:        1.000        1.000        1.000        1.000        1.000
     5:        1.000        1.000        1.000        1.000        0.000
H:
     0:        1.000        1.000        2.000        2.000
L:
     0:     6301.000     6791.000     7062.000     7605.000     7542.000
     5:     7694.000     6850.000     7652.000     6656.000     7658.000
    10:     6130.000     6775.000     6399.000     6856.000     7665.000
    15:     7002.000     7059.000     6787.000     6959.000     6497.000
R:
     0:        1.000        1.000        1.000        1.000        1.000
     5:        1.000        1.000        1.000        1.000        0.000
S:
     0:        1.000        1.000
U:
     0:     7652.000        7.000        0.000
X:
     0:        0.000      235.001      242.002      281.003      284.004
     5:      410.005      419.006      560.007      566.008      620.008
    10:      670.000      670.000      670.069      670.070      670.071
    15:      670.072      670.073      670.074      670.075      670.076
    20:      670.077      670.078      670.079      670.080      670.080
    25:      670.000      670.000     1306.001     1324.002     1366.002
    30:     1416.000     1416.000     2106.001     2113.002     2166.002
    35:     2216.000     2216.000     2900.001     2906.002     2960.002
    40:     3010.000     3010.000     3709.001     3769.001     3819.000
    45:     3819.000     4126.001     4315.002     4328.003     4337.004
    50:     4433.005     4447.006     4494.006     4544.000     4544.000
    55:     5239.001     5247.002     5299.002     5349.000     5349.000
    60:     5813.002     5831.004     5966.006     6210.008     6312.010
    65:     6325.012     6451.014     6464.016     6618.018     6922.020
    70:     6943.022     6958.024     7262.025     7267.026     7276.027
    75:     7290.028     7476.029     7483.030     7574.031     7583.032
    80:     7585.033     7594.034     7702.035     7714.036     7844.037
    85:     7856.038     7876.039     7904.039     7954.000     7954.000
    90:     8476.001     8483.002     8649.003     8663.004     8669.005
    95:     8709.005     8759.000     8759.000     9227.001     9301.002
   100:     9308.003     9362.003     9412.000     9412.000     9747.001
   105:     9788.002     9852.003     9854.004     9869.005     9878.006
   110:    10019.007    10021.008    10033.009    10079.009    10129.000
   115:    10129.000    10575.001    10698.002    10758.002    10808.000
   120:    10808.000    11423.001    11483.001    11533.000    11533.000
   125:    12229.001    12289.001    12339.000    12339.000    12339.064
   130:    12339.065    12339.065    12339.000    12339.000    12339.001
   135:    12339.002    12339.003    12339.004    12339.004    12339.000
   140:    12339.000    13208.002    13216.004    13814.006    13887.008
   145:    13900.010    13907.012    14082.014    14088.016    14371.017
   150:    14426.018    14434.019    14444.020    14722.021    14736.022
   155:    14847.023    14856.024    14907.024    14957.000    14957.000
   160:    15465.001    15582.002    15592.003    15642.003    15692.000
   165:    15692.000    16271.001    16331.001    16381.000
Y:
     0:        0.000      243.001      313.002      323.003      405.004
     5:      474.005      482.006      486.007      505.008      566.009
    10:      566.009      616.000      616.000     1049.002     1091.004
    15:     1184.006     1204.008     1216.010     1221.012     1271.014
    20:     1308.016     1316.018     1321.020     1330.022     1337.024
    25:     1357.026     1433.028     1515.030     1526.032     1802.034
    30:     1811.036     1820.038     1833.040     1847.042     1855.044
    35:     1865.046     2002.048     2086.050     2094.052     2163.054
    40:     2217.056     2234.058     2343.060     2353.062     2399.064
    45:     2404.066     2413.068     3939.001     3946.002     3955.003
    50:     3963.004     4119.005     4119.005     4169.000     4169.000
    55:     4805.001     4825.002     4859.003     4874.004     4884.005
    60:     4895.006     4903.007     4945.008     4945.008     4995.000
    65:     4995.000     5587.001     5601.002     5609.003     5635.004
    70:     5649.005     5658.006     5672.007     5681.008     5688.009
    75:     5734.010     5734.010     5784.000     5784.000     6256.001
    80:     6297.002     6304.003     6315.004     6320.005     6371.006
    85:     6379.007     6420.008     6426.009     6434.010     6441.011
    90:     6455.012     6465.013     6540.014     6644.015     6644.015
    95:     6694.000     6694.000     7173.001     7214.002     7227.003
   100:     7236.004     7245.005     7252.006     7253.007     7265.008
   105:     7271.009     7438.010     7443.011     7454.012     7455.012
   110:     7505.000     7505.000     8245.001     8256.002     8269.003
   115:     8277.004     8277.004     8327.000     8327.000     8909.001
   120:     8923.002     8929.003     8975.004     8986.005     8994.006
   125:     9003.007     9009.008     9018.009     9096.010     9122.011
   130:     9122.011     9172.000     9172.000     9903.001     9903.001
   135:     9953.000     9953.000    10214.001    10726.002    10727.002
   140:    10777.000    10777.000    11127.001    11157.002    11176.003
   145:    11184.004    11190.005    11202.006    11209.007    11218.008
   150:    11255.009    11262.010    11279.011    11284.012    11300.013
   155:    11309.014    11351.015    11410.016    11422.017    11427.018
   160:    11489.019    11489.019    11539.000    11539.000    11862.001
   165:    11883.002    12012.003    12079.004    12099.005    12108.006
   170:    12116.007    12131.008    12137.009    12146.010    12160.011
   175:    12166.012    12183.013    12193.014    12238.015    12238.015
   180:    12288.000    12288.000    12594.001    12664.002    12676.003
   185:    12683.004    12691.005    12702.006    12712.007    12726.008
   190:    12733.009    12742.010    12751.011    12762.012    12766.013
   195:    12800.014    12807.015    12813.016    12823.017    12837.018
   200:    12845.019    12857.020    12964.021    12973.022    12973.022
   205:    13023.000    13023.000    13477.001    13504.002    13517.003
   210:    13525.004    13532.005    13532.006    13538.007    13546.008
   215:    13595.009    13615.010    13624.011    13632.012    13643.013
   220:    13657.014    13665.015    13783.016    13783.016    13833.000
   225:    13833.000    14266.001    14310.002    14360.003    14366.004
   230:    14373.005    14381.006    14391.007    14485.008    14495.009
   235:    14595.010    14595.010    14645.000    14645.000    15113.001
   240:    15120.002    15161.003    15175.004    15181.005    15190.006
   245:    15196.007    15210.008    15223.009    15233.010    15313.011
   250:    15337.012    15337.012    15387.000    15387.000    15817.002
   255:    15838.004    15845.006    15861.008    15943.010    15956.012
   260:    15964.014    15972.016    15978.018    16014.020    16028.022
   265:    16036.024    16042.026    16103.028    16124.030    16140.032
   270:    16239.034    16244.036    16254.038    16392.040    16446.042
   275:    16637.044    16649.046    16656.048    17009.050    17127.052
   280:    17146.054    17155.056    17164.058    17171.060    17184.062
   285:    17187.063    19456.001    19487.002    19494.003    19507.004
   290:    19514.005    19555.006    19561.007    19570.008    19622.009
   295:    19735.010    19735.010    19785.000    19785.000    20298.001
   300:    20315.002    20408.003    20419.004    20427.005    20441.006
   305:    20456.007    20508.008    20522.009    20531.010    20541.011
   310:    20550.012    20551.012    20601.000    20601.000    21033.001
   315:    21089.002    21101.003    21109.004    21119.005    21125.006
   320:    21139.007    21176.008    21181.009    21193.010    21219.011
   325:    21233.012    21259.013    21280.014    21288.015    21369.016
   330:    21369.016    21419.000    21419.000    21769.001    21965.002
   335:    21974.003    21984.004
