File: C:\MED-PC\Data\2018-06-01_12h01m_Subject M329.txt


Start Date: 06/01/18
End Date: 06/01/18
Subject: M329
Experiment: DOBLE_PICO_ACO
Group: 
Box: 9
Start Time: 12:01:31
End Time: 13:15:23
MSN: IF_ACO_MULTIPLE_PICO
A:     380.000
B:      19.000
D:      21.000
I:       1.000
J:   18000.000
K:    5400.000
M:      36.000
N:      19.000
O:      21.000
P:     554.000
Q:       0.000
T:    1000.000
V:     600.000
W:      19.000
Z:       0.000
C:
     0:        0.120        0.120        0.120        0.120        0.120
     5:        0.120        0.120        0.120        0.120        0.120
    10:        0.120        0.120        0.120        0.120        0.120
    15:        0.120        0.120        0.120        0.120        0.120
    20:        0.120        0.120        0.120        0.120        0.120
    25:        0.120        0.120        0.120        0.120        0.120
    30:        0.510       69.110       98.120      130.120      188.120
    35:      198.110      259.110      263.110      273.120      343.120
    40:      353.120      368.120      377.110      381.110      385.120
    45:      393.120      404.120      406.120      413.120      432.110
    50:      437.120      457.120      465.120      466.120      472.120
    55:      475.120      484.110      491.110      493.110      495.110
    60:      500.120      515.120      521.120      524.120      533.120
    65:      533.120      536.120      541.120      550.120      557.110
    70:      557.210      561.120      607.310      707.510      960.120
    75:      972.120      988.120      995.120     1006.110     1010.110
    80:     1018.120     1033.120     1041.120     1046.120     1051.120
    85:     1058.110     1060.110     1065.120     1078.120     1088.120
    90:     1099.110     1101.110     1106.110     1109.110     1112.120
    95:     1167.120     1175.110     1182.110     1187.120     1205.120
   100:     1211.110     1218.110     1220.110     1222.110     1226.110
   105:     1229.110     1232.120     1236.120     1263.120     1264.120
   110:     1272.120     1279.110     1279.210     1281.110     1283.120
   115:     1329.310     1429.500     1598.120     1638.120     1647.120
   120:     1748.120     1758.120     1764.120     1769.120     1770.120
   125:     1771.120     1803.120     1805.120     1810.120     1823.120
   130:     1829.120     1829.120     1830.120     1832.120     1864.120
   135:     1874.120     1882.120     1892.120     1906.120     1915.120
   140:     1918.120     1924.120     1934.120     1941.120     1949.120
   145:     1953.120     1984.100     1991.100     1998.120     2000.120
   150:     2001.120     2011.120     2014.120     2020.120     2042.120
   155:     2043.120     2044.200     2046.120     2094.300     2194.510
   160:     2514.120     2528.120     2619.110     2626.120     2669.110
   165:     2672.110     2678.120     2733.120     2743.120     2750.110
   170:     2754.110     2758.120     2780.120     2781.120     2787.120
   175:     2802.120     2804.120     2805.120     2810.110     2812.110
   180:     2814.110     2817.110     2820.120     2862.120     2873.120
   185:     2874.120     2876.120     2877.120     2890.110     2890.210
   190:     2893.120     2940.310     3040.500     3282.120     3379.120
   195:     3459.120     3470.120     3483.100     3495.120     3504.120
   200:     3515.120     3533.120     3556.120     3556.120     3571.120
   205:     3591.120     3594.120     3614.120     3622.120     3634.120
   210:     3639.120     3650.120     3654.120     3672.100     3688.120
   215:     3708.120     3709.120     3720.120     3721.120     3729.120
   220:     3732.200     3782.300     3882.500     3988.120     4003.120
   225:     4019.120     4214.120     4269.120     4538.100     4546.100
   230:     4552.120     4562.120     4567.120     4582.120     4589.120
   235:     4591.120     4598.200     4600.120     4648.300     4748.510
   240:     4977.120     4997.120     5211.120     5235.120     5280.120
   245:     5288.120     5304.110     5308.110     5312.120     5339.120
   250:     5347.120     5370.110     5375.110     5375.210     5380.120
   255:     5425.310     5525.500     5717.120     5733.120     5761.120
   260:     5765.120     5778.120     5901.100     5909.100     5914.120
   265:     5922.120     5935.120     5940.120     5943.120     5945.120
   270:     5951.120     5964.120     5968.120     5971.120     5975.120
   275:     5975.120     5984.120     5993.120     5996.120     6015.120
   280:     6026.120     6040.120     6043.120     6047.120     6062.100
   285:     6067.100     6070.100     6075.120     6084.120     6085.120
   290:     6089.120     6090.120     6094.120     6108.120     6120.120
   295:     6125.120     6127.200     6177.300     6277.510     6540.120
   300:     6562.120     6824.110     6830.110     6835.120     6843.120
   305:     6846.120     6847.120     6866.120     6870.120     6870.120
   310:     6879.120     6884.120     6940.120     6950.110     6950.210
   315:     6954.120     7000.310     7100.510     7204.120     7368.110
   320:     7373.120     7426.120     7429.120     7432.120     7433.120
   325:     7438.120     7449.110     7455.120     7468.120     7469.120
   330:     7488.120     7492.120     7503.120     7514.120     7525.110
   335:     7528.110     7530.110     7533.110     7537.110     7541.120
   340:     7567.120     7575.120     7584.120     7594.120     7605.110
   345:     7609.110     7613.120     7641.120     7655.110     7660.110
   350:     7664.120     7672.120     7675.120     7678.120     7687.120
   355:     7708.120     7711.120     7717.120     7723.110     7727.110
   360:     7727.210     7731.120     7777.310     7877.540     8120.120
   365:     8150.110     8154.110     8269.110     8274.110     8278.120
   370:     8366.120     8370.120     8381.110     8385.110     8427.110
   375:     8438.120     8452.120     8461.120     8464.120     8467.120
   380:     8473.110     8476.110     8481.120     8510.120     8515.120
   385:     8520.120     8527.120     8531.110     8536.110     8539.110
   390:     8548.110     8549.110     8552.110     8555.110     8558.110
   395:     8563.110     8566.120     8567.120     8575.120     8578.120
   400:     8584.120     8588.120     8596.110     8604.120     8618.120
   405:     8631.120     8634.120     8643.110     8647.110     8649.110
   410:     8652.110     8655.110     8658.110     8664.110     8671.120
   415:     8677.120     8691.120     8712.120     8717.120     8722.120
   420:     8729.110     8733.110     8736.120     8750.120     8759.120
   425:     8760.120     8762.120     8773.110     8779.110     8781.110
   430:     8786.120     8842.120     8855.120     8863.120     8869.120
   435:     8869.120     8876.110     8888.120     8893.120     8905.120
   440:     8906.120     8911.120     8917.110     8927.110     8931.110
   445:     8935.110     8938.110     8943.120     8947.120     8984.120
   450:     8994.110     8998.110     9000.110     9006.110     9016.120
   455:     9063.120     9069.110     9080.110     9084.110     9122.120
   460:     9130.110     9298.120     9309.110     9315.110     9319.110
   465:     9322.120     9339.120     9344.120     9350.120     9369.120
   470:     9374.120     9376.120     9384.110     9399.120     9410.120
   475:     9420.120     9428.120     9439.110     9445.110     9447.110
   480:     9451.110     9453.110     9456.110     9468.110     9472.110
   485:     9482.110     9498.110     9500.110     9503.110     9507.110
   490:     9514.110     9516.110     9518.110     9519.110     9522.110
   495:     9525.110     9533.120     9534.120     9554.120     9559.120
   500:     9565.120     9570.120     9578.110     9581.110     9584.110
   505:     9596.120     9606.120     9609.120     9612.120     9624.120
   510:     9646.110     9648.110     9658.110     9660.110     9663.110
   515:     9666.110     9667.110     9670.110     9674.110     9677.340
   520:     9677.110     9682.120     9683.120     9774.120     9777.500
   525:     9838.100     9843.100     9846.100     9848.100     9868.100
   530:     9872.100     9907.120     9912.120     9917.120     9936.120
   535:     9939.120     9943.120     9952.120     9953.120     9954.120
   540:     9957.120     9960.120     9971.120     9978.120     9980.120
   545:     9986.120     9990.120    10002.120    10010.120    10034.100
   550:    10044.100    10059.120    10072.120    10107.120    10111.120
   555:    10114.120    10120.120    10136.120    10147.120    10149.120
   560:    10154.120    10164.100    10169.100    10171.100    10173.100
   565:    10175.100    10179.100    10181.100    10184.120    10197.120
   570:    10197.120    10212.120    10217.120    10222.120    10228.120
   575:    10242.120    10247.120    10247.120    10256.120    10258.120
   580:    10263.120    10266.120    10268.120    10286.120    10294.120
   585:    10296.120    10322.120    10334.100    10338.100    10342.100
   590:    10368.100    10374.100    10394.200    10398.120    10444.300
   595:    10544.530    10648.120    10674.120    10800.100    10827.100
   600:    10834.120    10912.120    10916.120    10916.120    10920.120
   605:    10962.100    11000.100    11004.100    11008.120    11061.120
   610:    11063.120    11065.120    11071.120    11080.120    11093.120
   615:    11110.100    11116.100    11120.100    11123.100    11136.120
   620:    11146.120    11153.120    11172.120    11177.120    11185.120
   625:    11188.120    11193.120    11209.120    11228.120    11233.120
   630:    11237.120    11244.120    11250.120    11251.120    11266.120
   635:    11269.120    11279.120    11283.120    11285.120    11299.120
   640:    11319.100    11322.100    11325.100    11329.100    11330.100
   645:    11331.100    11337.100    11340.100    11347.120    11360.120
   650:    11380.120    11388.120    11392.120    11398.120    11407.120
   655:    11429.120    11438.120    11471.100    11480.100    11483.100
   660:    11485.100    11487.100    11490.100    11492.100    11497.100
   665:    11520.120    11525.120    11541.120    11548.120    11552.120
   670:    11556.120    11576.100    11589.120    11595.120    11597.120
   675:    11599.120    11604.120    11624.120    11633.120    11641.120
   680:    11693.100    11709.100    11723.100    11726.100    11729.100
   685:    11732.100    11736.100    11745.120    11756.120    11762.120
   690:    11777.120    11780.120    11781.120    11787.120    11793.120
   695:    11802.120    11815.120    11820.120    11835.120    11843.120
   700:    11860.120    11876.100    11880.100    11882.100    11885.100
   705:    11887.100    11910.100    11932.100    11935.100    11937.100
   710:    11940.100    11941.100    11944.100    11946.100    11948.100
   715:    11950.120    11955.120    11963.120    11969.120    11988.120
   720:    11992.120    11999.120    12014.100    12021.120    12029.120
   725:    12065.120    12073.100    12081.100    12085.100    12087.100
   730:    12092.100    12095.100    12098.100    12120.100    12124.100
   735:    12158.100    12344.330    12444.510    12491.110    12494.110
   740:    12497.110    12498.110    12501.110    12506.120    12506.120
   745:    12712.120    12716.120    12726.120    12732.120    12743.110
   750:    12747.110    12748.110    12752.110    12757.120    12771.120
   755:    12794.110    12797.110    12808.110    12811.110    12813.110
   760:    12817.120    12853.120    12857.120    12862.110    12865.110
   765:    12935.110    12940.110    12943.110    12947.120    12997.120
   770:    13007.110    13010.110    13013.110    13016.110    13020.110
   775:    13025.120    13127.110    13127.210    13131.120    13177.310
   780:    13277.500    13428.120    13428.120    13463.120    13466.120
   785:    13470.120    13647.120    13771.100    13776.100    13784.120
   790:    13795.120    13803.120    13812.120    13818.120    13823.120
   795:    13828.120    13834.120    13851.120    13854.120    13859.120
   800:    13862.120    13869.120    13893.120    13915.120    13922.120
   805:    13922.120    13928.120    13934.120    13945.120    13954.120
   810:    13965.100    13969.100    13971.100    13972.100    13975.100
   815:    13988.120    14004.120    14015.120    14021.120    14025.200
   820:    14075.300    14175.510    14370.120    14415.110    14482.110
   825:    14514.110    14517.110    14521.120    14531.120    14557.120
   830:    14559.120    14565.120    14571.110    14581.110    14587.120
   835:    14620.120    14624.120    14624.120    14626.120    14638.110
   840:    14644.110    14647.110    14648.110    14650.110    14654.110
   845:    14658.120    14668.120    14672.120    14690.120    14690.120
   850:    14696.120    14703.120    14710.120    14717.110    14724.110
   855:    14727.110    14729.110    14730.110    14732.110    14734.110
   860:    14736.110    14739.110    14742.120    14744.120    14749.120
   865:    14760.120    14775.120    14786.110    14789.110    14792.110
   870:    14794.110    14797.110    14799.110    14801.110    14801.210
   875:    14805.120    14851.310    14951.500    15238.120    15239.120
   880:    15477.100    15492.120    15498.120    15508.120    15513.120
   885:    15530.120    15533.120    15536.120    15541.120    15544.120
   890:    15545.120    15553.120    15559.120    15560.120    15561.120
   895:    15577.100    15583.100    15585.100    15587.100    15591.100
   900:    15606.120    15612.120    15625.120    15637.200    15640.120
   905:    15687.300    15787.510    16046.120    16099.120    16102.120
   910:    16116.110    16352.120    16363.110    16366.110    16369.110
   915:    16372.120    16377.120    16396.120    16400.120    16436.120
   920:    16440.120    16450.120    16454.120    16462.120    16471.110
   925:    16471.210    16476.120    16521.310    16621.510    16863.120
   930:    17050.120    17072.120    17076.120    17091.110    17096.110
   935:    17098.110    17102.120    17123.120    17129.120    17136.120
   940:    17144.110    17149.110    17152.110    17154.110    17156.110
   945:    17160.120    17165.120    17178.120    17183.120    17190.110
   950:    17192.110    17195.110    17197.110    17200.110    17203.120
   955:    17219.120    17222.120    17224.120    17240.120    17248.110
   960:    17248.210    17252.120    17298.310    17398.500    17542.120
   965:    17561.120    17576.120    17594.120    17761.100    17791.120
   970:    17806.100    17814.100    17819.120    17823.120    17846.120
   975:    17857.120    17865.100    17868.100    17871.100    17873.100
   980:    17878.100    17894.120    17903.120    17908.120    17909.120
   985:    17923.120    17936.120    17936.120    17939.120    17952.120
   990:    17963.120    17985.120    18009.120    18020.120    18033.100
   995:    18042.100    18044.100    18045.100    18051.100    18061.120
  1000:    18071.120    18083.120    18089.120    18090.120    18093.200
  1005:    18143.300    18243.500    18444.120    18914.120    18919.120
  1010:    18924.120    18934.120    18943.100    18944.100    18950.100
  1015:    18957.120    18967.120    18975.120    18977.120    18979.120
  1020:    18989.120    18996.120    19002.120    19003.200    19053.300
  1025:    19153.500    19221.120    19222.120    19244.120    19246.120
  1030:    19251.120    19252.120    19274.120    19545.120    19557.100
  1035:    19561.100    19566.100    19569.120    19576.120    19579.120
  1040:    19583.120    19596.120    19605.120    19620.100    19622.100
  1045:    19625.100    19626.100    19629.100    19639.120    19650.120
  1050:    19656.120    19658.120    19673.120    19678.120    19694.120
  1055:    19697.120    19702.120    19711.120    19724.120    19732.120
  1060:    19747.120    19767.120    19780.120    19791.120    19797.120
  1065:    19824.120    19834.120    19839.120    19846.120    19859.120
  1070:    19949.100    19955.100    19961.100    19963.100    19966.100
  1075:    19968.100    19973.120    19982.120    19983.120    19988.120
  1080:    20001.120    20009.200    20009.120    20010.120    20059.300
  1085:    20159.510    20256.120    20272.120    20274.120    20511.120
  1090:    20756.120    20760.120    20773.120    20780.110    20784.110
  1095:    20787.110    20787.210    20794.120    20837.310    20937.510
  1100:    20990.120    21314.120    21393.120    21556.120    21570.110
  1105:    21570.210    21574.120    21620.310    21720.530    21940.120
  1110:    22107.100    22108.100    22142.100    22152.120    22157.120
  1115:    22159.120    22162.120    22170.120    22177.120    22195.120
  1120:    22203.120    22210.120    22211.120    22249.100    22265.120
  1125:    22270.120    22293.120    22302.120    22306.120    22315.120
  1130:    22321.120    22332.120    22337.120    22356.120    22362.120
  1135:    22367.120    22371.120    22389.120    22399.120    22416.120
  1140:    22423.120    22428.120    22436.120    22438.120    22450.100
  1145:    22459.100    22461.100    22463.100    22466.100    22469.100
  1150:    22471.100    22481.120    22493.120    22500.120    22513.120
  1155:    22526.120    22528.120    22538.120    22545.120    22572.120
  1160:    22581.100    22595.100    22598.100    22601.100    22603.100
  1165:    22604.100    22609.100    22622.120    22651.120    22666.120
  1170:    22677.120    22678.120    22701.100    22706.100    22708.100
  1175:    22712.100    22719.120    22721.120    22729.120    22732.120
  1180:    22741.100    22743.100    22746.100    22757.100    22762.100
  1185:    22765.100    22767.100    22770.100    22772.100    22776.100
  1190:    22778.100    22790.120    22805.120    22805.120    22813.120
  1195:    22819.120    22821.120    22828.120    22835.120    22850.120
  1200:    22858.120    22879.120    22892.100    22901.100    22904.100
  1205:    22908.100    22926.100    22939.100    22961.100    22965.100
  1210:    22973.100    22976.100    22979.100    22982.100    22984.100
  1215:    22992.120    22996.120    23011.120    23017.120    23035.120
  1220:    23042.120    23084.120    23122.100    23286.100    23326.100
  1225:    23334.100    23336.100    23340.100    23356.120    23361.120
  1230:    23363.120    23382.120    23387.120    23390.120    23393.120
  1235:    23399.120    23403.120    23429.100    23451.100    23455.100
  1240:    23457.100    23464.100    23469.120    23478.120    23483.120
  1245:    23490.120    23497.120    23520.330    23521.100    23620.510
  1250:    23746.120    23751.120    23755.120    23764.110    23768.110
  1255:    23770.110    23771.110    23773.110    23775.110    23781.110
  1260:    23798.110    23799.110    23859.120    23867.110    23870.110
  1265:    23873.110    23876.110    23878.110    23964.110    23969.110
  1270:    23973.110    23977.120    23984.120    23989.120    23998.120
  1275:    24006.110    24013.110    24016.110    24019.110    24020.110
  1280:    24023.110    24026.120    24036.120    24044.110    24047.110
  1285:    24053.110    24058.110    24060.110    24063.110    24112.120
  1290:    24123.120    24128.120    24128.120    24133.120    24146.110
  1295:    24149.110    24158.110    24161.110    24164.110    24167.110
  1300:    24168.110    24172.110    24174.110    24224.120    24235.110
  1305:    24237.110    24240.110    24242.110    24246.110    24246.210
  1310:    24251.120    24296.310    24396.510    24599.120    24617.120
  1315:    24619.120    24759.120    24864.120    24870.120    24872.120
  1320:    24880.110    24882.110    24884.110    24893.120    24903.120
  1325:    24904.120    24909.120    24917.110    24921.110    24924.110
  1330:    24926.110    24928.110    24931.110    24935.110    24939.120
  1335:    24940.120    24948.120    24961.110    24963.110    24965.110
  1340:    24967.110    24970.110    24972.120    24983.110    24986.110
  1345:    24990.110    24994.110    25000.120    25007.120    25009.120
  1350:    25025.120    25029.120    25034.120    25042.110    25042.210
  1355:    25046.120    25092.310    25192.500    25386.120    25576.120
  1360:    25590.100    25594.100    25598.120    25600.120    25602.120
  1365:    25610.120    25615.120    25627.100    25633.100    25638.100
  1370:    25641.120    25645.120    25652.120    25660.120    25673.120
  1375:    25680.120    25686.120    25695.120    25707.120    25728.120
  1380:    25738.120    25740.120    25747.120    25762.100    25768.100
  1385:    25772.100    25774.100    25776.100    25786.120    25798.120
  1390:    25817.120    25822.200    25872.300    25972.500    26279.120
  1395:    26280.120    26514.100    26519.100    26545.120    26560.120
  1400:    26566.120    26574.200    26577.120    26624.300    26724.510
  1405:    26970.120    26996.120    27243.120    27255.120    27264.110
  1410:    27269.110    27271.110    27274.120    27284.120    27284.120
  1415:    27292.110    27294.110    27296.110    27299.110    27302.110
  1420:    27306.120    27317.120    27323.120    27329.110    27333.110
  1425:    27336.110    27337.110    27342.120    27353.120    27356.120
  1430:    27361.120    27378.120    27383.110    27383.210    27387.120
  1435:    27433.310    27533.500    27728.120    28113.100    28123.120
  1440:    28128.120    28162.100    28167.100    28173.200    28177.120
  1445:    28223.300    28293.120    28323.500    28794.120    28799.120
  1450:    28826.120    28843.100    28850.100    28858.120    28866.120
  1455:    28881.120    28885.120    28909.120    28914.120    28916.120
  1460:    28922.120    28925.120    28954.100    28965.100    28968.100
  1465:    28977.120    28993.120    29011.120    29014.200    29016.120
  1470:    29064.300    29128.120    29164.510    29354.120    29738.110
  1475:    29741.110    29744.110    29748.120    29803.120    29809.120
  1480:    29831.120    29833.120    29835.120    29849.110    29849.210
  1485:    29853.120    29899.310    29999.500    30196.120    30213.120
  1490:    30400.100    30415.120    30422.120    30423.120    30443.120
  1495:    30454.120    30465.120    30467.120    30472.120    30486.120
  1500:    30490.120    30490.120    30495.120    30501.120    30503.120
  1505:    30515.120    30521.120    30523.120    30537.120    30549.120
  1510:    30553.120    30559.120    30569.100    30571.100    30574.100
  1515:    30576.100    30583.120    30590.120    30596.120    30603.120
  1520:    30603.120    30610.120    30617.120    30629.120    30629.200
  1525:    30679.300    30779.540    30916.120    30977.120    30986.120
  1530:    31204.120    31221.110    31227.110    31229.110    31233.120
  1535:    31302.110    31305.110    31309.110    31312.110    31315.120
  1540:    31341.120    31374.110    31378.110    31382.110    31387.120
  1545:    31399.120    31426.110    31431.110    31434.110    31437.110
  1550:    31441.110    31444.110    31449.120    31449.120    31454.120
  1555:    31468.120    31482.120    31492.110    31494.110    31496.110
  1560:    31497.110    31500.110    31502.110    31507.110    31510.110
  1565:    31512.110    31514.110    31521.120    31535.120    31548.120
  1570:    31556.110    31558.110    31560.110    31563.110    31565.110
  1575:    31568.120    31580.120    31606.120    31621.110    31631.110
  1580:    31633.110    31636.110    31637.110    31639.110    31641.110
  1585:    31655.110    31657.110    31659.110    31661.110    31664.110
  1590:    31670.120    31681.120    31709.120    31715.110    31718.110
  1595:    31721.110    31723.110    31726.110    31729.110    31732.120
  1600:    31747.120    31758.120    31763.120    31766.120    31775.110
  1605:    31778.110    31789.120    31800.120    31804.120    31807.120
  1610:    31812.120    31819.120    31823.120    31833.110    31843.120
  1615:    31851.120    31858.120    31912.110    32374.120    32378.120
  1620:    32383.120    32389.120    32394.120    32400.120    32412.120
  1625:    32436.120    32446.120    32455.110    32462.120    32477.120
  1630:    32484.120    32493.120    32498.110    32503.110    32506.110
  1635:    32511.120    32512.120    32520.120    32524.120    32524.120
  1640:    32527.120    32535.110    32539.110    32541.110    32550.110
  1645:    32557.110    32560.110    32568.120    32570.120    32576.120
  1650:    32579.340    32606.120    32606.120    32611.120    32617.120
  1655:    32635.120    32640.120    32679.510    33003.120    33011.110
  1660:    33014.110    33017.110    33020.110    33097.110    33110.120
  1665:    33206.120    33211.120    33228.110    33231.110    33244.110
  1670:    33271.120    33278.120    33321.120    33326.120    33333.110
  1675:    33333.210    33338.120    33383.310    33483.500    33586.120
  1680:    34000.120    34007.100    34011.100    34015.100    34034.120
  1685:    34040.120    34046.120    34053.120    34060.120    34070.120
  1690:    34075.120    34078.120    34084.120    34088.120    34093.120
  1695:    34106.120    34115.120    34127.120    34144.100    34149.100
  1700:    34150.100    34151.100    34153.100    34156.100    34166.120
  1705:    34182.120    34183.120    34186.120    34187.120    34189.120
  1710:    34199.120    34203.120    34204.200    34206.120    34254.300
  1715:    34354.510    34576.120    34733.120    34744.110    34759.110
  1720:    34848.110    34856.110    34858.110    34863.120    34872.120
  1725:    34878.120    34883.120    34896.110    34898.110    34901.110
  1730:    34903.110    34906.110    34910.110    34913.120    34926.120
  1735:    34930.120    34937.120    34945.120    34951.120    34956.120
  1740:    34963.110    34968.110    34972.120    34978.120    34986.120
  1745:    34991.120    35004.120    35008.120    35015.110    35015.210
  1750:    35020.120    35065.310    35165.510    35363.120    35590.120
  1755:    35606.110    35686.120    35730.110    35733.110    35737.120
  1760:    35815.120    35824.110    35824.210    35828.120    35874.310
  1765:    35949.120    35974.500    36099.120    36101.120    36566.100
  1770:    36578.100    36585.120    36596.120    36608.120    36613.120
  1775:    36623.120    36626.200    36628.120    36665.120    36676.300
  1780:    36776.500    36992.120    37047.120    37063.120    37349.100
  1785:    37355.100    37362.120    37372.120    37380.120    37386.120
  1790:    37392.120    37401.120    37407.120    37409.200    37459.300
  1795:    37559.500    37584.120    37601.120    37623.120    37832.120
  1800:    38128.120    38139.120    38148.120    38154.120    38157.120
  1805:    38161.120    38163.120    38177.120    38181.120    38184.120
  1810:    38186.120    38187.120    38189.120    38196.120    38210.120
  1815:    38212.120    38217.120    38218.120    38222.120    38236.120
  1820:    38239.120    38242.120    38253.120    38258.120    38275.100
  1825:    38293.120    38301.120    38311.120    38315.120    38327.120
  1830:    38335.200    38337.120    38385.300    38485.510    38563.120
  1835:    38630.120    38792.120    38924.120    38927.120    38929.120
  1840:    38939.110    38946.110    38949.110    38951.120    38983.120
  1845:    38984.120    38988.120    39002.110    39016.110    39019.110
  1850:    39021.110    39024.110    39043.110    39051.120    39080.120
  1855:    39090.110    39095.110    39097.110    39099.110    39101.110
  1860:    39103.110    39105.110    39111.120    39124.120    39133.120
  1865:    39140.120    39142.120    39149.120    39155.120    39161.110
  1870:    39161.210    39165.120    39211.310    39311.510    39332.120
  1875:    39371.120    39509.120    39760.120    39763.120    39771.110
  1880:    39880.110    39886.110    39891.120    39901.120    39905.120
  1885:    39915.120    39927.110    39930.110    39932.110    39936.120
  1890:    39961.120    39961.120    39968.120    39970.120    39971.120
  1895:    39985.110    39985.210    39990.120    40035.310    40135.530
  1900:    40333.120    40498.100    40510.100    40518.120    40523.120
  1905:    40532.120    40541.120    40565.100    40569.100    40571.100
  1910:    40583.120    40599.120    40617.120    40619.120    40620.120
  1915:    40624.120    40626.120    40633.120    40655.120    40659.120
  1920:    40664.120    40667.120    40675.120    40678.120    40683.120
  1925:    40684.120    40693.120    40697.120    40703.120    40709.120
  1930:    40718.120    40720.120    40729.100    40736.120    40737.120
  1935:    40738.120    40739.120    40745.120    40761.120    40774.120
  1940:    40785.120    40798.120    40802.120    40803.120    40819.120
  1945:    40829.120    40833.120    40846.120    40847.120    40851.120
  1950:    40854.120    40861.120    40868.120    40891.100    40898.100
  1955:    40901.100    40903.100    40905.100    40922.120    40929.120
  1960:    40930.120    40936.120    40948.120    40958.120    40977.120
  1965:    40980.120    40980.120    40986.120    40999.120    41002.120
  1970:    41012.120    41014.120    41019.120    41027.120    41030.120
  1975:    41033.120    41041.120    41071.120    41077.120    41084.120
  1980:    41090.120    41095.120    41097.120    41102.120    41103.120
  1985:    41284.120    41633.100    41638.100    41641.120    41649.120
  1990:    41650.120    41659.120    41664.120    41678.100    41681.100
  1995:    41683.100    41684.100    41686.100    41699.120    41712.120
  2000:    41716.120    41727.120    41730.120    41736.120    41739.120
  2005:    41741.120    41746.120    41758.120    41762.120    41774.120
  2010:    41775.120    41781.120    41782.120    41782.120    41786.120
  2015:    41793.120    41798.120    41805.120    41815.120    41823.120
  2020:    41831.120    41834.120    41843.120    41859.120    41935.330
E:
     0:     2025.000      305.000      474.000
F:
     0:       70.000       30.958       32.848
G:
     0:        1.000        1.000        1.000        1.000        1.000
     5:        1.000        1.000        1.000        1.000        0.000
H:
     0:        1.000        1.000        2.000        2.000
L:
     0:     6257.000     7020.000     7269.000     6124.000     6264.000
     5:     7579.000     6961.000     7057.000     7702.000     8651.000
    10:     6407.000     6113.000     6506.000     7003.000     6401.000
    15:     7309.000     6620.000     6434.000     7858.000
R:
     0:        1.000        1.000        1.000        1.000        1.000
     5:        1.000        1.000        1.000        1.000        0.000
S:
     0:        0.000        1.000
U:
     0:     6257.000        0.000        0.000
X:
     0:        0.000      555.001      562.002      615.002      665.000
     5:      665.000     1108.001     1296.002     1357.002     1407.000
    10:     1407.000     2063.001     2071.002     2123.002     2173.000
    15:     2173.000     2548.001     2556.002     2709.003     2715.004
    20:     2718.005     2775.005     2825.000     2825.000     2825.162
    25:     2825.163     2825.164     2825.165     2825.166     2825.167
    30:     2825.168     2825.169     2825.170     2825.171     2825.172
    35:     2825.173     2825.174     2825.175     2825.176     2825.177
    40:     2825.178     2825.179     2825.180     2825.181     2825.181
    45:     2825.000     2825.000     2825.002     2825.004     2825.006
    50:     2825.008     2825.010     2825.012     2825.014     2825.016
    55:     2825.018     2825.020     2825.022     2825.024     2825.026
    60:     2825.028     2825.030     2825.032     2825.034     2825.036
    65:     2825.038     2825.040     2825.042     2825.044     2825.046
    70:     2825.048     2825.050     2825.052     2825.054     2825.056
    75:     2825.058     2825.060     2825.062     2825.064     2825.066
    80:     2825.068     2825.070     2825.072     2825.074     2825.076
    85:     2825.078     2825.080     2825.082     2825.084     2825.086
    90:     2825.088     2825.090     2825.092     2825.094     2825.096
    95:     2825.098     2825.100     2825.102     2825.104     2825.106
   100:     2825.108     2825.110     2825.112     2825.114     2825.116
   105:     3319.001     3324.002     3512.003     3517.004     3519.005
   110:     3520.006     3523.007     3572.007     3622.000     3622.000
   115:     4147.001     4248.002     4253.003     4255.004     4257.005
   120:     4262.006     4308.006     4358.000     4358.000     4720.001
   125:     4765.002     4774.003     4825.004     4828.005     4831.006
   130:     4833.007     4838.008     4993.009     5002.010     5004.011
   135:     5005.012     5011.013     5053.013     5103.000     5103.000
   140:     5803.001     5804.002     5809.003     5863.003     5913.000
   145:     5913.000     6316.001     6320.002     6325.003     6379.004
   150:     6381.005     6384.006     6385.007     6388.008     6708.009
   155:     6714.010     6720.011     6722.012     6725.013     6727.014
   160:     6768.014     6818.000     6818.000     7205.002     7206.004
   165:     7240.006     7346.008     7548.010     7556.012     7558.014
   170:     7561.016     7564.018     7566.020     7569.022     7678.024
   175:     7692.026     7696.028     7699.030     7701.032     7702.034
   180:     7707.036     7799.038     7804.040     7806.042     7810.044
   185:     7838.046     7841.048     7844.050     7855.052     7860.054
   190:     7862.056     7865.058     7868.060     7870.062     7873.064
   195:     7876.066     7990.068     7999.070     8002.072     8006.074
   200:     8023.076     8037.078     8059.080     8063.082     8070.084
   205:     8074.086     8076.088     8079.090     8082.092     8220.094
   210:     8383.096     8424.098     8431.100     8434.102     8438.104
   215:     8526.106     8549.108     8553.110     8555.112     8562.114
   220:     8619.115    10688.001    10692.002    10725.003    10731.004
   225:    10736.005    10860.006    10866.007    10870.008    10872.009
   230:    10874.010    10920.010    10970.000    10970.000    11511.001
   235:    11516.002    11571.002    11621.000    11621.000    12201.001
   240:    12250.002    12255.003    12261.003    12311.000    12311.000
   245:    12830.001    12837.002    12941.003    12952.004    12955.005
   250:    13001.005    13051.000    13051.000    13451.001    13621.002
   255:    13622.003    13625.004    13628.005    13681.005    13731.000
   260:    13731.000    14255.001    14258.002    14262.003    14391.004
   265:    14396.005    14398.006    14398.007    14400.008    14404.009
   270:    14451.009    14501.000    14501.000    15092.001    15104.002
   275:    15153.002    15203.000    15203.000    15776.001    15782.002
   280:    15836.002    15886.000    15886.000    16601.001    16661.001
   285:    16711.000    16711.000    17073.002    17085.004    17141.006
   290:    17145.008    17147.010    17304.012    17467.014    17474.016
   295:    17476.018    17478.020    17481.022    18208.024    18214.026
   300:    18254.028    18257.030    18259.032    18259.034    18261.036
Y:
     0:        0.000       69.001      198.002      259.003      263.004
     5:      377.005      381.006      432.007      484.008      490.009
    10:      493.010      495.011      557.012      557.012      607.000
    15:      607.000      905.001      909.002      957.003      960.004
    20:      998.005     1000.006     1005.007     1008.008     1074.009
    25:     1081.010     1111.011     1117.012     1120.013     1121.014
    30:     1126.015     1129.016     1178.017     1178.017     1180.018
    35:     1228.000     1228.000     1652.001     1702.002     1705.003
    40:     1783.004     1787.005     1843.006     1845.007     1847.008
    45:     1851.009     1923.010     1923.010     1973.000     1973.000
    50:     2528.001     2532.002     2594.003     2599.004     2599.004
    55:     2649.000     2649.000     3195.001     3201.002     3321.003
    60:     3321.003     3371.000     3371.000     3638.001     3719.002
    65:     3795.003     3799.004     3801.005     3803.006     3807.007
    70:     3875.008     3880.009     3926.010     3930.011     3994.012
    75:     3998.013     3998.013     4048.000     4048.000     4320.002
    80:     4325.004     4439.006     4445.008     4551.010     4556.012
    85:     4597.014     4643.016     4646.018     4702.020     4706.022
    90:     4709.024     4718.026     4719.028     4723.030     4725.032
    95:     4728.034     4733.036     4766.038     4813.040     4817.042
   100:     4819.044     4822.046     4825.048     4829.050     4834.052
   105:     4899.054     4903.056     4943.058     4949.060     4951.062
   110:     5047.064     5087.066     5097.068     5101.070     5106.072
   115:     5108.074     5164.076     5168.078     5170.080     5176.082
   120:     5239.084     5250.086     5254.088     5300.090     5479.092
   125:     5486.094     5489.096     5554.098     5609.100     5615.102
   130:     5617.104     5621.106     5623.108     5626.110     5638.112
   135:     5642.114     5653.116     5668.118     5670.120     5673.122
   140:     5677.124     5684.126     5686.128     5688.130     5690.132
   145:     5692.134     5696.136     5749.138     5752.140     5754.142
   150:     5816.144     5819.146     5828.148     5831.150     5834.152
   155:     5836.154     5837.156     5840.158     5844.160     5847.161
   160:     8661.117     8664.118     8667.119     8669.120     8671.121
   165:     8913.122     8917.123     8919.124     8923.125     8965.126
   170:     8967.127     8978.128     8981.129     8983.130     9032.131
   175:     9035.132     9105.133     9110.134     9113.135     9177.136
   180:     9180.137     9183.138     9187.139     9190.140     9297.141
   185:     9297.141     9347.000     9347.000     9587.001     9654.002
   190:     9686.003     9689.004     9743.005     9753.006     9810.007
   195:     9816.008     9819.009     9820.010     9822.011     9826.012
   200:     9889.013     9896.014     9899.015     9901.016     9902.017
   205:     9904.018     9906.019     9908.020     9911.021     9958.022
   210:     9961.023     9964.024     9966.025     9969.026     9971.027
   215:     9973.028     9973.028    10023.000    10023.000    10351.001
   220:    10598.002    10601.003    10604.004    10707.005    10707.005
   225:    10757.000    10757.000    11226.001    11231.002    11233.003
   230:    11279.004    11284.005    11287.006    11289.007    11291.008
   235:    11325.009    11327.010    11330.011    11332.012    11335.013
   240:    11383.014    11383.014    11433.000    11433.000    12054.001
   245:    12058.002    12061.003    12061.003    12111.000    12111.000
   250:    12743.001    12743.001    12793.000    12793.000    12793.116
   255:    12793.117    12793.118    12793.119    12793.120    12793.121
   260:    12793.122    12793.123    12793.124    12793.125    12793.126
   265:    12793.127    12793.128    12793.129    12793.130    12793.131
   270:    12793.132    12793.133    12793.134    12793.135    12793.136
   275:    12793.137    12793.138    12793.139    12793.140    12793.141
   280:    12793.142    12793.143    12793.144    12793.145    12793.146
   285:    12793.147    12793.148    12793.149    12793.150    12793.151
   290:    12793.152    12793.153    12793.154    12793.155    12793.156
   295:    12793.157    12793.158    12793.158    12793.000    12793.000
   300:    12793.001    12793.002    12793.003    12793.004    12793.005
   305:    12793.006    12793.007    12793.008    12793.009    12793.010
   310:    12793.011    12793.012    12793.013    12793.014    12793.015
   315:    12793.016    12793.017    12793.018    12793.019    12793.020
   320:    12793.020    12793.000    12793.000    13333.001    13337.002
   325:    13340.003    13361.004    13363.005    13365.006    13367.007
   330:    13370.008    13398.009    13401.010    13404.011    13406.012
   335:    13451.013    13452.013    13502.000    13502.000    14076.001
   340:    14079.002    14081.003    14187.004    14187.004    14237.000
   345:    14237.000    14678.002    14684.004    14686.006    14760.008
   350:    14762.010    14766.012    14769.014    14831.016    14836.018
   355:    14839.020    14883.022    14888.024    14892.026    14894.028
   360:    14898.030    14901.032    14949.034    14951.036    14953.038
   365:    14954.040    14957.042    14959.044    14964.046    14967.048
   370:    14969.050    14971.052    15013.054    15015.056    15018.058
   375:    15020.060    15022.062    15078.064    15088.066    15091.068
   380:    15093.070    15094.072    15096.074    15098.076    15112.078
   385:    15114.080    15116.082    15118.084    15122.086    15172.088
   390:    15175.090    15178.092    15181.094    15183.096    15186.098
   395:    15232.100    15236.102    15290.104    15369.106    15912.108
   400:    15955.110    15960.112    15963.114    15992.116    15996.118
   405:    15999.120    16008.122    16014.124    16017.126    16469.127
   410:    16471.128    16475.129    16477.130    16555.131    16685.132
   415:    16688.133    16701.134    16790.135    16791.135    16841.000
   420:    16841.000    17230.001    17245.002    17334.003    17342.004
   425:    17344.005    17382.006    17384.007    17387.008    17390.009
   430:    17393.010    17396.011    17449.012    17454.013    17502.014
   435:    17502.014    17552.000    17552.000    17992.001    18116.002
   440:    18119.003    18210.004    18210.004    18260.000    18260.000
   445:    18713.001    18721.002    18724.003    18777.004    18790.005
   450:    18793.006    18795.007    18798.008    18817.009    18865.010
   455:    18869.011    18871.012    18873.013    18875.014    18877.015
   460:    18879.016    18935.017    18935.017    18985.000    18985.000
   465:    19445.001    19554.002    19560.003    19601.004    19604.005
   470:    19606.006    19659.007    19659.007    19709.000
