File: C:\MED-PC\Data\2018-04-30_11h03m_Subject M330.txt


Start Date: 04/30/18
End Date: 04/30/18
Subject: M330
Experiment: DOBLE_PICO_ACO
Group: EXP
Box: 10
Start Time: 11:03:01
End Time: 12:16:50
MSN: IF_ACO_MULTIPLE_PICO
A:     933.000
B:      20.000
D:      22.000
I:       1.000
J:   18000.000
K:    5400.000
M:       0.000
N:      21.000
O:      22.000
P:     993.000
Q:       0.000
T:    1000.000
V:     600.000
W:      20.000
Z:       0.000
C:
     0:        0.120        0.120        0.120        0.120        0.120
     5:        0.120        0.120        0.120        0.120        0.120
    10:        0.120        0.120        0.120        0.120        0.120
    15:        0.120        0.120        0.120        0.120        0.120
    20:        0.120        0.120        0.120        0.120        0.120
    25:        0.120        0.120        0.120        0.120        0.120
    30:        0.120        0.120        0.120        0.120        0.120
    35:        0.120        0.120        0.120        0.120        0.120
    40:        0.120        0.120        0.120        0.120        0.120
    45:        0.120        0.120        0.120        0.120        0.120
    50:        0.120        0.120        0.120        0.120        0.120
    55:        0.120        0.120        0.120        0.120        0.120
    60:        0.120        0.120        0.120        0.120        0.120
    65:        0.120        0.120        0.120        0.120        0.120
    70:        0.120        0.120        0.120        0.120        0.120
    75:        0.120        0.120        0.120        0.120        0.120
    80:        0.120        0.120        0.120        0.120        0.120
    85:        0.120        0.120        0.510        8.110       21.110
    90:       26.110       30.120       65.110       69.110       72.110
    95:       78.110       80.110       86.110       94.120      117.110
   100:      121.110      136.110      141.110      143.110      145.110
   105:      156.110      166.110      169.110      173.110      174.110
   110:      189.110      194.110      201.110      202.110      204.110
   115:      209.110      213.110      220.110      226.110      256.110
   120:      265.110      272.110      280.110      287.110      289.110
   125:      305.120      317.110      331.110      335.110      344.110
   130:      357.110      366.110      382.110      387.110      389.110
   135:      414.110      420.110      424.110      430.110      443.120
   140:      463.110      467.110      482.110      484.110      488.110
   145:      523.110      526.110      532.110      538.110      540.110
   150:      540.210      544.120      590.310      690.500      930.120
   155:      932.120      939.120      961.120      962.120      965.120
   160:      992.100     1001.120     1010.120     1015.120     1020.120
   165:     1024.120     1084.100     1096.120     1125.100     1133.100
   170:     1138.100     1142.100     1145.100     1158.100     1168.120
   175:     1176.100     1179.100     1183.100     1187.100     1197.100
   180:     1246.100     1252.100     1254.100     1264.100     1275.100
   185:     1284.100     1290.100     1296.100     1299.100     1306.200
   190:     1308.120     1356.300     1456.500     1553.120     1554.120
   195:     1555.120     1557.120     1561.120     1563.120     1564.120
   200:     1566.120     1579.120     1582.120     1584.120     1620.120
   205:     1621.120     1625.120     1628.120     1631.120     1632.120
   210:     1634.120     1636.120     1637.120     1638.120     1640.120
   215:     1810.120     1813.120     1814.120     1815.120     1868.120
   220:     1873.120     1874.120     1876.120     1908.120     1911.120
   225:     1914.120     1915.120     1916.120     1917.120     1919.120
   230:     1921.120     1922.120     1924.120     2000.100     2002.100
   235:     2005.100     2008.100     2009.100     2014.100     2019.100
   240:     2021.100     2026.100     2044.100     2047.100     2049.100
   245:     2053.100     2057.100     2060.200     2062.120     2110.300
   250:     2210.510     2325.120     2326.120     2348.120     2380.120
   255:     2381.120     2388.120     2391.120     2397.120     2416.120
   260:     2421.120     2423.120     2427.120     2430.120     2432.120
   265:     2435.120     2437.120     2439.120     2440.120     2442.120
   270:     2445.120     2482.120     2483.120     2486.120     2488.120
   275:     2489.120     2492.120     2493.120     2494.120     2498.120
   280:     2499.120     2505.120     2548.120     2549.120     2553.120
   285:     2554.120     2556.120     2558.120     2560.120     2563.120
   290:     2564.120     2565.120     2568.120     2569.120     2570.120
   295:     2571.120     2600.120     2603.120     2605.120     2612.120
   300:     2612.120     2614.120     2616.120     2618.120     2672.110
   305:     2679.110     2687.110     2692.110     2697.110     2710.110
   310:     2714.110     2720.110     2724.110     2727.110     2728.110
   315:     2748.110     2752.110     2758.110     2765.110     2771.110
   320:     2774.110     2783.110     2797.110     2803.110     2807.110
   325:     2811.110     2821.110     2824.110     2828.110     2832.110
   330:     2838.110     2838.210     2839.110     2843.120     2888.310
   335:     2988.510     3142.110     3154.120     3166.120     3168.120
   340:     3173.120     3175.120     3207.120     3210.120     3224.120
   345:     3230.120     3231.120     3235.120     3237.120     3242.120
   350:     3244.120     3310.120     3315.120     3317.120     3319.120
   355:     3320.120     3323.120     3377.120     3378.120     3379.120
   360:     3381.120     3384.120     3386.120     3387.120     3389.120
   365:     3391.120     3392.120     3394.120     3439.110     3449.110
   370:     3456.110     3459.110     3465.110     3472.110     3473.110
   375:     3486.110     3490.110     3496.110     3498.110     3517.110
   380:     3521.110     3528.110     3532.110     3543.110     3546.110
   385:     3547.110     3549.110     3550.110     3552.110     3562.110
   390:     3564.110     3582.110     3584.110     3586.110     3597.110
   395:     3602.110     3604.110     3604.210     3609.120     3654.310
   400:     3754.510     3847.120     3854.120     3855.120     3861.120
   405:     3866.120     3871.120     3874.120     3897.120     3905.120
   410:     3907.120     3940.120     3942.120     3943.120     3944.120
   415:     3946.120     3977.120     3979.120     3985.120     3989.120
   420:     3991.120     3997.120     3999.120     4001.120     4003.120
   425:     4013.120     4014.120     4023.120     4024.120     4026.120
   430:     4043.120     4046.120     4047.120     4049.120     4050.120
   435:     4053.120     4054.120     4055.120     4057.120     4058.120
   440:     4060.120     4061.120     4063.120     4104.120     4106.120
   445:     4109.120     4112.120     4115.120     4117.120     4118.120
   450:     4119.120     4123.120     4157.120     4158.120     4159.120
   455:     4162.120     4164.120     4165.120     4169.120     4170.120
   460:     4172.120     4252.120     4255.120     4257.120     4259.120
   465:     4261.120     4263.120     4265.120     4294.110     4296.110
   470:     4301.110     4304.110     4325.110     4330.110     4335.110
   475:     4345.110     4355.110     4375.110     4375.210     4379.120
   480:     4425.310     4525.510     4639.120     4641.120     4644.120
   485:     4655.120     4657.120     4662.120     4663.120     4665.120
   490:     4690.120     4694.120     4699.120     4704.120     4730.120
   495:     4731.120     4734.120     4747.120     4752.120     4753.120
   500:     4754.120     4756.120     4757.120     4758.120     4760.120
   505:     4774.120     4777.120     4781.120     4782.120     4783.120
   510:     4825.120     4829.120     4830.120     4831.120     4832.120
   515:     4835.120     4836.120     4838.120     4839.120     4877.120
   520:     4878.120     4880.120     4881.120     4882.120     4884.120
   525:     4885.120     4889.120     4943.120     4946.120     4948.120
   530:     4950.120     4952.120     4954.120     4955.120     4956.120
   535:     4958.120     4960.120     4961.120     5050.120     5063.120
   540:     5064.120     5066.120     5067.120     5069.120     5071.120
   545:     5073.120     5193.110     5193.210     5197.120     5243.310
   550:     5343.500     5428.120     5456.120     5457.120     5463.120
   555:     5464.120     5466.120     5466.120     5488.120     5491.120
   560:     5492.120     5493.120     5498.120     5500.120     5522.120
   565:     5523.120     5525.120     5531.120     5532.120     5537.120
   570:     5538.120     5616.120     5628.120     5629.120     5684.100
   575:     5688.120     5780.100     5790.100     5798.100     5810.100
   580:     5812.100     5821.100     5824.100     5836.100     5839.100
   585:     5870.100     5876.100     5882.100     5884.100     5891.100
   590:     5894.100     5896.100     5899.100     5903.100     5911.100
   595:     5929.100     5930.100     5931.100     5939.100     5940.100
   600:     5944.200     5951.120     5994.300     6094.500     6106.120
   605:     6107.120     6120.120     6123.120     6129.120     6136.120
   610:     6140.120     6150.120     6165.120     6166.120     6168.120
   615:     6170.120     6171.120     6175.120     6182.120     6185.120
   620:     6189.120     6191.120     6191.120     6192.120     6230.120
   625:     6231.120     6233.120     6236.120     6237.120     6239.120
   630:     6240.120     6242.120     6271.120     6281.120     6283.120
   635:     6287.120     6288.120     6291.120     6293.120     6296.120
   640:     6297.120     6299.120     6300.120     6381.120     6382.120
   645:     6383.120     6385.120     6386.120     6387.120     6389.120
   650:     6391.120     6392.120     6394.120     6394.120     6395.120
   655:     6449.120     6450.120     6452.120     6453.120     6454.120
   660:     6457.120     6458.120     6460.120     6461.120     6462.120
   665:     6548.100     6551.100     6555.100     6573.100     6581.100
   670:     6588.100     6595.100     6605.100     6611.100     6613.100
   675:     6625.100     6634.100     6636.100     6642.100     6644.100
   680:     6652.100     6653.100     6666.100     6667.100     6680.100
   685:     6683.100     6684.100     6686.100     6687.100     6689.100
   690:     6691.100     6694.200     6698.120     6744.300     6844.510
   695:     6887.120     6896.120     6897.120     6900.120     6913.120
   700:     6915.120     6917.120     6918.120     6920.120     6932.120
   705:     6934.120     6935.120     6937.120     6949.120     6951.120
   710:     6963.120     6967.120     6969.120     6971.120     6972.120
   715:     6974.120     6977.120     7032.120     7033.120     7035.120
   720:     7036.120     7037.120     7038.120     7040.120     7041.120
   725:     7043.120     7047.120     7050.120     7052.120     7054.120
   730:     7055.120     7057.120     7058.120     7060.120     7061.120
   735:     7063.120     7064.120     7105.120     7108.120     7109.120
   740:     7111.120     7113.120     7114.120     7115.120     7117.120
   745:     7119.120     7191.120     7192.120     7194.120     7195.120
   750:     7197.120     7198.120     7264.110     7268.110     7293.110
   755:     7297.110     7331.110     7334.110     7339.110     7341.110
   760:     7345.110     7349.110     7362.110     7365.110     7368.110
   765:     7373.110     7389.110     7396.110     7398.110     7403.110
   770:     7410.110     7414.110     7429.110     7435.110     7437.110
   775:     7439.110     7457.110     7467.110     7467.210     7472.120
   780:     7517.310     7617.510     7788.120     7794.120     7795.120
   785:     7803.120     7806.120     7810.120     7811.120     7813.120
   790:     7814.120     7817.120     7837.120     7838.120     7840.120
   795:     7842.120     7843.120     7888.120     7891.120     7893.120
   800:     7895.120     7897.120     7900.120     8007.110     8014.110
   805:     8019.110     8028.110     8032.110     8039.110     8047.110
   810:     8051.110     8059.120     8073.110     8076.110     8082.110
   815:     8086.110     8096.110     8098.110     8100.110     8101.110
   820:     8103.110     8105.110     8106.110     8113.110     8119.110
   825:     8120.110     8131.110     8139.110     8143.110     8144.110
   830:     8145.110     8146.110     8147.110     8152.110     8153.110
   835:     8156.110     8159.110     8167.110     8183.110     8186.110
   840:     8194.110     8198.110     8204.110     8223.110     8226.110
   845:     8232.110     8232.210     8233.110     8238.120     8282.310
   850:     8382.500     8752.120     8769.100     8784.100     8795.100
   855:     8801.100     8807.100     8825.100     8831.100     8838.100
   860:     8847.100     8857.100     8859.100     8868.120     8877.120
   865:     8886.100     8888.100     8889.100     8893.100     8900.100
   870:     8911.100     8913.100     8921.100     8925.100     8930.100
   875:     8938.100     8943.100     8945.100     8947.100     8948.100
   880:     8955.100     8966.100     8971.100     8985.200     8992.120
   885:     9035.300     9123.120     9124.120     9135.500     9153.120
   890:     9161.120     9169.120     9170.120     9172.120     9174.120
   895:     9175.120     9176.120     9178.120     9181.120     9182.120
   900:     9206.120     9207.120     9211.120     9214.120     9216.120
   905:     9217.120     9222.120     9313.120     9316.120     9318.120
   910:     9325.120     9327.120     9332.120     9422.120     9423.120
   915:     9424.120     9429.120     9430.120     9435.120     9436.120
   920:     9438.120     9440.120     9441.120     9442.120     9443.120
   925:     9522.120     9523.120     9525.120     9527.120     9528.120
   930:     9530.120     9595.100     9603.100     9607.120     9637.100
   935:     9641.100     9643.100     9649.100     9653.100     9656.100
   940:     9658.100     9662.100     9671.100     9674.100     9698.100
   945:     9699.100     9701.100     9703.100     9704.100     9707.100
   950:     9708.100     9714.100     9724.100     9747.100     9748.100
   955:     9749.100     9751.100     9753.100     9757.100     9758.200
   960:     9762.120     9808.300     9908.540     9988.120     9990.120
   965:    10015.120    10017.120    10018.120    10021.120    10034.120
   970:    10037.120    10038.120    10050.120    10052.120    10063.120
   975:    10065.120    10067.120    10069.120    10071.120    10240.120
   980:    10241.120    10244.120    10248.120    10316.110    10328.110
   985:    10332.110    10354.110    10363.110    10369.110    10372.110
   990:    10380.110    10432.110    10436.110    10438.110    10444.110
   995:    10449.110    10453.110    10467.110    10478.110    10479.110
  1000:    10481.110    10482.110    10483.110    10494.110    10499.110
  1005:    10503.110    10504.110    10511.110    10520.110    10525.110
  1010:    10528.110    10530.110    10536.110    10542.110    10545.110
  1015:    10566.110    10570.110    10575.110    10579.110    10583.110
  1020:    10591.110    10593.110    10594.110    10596.110    10598.110
  1025:    10604.110    10608.110    10611.110    10617.110    10624.110
  1030:    10626.110    10638.110    10645.110    10654.110    10667.110
  1035:    10677.110    10680.110    10683.110    10685.110    10690.110
  1040:    10691.110    10732.110    10737.110    10749.110    10753.110
  1045:    10774.110    10778.110    10788.110    10793.110    10806.110
  1050:    10813.120    10823.120    10826.120    10828.120    10829.120
  1055:    10837.120    10839.120    10840.120    10877.120    10879.120
  1060:    10880.120    10927.120    10934.120    10939.120    10940.120
  1065:    10941.120    10953.110    10955.110    10960.110    10970.120
  1070:    10983.120    10985.120    10986.120    10986.120    10994.120
  1075:    11002.120    11004.120    11010.120    11013.120    11015.120
  1080:    11018.120    11020.120    11092.120    11096.120    11097.120
  1085:    11100.120    11101.120    11103.120    11188.110    11193.110
  1090:    11198.110    11200.110    11220.110    11221.110    11224.110
  1095:    11232.120    11257.110    11266.110    11269.110    11282.110
  1100:    11289.110    11293.110    11302.110    11305.110    11313.110
  1105:    11316.110    11340.110    11345.110    11351.110    11357.110
  1110:    11387.110    11391.110    11397.110    11399.110    11406.110
  1115:    11416.110    11421.110    11423.110    11426.110    11433.110
  1120:    11434.110    11435.110    11436.110    11438.110    11440.110
  1125:    11444.110    11447.110    11481.110    11484.110    11490.110
  1130:    11497.110    11499.110    11500.110    11501.110    11502.110
  1135:    11504.110    11522.110    11527.110    11533.110    11544.120
  1140:    11555.120    11557.120    11558.120    11559.120    11581.120
  1145:    11582.120    11613.120    11615.120    11616.120    11617.120
  1150:    11619.120    11622.120    11624.120    11625.120    11663.120
  1155:    11664.120    11708.340    11719.120    11781.120    11789.120
  1160:    11791.120    11792.120    11793.120    11808.530    11827.120
  1165:    11844.120    11851.120    11853.120    11854.120    11856.120
  1170:    11898.100    11900.100    11913.120    11932.120    11941.120
  1175:    11942.120    11947.120    11950.120    11950.120    12109.100
  1180:    12118.100    12124.100    12128.100    12136.100    12155.100
  1185:    12158.100    12161.100    12164.100    12169.100    12181.100
  1190:    12189.100    12195.100    12212.100    12215.100    12219.100
  1195:    12225.100    12227.100    12233.100    12246.100    12252.100
  1200:    12255.100    12262.100    12275.100    12282.100    12290.100
  1205:    12295.100    12296.100    12305.100    12308.100    12315.100
  1210:    12319.100    12325.100    12343.120    12346.100    12347.120
  1215:    12360.100    12362.100    12363.100    12364.100    12366.100
  1220:    12371.100    12375.100    12383.100    12385.100    12395.100
  1225:    12405.100    12410.100    12429.100    12434.100    12446.100
  1230:    12447.100    12456.100    12487.100    12504.100    12516.100
  1235:    12518.100    12607.100    12610.100    12611.100    12618.100
  1240:    13101.100    13109.100    13112.120    13132.100    13149.100
  1245:    13159.100    13161.100    13167.100    13171.100    13190.100
  1250:    13194.100    13196.100    13199.100    13206.120    13216.100
  1255:    13219.100    13220.100    13222.100    13223.100    13226.100
  1260:    13231.100    13232.120    13238.120    13240.120    13249.120
  1265:    13258.100    13261.100    13275.120    13284.120    13297.120
  1270:    13306.120    13307.120    13427.120    13429.120    13458.120
  1275:    13460.120    13461.120    13608.330    13708.500    13850.100
  1280:    13852.100    13854.100    13856.100    13862.100    13866.100
  1285:    13885.100    13893.100    13896.100    13900.100    13905.100
  1290:    13908.100    13925.100    13929.100    13961.100    13963.100
  1295:    13965.100    13970.100    13982.100    13986.100    13994.100
  1300:    14009.100    14013.100    14015.100    14023.100    14039.100
  1305:    14041.100    14043.100    14045.100    14049.100    14072.100
  1310:    14077.100    14080.100    14093.100    14097.100    14099.100
  1315:    14106.100    14109.100    14118.100    14122.100    14133.100
  1320:    14140.100    14141.100    14148.100    14150.100    14156.100
  1325:    14157.100    14176.100    14180.100    14180.100    14187.100
  1330:    14215.100    14220.100    14224.100    14234.100    14300.100
  1335:    14329.120    14343.120    14355.120    14360.200    14364.120
  1340:    14410.300    14510.510    14664.120    14665.120    14682.120
  1345:    14697.120    14706.120    14712.120    14758.120    14792.120
  1350:    14794.120    14796.120    14796.120    14798.120    14827.120
  1355:    14833.120    14838.120    14895.120    14896.120    14900.120
  1360:    14902.120    14904.120    14905.120    14954.120    14955.120
  1365:    14956.120    14959.120    14964.120    14966.120    15033.120
  1370:    15034.120    15039.120    15064.120    15065.120    15110.120
  1375:    15111.120    15113.120    15115.120    15117.120    15119.120
  1380:    15121.120    15164.120    15168.120    15172.120    15179.120
  1385:    15180.120    15182.120    15239.110    15239.210    15243.120
  1390:    15289.310    15389.510    15500.120    15506.120    15514.120
  1395:    15516.120    15518.120    15520.120    15522.120    15524.120
  1400:    15525.120    15527.120    15585.120    15587.120    15657.120
  1405:    15658.120    15663.120    15704.120    15704.120    15812.120
  1410:    15813.120    15828.110    15835.110    15844.110    15855.110
  1415:    15860.110    15868.110    15872.110    15886.110    15895.110
  1420:    15905.110    15913.110    15915.110    15917.110    15925.110
  1425:    15927.110    15931.110    15946.110    15951.110    15976.110
  1430:    15977.110    15986.110    15987.110    15988.110    15989.110
  1435:    15990.110    15996.110    15997.110    15999.110    16001.110
  1440:    16008.110    16008.210    16012.120    16058.310    16158.510
  1445:    16201.120    16202.120    16212.120    16255.120    16259.120
  1450:    16260.120    16274.120    16275.120    16277.120    16280.120
  1455:    16297.120    16300.120    16318.120    16355.120    16362.120
  1460:    16393.120    16394.120    16396.120    16397.120    16401.120
  1465:    16404.120    16484.120    16485.120    16492.120    16589.110
  1470:    16596.110    16604.110    16607.110    16611.110    16618.110
  1475:    16641.110    16645.110    16649.110    16651.110    16657.110
  1480:    16670.110    16673.110    16674.110    16679.110    16687.110
  1485:    16702.110    16708.110    16710.110    16722.110    16724.110
  1490:    16725.110    16727.110    16739.110    16740.110    16758.110
  1495:    16761.110    16763.110    16766.110    16772.110    16774.110
  1500:    16774.210    16779.120    16824.310    16924.500    16972.120
  1505:    16985.120    16987.120    16989.120    16991.120    16993.120
  1510:    17018.120    17176.120    17178.120    17213.120    17221.120
  1515:    17223.120    17302.120    17308.120    17313.120    17314.120
  1520:    17315.120    17341.120    17349.120    17350.120    17383.120
  1525:    17388.120    17450.100    17458.100    17483.100    17488.100
  1530:    17507.100    17516.100    17517.100    17521.100    17537.100
  1535:    17543.200    17547.120    17593.300    17693.500    17871.120
  1540:    17913.120    17916.120    17919.120    17921.120    17926.120
  1545:    17929.120    18029.120    18030.120    18033.120    18035.120
  1550:    18037.120    18073.120    18074.120    18134.100    18142.120
  1555:    18158.100    18161.100    18163.100    18165.100    18169.100
  1560:    18172.100    18177.100    18179.100    18193.100    18197.100
  1565:    18205.100    18221.100    18223.100    18230.100    18234.100
  1570:    18237.100    18242.100    18244.100    18246.100    18249.100
  1575:    18252.100    18255.100    18257.100    18270.100    18277.100
  1580:    18283.100    18287.100    18289.100    18294.200    18299.120
  1585:    18344.300    18444.510    18562.120    18564.120    18565.120
  1590:    18567.120    18570.120    18572.120    18574.120    18576.120
  1595:    18626.120    18712.120    18721.120    18722.120    18725.120
  1600:    18726.120    18795.120    18800.120    18806.120    18807.120
  1605:    18843.120    18864.120    18865.120    18871.120    18994.120
  1610:    19000.120    19064.110    19064.210    19068.120    19114.310
  1615:    19214.500    19247.120    19281.120    19300.120    19308.120
  1620:    19317.120    19338.120    19352.120    19353.120    19355.120
  1625:    19358.120    19362.120    19364.120    19384.120    19403.120
  1630:    19406.120    19411.120    19414.120    19415.120    19418.120
  1635:    19419.120    19419.120    19422.120    19423.120    19425.120
  1640:    19427.120    19428.120    19429.120    19433.120    19453.120
  1645:    19455.120    19457.120    19458.120    19494.120    19530.120
  1650:    19532.120    19533.120    19535.120    19537.120    19585.120
  1655:    19592.120    19648.100    19654.100    19661.120    19663.120
  1660:    19665.120    19687.100    19690.100    19693.100    19697.100
  1665:    19703.100    19708.100    19710.100    19713.100    19717.100
  1670:    19719.100    19722.100    19723.100    19724.100    19727.100
  1675:    19744.100    19746.100    19747.100    19748.100    19755.100
  1680:    19757.100    19759.100    19763.100    19774.100    19797.100
  1685:    19804.100    19805.100    19806.100    19812.100    19815.200
  1690:    19817.120    19865.300    19965.500    20132.120    20156.120
  1695:    20177.120    20190.120    20201.120    20205.120    20206.120
  1700:    20209.120    20210.120    20212.120    20214.120    20215.120
  1705:    20245.120    20246.120    20249.120    20274.120    20276.120
  1710:    20279.120    20283.120    20285.120    20304.120    20305.120
  1715:    20332.120    20333.120    20334.120    20336.120    20337.120
  1720:    20338.120    20373.120    20374.120    20377.120    20378.120
  1725:    20380.120    20381.120    20397.120    20398.120    20399.120
  1730:    20402.120    20410.120    20412.120    20414.120    20416.120
  1735:    20418.120    20508.100    20539.100    20541.100    20555.100
  1740:    20568.200    20574.120    20618.300    20718.510    20883.120
  1745:    20884.120    20884.120    20908.120    20926.120    20929.120
  1750:    20936.120    20939.120    20943.120    20946.120    20947.120
  1755:    20952.120    20954.120    20957.120    20958.120    20959.120
  1760:    20960.120    20962.120    20977.120    20978.120    20980.120
  1765:    20982.120    21416.110    21416.210    21420.120    21466.310
  1770:    21566.510    21654.120    21655.120    21655.120    21663.120
  1775:    21665.120    21673.120    21691.120    21692.120    21693.120
  1780:    21696.120    21702.120    21711.120    21742.120    21750.120
  1785:    21758.120    21759.120    21780.120    21794.120    21795.120
  1790:    21797.120    21950.120    21964.110    21971.110    21988.120
  1795:    21991.120    22014.110    22022.110    22031.110    22054.110
  1800:    22061.110    22073.110    22106.110    22110.110    22112.110
  1805:    22118.110    22128.110    22132.110    22135.110    22154.110
  1810:    22156.110    22159.110    22161.110    22175.110    22179.110
  1815:    22181.110    22181.210    22187.120    22231.310    22331.510
  1820:    22422.120    22422.120    22476.120    22496.120    22503.120
  1825:    22506.120    22509.120    22511.120    22513.120    22515.120
  1830:    22520.120    22534.120    22535.120    22554.120    22555.120
  1835:    22557.120    22559.120    22561.120    22562.120    22567.120
  1840:    22567.120    22611.120    22612.120    22618.120    22620.120
  1845:    22621.120    22668.120    22669.120    22724.120    22727.120
  1850:    22729.120    22731.120    22758.120    22763.120    22862.110
  1855:    22869.110    22873.110    22877.110    22896.110    22905.110
  1860:    22913.110    22915.110    22917.110    22924.110    22926.110
  1865:    22929.110    22930.110    22937.110    22990.110    22990.210
  1870:    22995.120    23040.310    23140.500    23383.120    23387.120
  1875:    23391.120    23401.120    23410.120    23415.120    23418.120
  1880:    23419.120    23421.120    23423.120    23436.120    23439.120
  1885:    23456.120    23461.120    23470.120    23472.120    23515.120
  1890:    23520.120    23522.120    23523.120    23572.120    23573.120
  1895:    23579.120    23581.120    23582.120    23584.120    23585.120
  1900:    23586.120    23587.120    23655.100    23660.120    23661.120
  1905:    23670.100    23676.100    23680.100    23689.100    23692.100
  1910:    23693.100    23695.100    23698.100    23700.100    23708.100
  1915:    23714.100    23719.100    23722.100    23727.100    23740.100
  1920:    23744.100    23745.100    23746.100    23749.200    23753.120
  1925:    23799.300    23804.120    23899.500    23905.120    23914.120
  1930:    23915.120    23918.120    23922.120    23927.120    23950.120
  1935:    23964.120    23964.120    23990.120    23993.120    23994.120
  1940:    23996.120    23998.120    23999.120    24000.120    24002.120
  1945:    24003.120    24043.120    24048.120    24050.120    24051.120
  1950:    24121.120    24122.120    24144.120    24145.120    24147.120
  1955:    24149.120    24150.120    24151.120    24154.120    24157.120
  1960:    24158.120    24159.120    24160.120    24161.120    24216.120
  1965:    24217.120    24221.120    24222.120    24223.120    24224.120
  1970:    24226.120    24294.100    24319.100    24322.100    24326.100
  1975:    24329.100    24331.100    24362.100    24369.100    24377.100
  1980:    24379.100    24380.100    24382.100    24386.100    24389.100
  1985:    24390.100    24408.100    24410.100    24415.100    24421.100
  1990:    24425.100    24431.100    24438.100    24440.100    24441.100
  1995:    24449.100    24451.100    24457.100    24473.100    24482.100
  2000:    24493.100    24500.200    24504.120    24550.300    24650.510
  2005:    24712.120    24782.120    24785.120    24787.120    24788.120
  2010:    24790.120    24792.120    24793.120    24796.120    24810.120
  2015:    24811.120    24814.120    24818.120    24819.120    24822.120
  2020:    24823.120    24824.120    24828.120    24829.120    24831.120
  2025:    24833.120    24835.120    24857.120    24858.120    24859.120
  2030:    24861.120    24862.120    24864.120    24866.120    24868.120
  2035:    24941.120    24942.120    24943.120    24945.120    24946.120
  2040:    24947.120    24949.120    24950.120    24952.120    24953.120
  2045:    24954.120    24955.120    24956.120    25010.120    25011.120
  2050:    25012.120    25014.120    25015.120    25016.120    25019.120
  2055:    25020.120    25021.120    25023.120    25024.120    25026.120
  2060:    25027.120    25028.120    25030.120    25101.120    25134.110
  2065:    25141.110    25145.110    25166.120    25192.110    25201.110
  2070:    25210.110    25211.110    25215.110    25229.110    25234.110
  2075:    25241.110    25252.110    25256.110    25268.110    25268.210
  2080:    25273.120    25318.310    25321.120    25418.510    25470.120
  2085:    25491.120    25500.120    25505.120    25506.120    25513.120
  2090:    25528.120    25539.120    25676.120    25677.120    25678.120
  2095:    25680.120    25761.120    25763.120    25764.120    25766.120
  2100:    25767.120    25768.120    25784.120    25784.120    25786.120
  2105:    25787.120    25788.120    25861.110    25869.110    25880.110
  2110:    25883.110    25889.110    25892.110    25910.110    25914.110
  2115:    25920.110    25931.110    25936.110    25939.110    25959.110
  2120:    25963.110    25966.110    25967.110    25971.110    25986.110
  2125:    25993.110    25998.110    25999.110    26000.110    26001.110
  2130:    26002.110    26003.110    26004.110    26020.110    26028.110
  2135:    26032.110    26032.210    26037.120    26082.310    26182.530
  2140:    26258.120    26265.120    26266.120    26283.120    26307.120
  2145:    26320.120    26343.120    26345.120    26386.120    26387.120
  2150:    26389.120    26390.120    26391.120    26393.120    26403.120
  2155:    26409.120    26423.120    26430.120    26432.120    26434.120
  2160:    26436.120    26437.120    26439.120    26441.120    26443.120
  2165:    26446.120    26447.120    26486.120    26491.120    26493.120
  2170:    26495.120    26496.120    26497.120    26501.120    26519.120
  2175:    26523.120    26524.120    26525.120    26528.120    26528.120
  2180:    26532.120    26533.120    26564.120    26565.120    26566.120
  2185:    26570.120    26584.120    26584.120    26586.120    26587.120
  2190:    26589.120    26680.120    26693.100    26760.100    26766.100
  2195:    26768.100    26770.100    26779.120    26802.100    26808.100
  2200:    26814.100    26818.100    26824.100    26830.100    26831.100
  2205:    26839.100    26851.100    26853.100    26854.100    26860.100
  2210:    26879.100    26887.100    26892.100    26902.100    26903.100
  2215:    26905.100    26909.100    26911.100    26914.100    26939.100
  2220:    26951.120    26962.100    26967.100    26980.100    26990.100
  2225:    26998.100    27001.100    27003.100    27005.100    27011.100
  2230:    27015.100    27024.100    27045.120    27057.100    27065.100
  2235:    27071.100    27094.100    27097.100    27102.100    27127.100
  2240:    27133.100    27143.120    27148.120    27156.120    27175.100
  2245:    27184.120    27187.120    27194.120    27196.120    27198.120
  2250:    27204.120    27227.120    27236.120    27244.120    27244.120
  2255:    27269.120    27270.120    27275.120    27278.120    27279.120
  2260:    27280.120    27282.120    27283.120    27298.120    27300.120
  2265:    27302.120    27304.120    27306.120    27311.120    27313.120
  2270:    27314.120    27315.120    27317.120    27334.120    27336.120
  2275:    27338.120    27340.120    27351.120    27352.120    27354.120
  2280:    27393.100    27398.120    27434.120    27435.120    27477.100
  2285:    27484.100    27491.100    27496.100    27552.100    27560.100
  2290:    27576.100    27578.100    27581.100    27588.100    27591.100
  2295:    27595.100    27608.100    27613.100    27617.100    27621.100
  2300:    27629.100    27634.100    27642.100    27651.100    27655.100
  2305:    27681.100    27691.100    27692.100    27694.100    27699.100
  2310:    27718.120    27740.100    27745.100    27751.100    27753.120
  2315:    27762.120    27779.100    27784.100    27802.100    27809.100
  2320:    27817.100    27825.100    27858.100    27888.100    27891.100
  2325:    27982.330    28082.500    28220.100    28222.100    28229.100
  2330:    28234.100    28243.100    28257.100    28268.120    28276.100
  2335:    28283.100    28296.120    28325.120    28359.100    28362.100
  2340:    28369.120    28382.120    28473.120    28479.120    28493.120
  2345:    28496.120    28499.120    28512.120    28514.120    28515.120
  2350:    28517.120    28519.120    28520.120    28521.120    28522.120
  2355:    28529.120    28530.120    28532.120    28538.120    28548.120
  2360:    28563.120    28566.120    28568.120    28570.120    28570.120
  2365:    28579.120    28580.120    28582.120    28584.120    28585.120
  2370:    28587.120    28588.120    28589.120    28598.120    28599.120
  2375:    28601.120    28623.100    28643.120    28648.120    28671.100
  2380:    28682.100    28683.200    28685.120    28733.300    28833.500
  2385:    28952.120    28953.120    28968.120    28979.120    28981.120
  2390:    28982.120    28984.120    28985.120    28987.120    29002.120
  2395:    29013.120    29015.120    29017.120    29019.120    29021.120
  2400:    29023.120    29024.120    29067.120    29068.120    29070.120
  2405:    29074.120    29075.120    29077.120    29079.120    29109.120
  2410:    29110.120    29111.120    29114.120    29115.120    29116.120
  2415:    29118.120    29119.120    29121.120    29123.120    29125.120
  2420:    29201.120    29203.120    29205.120    29207.120    29209.120
  2425:    29234.120    29238.120    29240.120    29241.120    29243.120
  2430:    29244.120    29295.120    29318.100    29323.100    29326.100
  2435:    29331.100    29401.100    29404.100    29406.100    29413.100
  2440:    29428.120    29435.120    29446.100    29449.100    29451.100
  2445:    29460.100    29461.200    29465.120    29511.300    29611.510
  2450:    29637.120    29720.110    29728.110    29738.120    29757.120
  2455:    29758.120    29760.120    29794.110    29796.110    29801.110
  2460:    29848.110    29866.120    29870.120    29886.110    29956.110
  2465:    29962.110    29973.110    29977.110    29980.110    29985.110
  2470:    29990.110    29994.110    30006.110    30009.110    30012.110
  2475:    30019.110    30024.110    30030.110    30033.110    30056.110
  2480:    30058.110    30064.110    30069.110    30079.110    30101.110
  2485:    30109.110    30114.110    30116.110    30118.110    30128.110
  2490:    30130.110    30137.110    30140.110    30157.110    30161.110
  2495:    30164.110    30165.110    30167.110    30168.110    30174.110
  2500:    30179.110    30181.110    30184.110    30205.110    30208.110
  2505:    30216.110    30218.110    30222.110    30248.110    30248.210
  2510:    30253.120    30298.310    30301.120    30398.500    30669.100
  2515:    30674.120    30695.120    30715.120    30861.100    30864.100
  2520:    30877.120    30913.100    30920.100    30922.100    30927.100
  2525:    30935.100    30940.100    30961.100    30967.100    31000.200
  2530:    31032.120    31050.300    31149.120    31150.540    31150.120
  2535:    31158.120    31185.120    31190.120    31200.120    31210.120
  2540:    31212.120    31218.120    31220.120    31222.120    31223.120
  2545:    31224.120    31226.120    31238.120    31242.120    31250.120
  2550:    31252.120    31254.120    31256.120    31260.120    31262.120
  2555:    31265.120    31267.120    31268.120    31297.120    31298.120
  2560:    31300.120    31302.120    31303.120    31305.120    31306.120
  2565:    31366.120    31367.120    31368.120    31371.120    31431.110
  2570:    31496.110    31505.110    31509.110    31513.120    31526.110
  2575:    31530.110    31535.110    31544.110    31548.110    31551.110
  2580:    31555.110    31561.110    31566.110    31568.110    31570.110
  2585:    31578.110    31585.110    31587.110    31591.110    31593.110
  2590:    31605.110    31607.110    31613.110    31616.110    31626.110
  2595:    31631.110    31636.110    31652.110    31656.110    31659.110
  2600:    31670.110    31671.110    31672.110    31673.110    31705.110
  2605:    31708.110    31717.110    31721.110    31734.110    31737.110
  2610:    31739.110    31743.110    31746.110    31753.110    31771.110
  2615:    31779.110    31780.110    31781.110    31782.110    31784.110
  2620:    31787.110    31794.110    31800.110    31825.110    31832.110
  2625:    31834.110    31836.110    31869.110    31871.110    31878.110
  2630:    31880.110    31882.110    31891.110    31896.110    31901.110
  2635:    31936.110    31937.110    31940.110    32083.110    32094.110
  2640:    32099.110    32124.110    32130.120    32141.120    32152.120
  2645:    32156.120    32158.120    32161.120    32182.110    32186.110
  2650:    32194.110    32280.110    32293.110    32298.120    32305.120
  2655:    32309.120    32325.120    32326.120    32338.120    32353.120
  2660:    32356.120    32359.120    32361.120    32447.110    32452.110
  2665:    32540.110    32546.110    32566.120    32578.110    32582.110
  2670:    32588.110    32597.110    32602.120    32621.110    32632.110
  2675:    32636.110    32642.110    32646.110    32662.110    32669.110
  2680:    32679.110    32682.110    32685.110    32694.110    32699.110
  2685:    32702.110    32719.110    32732.110    32734.110    32736.110
  2690:    32739.110    32756.110    32767.110    32770.110    32775.110
  2695:    32781.110    32829.110    32838.110    32840.110    32936.110
  2700:    32950.340    32964.120    33050.510    33108.110    33113.110
  2705:    33121.120    33135.120    33167.120    33173.120    33179.120
  2710:    33214.110    33219.110    33220.110    33229.110    33240.120
  2715:    33241.120    33243.120    33266.120    33285.110    33291.110
  2720:    33301.120    33313.120    33318.120    33321.120    33323.120
  2725:    33353.120    33356.120    33358.120    33360.120    33362.120
  2730:    33363.120    33401.110    33407.110    33414.110    33419.110
  2735:    33423.110    33424.110    33451.110    33452.110    33462.110
  2740:    33466.110    33467.110    33476.110    33479.110    33483.110
  2745:    33487.110    33509.110    33511.110    33513.110    33536.110
  2750:    33539.110    33542.110    33544.110    33545.110    33552.110
  2755:    33557.110    33562.110    33573.110    33576.110    33583.110
  2760:    33586.110    33593.110    33603.110    33606.110    33613.110
  2765:    33625.110    33630.110    33631.110    33643.110    33659.110
  2770:    33662.110    33665.110    33665.210    33669.120    33715.310
  2775:    33720.120    33815.510    33867.120    33871.120    33894.120
  2780:    33911.120    33923.120    33928.120    33963.120    33979.120
  2785:    33983.120    33985.120    33986.120    33988.120    33990.120
  2790:    33992.120    33993.120    34023.120    34024.120    34082.120
  2795:    34083.120    34089.120    34092.120    34093.120    34095.120
  2800:    34096.120    34131.120    34132.120    34134.120    34140.120
  2805:    34141.120    34142.120    34225.120    34226.120    34286.120
  2810:    34299.110    34307.110    34320.110    34338.110    34342.110
  2815:    34349.110    34354.110    34358.110    34361.110    34375.110
  2820:    34381.110    34383.110    34388.110    34393.110    34404.110
  2825:    34412.110    34417.110    34423.110    34431.110    34431.210
  2830:    34435.120    34481.310    34581.500    34836.120    34836.120
  2835:    34838.120    34849.120    34850.120    34857.120    34858.120
  2840:    34859.120    34869.120    34870.120    34886.120    34889.120
  2845:    34891.120    34892.120    34894.120    34896.120    34897.120
  2850:    34897.120    34899.120    34901.120    34902.120    34904.120
  2855:    34906.120    34920.120    34921.120    34923.120    34925.120
  2860:    34927.120    34929.120    34931.120    34963.120    34964.120
  2865:    34967.120    34969.120    34970.120    34972.120    34973.120
  2870:    34974.120    34976.120    34977.120    34978.120    35036.120
  2875:    35126.100    35134.120    35149.100    35153.100    35156.100
  2880:    35159.100    35176.100    35180.100    35186.200    35189.100
  2885:    35192.120    35236.300    35336.500    35419.120    35438.120
  2890:    35441.120    35441.120    35443.120    35494.120    35501.120
  2895:    35503.120    35505.120    35508.120    35510.120    35559.120
  2900:    35561.120    35563.120    35565.120    35603.120    35604.120
  2905:    35606.120    35608.120    35609.120    35696.120    35697.120
  2910:    35704.120    35705.120    35709.120    35710.120    35712.120
  2915:    35713.120    35714.120    35716.120    35718.120    35803.120
  2920:    35840.100    35846.100    35885.100    35888.100    35891.100
  2925:    35901.100    35906.100    35918.100    35921.100    35925.100
  2930:    35926.100    35944.100    35945.200    35951.120    35995.300
  2935:    36095.510    36131.120    36143.120    36145.120    36147.120
  2940:    36159.120    36179.120    36210.120    36211.120    36213.120
  2945:    36214.120    36216.120    36217.120    36219.120    36322.120
  2950:    36322.120    36326.120    36328.120    36330.120    36332.120
  2955:    36333.120    36334.120    36336.120    36336.120    36455.120
  2960:    36457.120    36461.120    36462.120    36514.110    36521.110
  2965:    36533.110    36542.110    36554.120    36564.110    36566.110
  2970:    36569.110    36571.110    36576.110    36587.110    36597.110
  2975:    36601.110    36606.110    36617.110    36619.110    36623.110
  2980:    36624.110    36630.110    36638.110    36644.110    36646.110
  2985:    36649.110    36652.110    36659.110    36662.110    36664.110
  2990:    36673.110    36676.110    36683.110    36689.110    36692.110
  2995:    36693.110    36694.110    36695.110    36718.110    36718.210
  3000:    36719.110    36724.120    36768.310    36868.530    37058.120
  3005:    37218.120    37239.120    37240.120    37260.120    37262.120
  3010:    37264.120    37279.120    37280.120    37319.120    37323.120
  3015:    37323.120    37325.120    37328.120    37375.120    37378.120
  3020:    37400.120    37400.120    37401.120    37403.120    37405.120
  3025:    37415.120    37419.120    37422.120    37423.120    37425.120
  3030:    37467.120    37467.120    37469.120    37471.120    37473.120
  3035:    37475.120    37476.120    37544.100    37546.100    37547.100
  3040:    37550.100    37571.100    37577.100    37585.100    37595.100
  3045:    37598.100    37600.100    37610.100    37619.120    37632.100
  3050:    37638.100    37647.100    37650.100    37659.100    37665.100
  3055:    37666.100    37667.100    37669.100    37670.100    37679.100
  3060:    37694.100    37697.100    37698.100    37700.100    37709.100
  3065:    37714.100    37717.100    37722.100    37724.100    37734.100
  3070:    37736.100    37746.100    37765.100    37769.100    37773.100
  3075:    37778.100    37781.100    37796.100    37799.100    37805.100
  3080:    37806.100    37807.100    37824.100    37829.100    37850.100
  3085:    37851.100    37855.100    37863.100    37870.100    37874.100
  3090:    37895.100    37896.100    37897.100    37901.100    37909.100
  3095:    37912.120    37926.120    37941.100    37949.100    37961.100
  3100:    37965.100    37970.120    38009.120    38018.120    38036.120
  3105:    38039.120    38041.120    38042.120    38051.120    38053.120
  3110:    38059.120    38061.120    38064.120    38065.120    38066.120
  3115:    38068.120    38070.120    38073.120    38073.120    38075.120
  3120:    38081.120    38082.120    38083.120    38089.120    38090.120
  3125:    38092.120    38109.100    38117.120    38120.120    38134.120
  3130:    38136.120    38137.120    38141.120    38143.120    38144.120
  3135:    38147.120    38149.120    38150.120    38190.120    38192.120
  3140:    38193.120    38195.120    38196.120    38197.120    38199.120
  3145:    38201.120    38202.120    38203.120    38204.120    38233.120
  3150:    38234.120    38236.120    38240.120    38241.120    38242.120
  3155:    38313.120    38316.120    38317.120    38320.120    38321.120
  3160:    38322.120    38364.120    38364.120    38365.120    38367.120
  3165:    38370.120    38371.120    38371.120    38372.120    38391.120
  3170:    38391.120    38393.120    38395.120    38396.120    38397.120
  3175:    38399.120    38400.120    38429.100    38437.120    38453.100
  3180:    38462.100    38466.100    38476.100    38487.100    38491.100
  3185:    38495.100    38507.100    38513.100    38515.120    38527.100
  3190:    38534.100    38544.100    38547.100    38554.100    38560.100
  3195:    38564.100    38584.100    38586.100    38588.100    38597.100
  3200:    38609.100    38615.100    38619.100    38623.100    38639.100
  3205:    38642.100    38651.100    38668.330    38669.100    38682.120
  3210:    38768.500    38819.100    38847.120    38897.100    38901.100
  3215:    38907.100    38917.120    38932.120    38940.120    38945.120
  3220:    38966.120    38967.120    38972.120    38973.120    38975.120
  3225:    38976.120    38977.120    38977.120    38994.120    38997.120
  3230:    38998.120    39000.120    39001.120    39004.120    39010.120
  3235:    39072.100    39079.120    39081.120    39101.100    39107.120
  3240:    39115.120    39179.100    39189.100    39202.100    39206.100
  3245:    39210.120    39210.100    39214.120    39223.100    39228.100
  3250:    39229.100    39237.100    39243.100    39249.100    39254.100
  3255:    39267.100    39273.100    39280.100    39289.100    39293.100
  3260:    39306.100    39323.100    39326.100    39332.100    39334.100
  3265:    39363.100    39367.100    39368.100    39376.120    39383.200
  3270:    39385.120    39433.300    39533.510    39537.120    39542.120
  3275:    39544.120    39546.120    39588.120    39590.120    39604.120
  3280:    39616.120    39640.120    39663.120    39665.120    39666.120
  3285:    39670.120    39674.120    39678.120    39685.120    39687.120
  3290:    39687.120    39690.120    39691.120    39697.120    39699.120
  3295:    39701.120    39703.120    39704.120    39706.120    39708.120
  3300:    39709.120    39710.120    39711.120    39775.120    39776.120
  3305:    39778.120    39780.120    39781.120    39782.120    39783.120
  3310:    39784.120    39785.120    39789.120    39828.120    39829.120
  3315:    39831.120    39833.120    39834.120    39836.120    39837.120
  3320:    39838.120    39839.120    39877.120    39878.120    39880.120
  3325:    39881.120    39883.120    39884.120    39914.120    39915.120
  3330:    39916.120    39918.120    39930.120    40108.120    40119.110
  3335:    40124.120    40140.110    40149.110    40149.210    40154.120
  3340:    40199.310    40299.510    40404.120    40406.120    40437.120
  3345:    40459.120    40477.120    40479.120    40481.120    40483.120
  3350:    40484.120    40487.120    40489.120    40491.120    40527.120
  3355:    40530.120    40533.120    40534.120    40535.120    40536.120
  3360:    40538.120    40541.120    40542.120    40545.120    40545.120
  3365:    40546.120    40547.120    40549.120    40628.120    40629.120
  3370:    40633.120    40634.120    40635.120    40636.120    40637.120
  3375:    40730.110    40736.110    40741.110    40744.110    40758.110
  3380:    40801.110    40806.110    40809.110    40815.110    40820.110
  3385:    40821.110    40824.110    40826.110    40836.110    40844.110
  3390:    40848.110    40850.110    40857.110    40863.110    40867.110
  3395:    40877.110    40880.110    40883.110    40885.110    40891.110
  3400:    40896.110    40899.110    40903.110    40912.110    40914.110
  3405:    40914.210    40919.120    40964.310    41064.500    41133.120
  3410:    41135.120    41178.120    41211.120    41213.120    41221.120
  3415:    41232.120    41233.120    41234.120    41236.120    41237.120
  3420:    41238.120    41240.120    41241.120    41245.120    41247.120
  3425:    41250.120    41251.120    41253.120    41254.120    41256.120
  3430:    41381.120    41394.120    41396.120    41401.120    41402.120
  3435:    41408.120    41410.120    41412.120    41413.120    41415.120
  3440:    41417.120    41418.120    41419.120    41421.120    41422.120
  3445:    41423.120    41424.120    41426.120    41477.120    41478.120
  3450:    41481.120    41482.120    41483.120    41484.120    41485.120
  3455:    41490.120    41544.120    41546.120    41548.120    41550.120
  3460:    41551.120    41552.120    41552.120    41588.120    41588.120
  3465:    41591.120    41594.120    41595.120    41597.120    41598.120
  3470:    41599.120    41600.120    41690.100    41698.100    41702.120
  3475:    41722.100    41724.100    41726.100    41729.100    41737.100
  3480:    41740.100    41750.200    41752.100    41755.120    41800.300
  3485:    41900.500    41924.120    41939.120    41940.120    41943.120
  3490:    41950.120    41952.120    41953.120    41955.120    41957.120
  3495:    41959.120    41960.120    41962.120    41963.120    41965.120
  3500:    41966.120    41968.120    41990.120
E:
     0:     3503.000      736.000      827.000
F:
     0:       70.000       27.442       35.690
G:
     0:        1.000        1.000        1.000        1.000        1.000
     5:        1.000        1.000        1.000        1.000        0.000
H:
     0:        1.000        1.000        2.000        2.000
L:
     0:     6256.000     6143.000     6107.000     6101.000     6131.000
     5:     6330.000     6620.000     6294.000     6108.000     6104.000
    10:     6130.000     6189.000     6105.000     6111.000     6377.000
    15:     6117.000     6149.000     6191.000     6244.000     6954.000
R:
     0:        1.000        1.000        1.000        1.000        1.000
     5:        1.000        1.000        1.000        1.000        0.000
S:
     0:        1.000        1.000
U:
     0:     6143.000        1.000        0.000
X:
     0:        0.000      302.001      393.002      434.003      442.004
     5:      447.005      451.006      455.007      468.008      486.009
    10:      489.010      493.011      496.012      506.013      555.014
    15:      561.015      563.016      573.017      584.018      593.019
    20:      600.020      605.021      608.022      615.022      665.000
    25:      665.000     1209.001     1211.002     1214.003     1216.004
    30:     1218.005     1223.006     1228.007     1230.008     1235.009
    35:     1253.010     1256.011     1258.012     1262.013     1266.014
    40:     1269.014     1319.000     1319.000     1659.001     1755.002
    45:     1765.003     1773.004     1785.005     1787.006     1796.007
    50:     1799.008     1811.009     1814.010     1845.011     1851.012
    55:     1857.013     1859.014     1866.015     1869.016     1871.017
    60:     1874.018     1878.019     1886.020     1904.021     1905.022
    65:     1906.023     1914.024     1915.025     1919.025     1969.000
    70:     1969.000     2422.001     2426.002     2429.003     2447.004
    75:     2456.005     2462.006     2469.007     2479.008     2485.009
    80:     2488.010     2499.011     2509.012     2510.013     2516.014
    85:     2518.015     2526.016     2527.017     2540.018     2542.019
    90:     2554.020     2557.021     2558.022     2560.023     2561.024
    95:     2563.025     2566.026     2569.026     2619.000     2619.000
   100:     3006.001     3021.002     3031.003     3038.004     3044.005
   105:     3062.006     3067.007     3074.008     3084.009     3094.010
   110:     3095.011     3122.012     3125.013     3126.014     3129.015
   115:     3137.016     3147.017     3149.018     3158.019     3162.020
   120:     3167.021     3175.022     3180.023     3181.024     3183.025
   125:     3184.026     3192.027     3203.028     3207.029     3222.029
   130:     3272.000     3272.000     3732.001     3739.002     3773.003
   135:     3778.004     3780.005     3786.006     3789.007     3793.008
   140:     3795.009     3798.010     3808.011     3810.012     3834.013
   145:     3836.014     3838.015     3839.016     3841.017     3843.018
   150:     3845.019     3851.020     3860.021     3884.022     3885.023
   155:     3886.024     3887.025     3889.026     3894.027     3895.027
   160:     3945.000     3945.000     3945.242     3945.244     3945.246
   165:     3945.248     3945.250     3945.252     3945.254     3945.256
   170:     3945.258     3945.260     3945.262     3945.264     3945.266
   175:     3945.268     3945.270     3945.272     3945.274     3945.276
   180:     3945.278     3945.280     3945.282     3945.284     3945.286
   185:     3945.288     3945.290     3945.292     3945.294     3945.296
   190:     3945.298     3945.300     3945.302     3945.304     3945.306
   195:     3945.308     3945.310     3945.312     3945.314     3945.316
   200:     3945.318     3945.320     3945.322     3945.324     3945.326
   205:     3945.328     3945.330     3945.332     3945.334     3945.336
   210:     3945.338     3945.340     3945.342     3945.344     3945.346
   215:     3945.348     3945.350     3945.352     3945.354     3945.356
   220:     3945.358     3945.360     3945.362     3945.364     3945.366
   225:     3945.368     3945.370     3945.372     3945.374     3945.376
   230:     3945.378     3945.380     3945.382     3945.384     3945.386
   235:     3945.388     3945.390     3945.392     3945.394     3945.396
   240:     3945.398     3945.400     3945.402     3945.404     3945.405
   245:     3945.406     3945.407     3945.408     3945.409     3945.410
   250:     3945.411     3945.412     3945.413     3945.414     3945.415
   255:     3945.416     3945.417     3945.418     3945.419     3945.420
   260:     3945.421     3945.422     3945.423     3945.424     3945.425
   265:     3945.426     3945.427     3945.428     3945.429     3945.430
   270:     3945.431     3945.432     3945.433     3945.434     3945.435
   275:     3945.436     3945.437     3945.438     3945.439     3945.440
   280:     3945.441     3945.442     3945.443     3945.444     3945.445
   285:     3945.446     3945.447     3945.448     3945.449     3945.450
   290:     3945.451     3945.452     3945.453     3945.454     3945.455
   295:     3945.456     3945.457     3945.458     3945.459     3945.460
   300:     3945.460     3945.000     3945.000     4471.001     4479.002
   305:     4504.003     4509.004     4527.005     4536.006     4538.007
   310:     4542.008     4558.009     4564.009     4614.000     4614.000
   315:     5054.001     5079.002     5081.003     5083.004     5085.005
   320:     5089.006     5093.007     5098.008     5099.009     5114.010
   325:     5117.011     5126.012     5141.013     5144.014     5150.015
   330:     5154.016     5158.017     5163.018     5165.019     5166.020
   335:     5170.021     5173.022     5175.023     5177.024     5190.025
   340:     5197.026     5203.027     5208.028     5210.029     5214.029
   345:     5264.000     5264.000     5698.001     5704.002     5736.003
   350:     5740.004     5742.005     5746.006     5752.007     5757.008
   355:     5760.009     5762.010     5766.011     5769.012     5771.013
   360:     5772.014     5774.015     5776.016     5793.017     5795.018
   365:     5796.019     5797.020     5804.021     5806.022     5809.023
   370:     5812.024     5823.025     5846.026     5853.027     5854.028
   375:     5855.029     5861.030     5864.030     5914.000     5914.000
   380:     6456.001     6488.002     6490.003     6503.004     6517.004
   385:     6567.000     6567.000     7081.001     7096.002     7102.003
   390:     7106.004     7115.005     7118.006     7119.007     7121.008
   395:     7124.009     7126.010     7134.011     7140.012     7145.013
   400:     7148.014     7153.015     7166.016     7170.017     7171.018
   405:     7172.019     7175.019     7225.000     7225.000     7619.001
   410:     7644.002     7648.003     7651.004     7654.005     7656.006
   415:     7687.007     7694.008     7702.009     7704.010     7706.011
   420:     7707.012     7711.013     7714.014     7715.015     7733.016
   425:     7735.017     7740.018     7746.019     7751.020     7756.021
   430:     7763.022     7765.023     7766.024     7774.025     7776.026
   435:     7782.027     7799.028     7807.029     7818.030     7825.030
   440:     7875.000     7875.000     8385.002     8452.004     8458.006
   445:     8460.008     8463.010     8494.012     8500.014     8506.016
   450:     8510.018     8516.020     8522.022     8523.024     8531.026
   455:     8544.028     8545.030     8546.032     8552.034     8571.036
   460:     8579.038     8585.040     8594.042     8595.044     8597.046
   465:     8601.048     8603.050     8606.052     8631.054     8654.056
   470:     8659.058     8672.060     8682.062     8690.064     8693.066
   475:     8695.068     8697.070     8703.072     8707.074     8716.076
   480:     8749.078     8757.080     8763.082     8786.084     8789.086
   485:     8794.088     8819.090     8825.092     8867.094     9085.096
   490:     9169.098     9176.100     9183.102     9188.104     9245.106
   495:     9252.108     9268.110     9270.112     9273.114     9280.116
   500:     9283.118     9287.120     9300.122     9305.124     9310.126
   505:     9313.128     9321.130     9326.132     9334.134     9343.136
   510:     9347.138     9373.140     9383.142     9384.144     9386.146
   515:     9391.148     9432.150     9437.152     9443.154     9471.156
   520:     9476.158     9494.160     9501.162     9510.164     9517.166
   525:     9550.168     9580.170     9583.172     9912.173     9914.174
   530:     9922.175     9927.176     9935.177     9949.178     9969.179
   535:     9975.180    10051.181    10054.182    10316.183    10363.184
   540:    10374.185    10376.185    10426.000    10426.000    10910.001
   545:    10915.002    10918.003    10923.004    10993.005    10996.006
   550:    10998.007    11005.008    11038.009    11041.010    11043.011
   555:    11052.012    11053.012    11103.000    11103.000    11373.001
   560:    11566.002    11569.003    11617.004    11624.005    11627.006
   565:    11632.007    11639.008    11644.009    11666.010    11671.011
   570:    11704.011    11754.000    11754.000    12298.001    12321.002
   575:    12325.003    12329.004    12332.005    12348.006    12353.007
   580:    12358.007    12362.008    12408.000    12408.000    12912.001
   585:    12917.002    12957.003    12959.004    12962.005    12973.006
   590:    12978.007    12989.008    12992.009    12997.010    12998.011
   595:    13016.012    13017.012    13067.000    13067.000    13743.002
   600:    13744.004    13746.006    13748.008    13769.010    13776.012
   605:    13783.014    13793.016    13796.018    13798.020    13808.022
   610:    13830.024    13836.026    13846.028    13848.030    13857.032
   615:    13863.034    13865.036    13865.038    13867.040    13869.042
   620:    13878.044    13892.046    13895.048    13896.050    13898.052
   625:    13907.054    13913.056    13915.058    13920.060    13922.062
   630:    13932.064    13934.066    13944.068    13963.070    13967.072
   635:    13971.074    13976.076    13979.078    13994.080    13997.082
   640:    14003.084    14004.086    14005.088    14022.090    14027.092
   645:    14048.094    14050.096    14054.098    14061.100    14068.102
   650:    14073.104    14093.106    14094.108    14096.110    14099.112
   655:    14107.114    14139.116    14147.118    14159.120    14163.122
   660:    14308.124    14627.126    14652.128    14660.130    14664.132
   665:    14675.134    14686.136    14690.138    14693.140    14705.142
   670:    14711.144    14725.146    14732.148    14742.150    14745.152
   675:    14753.154    14758.156    14762.158    14783.160    14784.162
   680:    14786.164    14795.166    14808.168    14813.170    14818.172
   685:    14821.174    14837.176    14840.178    14849.180    14868.181
   690:    15017.182    15095.183    15099.184    15105.185    15271.186
   695:    15299.187    15377.188    15387.189    15400.190    15404.191
   700:    15408.192    15422.193    15426.194    15427.195    15435.196
   705:    15441.197    15447.198    15452.199    15465.200    15471.201
   710:    15478.202    15488.203    15491.204    15504.205    15521.206
   715:    15524.207    15530.208    15532.209    15561.210    15565.211
   720:    15567.212    15581.212    15631.000    15631.000    16256.001
   725:    16264.002    16288.003    16290.004    16292.005    16295.006
   730:    16303.007    16306.008    16316.008    16318.009    16366.000
   735:    16366.000
Y:
     0:        0.000        7.001       21.002       26.003       65.004
     5:       69.005       72.006       77.007       80.008       86.009
    10:      117.010      121.011      136.012      141.013      143.014
    15:      145.015      155.016      166.017      169.018      173.019
    20:      174.020      188.021      194.022      201.023      202.024
    25:      204.025      208.026      212.027      220.028      226.029
    30:      256.030      265.031      272.032      280.033      287.034
    35:      289.035      317.036      331.037      335.038      344.039
    40:      356.040      366.041      382.042      387.043      389.044
    45:      414.045      420.046      424.047      430.048      463.049
    50:      467.050      482.051      483.052      488.053      522.054
    55:      526.055      531.056      538.057      540.058      540.058
    60:      590.000      590.000     1051.001     1059.002     1067.003
    65:     1072.004     1076.005     1090.006     1094.007     1099.008
    70:     1104.009     1107.010     1108.011     1128.012     1132.013
    75:     1138.014     1144.015     1150.016     1153.017     1162.018
    80:     1177.019     1182.020     1187.021     1190.022     1200.023
    85:     1203.024     1208.025     1212.026     1217.027     1217.027
    90:     1219.028     1267.000     1267.000     1421.001     1718.002
    95:     1728.003     1735.004     1738.005     1744.006     1751.007
   100:     1752.008     1765.009     1769.010     1775.011     1777.012
   105:     1795.013     1800.014     1807.015     1810.016     1821.017
   110:     1825.018     1825.019     1827.020     1829.021     1831.022
   115:     1841.023     1842.024     1861.025     1863.026     1865.027
   120:     1876.028     1881.029     1883.030     1883.030     1933.000
   125:     1933.000     2472.001     2475.002     2479.003     2482.004
   130:     2503.005     2508.006     2513.007     2523.008     2533.009
   135:     2553.010     2553.010     2603.000     2603.000     3271.001
   140:     3271.001     3321.000     3321.000     3740.001     3744.002
   145:     3770.003     3773.004     3807.005     3811.006     3815.007
   150:     3817.008     3821.009     3825.010     3839.011     3841.012
   155:     3845.013     3849.014     3865.015     3872.016     3874.017
   160:     3879.018     3886.019     3890.020     3906.021     3912.022
   165:     3913.023     3915.024     3934.025     3943.026     3943.026
   170:     3993.000     3993.000     4383.001     4390.002     4395.003
   175:     4404.004     4408.005     4415.006     4423.007     4427.008
   180:     4449.009     4452.010     4458.011     4462.012     4472.013
   185:     4474.014     4476.015     4477.016     4479.017     4481.018
   190:     4482.019     4489.020     4495.021     4496.022     4507.023
   195:     4515.024     4519.025     4520.026     4521.027     4522.028
   200:     4523.029     4528.030     4529.031     4532.032     4535.033
   205:     4543.034     4559.035     4561.036     4570.037     4574.038
   210:     4579.039     4599.040     4602.041     4608.042     4608.042
   215:     4609.043     4658.000     4658.000     5065.002     5078.004
   220:     5082.006     5104.008     5112.010     5119.012     5122.014
   225:     5130.016     5182.018     5186.020     5187.022     5193.024
   230:     5198.026     5203.028     5216.030     5228.032     5229.034
   235:     5230.036     5231.038     5232.040     5243.042     5248.044
   240:     5253.046     5254.048     5261.050     5269.052     5275.054
   245:     5277.056     5280.058     5285.060     5291.062     5294.064
   250:     5315.066     5319.068     5324.070     5329.072     5332.074
   255:     5341.076     5342.078     5344.080     5345.082     5347.084
   260:     5353.086     5358.088     5361.090     5367.092     5374.094
   265:     5376.096     5388.098     5395.100     5404.102     5416.104
   270:     5427.106     5430.108     5433.110     5435.112     5439.114
   275:     5441.116     5481.118     5487.120     5498.122     5503.124
   280:     5523.126     5528.128     5537.130     5542.132     5555.134
   285:     5702.136     5704.138     5709.140     5938.142     5942.144
   290:     5947.146     5950.148     5969.150     5971.152     5973.154
   295:     6007.156     6015.158     6018.160     6032.162     6039.164
   300:     6043.166     6052.168     6054.170     6063.172     6065.174
   305:     6089.176     6095.178     6101.180     6106.182     6137.184
   310:     6141.186     6147.188     6149.190     6156.192     6166.194
   315:     6171.196     6173.198     6175.200     6182.202     6183.204
   320:     6184.206     6186.208     6188.210     6189.212     6194.214
   325:     6197.216     6231.218     6233.220     6240.222     6247.224
   330:     6249.226     6250.228     6251.230     6252.232     6254.234
   335:     6272.236     6277.238     6283.240     9988.001     9988.001
   340:    10038.000    10038.000    10477.001    10484.002    10492.003
   345:    10504.004    10509.005    10517.006    10521.007    10534.008
   350:    10544.009    10553.010    10561.011    10564.012    10565.013
   355:    10574.014    10576.015    10580.016    10595.017    10600.018
   360:    10624.019    10626.020    10635.021    10636.022    10637.023
   365:    10638.024    10639.025    10644.026    10646.027    10648.028
   370:    10649.029    10657.030    10657.030    10707.000    10707.000
   375:    11137.001    11144.002    11152.003    11155.004    11159.005
   380:    11166.006    11189.007    11193.008    11197.009    11199.010
   385:    11205.011    11218.012    11221.013    11222.014    11227.015
   390:    11235.016    11250.017    11256.018    11259.019    11270.020
   395:    11272.021    11273.022    11275.023    11287.024    11288.025
   400:    11306.026    11309.027    11311.028    11314.029    11320.030
   405:    11322.031    11322.031    11372.000    11372.000    11992.001
   410:    11992.001    12042.000    12042.000    12740.001    12740.001
   415:    12790.000    12790.000    13188.001    13195.002    13237.003
   420:    13245.004    13255.005    13277.006    13284.007    13296.008
   425:    13329.009    13333.010    13335.011    13341.012    13351.013
   430:    13355.014    13358.015    13377.016    13380.017    13383.018
   435:    13385.019    13398.020    13402.021    13405.022    13405.022
   440:    13455.000    13455.000    13985.001    13992.002    13996.003
   445:    14000.004    14019.005    14028.006    14036.007    14038.008
   450:    14040.009    14047.010    14049.011    14052.012    14053.013
   455:    14060.014    14114.015    14114.015    14164.000    14164.000
   460:    14647.001    14654.002    14659.003    14706.004    14715.005
   465:    14723.006    14725.007    14728.008    14743.009    14748.010
   470:    14755.011    14766.012    14770.013    14781.014    14781.014
   475:    14831.000    14831.000    15273.001    15282.002    15292.003
   480:    15296.004    15302.005    15305.006    15322.007    15327.008
   485:    15333.009    15343.010    15349.011    15352.012    15372.013
   490:    15376.014    15379.015    15380.016    15384.017    15399.018
   495:    15405.019    15411.020    15412.021    15413.022    15414.023
   500:    15415.024    15416.025    15417.026    15432.027    15441.028
   505:    15445.029    15445.029    15495.000    15495.000    15604.001
   510:    15612.002    15678.003    15679.004    15685.005    15731.006
   515:    15769.007    15840.008    15846.009    15857.010    15861.011
   520:    15863.012    15868.013    15873.014    15878.015    15889.016
   525:    15892.017    15895.018    15902.019    15907.020    15913.021
   530:    15916.022    15939.023    15941.024    15948.025    15952.026
   535:    15962.027    15985.028    15992.029    15997.030    15999.031
   540:    16002.032    16011.033    16013.034    16020.035    16023.036
   545:    16040.037    16045.038    16047.039    16049.040    16050.041
   550:    16051.042    16057.043    16062.044    16064.045    16067.046
   555:    16088.047    16092.048    16099.049    16101.050    16105.051
   560:    16131.052    16131.052    16181.000    16181.000    16462.002
   565:    16526.004    16536.006    16540.008    16557.010    16561.012
   570:    16566.014    16575.016    16579.018    16582.020    16586.022
   575:    16592.024    16597.026    16599.028    16601.030    16609.032
   580:    16616.034    16618.036    16622.038    16624.040    16636.042
   585:    16638.044    16644.046    16647.048    16657.050    16662.052
   590:    16667.054    16683.056    16687.058    16690.060    16701.062
   595:    16702.064    16703.066    16704.068    16736.070    16739.072
   600:    16748.074    16752.076    16765.078    16768.080    16770.082
   605:    16774.084    16777.086    16784.088    16802.090    16809.092
   610:    16811.094    16812.096    16813.098    16814.100    16818.102
   615:    16825.104    16831.106    16856.108    16863.110    16864.112
   620:    16867.114    16899.116    16902.118    16908.120    16911.122
   625:    16913.124    16922.126    16927.128    16932.130    16967.132
   630:    16968.134    16971.136    17114.138    17125.140    17129.142
   635:    17155.144    17213.146    17217.148    17225.150    17311.152
   640:    17323.154    17478.156    17482.158    17571.160    17577.162
   645:    17609.164    17613.166    17619.168    17627.170    17652.172
   650:    17662.174    17667.176    17673.178    17677.180    17693.182
   655:    17700.184    17710.186    17713.188    17715.190    17725.192
   660:    17730.194    17733.196    17749.198    17762.200    17764.202
   665:    17767.204    17769.206    17787.208    17798.210    17801.212
   670:    17806.214    17812.216    17860.218    17869.220    17871.222
   675:    17967.224    18138.225    18144.226    18245.227    18250.228
   680:    18251.229    18260.230    18316.231    18322.232    18432.233
   685:    18438.234    18444.235    18450.236    18454.237    18455.238
   690:    18482.239    18483.240    18493.241    18497.242    18498.243
   695:    18507.244    18510.245    18514.246    18518.247    18540.248
   700:    18542.249    18544.250    18567.251    18569.252    18573.253
   705:    18575.254    18576.255    18583.256    18588.257    18593.258
   710:    18604.259    18607.260    18614.261    18617.262    18624.263
   715:    18634.264    18637.265    18644.266    18656.267    18661.268
   720:    18662.269    18674.270    18690.271    18693.272    18696.273
   725:    18696.273    18746.000    18746.000    19229.001    19238.002
   730:    19250.003    19268.004    19272.005    19279.006    19285.007
   735:    19289.008    19291.009    19305.010    19311.011    19313.012
   740:    19319.013    19324.014    19334.015    19342.016    19347.017
   745:    19354.018    19361.019    19361.019    19411.000    19411.000
   750:    19830.001    19837.002    19849.003    19857.004    19879.005
   755:    19881.006    19884.007    19886.008    19892.009    19903.010
   760:    19912.011    19917.012    19921.013    19933.014    19934.015
   765:    19939.016    19940.017    19946.018    19954.019    19959.020
   770:    19961.021    19965.022    19968.023    19975.024    19978.025
   775:    19979.026    19989.027    19991.028    19999.029    20005.030
   780:    20007.031    20008.032    20009.033    20010.034    20034.035
   785:    20034.035    20035.036    20084.000    20084.000    20670.001
   790:    20691.002    20699.003    20699.003    20749.000    20749.000
   795:    21180.001    21186.002    21191.003    21194.004    21207.005
   800:    21251.006    21256.007    21259.008    21265.009    21270.010
   805:    21271.011    21274.012    21276.013    21286.014    21294.015
   810:    21298.016    21300.017    21307.018    21313.019    21317.020
   815:    21327.021    21330.022    21333.023    21334.024    21341.025
   820:    21345.026    21349.027    21353.028    21362.029    21364.030
   825:    21364.030    21414.000
