File: C:\MED-PC\Data\2018-05-22_12h07m_Subject M333.txt


Start Date: 05/22/18
End Date: 05/22/18
Subject: M333
Experiment: DOBLE_PICO_ACO
Group: EXP
Box: 10
Start Time: 12:07:44
End Time: 13:21:05
MSN: IF_ACO_MULTIPLE_PICO
A:     257.000
B:      18.000
D:      20.000
I:       1.000
J:   18000.000
K:    5400.000
M:     139.000
N:      19.000
O:      20.000
P:     588.000
Q:       0.000
T:    1000.000
V:     600.000
W:      18.000
Z:       0.000
C:
     0:        0.120        0.120        0.120        0.120        0.120
     5:        0.120        0.120        0.120        0.120        0.120
    10:        0.120        0.120        0.120        0.120        0.120
    15:        0.120        0.120        0.120        0.120        0.120
    20:        0.120        0.120        0.120        0.120        0.120
    25:        0.120        0.120        0.120        0.120        0.120
    30:        0.120        0.120        0.120        0.510       57.120
    35:       64.120       66.120       87.110       90.120      123.120
    40:      171.110      174.120      238.110      243.110      249.110
    45:      252.120      287.110      293.110      346.110      355.120
    50:      379.120      384.120      387.120      412.110      414.110
    55:      418.110      428.110      433.120      476.120      505.110
    60:      507.110      513.110      571.110      571.210      574.120
    65:      621.310      721.510      730.120      736.120      737.120
    70:      737.120      825.120      830.120      834.120     1037.120
    75:     1126.110     1128.110     1131.120     1169.110     1174.110
    80:     1177.120     1232.110     1236.120     1281.110     1281.210
    85:     1285.120     1331.310     1431.500     1571.120     1715.120
    90:     1757.120     1759.120     1765.120     1934.120     1939.100
    95:     1944.120     1961.120     1971.120     1979.120     1981.120
   100:     1982.120     2049.100     2053.120     2095.120     2109.200
   105:     2115.120     2158.120     2159.300     2259.500     2470.120
   110:     2472.120     2851.120     2857.120     2858.120     2861.120
   115:     2898.120     2910.120     2912.120     2942.120     3001.100
   120:     3013.100     3018.100     3030.100     3034.100     3048.120
   125:     3061.200     3111.300     3211.540     3266.120     3327.120
   130:     3429.110     3432.120     3438.120     3440.120     3653.110
   135:     3657.120     3682.120     3733.110     3737.120     3745.120
   140:     3768.120     3790.120     3824.120     3888.110     3893.120
   145:     3897.120     3908.120     3911.120     3940.120     3958.120
   150:     3973.110     3978.120     3985.110     3990.110     3994.110
   155:     4046.110     4056.110     4058.110     4068.110     4075.110
   160:     4079.110     4082.110     4085.120     4108.110     4112.110
   165:     4129.110     4135.110     4148.120     4169.110     4171.110
   170:     4202.110     4207.110     4218.110     4221.110     4227.110
   175:     4234.110     4236.120     4289.110     4295.110     4299.110
   180:     4303.110     4306.110     4309.110     4312.110     4318.110
   185:     4324.110     4331.120     4386.110     4391.120     4440.120
   190:     4479.110     4486.110     4533.120     4637.110     4640.120
   195:     4647.120     4721.120     4731.120     4822.110     4826.120
   200:     4831.120     4898.110     4903.120     4909.120     4910.120
   205:     4912.120     4999.110     5002.120     5011.340     5098.120
   210:     5111.510     5119.120     5120.120     5134.120     5345.120
   215:     5399.110     5453.110     5531.110     5540.120     5554.120
   220:     5555.120     5556.120     5588.110     5594.120     5617.120
   225:     5653.110     5658.120     5675.120     5683.120     5712.120
   230:     5729.110     5732.120     5855.120     5857.120     5860.120
   235:     5861.120     5872.120     5884.110     5884.210     5887.120
   240:     5934.310     6034.500     6043.120     6080.120     6501.120
   245:     6517.120     6544.100     6548.120     6594.120     6681.100
   250:     6699.120     6741.200     6746.120     6791.300     6795.120
   255:     6891.510     6900.120     6905.120     6906.120     6911.120
   260:     6918.120     6921.120     6922.120     6924.120     6979.120
   265:     7059.110     7062.120     7070.120     7092.120     7195.120
   270:     7196.120     7242.120     7267.120     7269.120     7307.110
   275:     7309.120     7355.120     7357.120     7363.110     7366.120
   280:     7377.120     7379.120     7407.120     7438.110     7450.110
   285:     7491.120     7516.110     7523.110     7527.110     7530.110
   290:     7543.110     7549.110     7586.120     7604.120     7612.110
   295:     7612.210     7615.120     7662.310     7762.530     8081.120
   300:     8103.120     8104.120     8147.120     8155.120     8184.120
   305:     8201.100     8218.120     8278.100     8289.120     8315.120
   310:     8317.120     8325.120     8334.120     8365.100     8376.100
   315:     8379.100     8395.100     8410.100     8414.120     8464.100
   320:     8480.100     8484.100     8488.100     8493.100     8496.100
   325:     8506.100     8512.100     8519.100     8532.100     8554.100
   330:     8561.120     8592.120     8681.120     8687.120     8873.120
   335:     8878.120     8905.120     8978.120     9062.120     9085.120
   340:     9086.120     9088.120     9090.120     9093.120     9099.120
   345:     9101.120     9159.120     9209.120     9261.100     9266.120
   350:     9342.100     9388.100     9402.120     9481.120     9486.120
   355:     9487.120     9528.120     9562.330     9566.120     9604.120
   360:     9662.510     9678.120     9713.110     9789.110     9966.110
   365:    10012.110    10017.110    10024.110    10027.110    10038.120
   370:    10061.110    10064.120    10087.120    10089.120    10090.120
   375:    10137.110    10143.110    10159.110    10173.110    10181.110
   380:    10184.110    10189.110    10195.110    10197.110    10201.110
   385:    10219.110    10228.110    10239.110    10248.110    10251.110
   390:    10266.110    10277.110    10279.110    10281.110    10288.110
   395:    10292.110    10295.110    10298.110    10313.110    10319.110
   400:    10340.110    10344.110    10348.110    10354.110    10354.210
   405:    10360.120    10404.310    10504.500    10605.120    10617.100
   410:    10622.120    10654.120    10691.120    10722.120    10744.120
   415:    10772.120    10774.120    10786.120    10800.120    10812.120
   420:    10839.120    10870.100    10879.100    10906.100    10922.100
   425:    10925.100    10927.100    10934.120    10992.100    10997.100
   430:    11000.100    11015.100    11017.100    11026.100    11040.100
   435:    11046.100    11072.100    11073.100    11074.100    11078.100
   440:    11082.100    11084.100    11086.100    11091.100    11093.100
   445:    11095.100    11106.200    11113.120    11156.300    11256.500
   450:    11616.120    11625.120    11627.120    11629.120    11631.120
   455:    11632.120    11637.120    11650.120    11652.120    11654.120
   460:    11733.120    11773.120    11851.100    11861.100    11867.100
   465:    11875.100    11879.120    11901.120    11911.200    11913.100
   470:    11916.120    11961.300    12061.510    12152.110    12157.120
   475:    12159.120    12471.110    12475.120    12554.110    12571.110
   480:    12574.120    12624.110    12629.110    12636.120    12662.110
   485:    12667.110    12694.110    12700.110    12704.110    12708.120
   490:    12736.120    12752.110    12752.210    12755.120    12802.310
   495:    12902.500    13158.100    13170.120    13180.120    13226.120
   500:    13252.120    13345.100    13350.120    13394.120    13400.100
   505:    13425.100    13430.100    13434.120    13500.100    13517.100
   510:    13521.100    13523.100    13525.100    13527.100    13532.120
   515:    13560.200    13610.300    13710.500    13732.120    13756.120
   520:    13763.120    13764.120    13765.120    13769.120    13770.120
   525:    13776.120    14197.120    14264.120    14285.120    14287.120
   530:    14288.120    14292.120    14379.120    14440.100    14454.120
   535:    14500.200    14505.120    14550.300    14552.120    14650.510
   540:    15047.110    15053.120    15177.110    15283.110    15287.120
   545:    15326.120    15347.120    15351.120    15361.110    15361.210
   550:    15363.120    15411.310    15511.510    15551.120    15558.120
   555:    15759.120    15771.120    15771.120    15821.120    15840.120
   560:    15855.120    15861.120    15878.120    15881.120    15884.120
   565:    15886.120    15886.120    15887.120    15898.120    15900.120
   570:    15911.120    15913.120    15943.120    15968.120    15972.110
   575:    15977.120    16024.110    16028.120    16040.120    16081.110
   580:    16086.120    16116.120    16131.110    16134.120    16168.110
   585:    16222.110    16229.110    16234.120    16251.120    16269.110
   590:    16277.110    16317.110    16322.110    16328.110    16328.210
   595:    16332.120    16378.310    16478.510    16875.110    16882.120
   600:    16966.110    16971.120    17003.120    17037.110    17040.120
   605:    17113.110    17119.110    17123.110    17190.110    17196.110
   610:    17202.110    17207.120    17212.120    17246.110    17256.110
   615:    17261.120    17295.120    17297.120    17308.110    17308.210
   620:    17311.120    17358.310    17458.500    17731.120    17739.120
   625:    18081.120    18122.100    18129.100    18133.120    18164.100
   630:    18182.200    18187.120    18232.300    18273.120    18292.120
   635:    18294.120    18296.120    18297.120    18300.120    18301.120
   640:    18302.120    18311.120    18312.120    18332.500    18334.120
   645:    18363.100    18367.120    18408.100    18570.120    18872.120
   650:    18887.120    18904.120    18941.100    18951.120    18985.120
   655:    18987.120    18989.120    19001.200    19051.300    19151.510
   660:    19600.110    19605.120    19620.120    19694.110    19698.120
   665:    19780.120    19825.110    19831.110    19870.110    19875.110
   670:    19880.110    19885.120    19916.120    19920.110    19924.110
   675:    19928.120    19960.120    19964.120    19967.120    19978.110
   680:    19978.210    19981.120    20028.310    20128.500    20277.120
   685:    20291.120    20296.120    20297.120    20341.120    20384.120
   690:    20408.100    20411.100    20416.120    20445.120    20447.120
   695:    20461.120    20484.120    20486.120    20533.100    20541.120
   700:    20597.100    20604.100    20607.100    20615.120    20682.100
   705:    20691.100    20704.100    20716.100    20735.100    20739.100
   710:    20742.200    20746.120    20792.300    20892.500    21046.120
   715:    21253.120    21253.120    21278.120    21280.120    21287.120
   720:    21295.120    21302.120    21420.120    21435.120    21443.120
   725:    21444.120    21446.120    21465.120    21467.120    21480.120
   730:    21493.120    21498.120    21508.120    21534.120    21565.120
   735:    21572.100    21591.100    21601.100    21605.120    21632.200
   740:    21637.120    21682.300    21782.510    22242.110    22245.120
   745:    22317.120    22340.120    22362.110    22366.110    22374.110
   750:    22378.120    22404.120    22426.110    22427.110    22428.110
   755:    22506.110    22515.110    22520.120    22527.120    22563.110
   760:    22578.110    22579.110    22585.110    22593.110    22596.110
   765:    22596.210    22601.120    22646.310    22653.120    22746.510
   770:    23224.110    23228.120    23292.110    23295.120    23347.110
   775:    23355.110    23360.120    23388.110    23395.110    23404.110
   780:    23410.110    23412.110    23429.110    23434.110    23443.120
   785:    23471.120    23478.110    23478.210    23481.120    23528.310
   790:    23628.500    23828.120    23830.120    23832.120    23845.120
   795:    23848.120    23850.120    23852.120    23857.120    23869.120
   800:    23874.120    23893.120    23914.100    23920.100    23924.120
   805:    23927.120    23956.120    23957.120    23969.120    23971.120
   810:    23985.120    24016.120    24087.100    24103.100    24114.100
   815:    24117.120    24147.120    24149.120    24172.120    24193.120
   820:    24194.120    24198.120    24211.100    24240.100    24254.100
   825:    24258.100    24269.100    24271.200    24276.120    24321.300
   830:    24421.500    24836.120    24901.120    24931.120    24997.120
   835:    25027.120    25029.120    25037.120    25049.120    25074.100
   840:    25084.100    25089.120    25134.200    25140.120    25184.300
   845:    25284.540    25313.110    25316.120    25355.110    25357.120
   850:    25463.120    25467.120    25480.120    25484.120    25492.120
   855:    25495.120    25497.120    25498.120    25505.120    25508.120
   860:    25522.120    25527.120    25579.120    25615.120    25667.120
   865:    25672.120    25688.120    25689.120    25696.120    25713.120
   870:    25717.120    25718.120    25722.120    25732.120    25734.120
   875:    25769.110    25772.120    25824.120    25826.120    25850.120
   880:    25858.120    25865.110    25868.120    25946.120    25949.120
   885:    25950.120    25950.120    25970.120    25989.110    25995.110
   890:    25999.120    26042.120    26043.120    26048.110    26062.110
   895:    26065.110    26069.110    26082.110    26084.110    26091.110
   900:    26094.110    26104.110    26106.110    26109.110    26114.110
   905:    26118.110    26123.120    26145.110    26151.110    26151.110
   910:    26154.110    26160.110    26165.110    26168.110    26171.110
   915:    26173.110    26177.110    26180.110    26195.110    26198.110
   920:    26202.110    26204.110    26211.110    26214.110    26232.110
   925:    26243.110    26244.110    26251.110    26260.120    26289.110
   930:    26295.110    26300.120    26325.110    26329.110    26332.110
   935:    26338.110    26341.110    26344.110    26347.110    26353.120
   940:    26387.120    26403.110    26410.110    26420.110    26425.110
   945:    26428.110    26432.110    26448.120    26475.120    26495.120
   950:    26528.110    26531.120    26588.110    26591.120    26615.120
   955:    26617.120    26660.110    26664.120    26700.120    26780.110
   960:    26786.120    26822.120    27084.340    27184.510    27269.120
   965:    27291.110    27300.120    27310.120    27312.120    27324.120
   970:    27326.120    27331.120    27332.120    27339.120    27382.110
   975:    27434.110    27440.110    27455.110    27463.120    27496.110
   980:    27500.110    27502.110    27571.110    27576.110    27579.110
   985:    27586.110    27589.110    27594.120    27624.110    27629.110
   990:    27633.120    27647.120    27667.110    27674.110    27685.110
   995:    27689.110    27696.120    27722.110    27727.110    27730.110
  1000:    27748.110    27753.110    27757.110    27761.110    27764.110
  1005:    27766.110    27769.110    27771.120    27796.120    27802.110
  1010:    27812.110    27823.110    27824.110    27827.110    27842.110
  1015:    27843.110    27851.110    27855.110    27857.110    27859.110
  1020:    27862.110    27869.110    27883.110    27885.110    27887.110
  1025:    27905.110    27905.210    27909.120    27955.310    28055.500
  1030:    28484.100    28495.120    28507.120    28509.120    28514.120
  1035:    28518.120    28522.120    28563.120    28596.120    28600.120
  1040:    28602.120    28613.100    28632.100    28636.100    28641.120
  1045:    28673.200    28678.120    28723.300    28823.500    28944.120
  1050:    28951.120    29232.100    29239.120    29259.120    29267.120
  1055:    29320.120    29320.120    29350.120    29354.120    29355.120
  1060:    29372.120    29402.120    29403.120    29403.120    29405.120
  1065:    29419.120    29451.100    29452.100    29458.100    29462.100
  1070:    29464.100    29465.100    29468.100    29470.100    29476.100
  1075:    29487.120    29511.200    29561.300    29564.120    29661.510
  1080:    29780.120    29782.120    29802.120    29804.120    29812.120
  1085:    29815.120    29849.120    29852.120    30201.110    30205.120
  1090:    30284.120    30312.120    30313.120    30333.120    30347.120
  1095:    30403.110    30403.210    30406.120    30453.310    30553.510
  1100:    30737.110    30741.120    30750.120    30794.120    30804.120
  1105:    30810.120    30813.120    30818.120    30824.120    30830.120
  1110:    30835.120    30850.120    30851.120    30853.120    30858.120
  1115:    30876.120    30907.120    30909.120    30910.120    30914.120
  1120:    30918.120    30923.120    30952.120    30956.110    30960.120
  1125:    30966.120    30970.120    30973.120    30976.120    30978.120
  1130:    30980.120    30982.120    31032.110    31035.120    31069.120
  1135:    31097.120    31099.120    31102.120    31111.120    31117.120
  1140:    31149.110    31154.110    31158.110    31166.110    31170.120
  1145:    31189.120    31221.110    31221.210    31225.120    31271.310
  1150:    31275.120    31371.530    31657.120    31674.120    31680.120
  1155:    31686.120    31690.120    31715.120    31731.120    31755.120
  1160:    31769.120    31798.100    31825.100    31837.100    31844.120
  1165:    31895.100    31901.100    31923.100    31928.100    31946.100
  1170:    31953.100    31959.120    31967.120    31997.100    32010.100
  1175:    32012.100    32016.100    32019.100    32032.100    32037.100
  1180:    32040.100    32048.100    32053.100    32070.100    32073.100
  1185:    32075.100    32081.100    32097.100    32110.100    32113.100
  1190:    32119.120    32143.120    32166.120    32167.120    32202.100
  1195:    32222.100    32226.100    32229.100    32251.100    32262.100
  1200:    32267.100    32272.100    32277.100    32285.100    32310.100
  1205:    32331.120    32337.120    32340.120    32341.120    32342.120
  1210:    32391.120    32421.120    32478.100    32486.120    32500.120
  1215:    32502.120    32505.120    32507.120    32508.120    32509.120
  1220:    32509.120    32510.120    32511.120    32513.120    32516.120
  1225:    32538.120    32541.120    32547.120    32552.120    32558.120
  1230:    32564.120    32569.120    32577.120    32590.120    32594.120
  1235:    32604.120    32606.120    32661.120    32699.120    32707.120
  1240:    32731.120    32763.120    32765.120    32770.120    32787.120
  1245:    32839.100    32845.120    32952.120    32982.120    33011.100
  1250:    33016.100    33020.100    33025.120    33051.120    33100.100
  1255:    33115.100    33119.100    33123.100    33125.100    33129.120
  1260:    33156.120    33161.120    33171.330    33271.510    33298.110
  1265:    33309.120    33314.120    33326.120    33329.120    33393.120
  1270:    33399.120    33507.110    33510.120    33529.120    33604.120
  1275:    33611.120    33613.120    33723.110    33727.120    33730.120
  1280:    33736.120    33788.110    33792.120    33857.110    33862.110
  1285:    33865.120    33927.110    33977.110    33977.210    33981.120
  1290:    34027.310    34127.510    34521.110    34525.120    34585.120
  1295:    34663.120    34668.120    34697.120    34702.120    34705.120
  1300:    34740.110    34744.120    34752.120    34772.120    34800.120
  1305:    34831.110    34831.210    34835.120    34881.310    34981.500
  1310:    35175.120    35194.120    35196.120    35586.100    35606.100
  1315:    35613.100    35617.120    35641.100    35646.200    35652.120
  1320:    35696.300    35796.500    35798.120    35803.120    35804.120
  1325:    35819.120    35846.120    35860.120    35864.120    35868.120
  1330:    35871.120    35874.120    35881.120    35883.120    35907.120
  1335:    35909.120    35928.120    36226.120    36259.120    36264.120
  1340:    36299.120    36328.120    36361.120    36400.120    36442.100
  1345:    36450.100    36453.100    36456.100    36463.120    36502.200
  1350:    36503.100    36509.120    36552.300    36652.510    36663.120
  1355:    36706.120    36719.120    36736.120    36782.120    36826.120
  1360:    37237.110    37242.120    37263.120    37265.120    37291.120
  1365:    37313.110    37317.110    37321.120    37344.120    37353.120
  1370:    37392.120    37405.110    37405.210    37408.120    37455.310
  1375:    37555.500    38018.120    38039.120    38041.120    38043.120
  1380:    38044.120    38045.120    38085.100    38094.100    38100.100
  1385:    38105.100    38109.100    38112.100    38117.100    38124.100
  1390:    38138.100    38141.100    38144.100    38146.100    38159.100
  1395:    38160.200    38165.120    38210.300    38213.120    38310.510
  1400:    38745.110    38750.120    38753.120    38765.120    38769.120
  1405:    38799.120    38812.110    38817.110    38822.110    38828.110
  1410:    38831.110    38836.120    38859.110    38865.110    38871.110
  1415:    38932.110    38937.110    38941.110    38946.110    38950.120
  1420:    38982.110    38982.210    38985.120    39032.310    39132.510
  1425:    39241.110    39244.120    39246.120    39448.120    39459.120
  1430:    39466.120    39474.120    39477.120    39570.120    39583.120
  1435:    39590.120    39620.120    39644.110    39648.120    39721.110
  1440:    39724.120    39747.120    39749.120    39768.120    39776.120
  1445:    39779.120    39781.120    39791.110    39800.110    39804.120
  1450:    39834.110    39834.210    39838.120    39884.310    39984.540
  1455:    40120.120    40131.120    40134.120    40142.120    40151.120
  1460:    40335.110    40341.110    40344.120    40350.120    40362.120
  1465:    40381.120    40382.120    40397.120    40417.110    40480.110
  1470:    40487.110    40490.110    40494.120    40504.120    40532.120
  1475:    40538.110    40544.110    40549.110    40552.110    40557.110
  1480:    40561.110    40563.120    40587.110    40594.110    40597.110
  1485:    40609.110    40616.110    40621.110    40626.110    40637.120
  1490:    40659.110    40664.110    40667.110    40672.110    40675.110
  1495:    40689.110    40706.110    40708.110    40711.110    40722.120
  1500:    40744.110    40749.110    40752.110    40755.110    40758.110
  1505:    40760.110    40764.120    40795.120    40801.110    40814.110
  1510:    40820.110    40822.110    40828.110    40832.110    40837.110
  1515:    40841.110    40852.110    40897.120    40911.110    40916.110
  1520:    40919.110    40924.110    40927.110    40935.120    40970.110
  1525:    40984.110    40989.110    40993.110    40998.120    41029.110
  1530:    41034.120    41083.110    41087.120    41112.120    41140.110
  1535:    41144.120    41163.120    41169.110    41175.110    41177.110
  1540:    41182.110    41189.110    41195.110    41198.110    41202.110
  1545:    41207.120    41260.120    41279.110    41282.110    41480.110
  1550:    41488.120    41493.120    41495.120    41528.110    41532.120
  1555:    41545.120    41591.120    41606.120    41621.120    41645.120
  1560:    41666.120    41669.120    41699.110    41701.120    41726.120
  1565:    41755.110    41759.120    41784.340    41880.120    41884.500
  1570:    41889.120    41893.120    41895.120    41911.120    41915.120
  1575:    41933.120    41939.120    41978.100    41985.120
E:
     0:     1579.000      244.000      478.000
F:
     0:       70.000       32.540       31.598
G:
     0:        1.000        1.000        1.000        1.000        1.000
     5:        1.000        1.000        1.000        1.000        0.000
H:
     0:        1.000        1.000        2.000        2.000
L:
     0:     6882.000     8123.000     7163.000     6124.000     6649.000
     5:     6686.000     7998.000     7347.000     6786.000     6243.000
    10:     7503.000     6533.000     7234.000     6280.000     6975.000
    15:     6752.000     7160.000     6158.000
R:
     0:        1.000        1.000        1.000        1.000        1.000
     5:        1.000        1.000        1.000        1.000        0.000
S:
     0:        1.000        0.000
U:
     0:     6686.000        5.000        0.000
X:
     0:        0.000      508.001      618.002      678.002      728.000
     5:      728.000     1470.001     1482.002     1486.003     1498.004
    10:     1503.005     1530.005     1580.000     1580.000     2089.001
    15:     2226.002     2286.002     2336.000     2336.000     2775.002
    20:     2851.004     2939.006     2950.008     2952.010     2968.012
    25:     2983.014     3038.016     3054.018     3058.020     3062.022
    30:     3066.024     3069.026     3079.028     3085.030     3092.032
    35:     3106.034     3127.036     3834.038     3916.040     3962.042
    40:     5190.001     5443.002     5452.003     5480.004     5495.005
    45:     5499.006     5501.007     5565.008     5571.009     5574.010
    50:     5588.011     5590.012     5599.013     5614.014     5620.015
    55:     5645.016     5647.017     5648.018     5652.019     5655.020
    60:     5657.021     5659.022     5665.023     5667.024     5668.025
    65:     5680.025     5730.000     5730.000     6324.001     6334.002
    70:     6340.003     6348.004     6384.004     6386.005     6434.000
    75:     6434.000     6690.001     6877.002     6932.003     6957.004
    80:     6962.005     7032.006     7049.007     7053.008     7055.009
    85:     7057.010     7059.011     7092.011     7142.000     7142.000
    90:     7871.001     7931.001     7981.000     7981.000     8645.001
    95:     8651.002     8686.003     8705.003     8755.000     8755.000
   100:     8785.001     8830.002     9363.003     9423.003     9473.000
   105:     9473.000     9753.001     9756.002     9878.003     9942.004
   110:     9948.005     9952.006    10027.007    10036.008    10048.009
   115:    10061.010    10080.011    10084.012    10087.012    10137.000
   120:    10137.000    10817.001    10836.002    10845.003    10877.003
   125:    10927.000    10927.000    11213.001    11218.002    11386.003
   130:    11402.004    11413.005    11510.006    11539.007    11553.008
   135:    11557.009    11567.010    11570.010    11620.000    11620.000
   140:    12273.001    12282.002    12333.002    12383.000    12383.000
   145:    12811.001    12940.002    12960.003    12963.004    13001.004
   150:    13051.000    13051.000    13459.001    13678.002    13679.003
   155:    13685.004    13689.005    13691.006    13692.007    13695.008
   160:    13697.009    13703.010    13738.010    13788.000    13788.000
   165:    14214.002    14242.004    14254.006    14311.008    14317.010
   170:    14339.012    14345.014    14362.016    14370.018    14414.020
   175:    14426.022    14428.024    14432.026    14435.028    14448.030
   180:    14454.032    14456.034    14464.036    14470.038    14486.040
   185:    14490.042    14491.044    14497.046    14513.048    14526.050
   190:    14530.052    14618.054    14638.056    14642.058    14645.060
   195:    14667.062    14679.064    14683.066    14689.068    14693.070
   200:    14702.072    14726.074    14894.076    15255.078    15427.080
   205:    15432.082    15436.084    15517.086    15531.088    15535.090
   210:    15540.092    15542.094    18003.001    18022.002    18029.003
   215:    18057.004    18063.004    18113.000    18113.000    18758.001
   220:    18766.002    18769.003    18772.004    18819.004    18819.005
   225:    18869.000    18869.000    19399.001    19408.002    19414.003
   230:    19419.004    19423.005    19426.006    19431.007    19438.008
   235:    19452.009    19455.010    19458.011    19460.012    19473.013
   240:    19474.013    19524.000    19524.000    19524.139
Y:
     0:        0.000       87.001      171.002      238.003      243.004
     5:      249.005      286.006      293.007      346.008      412.009
    10:      414.010      418.011      428.012      505.013      507.014
    15:      513.015      571.016      571.016      621.000      621.000
    20:     1026.001     1027.002     1068.003     1073.004     1132.005
    25:     1180.006     1180.006     1230.000     1230.000     1447.002
    30:     1671.004     1751.006     1906.008     1991.010     2003.012
    35:     2008.014     2012.016     2064.018     2074.020     2076.022
    40:     2086.024     2093.026     2097.028     2100.030     2126.032
    45:     2130.034     2147.036     2153.038     2187.040     2189.042
    50:     2220.044     2225.046     2236.048     2239.050     2245.052
    55:     2252.054     2307.056     2313.058     2317.060     2321.062
    60:     2324.064     2327.066     2330.068     2336.070     2342.072
    65:     2404.074     2497.076     2504.078     2655.080     2840.082
    70:     2916.084     3017.086     3417.087     3471.088     3549.089
    75:     3606.090     3671.091     3747.092     3902.093     3902.093
    80:     3952.000     3952.000     4120.001     4367.002     4424.003
    85:     4499.004     4510.005     4577.006     4584.007     4588.008
    90:     4591.009     4604.010     4610.011     4673.012     4673.012
    95:     4723.000     4723.000     4723.043     4723.044     4723.045
   100:     4723.046     4723.047     4723.048     4723.049     4723.050
   105:     4723.051     4723.052     4723.053     4723.054     4723.055
   110:     4723.056     4723.057     4723.058     4723.059     4723.060
   115:     4723.061     4723.062     4723.063     4723.064     4723.065
   120:     4723.066     4723.067     4723.068     4723.069     4723.070
   125:     4723.071     4723.072     4723.073     4723.074     4723.075
   130:     4723.076     4723.077     4723.078     4723.079     4723.079
   135:     4723.000     4723.000     4813.001     5132.002     5216.003
   140:     5232.004     5285.005     5290.006     5323.007     5328.008
   145:     5355.009     5361.010     5365.011     5413.012     5413.012
   150:     5463.000     5463.000     5859.001     5990.002     6095.003
   155:     6173.004     6173.004     6223.000     6223.000     6684.001
   160:     6736.002     6793.003     6843.004     6880.005     6934.006
   165:     6941.007     6981.008     6988.009     7029.010     7034.011
   170:     7040.012     7040.012     7090.000     7090.000     7487.001
   175:     7577.002     7648.003     7724.004     7730.005     7735.006
   180:     7801.007     7808.008     7814.009     7857.010     7868.011
   185:     7919.012     7919.012     7969.000     7969.000     8418.001
   190:     8511.002     8643.003     8649.004     8687.005     8693.006
   195:     8698.007     8738.008     8742.009     8795.010     8795.010
   200:     8845.000     8845.000     9304.001     9424.002     9428.003
   205:     9436.004     9488.005     9490.006     9490.007     9568.008
   210:     9577.009     9625.010     9640.011     9641.012     9648.013
   215:     9655.014     9658.015     9658.015     9708.000     9708.000
   220:    10185.001    10253.002    10308.003    10317.004    10350.005
   225:    10356.006    10366.007    10372.008    10374.009    10391.010
   230:    10396.011    10439.012    10439.012    10489.000    10489.000
   235:    10517.002    10559.004    10973.006    11069.008    11194.010
   240:    11199.012    11253.014    11266.016    11269.018    11273.020
   245:    11286.022    11288.024    11295.026    11299.028    11308.030
   250:    11311.032    11314.034    11318.036    11322.038    11350.040
   255:    11355.042    11356.044    11358.046    11365.048    11369.050
   260:    11373.052    11375.054    11377.056    11381.058    11384.060
   265:    11399.062    11402.064    11407.066    11409.068    11415.070
   270:    11419.072    11437.074    11447.076    11449.078    11455.080
   275:    11494.082    11500.084    11530.086    11534.088    11536.090
   280:    11542.092    11546.094    11548.096    11551.098    11607.100
   285:    11614.102    11624.104    11629.106    11632.108    11636.110
   290:    11732.112    11792.114    11864.116    11984.118    12495.119
   295:    12587.120    12638.121    12645.122    12659.123    12700.124
   300:    12705.125    12706.126    12775.127    12780.128    12783.129
   305:    12791.130    12794.131    12828.132    12833.133    12871.134
   310:    12879.135    12889.136    12893.137    12927.138    12931.139
   315:    12934.140    12952.141    12957.142    12961.143    12965.144
   320:    12968.145    12970.146    12973.147    13007.148    13016.149
   325:    13027.150    13028.151    13031.152    13046.153    13047.154
   330:    13055.155    13059.156    13061.157    13063.158    13066.159
   335:    13073.160    13087.161    13090.162    13091.163    13109.164
   340:    13110.164    13160.000    13160.000    13700.001    13901.002
   345:    13901.002    13951.000    13951.000    14135.001    14354.002
   350:    14430.003    14547.004    14552.005    14556.006    14563.007
   355:    14619.008    14619.008    14669.000    14669.000    14669.095
   360:    14669.096    14669.097    14669.098    14669.099    14669.100
   365:    14669.101    14669.102    14669.102    14669.000    14669.000
   370:    14669.001    14669.002    14669.003    14669.003    14669.000
   375:    14669.000    15253.001    15329.002    15333.003    15421.004
   380:    15421.004    15471.000    15471.000    15905.001    15973.002
   385:    15977.003    15982.004    15988.005    15991.006    16019.007
   390:    16025.008    16031.009    16092.010    16097.011    16101.012
   395:    16106.013    16142.014    16142.014    16192.000    16192.000
   400:    16300.001    16703.002    16780.003    16850.004    16859.005
   405:    16894.006    16894.006    16944.000    16944.000    17294.002
   410:    17300.004    17376.006    17440.008    17446.010    17449.012
   415:    17497.014    17503.016    17508.018    17511.020    17516.022
   420:    17520.024    17546.026    17553.028    17556.030    17568.032
   425:    17575.034    17580.036    17585.038    17618.040    17623.042
   430:    17627.044    17631.046    17635.048    17648.050    17665.052
   435:    17667.054    17670.056    17703.058    17708.060    17711.062
   440:    17714.064    17717.066    17719.068    17761.070    17774.072
   445:    17779.074    17781.076    17788.078    17792.080    17796.082
   450:    17801.084    17811.086    17870.088    17875.090    17878.092
   455:    17883.094    17886.096    17930.098    17944.100    17949.102
   460:    17952.104    17989.106    18043.108    18100.110    18128.112
   465:    18134.114    18136.116    18141.118    18148.120    18154.122
   470:    18157.124    18161.126    18238.128    18241.130    18439.132
   475:    18487.134    18658.136    18715.138
