File: C:\MED-PC\Data\2018-06-06_09h45m_Subject M326.txt


Start Date: 06/06/18
End Date: 06/06/18
Subject: M326
Experiment: DOBLE_PICO_ACO
Group: EXP
Box: 9
Start Time: 09:45:53
End Time: 10:59:11
MSN: IF_ACO_MULTIPLE_PICO
A:     109.000
B:      19.000
D:      20.000
I:       2.000
J:   18000.000
K:    5400.000
M:       0.000
N:      19.000
O:      21.000
P:     458.000
Q:       0.000
T:    1000.000
V:     600.000
W:      19.000
Z:       0.000
C:
     0:        0.120        0.120        0.120        0.120        0.120
     5:        0.120        0.120        0.120        0.120        0.120
    10:        0.120        0.510      146.110      149.120      168.120
    15:      201.110      206.120      208.120      222.110      253.120
    20:      294.110      303.110      311.120      318.110      328.110
    25:      335.110      344.110      351.120      440.110      446.120
    30:      513.110      519.110      529.110      534.110      538.120
    35:      564.120      573.120      596.110      596.210      600.120
    40:      646.310      746.500      814.120     1177.120     1313.120
    45:     1342.120     1350.120     1367.100     1374.100     1375.120
    50:     1381.120     1427.200     1477.300     1482.120     1577.500
    55:     1620.120     1649.120     2124.120     2153.120     2165.120
    60:     2186.120     2245.100     2254.120     2305.200     2355.300
    65:     2455.510     2538.120     3177.110     3177.210     3181.120
    70:     3227.310     3311.120     3327.510     3357.120     3412.120
    75:     3419.120     3786.110     3793.110     3802.110     3810.110
    80:     3826.110     3832.120     3871.110     3917.110     3925.110
    85:     3931.110     3939.110     3950.110     3956.120     3971.120
    90:     4006.110     4014.110     4024.110     4030.110     4036.110
    95:     4037.110     4039.110     4048.110     4061.110     4071.110
   100:     4071.210     4075.120     4121.310     4221.510     4289.120
   105:     4357.120     4657.120     4671.110     4684.110     4689.120
   110:     4700.120     4721.120     4755.110     4760.110     4768.110
   115:     4768.110     4774.110     4786.110     4795.110     4797.110
   120:     4800.110     4806.110     4811.120     4870.110     4877.110
   125:     4882.110     4887.110     4893.110     4954.110     4965.110
   130:     4965.210     4971.120     5015.310     5115.500     5159.120
   135:     5547.120     5763.100     5812.100     5822.120     5823.200
   140:     5873.300     5963.120     5973.500     6005.120     6032.120
   145:     6430.120     6555.120     6583.100     6589.120     6643.200
   150:     6693.300     6793.540     6893.120     6948.120     7144.110
   155:     7160.110     7168.110     7188.110     7194.120     7242.120
   160:     7278.120     7304.110     7314.110     7357.110     7373.110
   165:     7378.110     7384.110     7394.110     7407.110     7410.110
   170:     7432.110     7433.110     7435.110     7436.110     7445.110
   175:     7455.110     7471.110     7486.110     7496.120     7544.110
   180:     7553.110     7567.110     7571.110     7572.110     7573.110
   185:     7577.110     7585.110     7587.110     7598.110     7610.120
   190:     7660.120     7675.110     7735.110     7762.110     7768.120
   195:     7818.110     7824.120     7833.120     7836.120     7852.110
   200:     7857.110     7860.110     7864.110     7879.110     7889.110
   205:     7901.110     7904.110     7916.110     7921.110     7926.110
   210:     7929.120     7938.120     8593.340     8610.120     8693.500
   215:     8726.120     8758.100     8767.120     8886.120     9001.100
   220:     9008.100     9011.120     9118.120     9223.120     9514.100
   225:     9525.120     9530.120     9574.200     9624.300     9724.510
   230:     9767.120     9820.120     9995.120    10053.120    10081.110
   235:    10089.110    10115.110    10124.110    10134.110    10140.120
   240:    10245.120    10259.110    10269.110    10282.110    10293.110
   245:    10302.110    10313.110    10317.120    10344.120    10377.110
   250:    10382.110    10392.110    10398.110    10400.110    10402.110
   255:    10410.110    10418.110    10425.110    10439.110    10443.120
   260:    10496.110    10496.210    10500.120    10546.310    10646.510
   265:    10740.120    11121.110    11132.110    11144.110    11158.110
   270:    11167.110    11174.110    11179.120    11215.120    11250.120
   275:    11305.110    11310.110    11317.110    11326.110    11329.110
   280:    11335.120    11371.110    11371.210    11376.120    11421.310
   285:    11425.120    11521.500    11633.120    11781.120    11861.100
   290:    11866.120    11895.100    11903.120    11994.100    12004.100
   295:    12007.120    12110.120    12123.100    12130.100    12132.120
   300:    12183.200    12233.300    12333.510    12385.120    12414.120
   305:    12438.120    12697.110    12702.120    12800.110    12806.120
   310:    12846.120    12885.110    12896.110    12904.110    12913.110
   315:    12919.110    12924.110    12932.110    12937.110    12945.110
   320:    12947.110    12957.110    12964.110    12967.110    12978.110
   325:    12985.110    12988.110    12996.110    13007.110    13009.110
   330:    13011.110    13015.120    13020.120    13029.120    13047.120
   335:    13063.110    13063.210    13066.120    13113.310    13213.500
   340:    13288.120    13343.120    13556.120    13653.100    13660.120
   345:    13748.100    13792.120    13901.100    13910.100    13912.120
   350:    13961.200    14011.300    14111.530    14177.120    14209.120
   355:    14469.120    14502.100    14512.120    14577.100    14583.100
   360:    14586.120    14751.100    14761.100    14768.100    14771.120
   365:    14905.120    15491.100    15498.100    15499.120    15593.120
   370:    15617.100    15638.100    15732.120    15769.120    15878.100
   375:    15884.100    15887.120    15911.330    15999.120    16011.510
   380:    16132.110    16136.120    16186.120    16200.110    16326.110
   385:    16338.110    16346.110    16353.110    16356.120    16398.120
   390:    16414.110    16451.110    16455.120    16461.120    16469.120
   395:    16501.110    16504.110    16515.110    16535.110    16546.110
   400:    16557.110    16560.110    16585.110    16614.110    16625.110
   405:    16633.110    16639.110    16645.110    16650.120    16693.120
   410:    16738.110    16738.210    16743.120    16788.310    16888.500
   415:    16949.120    17016.120    17328.100    17335.120    17454.100
   420:    17459.100    17462.120    17514.200    17564.300    17664.500
   425:    17732.120    17779.120    18286.100    18294.120    18346.200
   430:    18396.300    18496.510    18534.120    18584.120    18631.120
   435:    18639.120    18845.120    18856.120    18858.120    18910.110
   440:    18915.120    19005.120    19042.110    19056.110    19064.110
   445:    19072.110    19085.110    19088.120    19090.120    19110.120
   450:    19126.110    19131.110    19143.110    19147.110    19152.110
   455:    19157.110    19163.110    19167.120    19230.110    19230.210
   460:    19233.120    19280.310    19380.510    19453.120    19939.110
   465:    19948.110    19952.110    19959.120    19974.110    19986.110
   470:    19992.110    19996.110    19998.110    20011.110    20013.110
   475:    20023.110    20029.120    20049.120    20063.110    20063.210
   480:    20066.120    20113.310    20213.510    20268.120    20326.120
   485:    20404.120    20413.120    20472.120    20532.110    20541.120
   490:    20571.110    20576.120    20640.110    20647.120    20699.120
   495:    20738.110    20746.110    20760.110    20767.110    20772.110
   500:    20780.110    20784.120    20831.120    20870.110    20876.110
   505:    20879.110    20880.110    20885.110    20894.110    20894.210
   510:    20897.120    20944.310    21044.500    21078.120    21079.120
   515:    21079.120    21099.120    21318.120    21322.120    21352.100
   520:    21359.120    21454.100    21468.100    21470.120    21592.100
   525:    21600.100    21604.120    21652.200    21702.300    21802.540
   530:    21872.120    21929.120    22153.120    22176.120    22178.120
   535:    22180.120    22182.120    22183.120    22184.120    22185.120
   540:    22207.110    22213.120    22383.110    22401.110    22407.110
   545:    22429.110    22580.110    22586.110    22605.110    22612.110
   550:    22625.110    22629.120    22641.120    22666.110    22681.110
   555:    22690.110    22692.110    22697.110    22700.110    22704.110
   560:    22709.120    22760.110    22777.110    22783.110    22784.110
   565:    22788.110    22792.110    22801.120    22850.110    22856.110
   570:    22864.110    22867.110    22879.110    22897.110    22902.110
   575:    22904.110    22908.110    22923.110    22937.110    22965.120
   580:    23058.110    23069.120    23139.110    23220.110    23234.110
   585:    23273.120    23494.110    23507.110    23602.340    23632.120
   590:    23702.500    23958.120    24005.100    24013.120    24101.120
   595:    24118.100    24128.100    24130.120    24252.120    24273.120
   600:    24374.100    24381.100    24387.120    24434.200    24484.300
   605:    24584.510    24613.120    24654.120    24976.120    25051.120
   610:    25097.110    25102.120    25208.110    25221.110    25230.110
   615:    25234.110    25240.120    25251.120    25322.110    25322.210
   620:    25324.110    25328.120    25372.310    25472.500    25570.120
   625:    25612.120    25614.120    25673.120    26009.100    26019.120
   630:    26167.100    26180.120    26227.200    26277.300    26377.510
   635:    26413.120    26441.120    26645.110    26649.120    26683.120
   640:    26692.120    26784.120    26809.120    26901.120    26930.110
   645:    26941.110    26954.110    26961.110    26964.120    26988.120
   650:    27023.120    27038.110    27042.120    27088.110    27088.210
   655:    27093.120    27138.310    27238.500    27304.120    27368.120
   660:    27369.120    27791.100    27815.100    27816.120    27851.200
   665:    27901.300    28001.500    28062.120    28096.120    28134.120
   670:    28134.120    28373.120    28399.100    28410.100    28412.120
   675:    28508.100    28516.120    28652.120    28666.100    28677.100
   680:    28678.100    28679.120    28726.200    28776.300    28780.120
   685:    28876.500    28907.120    29412.120    29445.120    29561.120
   690:    29575.100    29582.100    29584.120    29635.200    29685.300
   695:    29785.510    29797.120    29832.120    29856.120    29979.120
   700:    30019.120    30040.120    30041.120    30042.120    30051.120
   705:    30053.120    30058.120    30073.110    30080.120    30100.120
   710:    30119.110    30151.110    30158.120    30262.120    30296.120
   715:    30365.110    30441.110    30453.110    30460.110    30474.110
   720:    30480.120    30506.110    30515.110    30517.110    30519.110
   725:    30526.110    30534.110    30540.120    30572.120    30585.120
   730:    30614.110    30614.210    30619.120    30664.310    30764.510
   735:    30797.120    30833.120    31442.110    31448.110    31455.120
   740:    31508.110    31520.110    31523.110    31526.110    31536.110
   745:    31542.120    31599.110    31600.110    31604.110    31610.110
   750:    31618.110    31642.110    31654.120    31760.110    31760.210
   755:    31765.120    31810.310    31910.510    31963.120    32067.120
   760:    32074.120    32283.120    32388.120    32774.110    32774.210
   765:    32779.120    32824.310    32924.500    32932.120    32974.120
   770:    33152.120    33336.120    33354.100    33373.120    33455.120
   775:    33463.100    33470.120    33568.120    33585.100    33593.100
   780:    33595.120    33598.120    33620.120    33645.200    33695.300
   785:    33795.500    33806.120    33854.120    34033.120    34059.120
   790:    34065.120    34066.120    34069.120    34091.120    34108.100
   795:    34223.100    34226.120    34280.100    34285.100    34287.120
   800:    34372.120    34384.100    34385.100    34394.120    34442.120
   805:    34444.200    34494.300    34594.510    34668.120    34761.120
   810:    34787.120    35212.110    35217.120    35238.110    35259.110
   815:    35280.110    35280.210    35286.120    35330.310    35430.510
   820:    35530.120    35898.110    35911.110    35923.120    35968.110
   825:    35981.110    35990.110    35991.110    36003.110    36020.110
   830:    36029.110    36035.120    36057.120    36083.110    36096.110
   835:    36104.110    36106.110    36123.110    36125.110    36128.110
   840:    36133.110    36139.120    36222.110    36222.210    36225.120
   845:    36272.310    36372.500    36414.120    36473.120    36853.120
   850:    36873.100    36879.100    36881.120    36960.100    36964.120
   855:    37020.200    37070.300    37164.120    37170.530    37222.120
   860:    37279.120    37279.120    37342.120    37467.100    37472.100
   865:    37475.120    37543.100    37549.100    37551.120    37669.120
   870:    37679.100    37685.100    37688.120    37806.120    37823.100
   875:    37832.100    37836.120    37844.120    37966.120    38124.120
   880:    38544.120    38609.100    38634.100    38646.120    38760.120
   885:    38884.120    38961.120    38970.330    38979.120    39070.510
   890:    39310.110    39311.110    39314.110    39320.110    39324.120
   895:    39485.110    39506.110    39508.110    39513.110    39526.110
   900:    39533.110    39537.120    39551.120    39575.110    39579.120
   905:    39624.110    39635.110    39644.110    39655.110    39661.110
   910:    39663.110    39667.120    39690.120    39699.120    39716.110
   915:    39726.110    39733.110    39740.110    39756.110    39761.120
   920:    39819.110    39825.110    39828.110    39839.110    39839.210
   925:    39843.120    39889.310    39892.120    39981.120    39989.510
   930:    40029.120    40078.120    40078.120    40361.110    40430.110
   935:    40445.110    40455.110    40469.110    40473.120    40494.110
   940:    40499.120    40520.110    40527.110    40548.110    40554.110
   945:    40561.110    40566.110    40570.120    40574.120    40588.120
   950:    40640.110    40659.110    40670.110    40671.110    40681.110
   955:    40687.120    40721.120    40730.120    40755.110    40755.210
   960:    40760.120    40805.310    40905.500    40994.120    41023.120
   965:    41045.120    41091.120    41238.100    41246.120    41267.120
   970:    41278.100    41286.120    41373.100    41380.120    41492.120
   975:    41518.100    41520.100    41539.100    41545.120    41547.120
   980:    41578.200    41628.300    41728.510    41736.120    41737.120
   985:    41789.120
E:
     0:      986.000      144.000      433.000
F:
     0:       70.000       31.685       32.622
G:
     0:        1.000        1.000        1.000        1.000        1.000
     5:        1.000        1.000        1.000        1.000        0.000
H:
     0:        1.000        1.000        2.000        2.000
L:
     0:     6910.000     7384.000     7187.000     6799.000     8904.000
     5:     6714.000     7586.000     6363.000     6925.000     6183.000
    10:     7421.000     7649.000     6234.000     7344.000     7689.000
    15:     7310.000     6588.000     6580.000     6835.000
R:
     0:        1.000        1.000        1.000        1.000        1.000
     5:        1.000        1.000        1.000        1.000        0.000
S:
     0:        1.000        1.000
U:
     0:     7586.000        6.000        0.000
X:
     0:        0.000      620.001      628.002      681.002      731.000
     5:      731.000     1399.001     1459.001     1509.000     1509.000
    10:     2157.001     2206.002     2217.002     2267.000     2267.000
    15:     2876.001     2936.001     2986.000     2986.000     2986.093
    20:     2986.094     2986.095     2986.096     2986.096     2986.000
    25:     2986.000     3325.001     3360.002     3458.003     3468.004
    30:     3587.005     3594.006     3647.006     3697.000     3697.000
    35:     4137.001     4231.002     4385.003     4393.004     4445.004
    40:     4495.000     4495.000     4885.002     4960.004     4966.006
    45:     5134.008     5144.010     5151.012     5874.014     5881.016
    50:     6000.018     6021.020     6261.022     6267.024     7711.001
    55:     7837.002     7842.003     7897.003     7947.000     7947.000
    60:     8569.001     8629.001     8679.000     8679.000     8986.001
    65:     9088.002     9102.003     9227.004     9234.005     9287.005
    70:     9337.000     9337.000     9337.081     9337.082     9337.083
    75:     9337.084     9337.085     9337.085     9337.000     9337.000
    80:     9874.001    10031.002    10091.002    10141.000    10141.000
    85:    10694.001    10717.002    10754.002    10804.000    10804.000
    90:    11201.001    11212.002    11310.003    11468.004    11479.005
    95:    11480.006    11528.006    11578.000    11578.000    12276.001
   100:    12284.002    12336.002    12386.000    12386.000    12815.001
   105:    12924.002    13046.003    13055.004    13107.004    13157.000
   110:    13157.000    13470.001    13584.002    13642.003    13647.004
   115:    13745.005    13746.006    13805.006    13855.000    13855.000
   120:    14355.001    14362.002    14442.003    14503.003    14553.000
   125:    14553.000    14850.002    14855.004    14926.006    14932.008
   130:    15061.010    15067.012    15206.014    15214.016    15992.018
   135:    16017.020    18621.001    18661.002    18756.003    18901.004
   140:    18902.005    18922.006    18961.006    19011.000
Y:
     0:        0.000      146.001      201.002      221.003      294.004
     5:      303.005      318.006      328.007      335.008      344.009
    10:      440.010      512.011      519.012      529.013      534.014
    15:      596.015      596.015      646.000      646.000     1367.001
    20:     1367.001     1417.000     1417.000     1876.001     1882.002
    25:     1891.003     1900.004     1916.005     1961.006     2007.007
    30:     2014.008     2021.009     2029.010     2040.011     2096.012
    35:     2104.013     2113.014     2120.015     2125.016     2127.017
    40:     2128.018     2137.019     2151.020     2160.021     2160.021
    45:     2210.000     2210.000     2660.001     2673.002     2744.003
    50:     2749.004     2756.005     2757.006     2763.007     2775.008
    55:     2784.009     2786.010     2789.011     2795.012     2858.013
    60:     2865.014     2871.015     2876.016     2882.017     2943.018
    65:     2954.019     2954.019     3004.000     3004.000     3354.002
    70:     3370.004     3378.006     3398.008     3514.010     3524.012
    75:     3567.014     3583.016     3589.018     3595.020     3604.022
    80:     3617.024     3620.026     3642.028     3643.030     3645.032
    85:     3647.034     3655.036     3666.038     3681.040     3696.042
    90:     3755.044     3763.046     3777.048     3781.050     3782.052
    95:     3783.054     3787.056     3795.058     3797.060     3808.062
   100:     3886.064     3945.066     3973.068     4028.070     4062.072
   105:     4067.074     4070.076     4074.078     4090.080     4099.082
   110:     4111.084     4115.086     4127.088     4132.090     4136.092
   115:     6291.001     6300.002     6326.003     6334.004     6345.005
   120:     6469.006     6479.007     6492.008     6503.009     6512.010
   125:     6524.011     6587.012     6592.013     6603.014     6608.015
   130:     6611.016     6612.017     6620.018     6628.019     6635.020
   135:     6649.021     6706.022     6706.022     6756.000     6756.000
   140:     7230.001     7241.002     7253.003     7267.004     7276.005
   145:     7284.006     7414.007     7420.008     7426.009     7436.010
   150:     7438.011     7481.012     7481.012     7531.000     7531.000
   155:     7895.001     7998.002     8082.003     8094.004     8102.005
   160:     8111.006     8116.007     8121.008     8130.009     8135.010
   165:     8142.011     8145.012     8155.013     8162.014     8165.015
   170:     8176.016     8183.017     8185.018     8194.019     8205.020
   175:     8207.021     8209.022     8261.023     8261.023     8311.000
   180:     8311.000     8311.025     8311.026     8311.027     8311.028
   185:     8311.029     8311.030     8311.031     8311.032     8311.033
   190:     8311.034     8311.035     8311.036     8311.037     8311.038
   195:     8311.039     8311.040     8311.041     8311.042     8311.043
   200:     8311.044     8311.045     8311.046     8311.046     8311.000
   205:     8311.000     8724.001     8856.002     8870.003     8878.004
   210:     8886.005     8899.006     8940.007     8945.008     8958.009
   215:     8961.010     8966.011     8971.012     8978.013     9044.014
   220:     9044.014     9094.000     9094.000     9653.001     9662.002
   225:     9666.003     9688.004     9700.005     9706.006     9710.007
   230:     9712.008     9725.009     9727.010     9737.011     9777.012
   235:     9777.012     9827.000     9827.000    10146.001    10185.002
   240:    10253.003    10352.004    10359.005    10373.006    10381.007
   245:    10386.008    10394.009    10484.010    10490.011    10493.012
   250:    10494.013    10499.014    10508.015    10508.015    10558.000
   255:    10558.000    10962.002    11138.004    11156.006    11162.008
   260:    11184.010    11335.012    11341.014    11361.016    11367.018
   265:    11380.020    11421.022    11436.024    11446.026    11447.028
   270:    11452.030    11455.032    11460.034    11515.036    11532.038
   275:    11538.040    11540.042    11543.044    11548.046    11605.048
   280:    11611.050    11620.052    11623.054    11634.056    11652.058
   285:    11657.060    11660.062    11663.064    11678.066    11692.068
   290:    11813.070    11894.072    11975.074    11990.076    12250.078
   295:    12263.080    13852.001    13963.002    13976.003    13985.004
   300:    13989.005    14077.006    14077.006    14079.007    14127.000
   305:    14127.000    14395.001    14680.002    14691.003    14704.004
   310:    14711.005    14788.006    14838.007    14838.007    14888.000
   315:    14888.000    15176.001    15221.002    15254.003    15468.004
   320:    15543.005    15556.006    15563.007    15577.008    15609.009
   325:    15618.010    15620.011    15622.012    15628.013    15637.014
   330:    15717.015    15717.015    15767.000    15767.000    16444.001
   335:    16450.002    16510.003    16522.004    16525.005    16528.006
   340:    16538.007    16602.008    16603.009    16607.010    16612.011
   345:    16620.012    16645.013    16762.014    16762.014    16812.000
   350:    16812.000    17675.001    17675.001    17725.000    17725.000
   355:    18343.001    18369.002    18390.003    18411.004    18411.004
   360:    18461.000    18461.000    18929.001    18941.002    18998.003
   365:    19011.004    19020.005    19021.006    19033.007    19050.008
   370:    19059.009    19113.010    19126.011    19134.012    19136.013
   375:    19153.014    19155.015    19158.016    19163.017    19252.018
   380:    19252.018    19302.000    19302.000    19302.021    19302.022
   385:    19302.023    19302.024    19302.025    19302.026    19302.027
   390:    19302.028    19302.029    19302.030    19302.031    19302.032
   395:    19302.033    19302.034    19302.035    19302.036    19302.037
   400:    19302.038    19302.039    19302.040    19302.041    19302.042
   405:    19302.043    19302.044    19302.045    19302.046    19302.046
   410:    19302.000    19302.000    19302.001    19302.002    19302.003
   415:    19302.004    19302.005    19302.006    19302.007    19302.008
   420:    19302.009    19302.010    19302.011    19302.012    19302.013
   425:    19302.014    19302.015    19302.016    19302.017    19302.018
   430:    19302.018    19302.000    19302.000
