File: C:\MED-PC\Data\2018-05-04_11h21m_Subject M330.txt


Start Date: 05/04/18
End Date: 05/04/18
Subject: M330
Experiment: DOBLE_PICO_DEMORA
Group: EXP
Box: 10
Start Time: 11:21:21
End Time: 12:35:01
MSN: IF_ACO_MULTIPLE_PICO
A:     475.000
B:      20.000
D:      21.000
I:       1.000
J:   18000.000
K:    5400.000
M:       8.000
N:      21.000
O:      21.000
P:     799.000
Q:       0.000
T:    1000.000
V:     600.000
W:      20.000
Z:       0.000
C:
     0:        0.120        0.120        0.120        0.120        0.120
     5:        0.120        0.120        0.120        0.120        0.510
    10:       22.120       29.120       81.120      137.120      154.120
    15:      299.120      314.120      339.120      430.110      451.120
    20:      474.110      483.120      495.110      513.110      515.110
    25:      517.110      523.110      524.110      554.110      554.210
    30:      558.120      604.310      638.120      696.120      704.530
    35:      733.120      775.120      780.120      786.120      788.120
    40:      790.120      791.120      793.120      813.120      820.120
    45:      829.120      831.120      833.120      836.120      838.120
    50:      953.120      961.120     1011.120     1014.120     1016.120
    55:     1018.120     1020.120     1023.120     1024.120     1026.120
    60:     1028.120     1030.120     1031.120     1055.120     1105.100
    65:     1111.100     1120.120     1141.100     1144.100     1150.100
    70:     1156.100     1160.100     1165.100     1170.120     1183.120
    75:     1206.100     1207.100     1211.100     1216.100     1220.100
    80:     1236.100     1242.100     1246.100     1248.120     1258.120
    85:     1277.100     1289.100     1301.100     1303.100     1313.120
    90:     1317.120     1338.100     1340.100     1342.100     1344.100
    95:     1347.100     1351.100     1362.100     1371.100     1373.100
   100:     1377.100     1380.100     1385.100     1389.120     1403.120
   105:     1418.100     1422.100     1426.100     1428.100     1433.100
   110:     1436.100     1443.100     1453.100     1465.100     1473.100
   115:     1484.100     1487.100     1490.100     1498.120     1511.120
   120:     1519.120     1534.100     1536.100     1540.100     1547.100
   125:     1553.100     1567.100     1569.100     1574.100     1600.100
   130:     1610.100     1613.120     1656.120     1665.100     1672.100
   135:     1674.100     1682.120     1695.120     1705.120     1733.100
   140:     1742.100     1745.100     1748.100     1763.100     1806.100
   145:     1812.100     1830.100     1835.100     1840.100     1842.100
   150:     1852.120     1862.100     1895.100     1904.100     1912.120
   155:     1929.100     1976.100     2052.100     2056.100     2057.100
   160:     2059.100     2076.100     2083.100     2099.100     2113.100
   165:     2125.100     2131.120     2136.120     2138.120     2163.120
   170:     2174.120     2182.120     2229.120     2230.120     2238.120
   175:     2240.120     2242.120     2243.120     2275.120     2281.120
   180:     2287.120     2288.120     2291.120     2293.120     2295.120
   185:     2297.120     2298.120     2355.120     2358.120     2361.120
   190:     2362.120     2363.120     2365.120     2416.120     2419.120
   195:     2420.120     2424.120     2427.120     2464.100     2469.120
   200:     2482.120     2484.120     2485.120     2487.120     2489.120
   205:     2490.120     2492.120     2493.120     2497.120     2499.120
   210:     2500.120     2504.330     2533.120     2534.120     2535.120
   215:     2538.120     2549.120     2556.120     2604.500     2717.100
   220:     2719.100     2721.100     2725.100     2729.120     2829.100
   225:     2834.120     2854.120     2861.120     2864.120     2869.120
   230:     2872.120     2873.120     2901.120     2904.120     2907.120
   235:     2908.120     2912.120     2915.120     2929.120     2930.120
   240:     2932.120     2935.120     2938.120     2940.120     2941.120
   245:     2942.120     2945.120     2947.120     2948.120     2950.120
   250:     2951.120     2997.120     3000.120     3003.120     3008.120
   255:     3043.120     3044.120     3053.120     3056.120     3058.120
   260:     3063.120     3064.120     3066.120     3068.120     3070.120
   265:     3200.120     3230.100     3270.100     3284.100     3290.200
   270:     3296.120     3340.300     3440.510     3479.120     3513.120
   275:     3515.120     3529.120     3539.120     3562.120     3586.120
   280:     3588.120     3618.120     3625.120     3656.120     3657.120
   285:     3659.120     3663.120     3667.120     3669.120     3671.120
   290:     3679.120     3681.120     3683.120     3684.120     3691.120
   295:     3693.120     3695.120     3698.120     3700.120     3702.120
   300:     3703.120     3706.120     3707.120     3753.120     3757.120
   305:     3766.120     3767.120     3843.120     3885.110     3891.110
   310:     3895.110     3905.110     3911.110     3950.110     3959.110
   315:     3963.110     3965.110     3967.110     3970.110     3973.110
   320:     3977.110     3989.110     3998.110     4003.110     4008.110
   325:     4016.110     4018.110     4035.110     4040.110     4045.110
   330:     4056.110     4059.110     4066.120     4078.110     4087.110
   335:     4092.110     4094.110     4098.110     4100.110     4104.110
   340:     4108.110     4126.110     4130.110     4132.110     4135.110
   345:     4145.110     4145.210     4150.120     4195.310     4293.120
   350:     4295.510     4322.120     4356.120     4357.120     4364.120
   355:     4370.120     4372.120     4378.120     4419.120     4421.120
   360:     4430.120     4431.120     4434.120     4469.120     4473.120
   365:     4479.120     4483.120     4489.120     4497.120     4503.120
   370:     4505.120     4506.120     4582.120     4583.120     4649.120
   375:     4656.120     4657.120     4659.120     4723.120     4724.120
   380:     4726.120     4728.120     4729.120     4754.120     4757.120
   385:     4759.120     4762.120     4766.120     4768.120     4813.110
   390:     4819.110     4826.110     4833.110     4839.110     4842.120
   395:     4870.110     4876.110     4889.110     4893.110     4897.110
   400:     4911.110     4916.110     4934.110     4936.110     4942.110
   405:     4947.110     4950.110     4951.110     4953.110     4955.110
   410:     4959.110     4961.110     4966.110     4972.110     4987.110
   415:     4992.110     4992.210     4996.120     5042.310     5142.500
   420:     5146.120     5243.120     5243.120     5244.120     5269.120
   425:     5271.120     5291.120     5298.120     5300.120     5334.120
   430:     5343.120     5345.120     5347.120     5349.120     5350.120
   435:     5353.120     5414.120     5417.120     5419.120     5421.120
   440:     5422.120     5424.120     5425.120     5426.120     5428.120
   445:     5467.120     5468.120     5471.120     5472.120     5477.120
   450:     5479.120     5480.120     5481.120     5483.120     5486.120
   455:     5488.120     5489.120     5491.120     5492.120     5493.120
   460:     5606.120     5609.120     5611.120     5613.120     5615.120
   465:     5617.120     5618.120     5619.120     5621.120     5622.120
   470:     5624.120     5625.120     5626.120     5701.100     5705.100
   475:     5716.120     5741.100     5744.100     5748.100     5752.100
   480:     5759.100     5761.200     5767.120     5811.300     5911.510
   485:     5956.120     5985.120     5988.120     5995.120     5997.120
   490:     5998.120     6000.120     6000.120     6005.120     6006.120
   495:     6009.120     6016.120     6017.120     6019.120     6083.120
   500:     6085.120     6091.120     6096.120     6097.120     6098.120
   505:     6099.120     6100.120     6101.120     6103.120     6164.120
   510:     6169.120     6171.120     6172.120     6173.120     6194.120
   515:     6195.120     6197.120     6209.120     6211.120     6212.120
   520:     6213.120     6215.120     6219.120     6299.120     6344.110
   525:     6361.110     6367.120     6397.110     6419.110     6423.110
   530:     6428.110     6458.110     6499.110     6505.110     6508.110
   535:     6514.110     6520.110     6527.110     6533.110     6542.110
   540:     6554.110     6555.110     6568.110     6570.110     6577.110
   545:     6583.110     6600.110     6603.110     6609.110     6609.210
   550:     6614.120     6659.310     6759.500     6784.120     6846.120
   555:     6940.120     6946.120     6951.120     7272.100     7281.120
   560:     7294.120     7306.100     7310.100     7314.100     7318.100
   565:     7319.100     7322.100     7325.100     7329.100     7332.100
   570:     7335.100     7342.100     7345.100     7348.120     7366.200
   575:     7368.120     7416.300     7418.120     7516.510     7527.120
   580:     7529.120     7556.120     7557.120     7559.120     7566.120
   585:     7569.120     7570.120     7572.120     7573.120     7574.120
   590:     7577.120     7578.120     7581.120     7583.120     7585.120
   595:     7586.120     7587.120     7588.120     7589.120     7591.120
   600:     7592.120     7593.120     7595.120     7597.120     7598.120
   605:     7599.120     7600.120     7628.120     7638.120     7640.120
   610:     7670.120     7672.120     7678.120     7681.120     7688.120
   615:     7690.120     7725.120     7727.120     7728.120     7737.120
   620:     7743.120     7745.120     7789.120     7790.120     7792.120
   625:     7794.120     7795.120     7842.120     7844.120     7847.120
   630:     7850.120     7852.120     7853.120     7854.120     7856.120
   635:     7857.120     7858.120     7860.120     7862.120     7864.120
   640:     7866.120     7867.120     7868.120     7869.120     7916.120
   645:     7917.120     7919.120     7920.120     7922.120     7924.120
   650:     7926.120     7994.120     7995.120     7997.120     7998.120
   655:     8000.120     8001.120     8002.120     8050.110     8056.110
   660:     8063.110     8081.110     8095.110     8103.110     8110.110
   665:     8111.110     8120.110     8133.110     8140.110     8149.110
   670:     8156.110     8158.110     8162.110     8166.110     8172.110
   675:     8180.110     8183.110     8186.110     8202.110     8207.110
   680:     8212.110     8217.110     8217.210     8221.120     8267.310
   685:     8367.540     8375.120     8666.110     8669.110     8677.110
   690:     8685.110     8690.110     8742.110     8749.110     8755.110
   695:     8772.110     8788.110     8792.110     8799.110     8803.110
   700:     8804.110     8816.110     8820.110     8825.110     8828.110
   705:     8831.110     8832.110     8834.110     8839.110     8854.110
   710:     8862.110     8867.110     8870.110     8875.110     8881.110
   715:     8886.110     8902.110     8904.110     8916.110     8920.110
   720:     8938.110     8941.110     8942.110     8944.110     8949.110
   725:     9000.110     9008.110     9015.110     9024.110     9027.110
   730:     9031.110     9066.120     9073.120     9085.120     9125.120
   735:     9137.120     9164.120     9170.120     9176.120     9205.110
   740:     9231.110     9248.110     9261.120     9294.120     9304.110
   745:     9318.110     9326.110     9332.120     9375.120     9385.110
   750:     9419.120     9435.110     9631.110     9679.110     9683.110
   755:     9694.120     9734.110     9740.110     9743.110     9751.120
   760:     9784.120     9794.110     9797.110     9804.110     9938.110
   765:     9954.110     9960.110    10006.120    10017.110    10027.110
   770:    10030.110    10037.110    10057.110    10062.120    10103.120
   775:    10167.340    10267.510    10325.110    10543.120    10546.120
   780:    10581.120    10587.120    10615.120    10624.120    10628.120
   785:    10704.120    10709.120    10713.120    10715.120    10718.120
   790:    10760.120    10761.120    10763.120    10764.120    10818.120
   795:    10819.120    10862.120    10863.120    10867.120    10868.120
   800:    10870.120    10872.120    10872.120    10875.120    10875.120
   805:    10876.120    10878.120    10879.120    10880.120    10883.120
   810:    10909.120    10910.120    10911.120    10913.120    10915.120
   815:    10916.120    10953.110    10956.110    10964.110    10964.210
   820:    10965.110    10968.120    11014.310    11114.500    11122.120
   825:    11209.120    11228.120    11237.120    11241.120    11243.120
   830:    11246.120    11247.120    11248.120    11253.120    11254.120
   835:    11256.120    11266.120    11267.120    11272.120    11280.120
   840:    11281.120    11284.120    11325.120    11326.120    11331.120
   845:    11335.120    11336.120    11357.120    11360.120    11364.120
   850:    11365.120    11367.120    11368.120    11372.120    11374.120
   855:    11374.120    11375.120    11377.120    11378.120    11379.120
   860:    11383.120    11384.120    11386.120    11387.120    11389.120
   865:    11390.120    11395.120    11396.120    11399.120    11448.120
   870:    11451.120    11453.120    11487.120    11487.120    11492.120
   875:    11498.120    11499.120    11500.120    11503.120    11505.120
   880:    11506.120    11511.120    11513.120    11514.120    11617.100
   885:    11622.100    11625.120    11697.100    11705.100    11708.100
   890:    11717.100    11723.100    11726.100    11734.100    11736.100
   895:    11738.100    11757.200    11758.120    11807.300    11907.500
   900:    11958.120    12016.120    12016.120    12018.120    12043.120
   905:    12057.120    12058.120    12060.120    12061.120    12075.120
   910:    12095.120    12102.120    12103.120    12105.120    12107.120
   915:    12110.120    12112.120    12112.120    12173.120    12185.120
   920:    12187.120    12191.120    12193.120    12226.120    12227.120
   925:    12229.120    12235.120    12237.120    12238.120    12275.120
   930:    12276.120    12278.120    12280.120    12281.120    12284.120
   935:    12286.120    12287.120    12291.120    12342.120    12343.120
   940:    12369.120    12371.120    12431.120    12466.100    12481.100
   945:    12489.100    12496.100    12504.100    12509.100    12510.120
   950:    12526.200    12530.120    12576.300    12676.500    12683.120
   955:    12706.120    12708.120    12722.120    12724.120    12744.120
   960:    12746.120    12751.120    12764.120    12766.120    12767.120
   965:    12775.120    12777.120    12783.120    12798.120    12799.120
   970:    12800.120    12835.120    12836.120    12837.120    12838.120
   975:    12840.120    12842.120    12845.120    12846.120    12866.120
   980:    12885.120    12928.120    12929.120    12930.120    12995.120
   985:    12996.120    13028.120    13029.120    13031.120    13032.120
   990:    13034.120    13035.120    13069.120    13070.120    13072.120
   995:    13073.120    13075.120    13077.120    13081.120    13116.120
  1000:    13117.120    13128.120    13129.120    13129.120    13130.120
  1005:    13134.120    13135.120    13136.120    13136.120    13138.120
  1010:    13164.120    13173.120    13219.120    13262.100    13275.100
  1015:    13277.100    13284.100    13286.100    13301.100    13302.120
  1020:    13312.120    13322.200    13324.120    13372.300    13392.120
  1025:    13394.120    13437.120    13465.120    13472.510    13480.120
  1030:    13489.120    13498.120    13500.120    13512.120    13514.120
  1035:    13515.120    13519.120    13544.120    13545.120    13546.120
  1040:    13547.120    13572.120    13588.120    13597.120    13606.120
  1045:    13608.120    13619.120    13646.120    13679.120    13691.120
  1050:    13693.120    13697.120    13701.120    13728.120    13745.120
  1055:    13781.110    13793.110    14100.110    14110.110    14115.110
  1060:    14126.110    14139.110    14160.110    14166.110    14171.110
  1065:    14171.210    14176.120    14221.310    14320.120    14321.120
  1070:    14321.510    14416.120    14423.120    14425.120    14440.120
  1075:    14441.120    14443.120    14444.120    14456.120    14501.120
  1080:    14831.110    14842.110    14876.110    14881.110    14895.120
  1085:    14908.120    14932.110    14938.110    14943.110    14950.110
  1090:    14956.110    14957.110    14979.110    14984.110    14998.110
  1095:    15002.110    15015.110    15028.110    15028.210    15033.120
  1100:    15078.310    15178.500    15179.120    15180.120    15212.120
  1105:    15304.120    15313.120    15319.120    15324.120    15499.120
  1110:    15500.120    15512.120    15520.120    15522.120    15523.120
  1115:    15530.120    15550.120    15566.120    15590.120    15591.120
  1120:    15593.120    15650.120    15678.120    15696.120    15717.120
  1125:    15724.120    15766.120    15772.120    15775.120    15799.100
  1130:    15807.100    15813.100    15815.100    15820.100    15824.100
  1135:    15834.100    15835.120    15859.200    15864.120    15909.300
  1140:    16009.500    16021.120    16023.120    16059.120    16079.120
  1145:    16093.120    16103.120    16108.120    16113.120    16118.120
  1150:    16119.120    16135.120    16136.120    16139.120    16141.120
  1155:    16144.120    16188.120    16189.120    16207.120    16208.120
  1160:    16210.120    16211.120    16217.120    16223.120    16248.120
  1165:    16249.120    16251.120    16294.120    16422.120    16423.120
  1170:    16435.120    16464.120    16472.120    16474.120    16475.120
  1175:    16477.120    16478.120    16479.120    16481.120    16484.120
  1180:    16485.120    16502.120    16503.120    16509.120    16510.120
  1185:    16514.120    16515.120    16516.120    16542.120    16544.120
  1190:    16545.120    16546.120    16549.120    16551.120    16552.120
  1195:    16554.120    16562.120    16564.120    16565.120    16565.120
  1200:    16566.120    16579.120    16579.120    16581.120    16582.120
  1205:    16594.120    16604.120    16620.120    16621.120    16622.120
  1210:    16623.120    16624.120    16627.120    16628.120    16700.100
  1215:    16718.120    16756.100    16758.100    16760.200    16764.120
  1220:    16810.300    16910.510    16934.120    16934.120    16935.120
  1225:    16970.120    16972.120    16985.120    17016.120    17017.120
  1230:    17046.120    17098.120    17103.120    17121.120    17122.120
  1235:    17124.120    17126.120    17134.120    17170.120    17171.120
  1240:    17184.120    17185.120    17199.120    17200.120    17209.120
  1245:    17247.120    17248.120    17253.120    17297.120    17298.120
  1250:    17300.120    17336.120    17337.120    17385.120    17388.120
  1255:    17389.120    17391.120    17392.120    17394.120    17401.120
  1260:    17402.120    17403.120    17405.120    17408.120    17413.120
  1265:    17415.120    17419.120    17421.120    17469.120    17471.120
  1270:    17472.120    17508.120    17539.120    17589.120    17637.110
  1275:    17637.210    17641.120    17687.310    17766.120    17787.500
  1280:    17793.120    17820.120    17854.120    17877.120    17879.120
  1285:    17886.120    17965.100    17980.120    17981.120    17984.120
  1290:    17987.120    17988.120    18061.120    18061.120    18156.120
  1295:    18174.120    18196.120    18243.120    18255.120    18264.120
  1300:    18272.120    18275.120    18286.120    18311.100    18322.120
  1305:    18325.120    18368.100    18380.100    18385.100    18393.100
  1310:    18402.100    18408.100    18414.100    18414.120    18428.200
  1315:    18478.300    18573.120    18574.120    18578.510    18627.120
  1320:    18637.120    18854.110    18861.120    18894.120    18919.120
  1325:    18929.120    18959.110    18967.110    18970.110    18982.110
  1330:    18984.110    18990.110    18996.110    18997.110    19017.110
  1335:    19021.110    19023.110    19035.110    19038.110    19046.110
  1340:    19067.110    19069.110    19071.110    19089.110    19096.110
  1345:    19101.110    19105.110    19107.110    19111.110    19116.110
  1350:    19119.110    19125.110    19127.110    19131.110    19139.110
  1355:    19142.110    19158.110    19160.110    19165.110    19166.110
  1360:    19167.110    19169.110    19171.110    19173.110    19198.110
  1365:    19199.110    19200.110    19201.110    19213.110    19215.110
  1370:    19236.110    19241.110    19245.110    19249.110    19260.120
  1375:    19268.120    19313.120    19314.120    19318.120    19327.110
  1380:    19327.210    19330.120    19377.310    19441.120    19477.500
  1385:    19484.120    19503.120    19510.120    19511.120    19530.120
  1390:    19533.120    19547.120    19548.120    19574.120    19585.120
  1395:    19644.120    19645.120    19646.120    19655.120    19673.120
  1400:    19684.120    19691.120    19700.120    19702.120    19707.120
  1405:    19750.120    19751.120    19756.120    19758.120    19760.120
  1410:    19762.120    19936.120    20021.120    20050.100    20055.100
  1415:    20063.120    20074.120    20084.120    20101.100    20103.100
  1420:    20105.100    20110.200    20115.100    20118.120    20160.300
  1425:    20256.120    20257.120    20260.510    20305.120    20307.120
  1430:    20308.120    20320.120    20331.120    20332.120    20345.120
  1435:    20347.120    20348.120    20351.120    20354.120    20356.120
  1440:    20361.120    20367.120    20371.120    20371.120    20372.120
  1445:    20374.120    20379.120    20380.120    20381.120    20383.120
  1450:    20384.120    20386.120    20388.120    20389.120    20392.120
  1455:    20394.120    20417.120    20422.120    20428.120    20449.120
  1460:    20450.120    20456.120    20477.120    20483.120    20544.120
  1465:    20553.120    20589.120    20612.110    20623.110    20637.120
  1470:    20916.110    20927.110    20932.110    20938.110    20945.110
  1475:    20949.110    20951.110    20966.110    20966.210    20971.120
  1480:    21016.310    21068.120    21116.500    21173.120    21259.120
  1485:    21272.120    21287.120    21300.120    21302.120    21351.120
  1490:    21362.120    21419.120    21503.120    21535.120    21550.120
  1495:    21589.120    21592.120    21597.120    21602.120    21608.120
  1500:    21610.120    21613.120    21654.120    21655.120    21668.120
  1505:    21669.120    21711.120    21734.120    21747.120    21762.120
  1510:    21776.100    21781.100    21788.120    21815.100    21819.120
  1515:    21836.200    21886.300    21986.510    21997.120    21998.120
  1520:    22383.120    22397.120    22435.110    22441.110    22456.110
  1525:    22458.110    22463.110    22473.120    22489.110    22497.110
  1530:    22500.110    22504.110    22507.110    22517.110    22523.110
  1535:    22541.110    22549.110    22551.110    22564.110    22567.110
  1540:    22575.110    22578.110    22580.110    22581.110    22588.110
  1545:    22590.110    22594.110    22613.110    22616.110    22617.110
  1550:    22623.110    22624.110    22638.110    22641.110    22644.110
  1555:    22646.110    22661.110    22665.110    22669.110    22701.120
  1560:    22717.110    22717.210    22720.120    22767.310    22867.510
  1565:    22919.120    22923.120    22948.120    22982.120    22996.120
  1570:    23021.120    23022.120    23048.120    23049.120    23056.120
  1575:    23080.120    23081.120    23183.120    23196.120    23220.120
  1580:    23230.120    23237.120    23240.120    23244.120    23248.120
  1585:    23250.120    23261.120    23263.120    23265.120    23272.120
  1590:    23298.120    23301.120    23310.110    23319.110    23349.120
  1595:    23370.120    23413.110    23425.110    23427.110    23440.120
  1600:    23475.120    23487.110    23495.110    23498.110    23507.110
  1605:    23516.110    23519.110    23530.110    23537.110    23569.110
  1610:    23569.210    23571.110    23574.120    23619.310    23710.120
  1615:    23711.120    23719.530    23841.120    23849.120    23862.120
  1620:    23864.120    23887.120    23890.120    23904.120    23921.120
  1625:    23923.120    23924.120    23926.120    23933.120    23983.120
  1630:    23988.120    24027.120    24028.120    24030.120    24067.120
  1635:    24069.120    24075.120    24077.120    24117.120    24118.120
  1640:    24120.120    24145.120    24146.120    24147.120    24149.120
  1645:    24173.120    24175.120    24176.120    24183.120    24184.120
  1650:    24237.120    24238.120    24239.120    24244.120    24245.120
  1655:    24249.120    24251.120    24253.120    24254.120    24260.120
  1660:    24261.120    24269.120    24349.100    24410.100    24411.100
  1665:    24416.100    24442.100    24448.120    24480.100    24488.100
  1670:    24492.100    24497.100    24504.100    24517.100    24528.100
  1675:    24530.120    24567.120    24571.120    24588.100    24597.100
  1680:    24612.100    24615.100    24621.100    24626.100    24635.100
  1685:    24639.100    24646.100    24648.120    24691.100    24700.100
  1690:    24705.120    24767.120    24788.100    24799.120    24810.120
  1695:    24844.100    24848.100    24852.100    24857.120    24879.120
  1700:    24884.120    24948.100    24953.120    24975.120    24976.120
  1705:    24990.120    25003.100    25004.100    25008.100    25011.100
  1710:    25016.100    25044.100    25053.120    25519.330    25619.540
  1715:    26017.110    26029.110    26031.110    26041.110    26046.110
  1720:    26048.110    26052.110    26057.110    26063.110    26067.110
  1725:    26069.110    26085.110    26091.110    26100.110    26102.110
  1730:    26105.110    26108.110    26114.110    26131.110    26138.110
  1735:    26141.110    26145.110    26159.110    26166.110    26168.110
  1740:    26184.110    26190.110    26193.110    26197.110    26199.110
  1745:    26216.110    26221.110    26225.110    26229.110    26236.110
  1750:    26241.110    26255.110    26258.110    26262.110    26264.110
  1755:    26286.110    26292.110    26293.110    26294.110    26295.110
  1760:    26302.110    26307.110    26317.110    26341.110    26347.110
  1765:    26366.110    26380.120    26416.110    26439.110    26447.120
  1770:    26459.120    26483.120    26501.120    26553.110    26565.110
  1775:    26574.120    26657.110    26838.110    26845.110    26882.120
  1780:    26896.110    26956.110    26959.110    26984.120    27008.110
  1785:    27021.110    27027.110    27048.110    27051.110    27061.110
  1790:    27069.120    27086.110    27090.110    27113.120    27114.120
  1795:    27209.120    27223.110    27235.110    27237.110    27241.110
  1800:    27253.110    27261.110    27270.110    27273.110    27275.110
  1805:    27277.110    27283.120    27317.120    27333.110    27340.110
  1810:    27343.110    27347.110    27415.110    27419.340    27420.110
  1815:    27519.500    27589.100    27593.120    27621.120    27630.100
  1820:    27634.100    27649.100    27652.120    27676.100    27680.100
  1825:    27683.100    27688.100    27694.100    27703.100    27707.100
  1830:    27708.100    27715.100    27717.100    27722.100    27724.120
  1835:    27785.100    27787.100    27788.100    27792.100    27799.100
  1840:    27812.100    27821.100    27824.100    27831.100    27838.100
  1845:    27840.100    27843.100    27845.120    27884.120    27934.100
  1850:    27942.100    27946.120    27958.120    27968.120    27988.100
  1855:    27992.100    27993.100    28002.100    28016.120    28068.100
  1860:    28072.100    28078.120    28087.100    28099.100    28108.100
  1865:    28114.100    28119.100    28128.200    28135.120    28178.300
  1870:    28264.120    28265.120    28266.120    28278.510    28287.120
  1875:    28287.120    28306.120    28313.120    28371.120    28377.120
  1880:    28404.120    28423.120    28433.120    28445.120    28450.120
  1885:    28456.120    28465.120    28502.120    28559.120    28562.120
  1890:    28564.120    28572.120    28624.120    28629.120    28635.120
  1895:    28669.120    28675.120    28705.120    28809.110    28818.110
  1900:    28864.110    28869.110    28875.110    28888.110    28892.110
  1905:    28893.110    28903.110    28906.110    28911.110    28926.110
  1910:    28931.110    28944.110    28947.110    28950.110    28953.110
  1915:    28965.110    28983.110    28983.210    28984.110    28989.120
  1920:    29033.310    29133.500    29198.120    29200.120    29242.120
  1925:    29244.120    29292.120    29308.120    29315.120    29327.120
  1930:    29345.120    29374.120    29460.120    29518.120    29520.120
  1935:    29579.120    29581.120    29583.120    29585.120    29598.120
  1940:    29603.120    29844.100    29849.100    29857.100    29870.100
  1945:    29876.120    29892.100    29899.100    29904.200    29910.120
  1950:    29954.300    30054.510    30079.120    30172.120    30239.110
  1955:    30277.110    30345.120    30365.120    30373.120    30448.120
  1960:    30464.120    30517.110    30522.110    30532.110    30540.110
  1965:    30564.110    30565.110    30605.110    30607.110    30611.110
  1970:    30619.110    30624.110    30634.110    30643.110    30657.110
  1975:    30660.110    30663.110    30669.110    30671.110    30675.110
  1980:    30677.110    30693.110    30702.110    30706.110    30707.110
  1985:    30708.110    30716.110    30720.110    30723.110    30726.110
  1990:    30742.110    30746.110    30750.110    30759.110    30759.210
  1995:    30764.120    30809.310    30909.500    31014.120    31067.120
  2000:    31092.120    31101.120    31198.120    31205.120    31254.120
  2005:    31255.120    31266.120    31294.120    31326.120    31338.120
  2010:    31355.100    31363.100    31367.100    31371.100    31380.100
  2015:    31393.100    31396.120    31424.100    31429.100    31433.100
  2020:    31438.100    31442.100    31456.100    31473.100    31478.120
  2025:    31510.120    31516.200    31566.300    31666.500    31666.120
  2030:    31734.120    31735.120    31753.120    31789.120    31802.120
  2035:    31803.120    31873.120    32087.120    32099.120    32214.100
  2040:    32221.120    32236.120    32246.100    32255.100    32260.100
  2045:    32266.100    32267.100    32274.200    32279.120    32324.300
  2050:    32398.120    32424.510    32439.120    32448.120    32467.120
  2055:    32476.120    32503.120    32512.120    32522.120    32524.120
  2060:    32595.120    32631.120    32661.120    32672.120    32735.110
  2065:    32738.110    32743.110    32756.110    32761.110    32769.120
  2070:    32802.110    32810.110    32820.110    32824.110    32826.110
  2075:    32834.110    32841.110    32843.110    32863.110    32866.110
  2080:    32876.110    32880.110    32893.110    32901.110    32904.110
  2085:    32911.110    32926.110    32931.110    32950.110    32954.110
  2090:    32955.110    32958.110    32960.110    32964.110    32968.110
  2095:    32973.110    32975.110    32980.110    32997.110    33016.110
  2100:    33022.110    33030.110    33034.110    33036.110    33037.110
  2105:    33048.110    33053.110    33056.110    33058.110    33090.110
  2110:    33111.110    33114.110    33117.110    33146.110    33146.210
  2115:    33151.120    33196.310    33296.510    33331.120    33399.120
  2120:    33456.120    33464.120    33478.120    33483.120    33506.120
  2125:    33508.120    33518.120    33524.120    33527.120    33554.120
  2130:    33586.120    33614.120    33615.120    33617.120    33668.120
  2135:    33674.120    33684.120    33706.120    33731.120    33732.120
  2140:    33776.120    33785.120    33787.120    33789.120    33790.120
  2145:    33791.120    33793.120    33794.120    33808.110    33974.110
  2150:    33981.110    33985.110    33990.110    34004.110    34004.210
  2155:    34008.120    34054.310    34154.500    34164.120    34391.120
  2160:    34409.120    34411.120    34462.120    34638.120    34664.120
  2165:    34719.100    34724.120    34747.120    34756.100    34761.100
  2170:    34771.100    34779.200    34785.120    34829.300    34914.120
  2175:    34929.510    34960.120    34980.120    35051.120    35068.120
  2180:    35082.120    35084.120    35163.120    35164.120    35217.120
  2185:    35224.120    35225.120    35268.120    35321.120    35347.110
  2190:    35355.110    35361.110    35368.110    35369.110    35388.110
  2195:    35396.110    35398.110    35403.110    35411.110    35428.110
  2200:    35432.110    35437.110    35450.110    35453.110    35455.110
  2205:    35464.110    35467.110    35468.110    35471.110    35473.110
  2210:    35475.110    35479.110    35481.110    35498.110    35508.110
  2215:    35522.110    35525.110    35531.110    35540.110    35544.110
  2220:    35555.110    35568.110    35579.110    35581.110    35585.110
  2225:    35588.110    35590.110    35593.110    35597.110    35612.110
  2230:    35616.110    35626.110    35626.210    35631.120    35676.310
  2235:    35774.120    35776.500    35828.120    35829.120    35847.120
  2240:    35850.120    35854.120    35869.120    35887.120    35895.120
  2245:    35896.120    35898.120    35898.120    35908.120    35924.120
  2250:    35926.120    35947.100    35975.120    35983.120    36009.120
  2255:    36010.120    36015.120    36036.120    36086.120    36094.120
  2260:    36125.120    36126.120    36176.120    36177.120    36204.120
  2265:    36212.120    36342.100    36350.120    36391.100    36393.100
  2270:    36402.200    36404.100    36408.120    36452.300    36552.510
  2275:    36563.120    36645.120    36646.120    36646.120    36661.120
  2280:    36662.120    36664.120    37110.120    37120.110    37126.110
  2285:    37141.110    37144.110    37148.110    37154.110    37168.110
  2290:    37176.120    37216.110    37217.110    37223.110    37227.110
  2295:    37233.110    37239.110    37240.110    37247.110    37257.110
  2300:    37257.210    37262.120    37307.310    37407.500    37436.120
  2305:    37459.120    37653.100    37670.120    37701.100    37707.120
  2310:    37718.120    37722.120    37744.100    37751.120    37779.120
  2315:    37783.120    37825.100    37828.100    37843.100    37846.100
  2320:    37850.100    37860.100    37865.100    37878.100    37886.120
  2325:    37955.100    37960.100    37971.100    37979.100    37992.100
  2330:    38005.100    38010.120    38015.200    38065.300    38165.500
  2335:    38192.120    38193.120    38229.120    38254.120    38268.120
  2340:    38269.120    38324.120    38355.120    38356.120    38364.120
  2345:    38396.120    38444.120    38446.120    38507.120    38519.120
  2350:    38557.120    38591.120    38652.100    38659.100    38666.100
  2355:    38669.100    38673.100    38722.100    38733.100    38737.100
  2360:    38741.100    38749.100    38754.100    38759.100    38768.100
  2365:    38770.100    38775.100    38780.120    38782.200    38832.300
  2370:    38932.510    38952.120    38972.120    38974.120    38976.120
  2375:    39017.120    39045.120    39064.120    39087.120    39096.120
  2380:    39253.120    39254.120    39296.110    39306.110    39312.110
  2385:    39322.110    39334.110    39338.110    39355.120    39372.110
  2390:    39378.110    39389.110    39407.120    39430.120    39431.120
  2395:    39434.120    39456.110    39463.110    39467.110    39470.110
  2400:    39478.110    39483.110    39485.110    39501.110    39504.110
  2405:    39506.110    39508.110    39515.110    39526.110    39542.110
  2410:    39550.110    39563.110    39567.110    39568.110    39571.110
  2415:    39576.110    39579.110    39583.110    39583.110    39587.110
  2420:    39593.110    39597.110    39600.110    39604.110    39635.110
  2425:    39635.210    39639.120    39685.310    39767.120    39785.510
  2430:    40024.120    40029.120    40030.120    40031.120    40032.120
  2435:    40033.120    40034.120    40035.120    40148.120    40151.120
  2440:    40178.120    40181.120    40226.120    40254.110    40262.110
  2445:    40272.110    40276.110    40280.110    40302.110    40323.110
  2450:    40339.120    40365.120    40383.110    40389.110    40393.110
  2455:    40398.110    40403.110    40405.110    40408.110    40415.110
  2460:    40419.110    40443.110    40451.110    40469.110    40479.110
  2465:    40484.110    40484.210    40489.120    40534.310    40634.500
  2470:    40638.120    40639.120    40721.100    40724.120    40746.100
  2475:    40752.100    40762.100    40765.120    40798.100    40806.100
  2480:    40835.100    40839.100    40850.100    40853.100    40860.120
  2485:    40870.120    40892.100    40894.100    40900.100    40905.100
  2490:    40909.100    40914.100    40926.100    40927.100    40934.100
  2495:    40938.120    40952.120    40970.120    40981.120    41004.100
  2500:    41006.100    41013.100    41013.100    41015.100    41025.120
  2505:    41118.100    41119.100    41122.100    41128.100    41130.100
  2510:    41138.100    41143.100    41147.100    41157.100    41168.100
  2515:    41181.120    41198.100    41201.100    41202.100    41204.100
  2520:    41208.100    41211.100    41216.100    41220.100    41226.100
  2525:    41238.100    41254.100    41257.100    41258.200    41263.120
  2530:    41308.300    41384.120    41408.500    41464.120    41478.120
  2535:    41492.120    41526.120    41614.120    41660.120    41663.120
  2540:    41669.120    41680.120    41681.120    41683.120    41685.120
  2545:    41723.120    41727.120    41755.120    41784.120    41785.120
  2550:    41787.120    41847.100    41852.120    41881.100    41886.100
  2555:    41911.100    41979.100    41986.100    41989.100    41991.100
E:
     0:     2560.000      418.000      709.000
F:
     0:       70.000       33.703       29.428
G:
     0:        1.000        1.000        1.000        1.000        1.000
     5:        1.000        1.000        1.000        1.000        0.000
H:
     0:        1.000        1.000        2.000        2.000
L:
     0:     6962.000     6292.000     6176.000     6536.000     6286.000
     5:     6557.000     6909.000     7607.000     6509.000     6435.000
    10:     7305.000     6193.000     7803.000     6165.000     6177.000
    15:     6358.000     6362.000     6181.000     6266.000     6332.000
R:
     0:        1.000        1.000        1.000        1.000        1.000
     5:        1.000        1.000        1.000        1.000        0.000
S:
     0:        1.000        1.000
U:
     0:     6962.000        0.000      519.000
X:
     0:        0.000      401.002      407.004      437.006      440.008
     5:      445.010      451.012      455.014      461.016      502.018
    10:      503.020      506.022      512.024      516.026      531.028
    15:      538.030      541.032      572.034      584.036      596.038
    20:      599.040      633.042      635.044      637.046      639.048
    25:      643.050      646.052      657.054      666.056      669.058
    30:      672.060      675.062      680.064      714.066      717.068
    35:      722.070      723.072      728.074      731.076      738.078
    40:      748.080      761.082      769.084      780.086      782.088
    45:      785.090      829.092      832.094      835.096      842.098
    50:      849.100      862.102      864.104      870.106      896.108
    55:      905.110      960.112      967.114      970.116     1028.118
    60:     1038.120     1041.122     1044.124     1059.126     1102.128
    65:     1108.130     1125.132     1131.134     1136.136     1138.138
    70:     1157.140     1191.142     1199.144     1225.146     1272.148
    75:     1348.150     1351.152     1353.154     1354.156     1371.158
    80:     1378.160     1394.162     1409.164     1421.166     1760.168
    85:     2012.169     2014.170     2016.171     2020.172     2125.173
    90:     2526.174     2566.175     2579.176     2586.176     2636.000
    95:     2636.000     3195.001     3198.002     3234.003     3237.004
   100:     3241.005     3245.006     3253.007     3255.007     3305.000
   105:     3305.000     3817.001     3852.002     3855.003     3860.004
   110:     3864.005     3865.006     3868.007     3871.008     3874.009
   115:     3877.010     3881.011     3888.012     3890.013     3912.013
   120:     3962.000     3962.000     4464.001     4469.002     4545.003
   125:     4552.004     4556.005     4565.006     4571.007     4574.008
   130:     4581.009     4584.010     4586.011     4605.011     4655.000
   135:     4655.000     5213.001     5228.002     5236.003     5243.004
   140:     5251.005     5257.006     5273.006     5323.000     5323.000
   145:     5908.001     5921.002     5924.003     5930.004     5933.005
   150:     5947.006     5968.006     6018.000     6018.000     6638.001
   155:     6646.002     6652.003     6654.004     6659.005     6663.006
   160:     6673.007     6698.007     6748.000     6748.000     7438.001
   165:     7494.002     7496.003     7498.003     7548.000     7548.000
   170:     7725.001     8072.002     8128.003     8140.004     8146.005
   175:     8153.006     8162.007     8168.008     8174.009     8188.009
   180:     8238.000     8238.000     8811.001     8816.002     8862.003
   185:     8864.004     8866.005     8871.005     8876.006     8921.000
   190:     8921.000     9581.001     9585.002     9619.003     9641.003
   195:     9691.000     9691.000    10320.002    10381.004    10382.006
   200:    10388.008    10413.010    10451.012    10460.014    10464.016
   205:    10469.018    10476.020    10489.022    10499.024    10560.026
   210:    10569.028    10584.030    10586.032    10593.034    10597.036
   215:    10607.038    10610.040    10617.042    10662.044    10671.046
   220:    10760.048    10816.050    10819.052    10823.054    10920.056
   225:    10975.058    10976.060    10979.062    10983.064    10987.066
   230:    11015.068    13561.238    13602.239    13606.240    13620.241
   235:    13648.242    13652.243    13654.244    13660.245    13665.246
   240:    13675.247    13678.248    13680.249    13687.250    13689.251
   245:    13694.252    13756.253    13758.254    13760.255    13763.256
   250:    13771.257    13783.258    13792.259    13795.260    13802.261
   255:    13809.262    13811.263    13814.264    13905.265    13913.266
   260:    13959.267    13963.268    13965.269    13974.270    14040.271
   265:    14043.272    14059.273    14071.274    14079.275    14086.276
   270:    14090.277    14100.277    14150.000    14150.000    14860.001
   275:    14865.002    14873.003    14886.004    14908.005    14916.006
   280:    14920.006    14970.000    14970.000    15415.001    15423.002
   285:    15427.003    15431.004    15440.005    15453.006    15484.007
   290:    15489.008    15493.009    15498.010    15502.011    15516.012
   295:    15533.013    15576.013    15626.000    15626.000    16173.001
   300:    16206.002    16214.003    16219.004    16225.005    16227.006
   305:    16233.006    16283.000    16283.000    16848.001    16885.002
   310:    16890.003    16900.004    16908.004    16958.000    16958.000
   315:    17128.001    17524.002    17572.003    17574.004    17584.004
   320:    17585.005    17634.000    17634.000    17879.001    17928.002
   325:    17971.003    18051.004    18054.005    18069.006    18073.007
   330:    18076.008    18087.009    18091.010    18105.011    18182.012
   335:    18187.013    18197.014    18205.015    18218.016    18231.017
   340:    18242.017    18292.000    18292.000    18778.001    18786.002
   345:    18792.003    18795.004    18799.005    18848.006    18860.007
   350:    18863.008    18867.009    18876.010    18880.011    18886.012
   355:    18894.013    18897.014    18902.015    18908.015    18958.000
   360:    18958.000    19044.001    19069.002    19075.003    19085.004
   365:    19121.005    19130.006    19158.007    19163.008    19173.009
   370:    19176.010    19215.011    19217.012    19223.013    19228.014
   375:    19232.015    19237.016    19249.017    19250.018    19257.019
   380:    19327.020    19329.021    19336.022    19336.023    19338.024
   385:    19441.025    19442.026    19445.027    19451.028    19453.029
   390:    19461.030    19466.031    19470.032    19480.033    19491.034
   395:    19521.035    19524.036    19525.037    19527.038    19531.039
   400:    19535.040    19539.041    19543.042    19550.043    19561.044
   405:    19577.045    19580.046    19581.046    19631.000    19631.000
   410:    20070.001    20104.002    20109.003    20133.004    20201.005
   415:    20208.006    20211.007    20214.008
Y:
     0:        0.000      430.001      474.002      495.003      513.004
     5:      514.005      517.006      523.007      524.008      554.009
    10:      554.009      604.000      604.000     1048.001     1054.002
    15:     1058.003     1068.004     1074.005     1113.006     1122.007
    20:     1126.008     1128.009     1130.010     1133.011     1137.012
    25:     1140.013     1152.014     1162.015     1166.016     1171.017
    30:     1179.018     1182.019     1199.020     1203.021     1208.022
    35:     1219.023     1222.024     1241.025     1250.026     1255.027
    40:     1257.028     1261.029     1264.030     1267.031     1272.032
    45:     1289.033     1293.034     1296.035     1299.036     1309.037
    50:     1309.037     1359.000     1359.000     1877.001     1882.002
    55:     1889.003     1896.004     1903.005     1933.006     1939.007
    60:     1952.008     1956.009     1960.010     1974.011     1979.012
    65:     1997.013     2000.014     2005.015     2010.016     2013.017
    70:     2014.018     2016.019     2019.020     2022.021     2024.022
    75:     2029.023     2035.024     2051.025     2055.026     2055.026
    80:     2105.000     2105.000     2537.001     2554.002     2591.003
    85:     2612.004     2616.005     2621.006     2652.007     2692.008
    90:     2698.009     2702.010     2707.011     2713.012     2720.013
    95:     2726.014     2736.015     2747.016     2748.017     2761.018
   100:     2763.019     2771.020     2777.021     2793.022     2797.023
   105:     2802.024     2802.024     2852.000     2852.000     3386.001
   110:     3392.002     3398.003     3417.004     3431.005     3439.006
   115:     3445.007     3447.008     3455.009     3469.010     3475.011
   120:     3485.012     3491.013     3493.014     3498.015     3501.016
   125:     3507.017     3515.018     3519.019     3521.020     3537.021
   130:     3542.022     3547.023     3552.024     3552.024     3602.000
   135:     3602.000     3901.002     3904.004     3912.006     3920.008
   140:     3925.010     3976.012     3984.014     3990.016     4006.018
   145:     4023.020     4026.022     4033.024     4037.026     4039.028
   150:     4051.030     4055.032     4059.034     4063.036     4065.038
   155:     4067.040     4068.042     4073.044     4089.046     4097.048
   160:     4101.050     4105.052     4109.054     4115.056     4121.058
   165:     4136.060     4138.062     4151.064     4155.066     4172.068
   170:     4176.070     4177.072     4178.074     4184.076     4235.078
   175:     4242.080     4250.082     4259.084     4262.086     4266.088
   180:     4439.090     4465.092     4483.094     4538.096     4553.098
   185:     4561.100     4620.102     4670.104     4866.106     4913.108
   190:     4918.110     4968.112     4975.114     4978.116     5028.118
   195:     5032.120     5038.122     5173.124     5188.126     5195.128
   200:     5251.130     5261.132     5265.134     5272.136     5291.138
   205:     5560.139     6187.140     6191.141     6198.142     6198.142
   210:     6200.143     6248.000     6248.000     6557.001     6568.002
   215:     6876.003     6886.004     6891.005     6902.006     6915.007
   220:     6936.008     6942.009     6947.010     6947.010     6997.000
   225:     6997.000     7507.001     7518.002     7551.003     7556.004
   230:     7607.005     7613.006     7618.007     7626.008     7631.009
   235:     7633.010     7654.011     7659.012     7674.013     7677.014
   240:     7690.015     7704.016     7704.016     7754.000     7754.000
   245:     8480.001     8481.001     8531.000     8531.000     8806.001
   250:     8912.002     8920.003     8923.004     8935.005     8936.006
   255:     8943.007     8948.008     8950.009     8969.010     8973.011
   260:     8975.012     8988.013     8990.014     8999.015     9019.016
   265:     9021.017     9024.018     9041.019     9048.020     9054.021
   270:     9058.022     9059.023     9063.024     9069.025     9071.026
   275:     9078.027     9079.028     9084.029     9092.030     9094.031
   280:     9110.032     9112.033     9117.034     9118.035     9120.036
   285:     9122.037     9124.038     9125.039     9150.040     9151.041
   290:     9152.042     9154.043     9166.044     9167.045     9188.046
   295:     9194.047     9197.048     9201.049     9279.050     9279.050
   300:     9329.000     9329.000     9680.001     9692.002     9985.003
   305:     9995.004    10000.005    10006.006    10013.007    10017.008
   310:    10020.009    10034.010    10034.010    10084.000    10084.000
   315:    10532.001    10538.002    10553.003    10555.004    10560.005
   320:    10586.006    10594.007    10597.008    10601.009    10604.010
   325:    10614.011    10620.012    10638.013    10646.014    10648.015
   330:    10661.016    10664.017    10672.018    10675.019    10677.020
   335:    10678.021    10685.022    10687.023    10691.024    10710.025
   340:    10713.026    10714.027    10720.028    10721.029    10735.030
   345:    10738.031    10741.032    10743.033    10758.034    10762.035
   350:    10766.036    10814.037    10814.037    10864.000    10864.000
   355:    11307.001    11315.002    11410.003    11422.004    11424.005
   360:    11483.006    11492.007    11494.008    11504.009    11513.010
   365:    11516.011    11527.012    11534.013    11566.014    11566.014
   370:    11568.015    11616.000    11616.000    11616.070    11616.072
   375:    11616.074    11616.076    11616.078    11616.080    11616.082
   380:    11616.084    11616.086    11616.088    11616.090    11616.092
   385:    11616.094    11616.096    11616.098    11616.100    11616.102
   390:    11616.104    11616.106    11616.108    11616.110    11616.112
   395:    11616.114    11616.116    11616.118    11616.120    11616.122
   400:    11616.124    11616.126    11616.128    11616.130    11616.132
   405:    11616.134    11616.136    11616.138    11616.140    11616.142
   410:    11616.144    11616.146    11616.148    11616.150    11616.152
   415:    11616.154    11616.156    11616.158    11616.160    11616.162
   420:    11616.164    11616.166    11616.168    11616.170    11616.172
   425:    11616.174    11616.176    11616.178    11616.180    11616.182
   430:    11616.184    11616.186    11616.188    11616.190    11616.192
   435:    11616.194    11616.196    11616.198    11616.200    11616.202
   440:    11616.204    11616.206    11616.208    11616.210    11616.212
   445:    11616.214    11616.216    11616.218    11616.220    11616.222
   450:    11616.224    11616.226    11616.228    11616.230    11616.232
   455:    11616.234    11616.236    11616.237    12147.001    12155.002
   460:    12201.003    12207.004    12212.005    12225.006    12229.007
   465:    12230.008    12240.009    12243.010    12249.011    12264.012
   470:    12268.013    12281.014    12284.015    12287.016    12291.017
   475:    12302.018    12321.019    12321.019    12321.020    12371.000
   480:    12371.000    12556.001    12593.002    12833.003    12839.004
   485:    12849.005    12857.006    12880.007    12882.008    12922.009
   490:    12924.010    12928.011    12936.012    12941.013    12951.014
   495:    12960.015    12974.016    12976.017    12979.018    12986.019
   500:    12988.020    12992.021    12994.022    13010.023    13019.024
   505:    13023.025    13024.026    13025.027    13033.028    13036.029
   510:    13040.030    13043.031    13059.032    13062.033    13067.034
   515:    13076.035    13076.035    13126.000    13126.000    13437.001
   520:    13440.002    13445.003    13458.004    13463.005    13504.006
   525:    13512.007    13522.008    13525.009    13528.010    13536.011
   530:    13543.012    13545.013    13565.014    13568.015    13578.016
   535:    13582.017    13595.018    13603.019    13606.020    13613.021
   540:    13627.022    13633.023    13651.024    13655.025    13657.026
   545:    13660.027    13662.028    13666.029    13670.030    13675.031
   550:    13677.032    13682.033    13699.034    13717.035    13724.036
   555:    13732.037    13735.038    13738.039    13739.040    13749.041
   560:    13755.042    13758.043    13760.044    13792.045    13813.046
   565:    13816.047    13819.048    13848.049    13848.049    13898.000
   570:    13898.000    14409.001    14575.002    14582.003    14587.004
   575:    14592.005    14605.006    14605.006    14655.000    14655.000
   580:    15072.001    15080.002    15086.003    15093.004    15094.005
   585:    15113.006    15121.007    15123.008    15128.009    15136.010
   590:    15153.011    15157.012    15162.013    15175.014    15178.015
   595:    15180.016    15189.017    15192.018    15194.019    15196.020
   600:    15198.021    15201.022    15204.023    15206.024    15223.025
   605:    15233.026    15247.027    15250.028    15256.029    15265.030
   610:    15270.031    15280.032    15293.033    15305.034    15306.035
   615:    15310.036    15314.037    15315.038    15318.039    15322.040
   620:    15337.041    15341.042    15351.043    15351.043    15401.000
   625:    15401.000    15968.001    15974.002    15989.003    15993.004
   630:    15996.005    16002.006    16017.007    16064.008    16065.009
   635:    16071.010    16075.011    16081.012    16087.013    16089.014
   640:    16095.015    16105.016    16105.016    16155.000    16155.000
   645:    16519.001    16529.002    16535.003    16545.004    16557.005
   650:    16561.006    16595.007    16601.008    16612.009    16678.010
   655:    16685.011    16689.012    16693.013    16701.014    16706.015
   660:    16708.016    16724.017    16727.018    16729.019    16731.020
   665:    16738.021    16749.022    16765.023    16773.024    16785.025
   670:    16790.026    16790.027    16793.028    16799.029    16802.030
   675:    16805.031    16806.032    16810.033    16816.034    16819.035
   680:    16822.036    16827.037    16857.038    16858.038    16908.000
   685:    16908.000    17376.001    17385.002    17394.003    17398.004
   690:    17403.005    17424.006    17446.007    17505.008    17512.009
   695:    17516.010    17521.011    17525.012    17527.013    17531.014
   700:    17538.015    17541.016    17566.017    17574.018    17592.019
   705:    17601.020    17607.021    17607.021    17657.000
