File: C:\MED-PC\Data\2018-06-07_12h00m_Subject M331.txt


Start Date: 06/07/18
End Date: 06/07/18
Subject: M331
Experiment: DOBLE_PICO_ACO
Group: EXP
Box: 8
Start Time: 12:00:16
End Time: 13:13:38
MSN: IF_ACO_MULTIPLE_PICO
A:     239.000
B:      17.000
D:      18.000
I:       1.000
J:   18000.000
K:    5400.000
M:       0.000
N:      18.000
O:      18.000
P:     355.000
Q:       0.000
T:    1000.000
V:     600.000
W:      17.000
Z:       0.000
C:
     0:        0.120        0.120        0.120        0.120        0.120
     5:        0.510      422.110      427.120      474.120      730.120
    10:      750.110      750.210      754.120      800.310      886.120
    15:      900.500     1323.120     1386.120     1408.100     1420.100
    20:     1424.100     1429.120     1450.120     1461.100     1501.120
    25:     1521.200     1524.120     1571.300     1579.120     1581.120
    30:     1582.120     1586.120     1587.120     1591.120     1594.120
    35:     1601.120     1606.120     1607.120     1609.120     1613.120
    40:     1616.120     1620.120     1623.120     1627.120     1629.120
    45:     1630.120     1633.120     1636.120     1639.120     1643.120
    50:     1646.120     1647.120     1653.120     1671.510     1705.120
    55:     2124.120     2144.110     2147.110     2150.110     2164.120
    60:     2183.110     2187.110     2193.110     2198.120     2257.110
    65:     2273.110     2286.110     2291.120     2324.110     2324.210
    70:     2328.120     2374.310     2393.120     2396.120     2398.120
    75:     2402.120     2405.120     2407.120     2411.120     2414.120
    80:     2416.120     2420.120     2422.120     2423.120     2428.120
    85:     2430.120     2430.120     2442.120     2474.510     2498.120
    90:     2704.120     2705.120     2950.110     2958.110     3084.110
    95:     3091.110     3103.120     3119.110     3119.210     3123.120
   100:     3169.310     3180.120     3183.120     3187.120     3194.120
   105:     3196.120     3199.120     3200.120     3202.120     3206.120
   110:     3209.120     3213.120     3215.120     3223.120     3248.120
   115:     3269.500     3395.120     3406.120     3739.120     3767.100
   120:     3781.100     3783.100     3794.100     3800.120     3815.120
   125:     3825.100     3830.100     3839.120     3858.120     3865.120
   130:     3876.100     3878.100     3885.200     3891.120     3935.300
   135:     3938.120     3941.120     3942.120     3948.120     3954.120
   140:     3956.120     3959.120     3964.120     4035.510     4281.110
   145:     4286.120     4314.110     4444.110     4455.110     4623.110
   150:     4628.110     4637.120     4654.110     4658.110     4662.110
   155:     4675.110     4675.210     4680.120     4725.310     4750.120
   160:     4754.120     4761.120     4765.120     4766.120     4825.540
   165:     4981.110     5048.110     5051.120     5060.120     5113.120
   170:     5123.120     5134.110     5137.110     5139.110     5142.110
   175:     5154.120     5168.120     5190.110     5193.110     5195.110
   180:     5204.110     5217.110     5224.110     5229.110     5234.120
   185:     5244.120     5259.110     5261.110     5270.110     5275.110
   190:     5283.110     5306.110     5330.110     5413.110     5415.110
   195:     5417.110     5429.110     5433.110     5444.110     5448.110
   200:     5452.110     5474.110     5491.110     5505.110     5514.110
   205:     5530.110     5539.120     5562.120     5571.110     5577.110
   210:     5592.120     5600.120     5614.120     5623.110     5658.110
   215:     5698.120     5721.110     5760.110     5791.120     5824.110
   220:     5842.120     5997.120     6019.110     6024.110     6034.120
   225:     6042.120     6090.110     6095.120     6113.120     6131.120
   230:     6132.120     6158.110     6167.110     6257.110     6354.110
   235:     6366.120     6390.120     6413.110     6420.110     6431.110
   240:     6438.120     6519.110     6541.110     6577.120     6594.120
   245:     6620.110     6625.340     6725.530     6757.120     6776.100
   250:     6928.100     6944.120     6967.120     6980.120     7057.100
   255:     7131.120     7172.100     7209.100     7219.120     7376.100
   260:     7392.100     7441.120     7469.120     7482.120     7505.100
   265:     7525.100     7530.100     7533.100     7537.120     7566.120
   270:     7598.120     7666.120     7753.120     7904.120     7914.100
   275:     7954.120     7960.120     8174.100     8187.120     8361.120
   280:     8378.100     8380.100     8525.330     8625.500     8634.120
   285:     8653.100     8673.120     8700.120     8934.120     8950.100
   290:     8979.100     9008.120     9046.120     9071.120     9073.120
   295:     9075.120     9077.120     9077.120     9402.100     9462.200
   300:     9474.120     9512.300     9518.120     9520.120     9521.120
   305:     9528.120     9533.120     9538.120     9539.120     9540.120
   310:     9542.120     9552.120     9564.120     9566.120     9568.120
   315:     9569.120     9572.120     9575.120     9582.120     9586.120
   320:     9592.120     9600.120     9603.120     9604.120     9612.510
   325:     9665.120     9672.120     9672.120     9962.110     9979.120
   330:     9998.110    10026.110    10040.120    10059.110    10062.110
   335:    10065.110    10091.110    10095.110    10098.110    10127.110
   340:    10132.110    10218.110    10226.110    10228.110    10239.110
   345:    10251.110    10251.210    10256.120    10301.310    10323.120
   350:    10325.120    10332.120    10387.120    10401.510    10573.120
   355:    10796.110    10814.120    10856.110    10860.110    10871.120
   360:    10914.110    10917.110    10920.110    10926.110    10930.120
   365:    10937.120    10956.110    10961.110    10971.110    10988.110
   370:    11003.110    11029.110    11046.110    11046.210    11053.120
   375:    11096.310    11122.120    11124.120    11136.120    11147.120
   380:    11156.120    11157.120    11159.120    11165.120    11196.500
   385:    11232.120    11243.120    11499.120    11542.120    11548.120
   390:    11548.120    11551.120    11555.120    11556.120    11560.120
   395:    11562.120    11764.120    11775.100    11781.100    11786.100
   400:    11789.100    11795.120    11805.120    11818.100    11828.100
   405:    11832.100    11834.100    11835.200    11842.120    11885.300
   410:    11985.500    12006.120    12017.120    12020.120    12023.120
   415:    12098.120    12534.120    12620.120    12629.100    12642.100
   420:    12646.100    12651.100    12662.100    12665.100    12670.120
   425:    12689.200    12690.100    12695.120    12739.300    12839.500
   430:    13261.120    13276.120    13309.120    13324.100    13330.100
   435:    13336.100    13341.100    13353.100    13355.100    13365.100
   440:    13374.100    13379.120    13391.120    13406.100    13408.100
   445:    13412.100    13420.100    13425.100    13427.100    13435.100
   450:    13445.100    13451.120    13466.200    13472.120    13516.300
   455:    13616.500    13918.120    13939.120    13961.100    13969.100
   460:    13977.100    13980.100    13994.100    13996.100    14001.120
   465:    14022.120    14027.100    14035.100    14045.100    14048.100
   470:    14058.100    14063.100    14070.120    14077.120    14083.120
   475:    14095.100    14104.100    14114.100    14117.100    14124.100
   480:    14127.100    14144.100    14149.100    14168.100    14174.100
   485:    14177.100    14181.120    14187.120    14188.120    14204.120
   490:    14218.120    14225.120    14228.200    14233.120    14278.300
   495:    14294.120    14296.120    14297.120    14303.120    14311.120
   500:    14378.510    14737.110    14740.120    14783.110    14789.120
   505:    14833.110    14837.110    14839.110    14852.120    14893.110
   510:    14917.120    15031.120    15122.110    15122.210    15126.120
   515:    15172.310    15272.510    15277.120    15299.120    15301.120
   520:    15521.120    15548.120    15550.120    15558.120    15747.110
   525:    15827.110    15830.110    15835.110    15845.110    15846.110
   530:    15858.110    15868.110    15883.110    15890.120    15906.110
   535:    15906.210    15912.120    15956.310    15965.120    15965.120
   540:    15967.120    15969.120    15971.120    15975.120    15977.120
   545:    15977.120    15983.120    15985.120    15989.120    15991.120
   550:    15995.120    15997.120    16000.120    16003.120    16007.120
   555:    16011.120    16012.120    16012.120    16019.120    16026.120
   560:    16032.120    16036.120    16038.120    16040.120    16047.120
   565:    16049.120    16053.120    16056.500    16133.120    16172.120
   570:    16186.120    16673.100    16678.100    16684.100    16699.100
   575:    16711.100    16721.100    16724.100    16730.120    16733.200
   580:    16737.120    16783.300    16883.510    17398.110    17405.120
   585:    17433.110    17437.110    17453.110    17468.110    17472.110
   590:    17484.110    17504.110    17508.110    17514.110    17514.210
   595:    17519.120    17564.310    17604.120    17609.120    17641.120
   600:    17653.120    17663.120    17664.540    17712.120    18063.110
   605:    18077.110    18083.120    18106.110    18108.110    18114.110
   610:    18116.110    18127.110    18147.110    18149.110    18155.110
   615:    18161.110    18172.110    18177.110    18186.110    18192.110
   620:    18197.120    18255.110    18258.110    18267.110    18278.110
   625:    18282.110    18290.110    18300.110    18314.110    18319.110
   630:    18324.110    18336.110    18344.110    18350.110    18362.110
   635:    18367.120    18383.110    18388.110    18395.110    18401.110
   640:    18404.110    18410.110    18423.110    18426.110    18451.110
   645:    18456.110    18464.110    18484.110    18492.120    18501.120
   650:    18514.110    18519.110    18528.110    18550.120    18555.120
   655:    18561.120    18573.110    18674.110    18678.110    18714.120
   660:    18721.120    18727.120    18727.120    18785.110    19041.110
   665:    19056.110    19062.120    19382.110    19464.340    19564.500
   670:    20071.120    20088.100    20090.100    20094.100    20109.100
   675:    20111.100    20114.100    20115.100    20129.100    20131.100
   680:    20136.120    20149.120    20169.200    20175.120    20219.300
   685:    20319.510    20342.120    20344.120    20345.120    20360.120
   690:    20628.110    20638.120    20677.110    20687.120    20764.110
   695:    20774.110    20795.120    20808.110    20813.110    20850.120
   700:    20855.120    20865.110    20871.110    20885.110    20895.110
   705:    20897.110    20904.110    20915.110    20932.110    20936.110
   710:    20950.110    20950.210    20955.120    21000.310    21100.530
   715:    21653.120    21656.120    21683.100    21690.100    21698.100
   720:    21709.100    21712.100    21718.100    21721.100    21737.100
   725:    21742.120    21764.100    21789.100    21792.100    21798.100
   730:    21805.100    21815.100    21822.100    21833.100    21835.100
   735:    21840.120    21850.120    21871.120    21893.100    21905.100
   740:    21912.100    21917.120    21964.120    21974.120    22567.120
   745:    22581.100    22594.100    22608.100    22618.120    22639.120
   750:    22653.100    22656.100    22661.100    22672.100    22680.100
   755:    22681.100    22696.100    22699.100    22705.120    22740.120
   760:    22745.120    22900.330    23000.510    23639.110    23639.210
   765:    23642.120    23689.310    23789.500    26051.120    26086.100
   770:    26100.100    26106.120    26128.120    26141.100    26142.100
   775:    26146.200    26153.120    26196.300    26296.510    28515.110
   780:    28515.210    28519.120    28565.310    28665.500    29046.120
   785:    29062.100    29065.100    29072.100    29079.100    29105.100
   790:    29109.100    29111.100    29117.120    29136.100    29151.100
   795:    29153.100    29156.100    29157.100    29161.100    29167.120
   800:    29183.120    29193.100    29229.100    29234.100    29245.120
   805:    29258.120    29286.120    29289.200    29294.120    29339.300
   810:    29439.500    29473.120    30327.120    30341.100    30349.100
   815:    30353.100    30356.100    30363.100    30379.100    30388.120
   820:    30399.120    30401.200    30406.120    30451.300    30551.510
   825:    30900.110    30907.120    30959.110    30973.120    30998.110
   830:    31010.110    31032.110    31051.110    31073.120    31075.120
   835:    31087.110    31093.110    31107.110    31117.110    31123.110
   840:    31140.120    31157.110    31162.110    31167.110    31179.110
   845:    31179.210    31185.120    31229.310    31252.120    31272.120
   850:    31329.500    31800.120    31816.100    31839.100    31856.100
   855:    31863.100    31869.120    31888.120    31901.100    31905.100
   860:    31916.100    31919.100    31926.120    31949.120    31961.200
   865:    31966.120    32011.300    32096.120    32111.510    32797.110
   870:    32797.210    32801.120    32847.310    32947.500    33355.120
   875:    33371.100    33385.100    33400.100    33405.120    33418.120
   880:    33433.100    33435.100    33450.100    33455.100    33469.100
   885:    33472.100    33478.120    33499.120    33517.100    33557.100
   890:    33577.200    33583.120    33627.300    33727.510    34280.120
   895:    34319.120    34399.120    34399.120    34400.120    34400.120
   900:    34401.120    34402.120    34403.120    34407.120    34408.120
   905:    34409.120    34409.120    34410.120    34410.120    34411.120
   910:    34413.120    34415.120    35153.120    35757.110    35757.210
   915:    35761.120    35807.310    35907.510    36389.110    36398.110
   920:    36404.120    36420.110    36432.110    36452.110    36460.110
   925:    36468.120    36473.120    36485.110    36492.110    36502.110
   930:    36520.110    36526.110    36544.110    36544.210    36550.120
   935:    36594.310    36694.500    36744.120    36748.120    37143.120
   940:    37391.120    37406.120    37419.100    37424.100    37440.100
   945:    37446.100    37449.100    37452.100    37458.100    37463.120
   950:    37479.200    37512.120    37529.300    37629.510    38360.110
   955:    38360.210    38364.120    38410.310    38421.120    38424.120
   960:    38426.120    38434.120    38510.500    39126.120    39137.100
   965:    39142.100    39164.100    39166.100    39175.100    39178.100
   970:    39184.120    39197.200    39198.120    39201.120    39247.300
   975:    39259.120    39347.500    40430.120    40442.100    40460.100
   980:    40473.100    40478.120    40491.120    40502.200    40507.120
   985:    40552.300    40652.510    41109.110    41114.120    41132.110
   990:    41141.120    41162.110    41171.110    41183.120    41198.110
   995:    41201.110    41207.110    41221.110    41238.110    41248.110
  1000:    41254.110    41265.110    41270.110    41277.110    41284.120
  1005:    41290.110    41290.210    41296.120    41340.310    41350.120
  1010:    41355.120    41440.500
E:
     0:     1012.000      245.000      305.000
F:
     0:       70.000       27.197       37.447
G:
     0:        1.000        1.000        1.000        1.000        1.000
     5:        1.000        1.000        1.000        1.000        0.000
H:
     0:        1.000        1.000        2.000        2.000
L:
     0:     6314.000     6261.000     8474.000     6487.000     7139.000
     5:     6371.000     6214.000     6865.000     6142.000    23672.000
    10:     6337.000     9720.000     6421.000     6396.000     7953.000
    15:     6978.000    11646.000
R:
     0:        1.000        1.000        1.000        1.000        1.000
     5:        1.000        1.000        1.000        1.000        0.000
S:
     0:        1.000        1.000
U:
     0:     6261.000        1.000      190.000
X:
     0:        0.000      508.001      520.002      524.003      561.004
     5:      621.004      671.000      671.000     1169.001     1183.002
    10:     1185.003     1196.004     1227.005     1232.006     1278.007
    15:     1280.008     1287.008     1337.000     1337.000     1337.108
    20:     1337.110     1337.112     1337.114     1337.116     1337.118
    25:     1337.120     1337.122     1337.124     1337.126     1337.128
    30:     1337.130     1337.132     1337.134     1337.136     1337.137
    35:     1337.138     1337.139     1337.140     1337.140     1337.000
    40:     1337.000     1915.001     1921.002     1926.003     1929.004
    45:     1958.005     1968.006     1972.007     1974.008     1975.008
    50:     2025.000     2025.000     2668.001     2682.002     2685.003
    55:     2691.004     2702.005     2704.006     2728.006     2730.007
    60:     2778.000     2778.000     3263.001     3268.002     3275.003
    65:     3280.004     3291.005     3293.006     3304.007     3312.008
    70:     3345.009     3347.010     3351.011     3358.012     3363.013
    75:     3366.014     3373.015     3383.016     3405.016     3455.000
    80:     3455.000     3800.001     3807.002     3815.003     3818.004
    85:     3832.005     3835.006     3865.007     3873.008     3883.009
    90:     3886.010     3896.011     3902.012     3934.013     3943.014
    95:     3953.015     3955.016     3962.017     3966.018     3982.019
   100:     3988.020     4006.021     4012.022     4015.023     4066.023
   105:     4116.000     4116.000     4732.001     4737.002     4743.003
   110:     4758.004     4770.005     4781.006     4783.007     4792.007
   115:     4842.000     4842.000     4842.103     4842.104     4842.105
   120:     4842.106     4842.107     4842.108     4842.109     4842.110
   125:     4842.111     4842.111     4842.000     4842.000     5424.002
   130:     5431.004     5439.006     5450.008     5453.010     5459.012
   135:     5462.014     5478.016     5506.018     5530.020     5533.022
   140:     5539.024     5546.026     5556.028     5563.030     5574.032
   145:     5576.034     5634.036     5646.038     5653.040     6322.042
   150:     6335.044     6349.046     6394.048     6397.050     6402.052
   155:     6413.054     6421.056     6422.058     6438.060     6440.062
   160:     9827.001     9841.002     9882.003     9883.004     9887.004
   165:     9937.000     9937.000    10334.001    10336.002    10343.003
   170:    10350.004    10376.005    10380.006    10382.007    10407.008
   175:    10422.009    10424.010    10427.011    10428.012    10432.013
   180:    10464.014    10500.015    10505.016    10560.016    10610.000
   185:    10610.000    11511.001    11519.002    11524.003    11526.004
   190:    11534.005    11550.006    11572.006    11622.000    11622.000
   195:    12108.001    12131.002    12148.003    12155.004    12194.005
   200:    12197.006    12208.007    12212.008    12254.008    12304.000
   205:    12304.000    12728.001    12742.002    12757.003    12789.004
   210:    12792.005    12806.006    12812.007    12826.008    12828.009
   215:    12873.010    12913.011    12933.011    12983.000    12983.000
   220:    13708.001    13713.002    13728.003    13734.004    13737.005
   225:    13740.006    13746.007    13768.007    13818.000    13818.000
   230:    14445.001    14450.002    14472.003    14474.004    14483.005
   235:    14486.006    14505.006    14555.000    14555.000    15649.001
   240:    15667.002    15680.003    15709.003    15759.000    15759.000
Y:
     0:        0.000      422.001      750.002      750.002      800.000
     5:      800.000     1272.001     1276.002     1278.003     1311.004
    10:     1315.005     1321.006     1385.007     1402.008     1415.009
    15:     1452.010     1452.010     1502.000     1502.000     1978.001
    20:     1986.002     2112.003     2119.004     2146.005     2147.005
    25:     2197.000     2197.000     2443.001     2476.002     2606.003
    30:     2617.004     2785.005     2790.006     2816.007     2819.008
    35:     2824.009     2836.010     2837.010     2887.000     2887.000
    40:     3043.002     3109.004     3196.006     3199.008     3200.010
    45:     3204.012     3252.014     3254.016     3257.018     3266.020
    50:     3278.022     3286.024     3291.026     3320.028     3323.030
    55:     3332.032     3337.034     3344.036     3368.038     3392.040
    60:     3475.042     3477.044     3479.046     3490.048     3495.050
    65:     3505.052     3510.054     3514.056     3536.058     3553.060
    70:     3566.062     3576.064     3592.066     3632.068     3638.070
    75:     3685.072     3719.074     3783.076     3822.078     3886.080
    80:     4081.082     4086.084     4151.086     4220.088     4228.090
    85:     4319.092     4416.094     4474.096     4482.098     4493.100
    90:     4581.102     4603.104     4682.106     8024.001     8060.002
    95:     8088.003     8121.004     8124.005     8126.006     8152.007
   100:     8157.008     8160.009     8189.010     8193.011     8280.012
   105:     8288.013     8290.014     8301.015     8313.016     8313.016
   110:     8363.000     8363.000     8757.001     8817.002     8821.003
   115:     8875.004     8878.005     8881.006     8887.007     8917.008
   120:     8923.009     8932.010     8949.011     8964.012     8990.013
   125:     9008.014     9008.014     9058.000     9058.000     9416.001
   130:     9463.002     9513.003     9517.004     9519.005     9573.006
   135:     9802.007     9802.007     9852.000     9852.000    10326.001
   140:    10406.002    10409.003    10414.004    10424.005    10425.006
   145:    10437.007    10447.008    10462.009    10485.010    10485.010
   150:    10535.000    10535.000    11050.001    11084.002    11088.003
   155:    11105.004    11120.005    11123.006    11135.007    11156.008
   160:    11160.009    11166.010    11166.010    11216.000    11216.000
   165:    11614.002    11628.004    11657.006    11659.008    11665.010
   170:    11667.012    11678.014    11698.016    11700.018    11706.020
   175:    11712.022    11723.024    11728.026    11737.028    11743.030
   180:    11807.032    11809.034    11818.036    11829.038    11833.040
   185:    11841.042    11852.044    11865.046    11870.048    11875.050
   190:    11887.052    11895.054    11901.056    11913.058    11934.060
   195:    11939.062    11946.064    11952.066    11955.068    11961.070
   200:    11974.072    11978.074    12002.076    12007.078    12015.080
   205:    12035.082    12065.084    12070.086    12079.088    12124.090
   210:    12225.092    12229.094    12336.096    12593.098    12608.100
   215:    12934.102    14179.001    14228.002    14316.003    14325.004
   220:    14359.005    14364.006    14417.007    14423.008    14436.009
   225:    14446.010    14448.011    14455.012    14466.013    14484.014
   230:    14488.015    14501.016    14502.016    14552.000    14552.000
   235:    14552.063    14552.063    14552.000    14552.000    16771.001
   240:    16771.001    16821.000    16821.000    17169.001    17229.002
   245:    17267.003    17280.004    17302.005    17321.006    17356.007
   250:    17362.008    17376.009    17387.010    17393.011    17427.012
   255:    17431.013    17437.014    17449.015    17449.015    17499.000
   260:    17499.000    18184.001    18184.001    18234.000    18234.000
   265:    20264.001    20264.001    20314.000    20314.000    20796.001
   270:    20804.002    20826.003    20838.004    20858.005    20866.006
   275:    20891.007    20899.008    20908.009    20926.010    20932.011
   280:    20950.012    20950.012    21000.000    21000.000    21730.001
   285:    21730.001    21780.000    21780.000    22237.001    22259.002
   290:    22290.003    22299.004    22326.005    22328.006    22334.007
   295:    22348.008    22365.009    22375.010    22381.011    22393.012
   300:    22398.013    22404.014    22418.015    22418.015    22468.000
