File: C:\MED-PC\Data\2018-05-17_10h39m_Subject M330.txt


Start Date: 05/17/18
End Date: 05/17/18
Subject: M330
Experiment: DOBLE_PICO_ACO
Group: EXP
Box: 10
Start Time: 10:39:20
End Time: 11:52:45
MSN: IF_ACO_MULTIPLE_PICO
A:     295.000
B:      20.000
D:      21.000
I:       2.000
J:   18000.000
K:    5400.000
M:       0.000
N:      20.000
O:      21.000
P:     603.000
Q:       0.000
T:    1000.000
V:     600.000
W:      20.000
Z:       0.000
C:
     0:        0.120        0.120        0.120        0.120        0.120
     5:        0.120        0.120        0.120        0.120        0.510
    10:       34.120       53.120       54.120      234.110      245.110
    15:      251.110      270.120      283.110      301.110      330.110
    20:      337.110      378.120      402.110      407.110      429.110
    25:      436.110      445.110      490.120      500.110      506.110
    30:      508.110      517.110      524.110      534.110      561.110
    35:      561.210      566.120      611.310      670.120      672.120
    40:      676.120      678.120      711.500      725.120      731.120
    45:      743.120      780.120      804.120      873.120      942.120
    50:      982.120     1032.120     1075.120     1108.100     1110.100
    55:     1122.120     1143.100     1149.100     1164.100     1172.100
    60:     1180.100     1213.100     1218.100     1221.100     1226.100
    65:     1230.100     1234.100     1236.100     1246.100     1254.120
    70:     1295.100     1298.100     1299.100     1301.100     1304.100
    75:     1307.100     1315.100     1326.100     1327.100     1336.100
    80:     1340.120     1355.200     1405.300     1492.120     1494.120
    85:     1496.120     1498.120     1499.120     1501.120     1503.120
    90:     1505.120     1505.510     1528.120     1529.120     1530.120
    95:     1532.120     1533.120     1736.110     1753.120     1761.120
   100:     1772.120     1805.120     1837.120     1862.120     1882.120
   105:     1907.110     1922.120     1945.120     1975.110     1983.110
   110:     1986.110     1992.110     1998.110     2001.110     2004.110
   115:     2040.110     2043.110     2047.110     2050.110     2059.110
   120:     2074.110     2078.110     2082.110     2112.110     2120.110
   125:     2125.110     2133.110     2137.110     2141.110     2143.110
   130:     2149.110     2163.110     2163.210     2164.110     2167.120
   135:     2213.310     2217.120     2313.510     2326.120     2328.120
   140:     2343.120     2350.120     2352.120     2359.120     2363.120
   145:     2365.120     2376.120     2381.120     2383.120     2401.120
   150:     2454.120     2485.120     2515.120     2544.120     2584.120
   155:     2589.120     2630.120     2657.120     2708.120     2738.120
   160:     2748.120     2768.120     2793.120     2840.120     2884.110
   165:     2893.110     2896.110     2904.120     2940.110     2944.110
   170:     2949.110     2954.110     2958.110     2964.110     2968.110
   175:     2968.210     2972.120     3018.310     3118.500     3163.120
   180:     3164.120     3172.120     3174.120     3176.120     3178.120
   185:     3261.120     3275.120     3297.120     3356.120     3392.120
   190:     3436.120     3467.120     3471.120     3473.120     3479.120
   195:     3495.120     3531.120     3540.120     3545.120     3560.120
   200:     3573.120     3575.120     3660.120     3699.120     3721.120
   205:     3787.100     3791.120     3835.100     3837.100     3841.100
   210:     3847.200     3847.120     3897.300     3900.120     3997.540
   215:     4009.120     4053.120     4055.120     4100.120     4328.120
   220:     4397.120     4444.120     4493.120     4573.120     4574.120
   225:     4618.120     4663.120     4672.120     4685.110     4691.110
   230:     4696.110     4701.110     4704.110     4708.110     4716.110
   235:     4739.110     4744.110     4750.110     4778.110     4785.110
   240:     4791.110     4798.110     4804.110     4807.110     4815.110
   245:     4824.110     4842.110     4847.110     4865.110     4871.110
   250:     4875.110     4884.110     4888.110     4894.110     4895.110
   255:     4899.110     4901.110     4905.110     4924.110     4929.110
   260:     4933.110     4939.110     4946.110     4961.110     4967.110
   265:     4968.110     4979.110     4997.120     5039.110     5041.110
   270:     5048.110     5057.110     5063.110     5068.110     5076.110
   275:     5083.110     5091.110     5096.110     5101.120     5133.120
   280:     5153.110     5157.110     5168.110     5296.120     5348.120
   285:     5412.120     5455.120     5489.120     5509.120     5542.120
   290:     5581.120     5625.120     5631.120     5669.120     5703.110
   295:     5709.110     5718.110     5727.110     5735.120     5771.110
   300:     5776.110     5781.110     5783.110     5786.110     5789.110
   305:     5797.340     5897.500     6045.120     6054.120     6062.100
   310:     6070.100     6096.120     6103.120     6144.120     6181.120
   315:     6243.120     6300.120     6349.120     6384.100     6396.120
   320:     6426.120     6443.120     6451.100     6456.100     6458.100
   325:     6462.100     6466.100     6471.100     6477.100     6482.100
   330:     6487.100     6500.120     6511.200     6561.300     6564.120
   335:     6642.120     6661.510     6665.120     6674.120     6676.120
   340:     6690.120     6705.120     6717.120     6719.120     6747.120
   345:     6759.120     6763.120     6765.120     6770.120     6775.120
   350:     6784.120     6787.120     6790.120     6794.120     6796.120
   355:     6802.120     6807.120     6810.120     6811.120     6815.120
   360:     6817.120     6820.120     6821.120     6823.120     6825.120
   365:     6826.120     6828.120     6832.120     6837.120     6838.120
   370:     6841.120     6843.120     6845.120     6846.120     6849.120
   375:     6852.120     6854.120     6855.120     6856.120     6856.120
   380:     6859.120     6863.120     6866.120     6870.120     6874.120
   385:     6876.120     6877.120     6881.120     6883.120     6885.120
   390:     6889.120     6901.120     6903.120     6906.120     6911.120
   395:     6913.120     6915.120     6917.120     6924.120     6929.120
   400:     6931.120     6933.120     6935.120     6937.120     6939.120
   405:     7107.120     7142.120     7218.120     7225.120     7246.120
   410:     7268.110     7274.110     7278.110     7286.110     7291.110
   415:     7298.110     7317.110     7317.210     7322.120     7367.310
   420:     7467.530     7515.120     7770.120     7809.120     7839.120
   425:     7874.120     7909.120     7948.120     7977.120     8012.120
   430:     8036.120     8077.100     8089.120     8122.100     8125.100
   435:     8133.120     8169.100     8179.100     8188.100     8203.100
   440:     8206.120     8231.120     8233.120     8235.120     8247.120
   445:     8280.100     8281.100     8292.120     8346.100     8349.100
   450:     8353.100     8364.100     8369.100     8377.100     8391.120
   455:     8424.120     8590.100     8608.120     8656.120     8690.120
   460:     8713.120     8742.120     8811.120     8832.120     8864.120
   465:     8910.120     8952.120     8961.120     9011.120     9054.120
   470:     9096.120     9126.120     9146.120     9154.120     9214.100
   475:     9227.120     9267.100     9267.330     9290.120     9297.120
   480:     9312.120     9328.120     9350.120     9360.120     9367.500
   485:     9368.120     9381.120     9382.120     9388.120     9391.120
   490:     9392.120     9399.120     9445.120     9502.120     9531.120
   495:     9553.120     9591.120     9692.120     9744.100     9753.120
   500:     9765.120     9766.120     9780.120     9798.100     9815.120
   505:     9855.100     9867.100     9873.100     9936.100     9940.100
   510:     9950.100     9953.100     9956.100     9965.100     9973.120
   515:     9996.200    10046.300    10066.120    10146.500    10173.120
   520:    10174.120    10175.120    10216.120    10220.120    10263.120
   525:    10334.120    10376.120    10413.120    10431.120    10475.120
   530:    10598.120    10633.120    10683.120    10744.100    10748.120
   535:    10780.100    10785.100    10791.100    10796.100    10804.200
   540:    10805.100    10809.120    10854.300    10947.120    10954.510
   545:    10966.120    10983.120    10994.120    10996.120    11000.120
   550:    11001.120    11002.120    11004.120    11006.120    11008.120
   555:    11015.120    11123.120    11166.120    11201.120    11207.120
   560:    11258.120    11282.120    11286.120    11317.120    11366.120
   565:    11405.120    11428.120    11433.120    11485.110    11491.110
   570:    11569.110    11576.110    11618.110    11618.210    11623.120
   575:    11668.310    11764.120    11768.510    11791.120    11800.120
   580:    11809.120    11811.120    11811.120    11812.120    11820.120
   585:    11822.120    11829.120    11831.120    11903.120    11932.120
   590:    12003.120    12030.120    12070.120    12077.120    12078.120
   595:    12113.120    12251.120    12260.120    12280.120    12282.120
   600:    12458.110    12464.110    12468.110    12489.110    12498.110
   605:    12502.110    12512.110    12512.210    12516.120    12562.310
   610:    12662.510    12727.120    12803.120    12837.120    12841.120
   615:    12876.120    12929.120    13006.120    13042.120    13084.120
   620:    13134.120    13164.120    13185.120    13221.120    13249.120
   625:    13284.110    13285.110    13290.110    13341.110    13346.110
   630:    13358.110    13368.110    13379.110    13381.110    13383.110
   635:    13393.110    13405.110    13405.210    13409.120    13455.310
   640:    13555.510    13571.120    13608.120    13820.120    13835.120
   645:    13861.120    13891.120    13964.120    14014.120    14019.120
   650:    14037.120    14077.120    14088.120    14123.110    14128.110
   655:    14133.110    14143.110    14152.110    14158.110    14175.110
   660:    14177.110    14181.110    14185.110    14191.110    14206.110
   665:    14212.110    14224.110    14233.110    14243.110    14245.110
   670:    14246.110    14250.110    14253.110    14262.110    14269.110
   675:    14272.110    14280.110    14305.110    14305.210    14310.120
   680:    14355.310    14419.120    14436.120    14454.120    14455.500
   685:    14456.120    14463.120    14492.120    14513.120    14519.120
   690:    14543.120    14551.120    14601.120    14626.120    14651.120
   695:    14691.120    14700.120    14748.120    14781.120    14833.120
   700:    14856.120    15046.120    15087.100    15091.120    15123.100
   705:    15132.100    15144.100    15147.200    15152.120    15197.300
   710:    15293.120    15297.500    15319.120    15327.120    15329.120
   715:    15341.120    15342.120    15350.120    15351.120    15353.120
   720:    15354.120    15359.120    15361.120    15804.120    15817.120
   725:    15841.120    15865.120    15865.120    15868.120    15870.120
   730:    15872.120    15875.120    15877.120    15881.120    15884.120
   735:    15886.120    15890.120    15897.120    15899.120    15913.120
   740:    15952.100    15960.100    15978.100    15980.120    16012.200
   745:    16014.120    16062.300    16154.120    16162.510    16212.120
   750:    16225.120    16229.120    16230.120    16242.120    16244.120
   755:    16252.120    16271.120    16280.120    16287.120    16297.120
   760:    16309.120    16346.120    16387.120    16432.120    16441.120
   765:    16477.120    16504.120    16532.120    16536.120    16606.120
   770:    16609.120    16626.120    16628.120    16630.120    16659.120
   775:    16691.120    16732.110    16737.110    16742.110    16753.110
   780:    16757.110    16767.110    16774.120    16788.110    16797.110
   785:    16801.110    16809.110    16814.110    16829.110    16836.110
   790:    16841.110    16846.110    16852.110    16862.110    16875.110
   795:    16878.110    16882.110    16892.110    16902.110    16902.210
   800:    16903.110    16908.120    16952.310    17052.500    17095.120
   805:    17131.120    17148.120    17161.120    17167.120    17170.120
   810:    17187.120    17196.120    17197.120    17232.120    17257.120
   815:    17263.120    17308.120    17346.120    17350.120    17368.120
   820:    17373.120    17375.120    17433.120    17452.120    17600.120
   825:    17609.120    17617.120    17641.100    17645.120    17690.100
   830:    17691.100    17693.100    17696.100    17701.200    17705.120
   835:    17751.300    17851.500    17873.120    17874.120    17887.120
   840:    17896.120    17898.120    17903.120    17907.120    17909.120
   845:    17916.120    17917.120    18180.120    18186.120    18215.120
   850:    18251.120    18293.120    18296.120    18337.120    18363.120
   855:    18385.120    18755.120    18814.100    18824.100    18828.100
   860:    18841.100    18850.120    18874.200    18924.300    19010.120
   865:    19024.510    19030.120    19032.120    19033.120    19041.120
   870:    19042.120    19242.110    19269.110    19275.110    19280.120
   875:    19295.120    19307.120    19326.120    19348.110    19396.120
   880:    19399.120    19413.120    19429.120    19435.120    19442.120
   885:    19487.120    19529.120    19551.120    19597.120    19642.110
   890:    19648.110    19662.110    19690.110    19701.110    19707.110
   895:    19712.110    19722.110    19743.110    19760.110    19762.110
   900:    19763.110    19763.210    19764.110    19768.120    19813.310
   905:    19881.120    19913.500    19977.120    20014.120    20044.120
   910:    20113.120    20117.120    20141.120    20145.120    20190.120
   915:    20237.120    20269.120    20290.120    20293.120    20324.120
   920:    20338.100    20393.120    20396.120    20396.120    20400.120
   925:    20426.120    20478.100    20485.120    20523.100    20526.100
   930:    20528.100    20536.100    20538.200    20544.120    20588.300
   935:    20688.500    20693.120    20723.120    20726.120    20728.120
   940:    20730.120    20735.120    20737.120    20754.120    20759.120
   945:    20782.120    20783.120    20795.120    20830.120    20881.120
   950:    20881.120    21068.120    21141.120    21157.120    21194.120
   955:    21251.120    21285.120    21325.120    21345.120    21391.100
   960:    21403.100    21410.100    21415.100    21420.100    21433.100
   965:    21436.120    21451.200    21501.300    21600.120    21601.510
   970:    21630.120    21636.120    21638.120    21640.120    21643.120
   975:    21645.120    22082.110    22098.120    22101.120    22104.120
   980:    22108.120    22109.120    22193.120    22216.120    22219.120
   985:    22225.120    22247.120    22280.120    22283.120    22286.120
   990:    22304.120    22343.110    22343.210    22347.120    22393.310
   995:    22493.510    22512.120    22513.120    22514.120    22533.120
  1000:    22542.120    22545.120    22553.120    22556.120    22558.120
  1005:    22668.120    22685.120    22695.120    22702.120    22703.120
  1010:    22705.120    22721.120    22721.120    22723.120    22746.120
  1015:    22759.120    22767.120    22769.120    22796.120    22810.120
  1020:    22811.120    22820.120    22824.120    22831.120    22838.120
  1025:    22843.120    22846.120    22847.120    22856.120    22861.120
  1030:    22870.120    22905.120    22910.120    22920.120    22924.120
  1035:    22939.120    22951.110    22958.110    23011.110    23016.110
  1040:    23022.110    23059.110    23063.110    23066.110    23103.110
  1045:    23110.110    23116.110    23126.110    23126.210    23131.120
  1050:    23176.310    23179.120    23276.510    23286.120    23523.120
  1055:    23532.120    23552.120    23555.120    23613.120    23620.120
  1060:    23662.120    23665.120    23714.120    23761.120    23767.120
  1065:    23790.120    23816.110    23863.110    23873.110    23878.110
  1070:    23888.110    23894.110    23897.110    23900.110    23915.110
  1075:    23915.210    23920.120    23965.310    24050.120    24065.500
  1080:    24111.120    24119.120    24122.120    24130.120    24163.120
  1085:    24168.120    24172.120    24203.120    24207.120    24211.120
  1090:    24214.120    24248.120    24255.120    24261.120    24264.120
  1095:    24299.120    24304.120    24308.120    24344.120    24346.120
  1100:    24354.120    24356.120    24357.120    24401.120    24404.120
  1105:    24405.120    24442.100    24451.120    24488.100    24499.120
  1110:    24526.100    24530.100    24542.100    24550.100    24553.100
  1115:    24555.100    24556.100    24567.100    24577.120    24636.120
  1120:    24650.100    24659.100    24663.100    24668.100    24677.100
  1125:    24692.100    24693.100    24696.100    24703.100    24710.200
  1130:    24711.100    24714.120    24760.300    24823.120    24860.510
  1135:    24875.120    24889.120    24900.120    24904.120    24916.120
  1140:    24923.120    24926.120    24951.120    24965.120    24968.120
  1145:    24969.120    24976.120    24977.120    25014.120    25016.120
  1150:    25023.120    25068.120    25072.120    25082.120    25083.120
  1155:    25085.120    25089.120    25090.120    25091.120    25128.120
  1160:    25132.120    25136.120    25140.120    25192.120    25200.120
  1165:    25218.120    25238.120    25242.120    25244.120    25245.120
  1170:    25250.120    25288.120    25298.120    25333.120    25374.110
  1175:    25390.120    25416.110    25422.110    25426.110    25432.110
  1180:    25434.110    25438.110    25447.110    25450.110    25455.110
  1185:    25469.110    25475.110    25481.110    25482.110    25483.110
  1190:    25485.110    25493.110    25493.210    25498.120    25543.310
  1195:    25643.500    25649.120    25650.120    25689.120    25845.120
  1200:    25847.120    25860.120    25867.120    25914.120    25937.120
  1205:    25949.120    25953.120    25966.120    25980.120    25987.120
  1210:    25990.120    26044.120    26079.120    26084.120    26087.120
  1215:    26144.120    26149.120    26178.120    26214.120    26219.120
  1220:    26221.120    26265.120    26296.100    26307.120    26323.100
  1225:    26335.100    26337.100    26341.100    26343.100    26356.200
  1230:    26360.120    26406.300    26502.120    26506.500    26520.120
  1235:    26522.120    26523.120    26529.120    26541.120    26542.120
  1240:    26544.120    26546.120    26550.120    26551.120    26552.120
  1245:    26552.120    26553.120    26561.120    26571.120    26586.120
  1250:    26588.120    26598.120    26615.120    26616.120    26623.120
  1255:    26627.120    26630.120    26637.120    26638.120    26640.120
  1260:    26642.120    26653.120    26654.120    26655.120    26657.120
  1265:    26659.120    26661.120    26695.120    26703.120    26734.120
  1270:    26824.120    26828.120    26830.120    26832.120    26868.120
  1275:    26876.120    26879.120    26919.120    26941.120    26945.120
  1280:    26948.120    26969.120    27016.120    27084.120    27118.120
  1285:    27122.120    27124.120    27128.120    27132.120    27133.120
  1290:    27137.120    27166.120    27169.120    27182.120    27291.120
  1295:    27329.100    27349.100    27350.100    27353.100    27356.100
  1300:    27365.100    27373.100    27376.100    27380.100    27385.120
  1305:    27389.200    27439.300    27500.120    27539.500    27542.120
  1310:    27544.120    27549.120    27564.120    27568.120    27570.120
  1315:    27574.120    27588.120    27596.120    27599.120    27605.120
  1320:    27612.120    27616.120    27621.120    27623.120    27652.120
  1325:    27660.120    27662.120    27663.120    27665.120    27666.120
  1330:    27708.120    27716.120    27936.120    27951.120    27958.120
  1335:    27984.120    27992.120    28010.120    28016.120    28061.120
  1340:    28066.120    28070.120    28100.120    28130.120    28134.120
  1345:    28150.120    28188.120    28276.120    28306.120    28310.120
  1350:    28328.120    28332.120    28358.120    28393.100    28397.100
  1355:    28400.100    28410.100    28415.100    28422.100    28425.100
  1360:    28431.100    28433.100    28437.120    28453.200    28503.300
  1365:    28550.120    28603.510    28613.120    28621.120    28643.120
  1370:    28656.120    28670.120    28682.120    28691.120    28694.120
  1375:    28702.120    28709.120    28713.120    28718.120    28725.120
  1380:    28727.120    28733.120    28735.120    28739.120    28746.120
  1385:    28750.120    28753.120    28755.120    28757.120    28762.120
  1390:    28763.120    28764.120    28774.120    28776.120    28778.120
  1395:    28781.120    28782.120    28785.120    28787.120    28790.120
  1400:    28794.120    28795.120    28800.120    28801.120    28808.120
  1405:    28812.120    28813.120    28825.120    28827.120    28827.120
  1410:    28829.120    28830.120    28831.120    28833.120    28836.120
  1415:    28845.120    28847.120    28870.120    28880.120    28900.120
  1420:    28923.120    28928.120    28930.120    28934.120    28935.120
  1425:    28941.120    28942.120    28943.120    28963.120    29002.110
  1430:    29104.110    29116.110    29216.110    29222.110    29227.110
  1435:    29237.120    29296.110    29296.210    29300.120    29346.310
  1440:    29446.510    29950.110    29954.110    29988.110    29995.110
  1445:    30007.120    30039.110    30044.110    30048.110    30053.110
  1450:    30056.110    30060.110    30064.110    30067.110    30072.110
  1455:    30074.110    30083.110    30086.110    30086.210    30092.120
  1460:    30136.310    30188.120    30236.510    30254.120    30256.120
  1465:    30262.120    30263.120    30277.120    30289.120    30305.120
  1470:    30897.110    30897.210    30900.120    30947.310    30993.120
  1475:    31046.120    31047.530    31048.120    31388.100    31395.100
  1480:    31411.120    31436.100    31443.100    31445.100    31453.100
  1485:    31456.100    31465.100    31469.120    31514.120    31531.100
  1490:    31534.100    31540.100    31544.100    31548.100    31553.100
  1495:    31558.100    31575.100    31586.100    31591.120    31648.120
  1500:    31659.100    31667.100    31672.100    31675.100    31726.100
  1505:    31739.120    31817.100    31818.100    31831.100    31836.120
  1510:    31907.100    31911.100    31924.100    31932.120    31996.100
  1515:    32005.100    32006.100    32533.120    32567.100    32575.120
  1520:    32655.100    32660.100    32670.100    32700.120    32733.100
  1525:    32735.100    32744.100    32746.100    32752.100    32756.120
  1530:    32792.120    32793.120    32821.100    32825.100    32829.100
  1535:    32833.100    32847.330    32900.120    32905.120    32923.120
  1540:    32929.120    32947.500    32952.120    32959.120    32961.120
  1545:    32962.120    33006.120    33011.120    33037.120    33040.120
  1550:    33299.120    33309.120    33358.120    33407.100    33411.120
  1555:    33442.100    33449.100    33453.100    33455.100    33465.100
  1560:    33472.100    33476.120    33543.100    33546.100    33550.100
  1565:    33554.100    33562.100    33570.100    33572.100    33579.100
  1570:    33584.100    33586.100    33588.100    33597.100    33602.100
  1575:    33603.200    33603.100    33607.120    33653.300    33728.120
  1580:    33729.120    33753.540    33768.120    33773.120    33788.120
  1585:    33794.120    33801.120    33818.120    33823.120    33827.120
  1590:    33830.120    33836.120    33904.120    33932.120    33936.120
  1595:    33976.120    33984.120    33989.120    34045.120    34105.120
  1600:    34113.120    34156.120    34183.120    34186.120    34214.120
  1605:    34236.110    34241.110    34273.110    34276.110    34290.110
  1610:    34294.120    34313.110    34319.110    34328.110    34335.110
  1615:    34350.110    34354.110    34359.110    34362.110    34366.110
  1620:    34371.110    34378.110    34380.110    34396.110    34401.110
  1625:    34403.110    34405.110    34406.110    34407.110    34408.110
  1630:    34409.110    34410.110    34412.110    34419.110    34429.110
  1635:    34434.110    34436.110    34439.110    34445.110    34467.110
  1640:    34469.110    34473.110    34478.110    34479.110    34480.110
  1645:    34481.110    34482.110    34484.110    34485.110    34490.110
  1650:    34496.110    34500.110    34501.110    34502.110    34510.110
  1655:    34514.110    34528.110    34547.110    34550.110    34554.110
  1660:    34559.110    34560.110    34561.110    34563.110    34564.110
  1665:    34582.110    34585.110    34596.110    34600.110    34618.110
  1670:    34622.110    34682.110    34958.110    34965.110    34980.120
  1675:    34990.120    34998.120    35002.120    35017.120    35026.120
  1680:    35031.120    35039.120    35043.120    35046.120    35052.120
  1685:    35058.120    35067.120    35076.120    35123.120    35133.120
  1690:    35195.110    35253.110    35261.110    35270.110    35328.110
  1695:    35333.110    35334.110    35341.110    35346.110    35349.110
  1700:    35394.110    35400.110    35409.110    35414.110    35420.110
  1705:    35421.110    35425.110    35427.110    35438.110    35446.110
  1710:    35457.110    35462.110    35469.110    35492.110    35497.110
  1715:    35509.110    35515.110    35522.110    35536.110    35544.110
  1720:    35553.340    35653.510    35838.110    35847.110    35959.120
  1725:    35964.120    35966.120    35969.120    35971.120    35974.120
  1730:    35991.120    36007.120    36013.120    36062.120    36098.120
  1735:    36140.110    36145.110    36151.110    36158.110    36168.110
  1740:    36173.120    36194.110    36206.110    36209.110    36265.120
  1745:    36273.110    36287.110    36294.110    36294.210    36298.120
  1750:    36344.310    36444.500    36512.120    36521.120    36524.120
  1755:    36530.120    36532.120    36557.120    36566.120    36582.120
  1760:    36595.120    36605.120    36627.120    36630.120    36632.120
  1765:    36634.120    36685.120    36690.120    36711.120    36716.120
  1770:    36717.120    36720.120    36724.120    36726.120    36762.120
  1775:    36826.120    36831.120    36856.120    36862.120    36961.100
  1780:    36974.120    37027.100    37036.100    37054.120    37087.200
  1785:    37089.100    37091.120    37137.300    37208.120    37237.500
  1790:    37240.120    37242.120    37243.120    37249.120    37256.120
  1795:    37270.120    37279.120    37285.120    37292.120    37294.120
  1800:    37297.120    37302.120    37307.120    37313.120    37319.120
  1805:    37321.120    37365.120    37409.120    37416.120    37460.120
  1810:    37464.120    37478.120    37481.120    37505.120    37507.120
  1815:    37550.120    37567.120    37610.120    37657.120    37689.120
  1820:    37706.120    37713.120    37717.120    37730.120    37731.120
  1825:    37798.120    37858.120    37915.100    37920.100    37956.100
  1830:    37964.100    37969.100    37975.200    37975.100    37980.120
  1835:    38025.300    38075.120    38100.120    38103.120    38105.120
  1840:    38110.120    38112.120    38114.120    38119.120    38125.510
  1845:    38572.110    38582.110    38590.110    38609.110    38614.110
  1850:    38629.110    38635.110    38643.110    38647.110    38653.110
  1855:    38654.110    38655.110    38660.110    38666.110    38670.110
  1860:    38674.110    38678.110    38684.110    38690.120    38699.110
  1865:    38704.110    38708.110    38709.110    38710.110    38711.110
  1870:    38751.110    38756.110    38757.110    38758.110    38759.110
  1875:    38760.110    38783.110    38783.210    38789.120    38833.310
  1880:    38933.500    38938.120    39484.120    39490.120    39509.100
  1885:    39521.120    39569.200    39578.120    39619.300    39692.120
  1890:    39693.120    39719.510    39719.120    39728.120    39730.120
  1895:    39732.120    39755.120    39807.120    39816.120    39817.120
  1900:    39850.120    39855.120    40127.120    40137.120    40138.120
  1905:    40178.120    40188.120    40190.120    40191.120    40192.120
  1910:    40215.120    40263.120    40269.120    40329.120    40359.110
  1915:    40359.210    40364.120    40409.310    40452.120    40509.500
  1920:    40619.120    40622.120    40628.120    40638.120    40681.120
  1925:    40688.120    40694.120    40694.120    40895.120    40905.120
  1930:    40907.120    40912.120    40921.120    40937.120    40951.120
  1935:    40975.120    41014.100    41020.100    41054.100    41057.100
  1940:    41062.100    41068.100    41072.100    41079.100    41083.120
  1945:    41112.100    41114.200    41118.120    41164.300    41231.120
  1950:    41232.120    41264.510    41400.120    41407.120    41414.120
  1955:    41416.120    41420.120    41424.120    41429.120    41436.120
  1960:    41439.120    41443.120    41469.120    41476.120    41477.120
  1965:    41478.120    41481.120    41508.120    41516.120    41519.120
  1970:    41521.120    41522.120    41524.120    41528.120    41530.120
  1975:    41531.120    41533.120    41535.120    41537.120    41540.120
  1980:    41574.120    41576.120    41578.120    41580.120    41582.120
  1985:    41586.120    41633.120    41637.120    41639.120    41671.120
  1990:    41696.110    41704.110    41758.110    41759.110    41765.110
  1995:    41776.110    41793.110    41796.110    41798.110    41806.110
  2000:    41811.110    41820.110    41838.110    41844.110    41848.110
  2005:    41859.110    41864.110    41871.110    41893.110    41901.110
  2010:    41906.110    41906.210    41907.110    41911.120    41956.310
  2015:    41992.120
E:
     0:     2016.000      293.000      506.000
F:
     0:       70.000       30.497       32.895
G:
     0:        1.000        1.000        1.000        1.000        1.000
     5:        1.000        1.000        1.000        1.000        0.000
H:
     0:        1.000        1.000        2.000        2.000
L:
     0:     6537.000     7388.000     6248.000     6387.000     6684.000
     5:     7014.000     7257.000     6585.000    10328.000     6350.000
    10:     7735.000     6548.000     7236.000     8930.000     9239.000
    15:     6658.000     6531.000     7474.000     6459.000     6147.000
R:
     0:        1.000        1.000        1.000        1.000        1.000
     5:        1.000        1.000        1.000        1.000        0.000
S:
     0:        1.000        1.000
U:
     0:     6387.000        3.000        0.000
X:
     0:        0.000      396.001      398.002      431.003      437.004
     5:      452.005      460.006      468.007      501.008      506.009
    10:      509.010      514.011      518.012      522.013      524.014
    15:      534.015      583.016      586.017      587.018      589.019
    20:      592.020      595.021      603.022      614.023      615.024
    25:      624.025      643.025      693.000      693.000     1361.001
    30:     1409.002     1412.003     1416.004     1421.004     1471.000
    35:     1471.000     1471.125     1471.126     1471.127     1471.128
    40:     1471.129     1471.130     1471.131     1471.132     1471.133
    45:     1471.134     1471.135     1471.136     1471.136     1471.000
    50:     1471.000     2080.002     2125.004     2129.006     2172.008
    55:     2182.010     2191.012     2206.014     2283.016     2284.018
    60:     2349.020     2352.022     2357.024     2367.026     2372.028
    65:     2380.030     2593.032     3217.034     3270.036     3747.037
    70:     3801.038     3858.039     3870.040     3876.041     3939.042
    75:     3943.043     3954.044     3956.045     3959.046     3968.047
    80:     3999.047     4049.000     4049.000     4647.001     4682.002
    85:     4688.003     4694.004     4699.005     4707.005     4707.006
    90:     4757.000     4757.000     5388.001     5424.002     5433.003
    95:     5445.004     5448.004     5498.000     5498.000     6153.001
   100:     6161.002     6179.003     6213.003     6263.000     6263.000
   105:     6851.001     6900.002     6902.003     6904.004     6907.005
   110:     6911.005     6961.000     6961.000     7923.001     7934.002
   115:     7938.003     7950.004     7983.004     8033.000     8033.000
   120:     8457.001     8597.002     8643.003     8646.004     8648.005
   125:     8656.006     8658.006     8708.000     8708.000     9411.001
   130:     9422.002     9430.003     9435.004     9440.005     9453.006
   135:     9471.006     9521.000     9521.000     9897.001     9944.002
   140:     9981.003     9985.004     9997.005    10005.006    10008.007
   145:    10010.008    10012.009    10023.010    10105.011    10114.012
   150:    10118.013    10123.014    10132.015    10147.016    10149.017
   155:    10151.018    10158.019    10165.019    10166.020    10215.000
   160:    10215.000    10868.001    10895.002    10907.003    10909.004
   165:    10912.005    10915.006    10928.006    10978.000    10978.000
   170:    11800.001    11820.002    11822.003    11824.004    11827.005
   175:    11837.006    11844.007    11847.008    11851.009    11861.009
   180:    11911.000    11911.000    12764.001    12768.002    12771.003
   185:    12782.004    12786.005    12793.006    12796.007    12802.008
   190:    12805.009    12824.009    12874.000    12874.000    13215.002
   195:    13222.004    13263.006    13270.008    13272.010    13280.012
   200:    13283.014    13292.016    13357.018    13361.020    13367.022
   205:    13371.024    13375.026    13380.028    13385.030    13402.032
   210:    13413.034    13486.036    13494.038    13499.040    13502.042
   215:    13553.044    13643.046    13645.048    13658.050    13734.052
   220:    13738.054    13750.056    13822.058    13831.060    13833.062
   225:    14394.064    14482.066    14487.068    14497.070    14560.072
   230:    14562.074    14571.076    14572.078    14579.080    14647.082
   235:    14652.084    14655.086    14659.088    15234.089    15269.090
   240:    15275.091    15280.092    15282.093    15291.094    15299.095
   245:    15369.096    15373.097    15376.098    15380.099    15389.100
   250:    15397.101    15399.102    15406.103    15411.104    15412.105
   255:    15415.106    15424.107    15429.108    15429.108    15430.109
   260:    15479.000    15479.000    15995.001    16062.002    16071.003
   265:    16122.003    16123.004    16172.000    16172.000    16849.001
   270:    16854.002    16890.003    16898.004    16903.005    16909.005
   275:    16909.006    16959.000    16959.000    17534.001    17594.001
   280:    17644.000    17644.000    18148.001    18154.002    18188.003
   285:    18191.004    18197.005    18203.006    18207.007    18213.008
   290:    18246.009    18248.009    18298.000
Y:
     0:        0.000      234.001      245.002      251.003      283.004
     5:      301.005      330.006      337.007      402.008      407.009
    10:      429.010      436.011      445.012      500.013      506.014
    15:      508.015      517.016      524.017      534.018      561.019
    20:      561.019      611.000      611.000      841.001     1012.002
    25:     1080.003     1088.004     1091.005     1097.006     1103.007
    30:     1106.008     1109.009     1145.010     1148.011     1152.012
    35:     1155.013     1164.014     1179.015     1183.016     1188.017
    40:     1217.018     1225.019     1231.020     1238.021     1243.022
    45:     1246.023     1248.024     1254.025     1269.026     1269.026
    50:     1270.027     1319.000     1319.000     1889.001     1898.002
    55:     1902.003     1945.004     1949.005     1955.006     1960.007
    60:     1963.008     1969.009     1973.010     1973.010     2023.000
    65:     2023.000     2711.002     2717.004     2722.006     2727.008
    70:     2729.010     2734.012     2742.014     2765.016     2770.018
    75:     2776.020     2804.022     2811.024     2817.026     2824.028
    80:     2830.030     2833.032     2841.034     2850.036     2868.038
    85:     2873.040     2891.042     2896.044     2901.046     2910.048
    90:     2914.050     2920.052     2921.054     2925.056     2927.058
    95:     2931.060     2950.062     2955.064     2959.066     2965.068
   100:     2971.070     2987.072     2992.074     2994.076     3005.078
   105:     3065.080     3067.082     3074.084     3083.086     3089.088
   110:     3094.090     3102.092     3109.094     3117.096     3122.098
   115:     3178.100     3183.102     3194.104     3729.106     3735.108
   120:     3744.110     3753.112     3797.114     3802.116     3807.118
   125:     3809.120     3812.122     3815.124     5294.001     5300.002
   130:     5304.003     5312.004     5317.005     5324.006     5343.007
   135:     5343.007     5393.000     5393.000     5923.001     5929.002
   140:     6007.003     6014.004     6056.005     6056.005     6106.000
   145:     6106.000     6795.001     6802.002     6806.003     6826.004
   150:     6835.005     6839.006     6849.007     6849.007     6899.000
   155:     6899.000     7520.001     7522.002     7527.003     7577.004
   160:     7583.005     7594.006     7604.007     7615.008     7617.009
   165:     7620.010     7629.011     7641.012     7641.012     7691.000
   170:     7691.000     8259.001     8264.002     8269.003     8279.004
   175:     8287.005     8294.006     8310.007     8313.008     8317.009
   180:     8320.010     8327.011     8341.012     8348.013     8360.014
   185:     8368.015     8379.016     8380.017     8382.018     8385.019
   190:     8389.020     8397.021     8405.022     8408.023     8416.024
   195:     8441.025     8441.025     8491.000     8491.000     9060.001
   200:     9065.002     9071.003     9082.004     9085.005     9095.006
   205:     9116.007     9126.008     9129.009     9137.010     9142.011
   210:     9158.012     9164.013     9169.014     9174.015     9180.016
   215:     9190.017     9204.018     9206.019     9211.020     9221.021
   220:     9230.022     9231.022     9231.023     9281.000     9281.000
   225:     9498.001     9526.002     9532.003     9605.004     9899.005
   230:     9905.006     9919.007     9947.008     9958.009     9964.010
   235:     9969.011     9979.012    10000.013    10017.014    10018.015
   240:    10020.016    10020.016    10021.017    10070.000    10070.000
   245:    10550.001    10811.002    10811.002    10861.000    10861.000
   250:    11319.001    11326.002    11379.003    11384.004    11390.005
   255:    11426.006    11431.007    11434.008    11470.009    11477.010
   260:    11484.011    11493.012    11493.012    11543.000    11543.000
   265:    12083.001    12130.002    12140.003    12145.004    12155.005
   270:    12161.006    12164.007    12166.008    12182.009    12182.009
   275:    12232.000    12232.000    12746.001    12788.002    12793.003
   280:    12798.004    12804.005    12806.006    12810.007    12819.008
   285:    12822.009    12827.010    12841.011    12847.012    12853.013
   290:    12854.014    12855.015    12856.016    12864.017    12864.017
   295:    12914.000    12914.000    13313.001    13414.002    13426.003
   300:    13527.004    13532.005    13537.006    13607.007    13607.007
   305:    13657.000    13657.000    14160.001    14164.002    14198.003
   310:    14205.004    14249.005    14254.006    14258.007    14263.008
   315:    14266.009    14270.010    14275.011    14277.012    14282.013
   320:    14284.014    14293.015    14296.016    14296.016    14346.000
   325:    14346.000    15006.001    15006.001    15056.000    15056.000
   330:    15539.002    15544.004    15576.006    15578.008    15593.010
   335:    15616.012    15622.014    15631.016    15638.018    15653.020
   340:    15657.022    15661.024    15665.026    15669.028    15674.030
   345:    15681.032    15683.034    15699.036    15704.038    15706.040
   350:    15708.042    15709.044    15710.046    15711.048    15712.050
   355:    15713.052    15714.054    15722.056    15732.058    15736.060
   360:    15739.062    15741.064    15748.066    15770.068    15771.070
   365:    15776.072    15781.074    15782.076    15782.078    15784.080
   370:    15785.082    15787.084    15788.086    15793.088    15799.090
   375:    15803.092    15804.094    15805.096    15813.098    15817.100
   380:    15831.102    15850.104    15852.106    15857.108    15862.110
   385:    15863.112    15864.114    15866.116    15867.118    15885.120
   390:    15888.122    15899.124    15903.126    15921.128    15925.130
   395:    15984.132    16261.134    16268.136    16498.138    16556.140
   400:    16564.142    16573.144    16631.146    16636.148    16637.150
   405:    16644.152    16649.154    16652.156    16696.158    16703.160
   410:    16712.162    16716.164    16723.166    16724.168    16728.170
   415:    16730.172    16741.174    16749.176    16760.178    16765.180
   420:    16772.182    16795.184    16800.186    16812.188    16818.190
   425:    16825.192    16839.194    16847.196    17140.197    17150.198
   430:    17442.199    17448.200    17454.201    17460.202    17471.203
   435:    17497.204    17509.205    17512.206    17576.207    17590.208
   440:    17597.209    17597.209    17647.000    17647.000    18094.001
   445:    18103.002    18112.003    18131.004    18136.005    18151.006
   450:    18157.007    18164.008    18169.009    18175.010    18176.011
   455:    18177.012    18182.013    18187.014    18191.015    18196.016
   460:    18200.017    18206.018    18221.019    18225.020    18230.021
   465:    18231.022    18232.023    18233.024    18273.025    18277.026
   470:    18279.027    18279.028    18281.029    18282.030    18305.031
   475:    18305.031    18355.000    18355.000    18995.001    18995.001
   480:    19045.000    19045.000    19477.001    19485.002    19538.003
   485:    19540.004    19546.005    19557.006    19573.007    19577.008
   490:    19578.009    19587.010    19591.011    19601.012    19619.013
   495:    19625.014    19628.015    19639.016    19645.017    19651.018
   500:    19673.019    19681.020    19687.021    19687.021    19688.022
   505:    19737.000
