File: C:\MED-PC\Data\2018-05-25_11h38m_Subject M329.txt


Start Date: 05/25/18
End Date: 05/25/18
Subject: M329
Experiment: DOBLE_PICO_DEMORA
Group: EXP
Box: 9
Start Time: 11:38:55
End Time: 12:53:05
MSN: IF_ACO_MULTIPLE_PICO
A:     363.000
B:      19.000
D:      19.000
I:       2.000
J:   18000.000
K:    5400.000
M:      98.000
N:      19.000
O:      19.000
P:     570.000
Q:       0.000
T:    1000.000
V:     600.000
W:      19.000
Z:       0.000
C:
     0:        0.120        0.120        0.120        0.120        0.120
     5:        0.120        0.120        0.120        0.120        0.120
    10:        0.120        0.120        0.120        0.120        0.120
    15:        0.120        0.120        0.120        0.120        0.120
    20:        0.120        0.120        0.120        0.120        0.120
    25:        0.120        0.120        0.510       19.110       36.120
    30:       51.120       86.110      135.110      185.110      193.120
    35:      197.120      202.120      285.120      298.110      302.110
    40:      304.110      322.120      331.110      338.110      399.110
    45:      402.110      405.110      411.120      482.110      485.110
    50:      487.110      489.110      492.110      499.120      505.120
    55:      511.120      512.120      528.110      534.110      537.110
    60:      539.110      545.120      556.120      582.110      582.210
    65:      585.120      632.310      732.500      921.120      946.120
    70:      951.120     1003.120     1003.120     1159.100     1165.100
    75:     1171.120     1176.120     1180.120     1214.100     1218.100
    80:     1224.120     1232.120     1240.120     1243.120     1286.120
    85:     1291.120     1311.120     1319.120     1342.120     1351.120
    90:     1376.120     1385.100     1436.120     1443.120     1445.200
    95:     1495.300     1595.510     1993.120     2020.120     2033.110
   100:     2208.110     2209.110     2216.120     2221.120     2253.110
   105:     2256.110     2259.110     2262.120     2285.120     2288.120
   110:     2296.120     2305.110     2309.110     2312.110     2314.110
   115:     2316.110     2318.110     2323.120     2329.120     2341.120
   120:     2343.120     2352.120     2358.110     2358.210     2362.120
   125:     2408.310     2508.500     2969.120     3159.120     3201.100
   130:     3205.100     3209.100     3211.100     3222.120     3246.120
   135:     3251.120     3261.200     3265.120     3311.300     3411.510
   140:     3787.120     3990.110     4000.120     4000.120     4014.120
   145:     4015.120     4041.120     4044.120     4061.120     4072.110
   150:     4076.110     4078.110     4080.110     4084.120     4103.120
   155:     4110.110     4116.110     4119.110     4121.110     4125.120
   160:     4132.120     4157.110     4157.210     4159.110     4161.120
   165:     4207.310     4307.510     4457.120     4484.120     4682.120
   170:     4736.110     4741.120     4769.120     4796.110     4805.120
   175:     4848.120     4870.110     4881.120     4888.120     4895.120
   180:     4904.120     4906.120     4921.110     4928.110     4932.110
   185:     4938.110     4940.120     4967.120     4970.120     4971.120
   190:     4983.110     4987.110     4991.120     5014.120     5020.120
   195:     5034.110     5034.210     5038.120     5084.310     5184.510
   200:     5366.120     5422.120     5678.120     5840.120     5877.120
   205:     5887.110     5891.110     5894.120     5902.120     5914.120
   210:     5919.120     5944.120     5949.110     5949.210     5954.120
   215:     5999.310     6099.500     6403.120     6730.120     6737.120
   220:     6764.100     6771.120     6776.120     6780.120     6785.120
   225:     6810.120     6814.120     6824.200     6827.120     6874.300
   230:     6974.500     7168.120     7188.120     7410.120     7442.100
   235:     7446.100     7451.120     7456.120     7497.120     7502.120
   240:     7513.120     7520.120     7551.100     7553.100     7556.100
   245:     7560.100     7562.100     7581.120     7589.120     7611.200
   250:     7613.120     7661.300     7761.540     7945.120     8310.120
   255:     8324.120     8327.120     8335.120     8337.120     8338.120
   260:     8345.120     8362.120     8368.120     8385.120     8415.120
   265:     8419.120     8427.120     8432.120     8434.120     8453.110
   270:     8456.110     8461.120     8473.120     8478.120     8485.110
   275:     8490.110     8497.110     8501.120     8506.120     8530.120
   280:     8531.120     8543.110     8549.120     8559.120     8573.120
   285:     8590.110     8595.110     8597.110     8600.110     8603.110
   290:     8607.120     8649.120     8653.120     8658.120     8677.110
   295:     8683.110     8686.110     8694.120     8720.120     8741.110
   300:     8744.110     8751.110     8758.110     8760.110     8763.110
   305:     8765.110     8768.110     8775.110     8784.120     8792.120
   310:     8808.120     8816.120     8832.110     8839.110     8842.110
   315:     8844.110     8846.110     8848.110     8850.110     8859.110
   320:     8862.110     8871.110     8874.110     8877.110     8878.110
   325:     8884.110     8890.120     8906.120     8910.120     8922.110
   330:     8929.110     8998.110     9002.110     9005.110     9021.120
   335:     9043.120     9045.120     9050.120     9104.110     9464.120
   340:     9469.120     9487.110     9496.120     9503.120     9522.120
   345:     9546.110     9549.110     9554.120     9561.340     9583.120
   350:     9661.500     9874.120     9878.120     9892.120     9893.120
   355:     9901.120     9929.120     9957.120     9964.120     9965.120
   360:     9982.120    10004.120    10019.120    10053.100    10143.120
   365:    10148.120    10161.120    10170.100    10176.100    10179.100
   370:    10182.100    10184.100    10186.100    10199.120    10222.120
   375:    10227.120    10233.120    10251.120    10252.120    10276.120
   380:    10284.120    10290.120    10299.120    10347.120    10362.100
   385:    10371.100    10374.100    10377.100    10391.120    10406.100
   390:    10417.100    10419.100    10421.100    10422.200    10428.120
   395:    10472.300    10572.500    10630.120    10758.120    10918.100
   400:    10977.100    10982.120    10984.120    11069.120    11074.120
   405:    11089.120    11100.120    11110.120    11129.120    11133.120
   410:    11138.120    11166.100    11171.100    11176.100    11178.100
   415:    11181.100    11185.100    11192.100    11197.100    11209.120
   420:    11216.120    11226.200    11230.120    11276.300    11376.510
   425:    11441.120    11448.120    11769.120    11949.120    12023.120
   430:    12036.120    12044.120    12055.120    12055.120    12078.120
   435:    12082.120    12086.120    12093.120    12096.120    12108.120
   440:    12129.120    12129.120    12141.120    12194.120    12198.120
   445:    12203.120    12208.120    12215.110    12215.210    12219.120
   450:    12265.310    12365.510    12521.120    12537.120    12545.120
   455:    12763.120    12792.120    12798.120    12800.120    12808.120
   460:    12813.120    12824.120    12849.120    12856.120    12866.120
   465:    12871.120    12873.120    12900.120    12904.120    12910.120
   470:    12932.110    12938.110    12943.120    13000.120    13006.120
   475:    13012.120    13018.110    13020.110    13025.120    13039.120
   480:    13042.120    13047.120    13053.110    13060.110    13063.110
   485:    13068.110    13071.110    13075.120    13091.120    13095.120
   490:    13102.110    13105.110    13108.110    13112.110    13113.120
   495:    13130.120    13133.120    13139.120    13151.110    13151.210
   500:    13155.120    13201.310    13301.500    13571.120    13844.100
   505:    13850.100    13856.100    13862.120    13865.120    13901.100
   510:    13904.200    13905.100    13909.120    13954.300    14054.530
   515:    14081.120    14317.120    14684.120    14694.100    14708.100
   520:    14716.120    14749.100    14755.100    14759.100    14764.100
   525:    14775.120    14799.120    14805.120    14806.120    14810.120
   530:    14816.120    14844.120    14856.120    14886.120    14897.120
   535:    14901.120    14914.120    14969.100    14973.100    14976.100
   540:    14978.100    14981.100    14983.100    14993.100    14999.100
   545:    15006.120    15010.120    15030.120    15035.120    15054.120
   550:    15060.120    15063.120    15111.100    15117.100    15135.100
   555:    15139.100    15142.100    15149.100    15150.120    15157.120
   560:    15165.120    15211.100    15220.100    15224.100    15226.100
   565:    15231.100    15246.120    15252.120    15264.120    15311.100
   570:    15314.100    15327.100    15331.100    15336.100    15338.100
   575:    15348.120    15354.120    15357.120    15384.120    15390.120
   580:    15426.120    15431.120    15461.120    15478.120    15494.120
   585:    15510.100    15602.100    15671.120    15675.120    15677.120
   590:    15854.330    15954.510    16025.120    16034.110    16116.120
   595:    16129.110    16135.110    16294.110    16298.110    16301.110
   600:    16305.110    16307.120    16318.120    16324.120    16329.110
   605:    16332.110    16335.110    16341.120    16347.120    16358.120
   610:    16368.120    16381.110    16385.110    16388.110    16390.110
   615:    16392.110    16394.110    16400.110    16402.120    16416.120
   620:    16434.120    16443.110    16450.110    16454.110    16457.110
   625:    16465.110    16468.120    16478.120    16485.120    16493.120
   630:    16498.120    16503.110    16507.110    16511.110    16522.110
   635:    16525.110    16527.110    16531.110    16534.120    16548.120
   640:    16567.120    16572.110    16577.110    16582.110    16584.110
   645:    16587.110    16594.120    16615.110    16617.110    16621.110
   650:    16637.120    16640.120    16647.120    16677.120    16687.120
   655:    16694.110    16699.110    16703.110    16711.110    16720.110
   660:    16720.210    16724.120    16770.310    16870.500    17127.120
   665:    17307.100    17311.100    17321.120    17324.120    17346.100
   670:    17349.100    17355.100    17357.100    17365.120    17366.120
   675:    17374.120    17381.120    17382.120    17385.120    17404.120
   680:    17408.120    17409.120    17411.120    17429.100    17438.100
   685:    17445.100    17448.100    17451.100    17455.100    17458.100
   690:    17470.120    17489.200    17493.120    17539.300    17639.510
   695:    17757.120    17836.120    17844.120    17845.120    17846.120
   700:    18016.120    18120.110    18128.120    18135.120    18155.120
   705:    18156.120    18161.120    18171.120    18195.120    18197.120
   710:    18274.120    18284.110    18287.110    18290.110    18338.120
   715:    18348.120    18358.110    18364.110    18367.110    18370.110
   720:    18376.120    18379.120    18402.120    18409.120    18417.110
   725:    18417.210    18421.120    18467.310    18567.510    18639.120
   730:    18668.120    18669.120    18801.120    18859.120    18866.120
   735:    18871.120    19046.120    19048.120    19065.120    19106.120
   740:    19108.120    19113.120    19134.110    19136.110    19187.120
   745:    19196.110    19200.110    19203.120    19209.120    19211.120
   750:    19213.120    19226.120    19230.120    19235.110    19238.110
   755:    19240.110    19244.120    19256.120    19262.120    19269.110
   760:    19277.110    19279.110    19284.110    19290.110    19296.120
   765:    19317.120    19324.120    19328.110    19335.110    19335.210
   770:    19343.120    19362.120    19385.310    19482.120    19485.500
   775:    19897.120    19913.120    20129.100    20138.100    20147.120
   780:    20156.120    20166.120    20180.100    20183.100    20186.100
   785:    20189.100    20189.200    20194.120    20239.300    20339.510
   790:    20614.120    20680.120    20841.120    20850.110    20854.110
   795:    20869.120    20873.120    20878.120    20884.120    20887.120
   800:    20895.120    20896.120    20921.110    20927.110    20929.110
   805:    20934.120    20938.120    20948.120    20968.120    20975.120
   810:    20984.110    20991.110    20995.110    21003.110    21005.110
   815:    21006.110    21008.110    21010.110    21016.110    21022.120
   820:    21027.120    21030.120    21031.120    21037.120    21049.110
   825:    21051.110    21055.120    21061.120    21067.120    21075.120
   830:    21084.110    21088.110    21092.110    21096.110    21101.110
   835:    21102.120    21118.120    21122.120    21137.110    21137.210
   840:    21141.120    21187.310    21287.510    21466.120    21616.120
   845:    21851.120    21856.120    21872.120    21891.120    21895.120
   850:    21910.120    21930.110    21936.110    21941.120    21956.120
   855:    21966.120    21978.120    21999.110    22004.110    22006.110
   860:    22009.110    22014.110    22017.120    22099.120    22106.110
   865:    22106.210    22110.120    22156.310    22256.530    22546.120
   870:    22749.120    22762.100    22822.100    22825.100    22828.100
   875:    22834.120    22855.100    22858.100    22859.100    22862.100
   880:    22865.100    22870.100    22877.120    22882.120    22907.120
   885:    22911.120    22911.120    22918.120    22935.100    22959.120
   890:    22981.120    23021.120    23030.120    23035.120    23059.100
   895:    23093.120    23137.120    23143.120    23148.120    23149.120
   900:    23170.120    23202.120    23206.120    23212.120    23215.120
   905:    23218.120    23243.120    23249.120    23261.120    23264.120
   910:    23306.100    23311.100    23317.100    23320.100    23322.100
   915:    23339.120    23341.120    23344.120    23351.120    23398.120
   920:    23402.120    23422.100    23437.100    23442.120    23447.120
   925:    23581.120    23583.120    23594.100    23604.100    23609.100
   930:    23614.100    23615.100    23616.120    23618.120    23652.100
   935:    23655.100    23657.100    23659.100    23663.100    23666.100
   940:    23718.100    23722.100    23725.100    23727.100    23735.120
   945:    23742.120    23749.120    23757.120    23789.120    23797.120
   950:    23813.120    23846.120    23853.100    23858.100    23861.100
   955:    23865.100    23867.100    23892.120    23907.120    23910.120
   960:    23940.100    23945.100    23948.100    23950.100    24056.330
   965:    24156.500    24195.120    24205.120    24384.120    24387.120
   970:    24396.100    24400.100    24405.100    24411.100    24414.100
   975:    24421.120    24422.120    24425.120    24432.120    24457.100
   980:    24461.100    24463.100    24468.100    24469.100    24485.120
   985:    24491.120    24496.120    24543.100    24553.100    24560.100
   990:    24564.100    24566.100    24576.120    24579.120    24625.100
   995:    24628.100    24631.100    24636.100    24641.100    24645.100
  1000:    24648.100    24656.120    24668.120    24683.120    24712.120
  1005:    24717.120    24717.120    24725.120    24752.120    24799.100
  1010:    24827.100    24832.100    24835.100    24854.100    24859.200
  1015:    24864.120    24909.300    25009.500    25048.120    25229.120
  1020:    25262.120    25264.120    25481.120    25489.100    25515.120
  1025:    25519.120    25551.100    25553.100    25556.100    25558.100
  1030:    25560.100    25564.120    25568.120    25573.120    25601.100
  1035:    25604.100    25606.100    25611.200    25616.120    25661.300
  1040:    25761.510    25858.120    26072.120    26084.120    26232.120
  1045:    26358.120    26365.120    26379.110    26381.110    26384.110
  1050:    26399.110    26406.120    26490.110    26497.110    26499.110
  1055:    26505.110    26510.120    26521.120    26531.110    26531.210
  1060:    26536.120    26581.310    26681.500    26853.120    26865.120
  1065:    26938.120    26941.120    27289.120    27331.120    27350.100
  1070:    27355.100    27358.100    27362.100    27366.100    27368.100
  1075:    27382.120    27405.120    27409.120    27410.200    27460.300
  1080:    27560.510    27634.120    27861.120    28020.120    28136.120
  1085:    28138.120    28140.120    28140.120    28146.120    28163.120
  1090:    28167.120    28172.120    28188.110    28194.120    28212.120
  1095:    28213.120    28220.120    28231.110    28238.110    28244.120
  1100:    28259.120    28262.120    28266.120    28281.110    28289.110
  1105:    28292.110    28294.110    28297.110    28305.110    28309.110
  1110:    28312.120    28321.120    28329.120    28333.120    28334.120
  1115:    28344.110    28344.210    28348.120    28394.310    28494.500
  1120:    28657.120    28668.120    28670.120    28798.120    28826.100
  1125:    28832.100    28840.100    28849.120    28872.100    28875.100
  1130:    28877.100    28879.100    28881.100    28890.100    28908.120
  1135:    28916.120    28942.100    28945.100    28959.100    28962.100
  1140:    28967.120    28975.120    28982.120    29033.100    29051.100
  1145:    29054.100    29057.100    29058.100    29061.100    29063.100
  1150:    29087.120    29089.120    29095.120    29103.120    29111.200
  1155:    29114.120    29161.300    29261.500    29467.120    29532.120
  1160:    29784.120    29799.120    29897.120    29907.100    29910.100
  1165:    29918.100    29921.100    29923.100    29931.120    29936.120
  1170:    29942.120    29967.200    29969.120    30017.300    30117.510
  1175:    30132.120    30341.120    30679.110    30685.110    30690.120
  1180:    30695.120    30712.120    30714.120    30720.120    30724.120
  1185:    30730.120    30754.120    30761.110    30766.110    30769.110
  1190:    30770.110    30776.120    30780.120    30788.120    30788.120
  1195:    30801.110    30807.110    30812.110    30813.110    30818.110
  1200:    30819.120    30824.120    30829.120    30829.120    30837.120
  1205:    30862.120    30868.110    30873.110    30875.110    30877.110
  1210:    30879.110    30881.110    30881.210    30886.120    30931.310
  1215:    31031.510    31113.120    31284.120    31292.120    31360.120
  1220:    31478.120    31486.120    31489.120    31509.120    31534.120
  1225:    31538.120    31541.120    31548.120    31572.120    31575.120
  1230:    31583.120    31596.120    31627.120    31632.120    31637.120
  1235:    31670.120    31673.120    31696.120    31706.110    31710.110
  1240:    31713.120    31728.120    31730.120    31731.120    31740.120
  1245:    31751.120    31760.110    31763.110    31767.110    31769.110
  1250:    31771.120    31783.120    31793.120    31800.110    31800.210
  1255:    31805.120    31850.310    31950.540    32090.120    32190.120
  1260:    32206.120    32213.120    32217.120    32291.120    32292.120
  1265:    32382.120    32401.120    32404.120    32437.120    32439.120
  1270:    32448.120    32455.120    32455.120    32464.120    32469.120
  1275:    32478.110    32483.120    32518.120    32520.120    32535.110
  1280:    32541.110    32543.110    32545.110    32559.110    32562.110
  1285:    32567.120    32570.120    32578.120    32589.120    32597.110
  1290:    32602.110    32607.110    32611.110    32617.110    32620.110
  1295:    32625.110    32631.110    32634.120    32635.120    32642.120
  1300:    32645.120    32658.110    32664.110    32666.110    32668.110
  1305:    32672.110    32677.110    32682.110    32685.120    32699.120
  1310:    32705.120    32712.120    32721.110    32728.110    32730.110
  1315:    32732.110    32753.110    32754.110    32756.110    32758.110
  1320:    32762.110    32766.120    32782.110    32785.110    32787.110
  1325:    32791.110    32802.120    32809.120    32810.120    32813.120
  1330:    32826.120    32839.110    32844.110    32848.110    32851.110
  1335:    32853.120    32860.120    32862.120    32879.120    32882.120
  1340:    32909.110    32915.110    32918.110    32924.110    32926.110
  1345:    32933.110    32937.110    32939.110    32992.120    32995.120
  1350:    32996.120    33005.110    33009.110    33011.110    33027.120
  1355:    33032.120    33049.120    33063.110    33071.110    33076.110
  1360:    33079.110    33415.110    33421.120    33423.120    33437.120
  1365:    33438.120    33440.120    33445.120    33451.110    33455.110
  1370:    33478.120    33482.120    33486.120    33492.110    33495.110
  1375:    33499.120    33529.110    33533.110    33539.120    33551.120
  1380:    33555.120    33567.110    33573.110    33576.110    33580.110
  1385:    33584.120    33666.110    33670.110    33676.110    33683.110
  1390:    33687.110    33688.110    33692.120    33699.120    33704.120
  1395:    33713.120    33732.120    33739.120    33749.110    33750.340
  1400:    33850.500    33904.120    33911.100    33972.100    33981.100
  1405:    33987.100    33990.100    33993.100    33997.120    34001.120
  1410:    34043.100    34046.100    34056.100    34059.100    34068.120
  1415:    34076.120    34087.120    34120.120    34121.120    34151.120
  1420:    34157.120    34160.120    34163.120    34168.120    34178.100
  1425:    34185.100    34189.100    34191.100    34204.100    34211.120
  1430:    34218.120    34248.120    34254.120    34265.120    34302.120
  1435:    34306.120    34309.120    34351.100    34360.100    34362.100
  1440:    34399.120    34403.120    34408.120    34483.100    34496.100
  1445:    34500.100    34502.100    34505.100    34510.100    34517.120
  1450:    34522.120    34543.200    34544.120    34593.300    34693.510
  1455:    34822.120    35029.120    35144.110    35150.110    35153.110
  1460:    35158.120    35192.120    35193.120    35195.120    35215.120
  1465:    35217.120    35253.120    35255.120    35259.120    35273.120
  1470:    35279.120    35280.120    35296.120    35300.120    35305.120
  1475:    35313.120    35326.120    35334.110    35339.110    35342.110
  1480:    35344.120    35364.120    35368.120    35373.120    35387.120
  1485:    35393.120    35398.120    35405.110    35411.110    35414.110
  1490:    35416.110    35418.110    35426.110    35428.110    35442.120
  1495:    35452.120    35464.110    35464.210    35469.120    35514.310
  1500:    35614.500    35734.120    35913.120    35916.120    35925.100
  1505:    35937.100    35942.120    35946.120    35946.120    35963.120
  1510:    35988.120    35992.120    36006.100    36010.100    36015.100
  1515:    36023.100    36025.100    36028.100    36030.100    36033.100
  1520:    36037.100    36039.120    36043.120    36072.100    36075.100
  1525:    36079.100    36087.100    36103.120    36125.120    36140.120
  1530:    36165.100    36169.100    36175.100    36177.100    36198.120
  1535:    36206.120    36214.120    36225.200    36228.120    36275.300
  1540:    36375.510    36564.120    36699.120    36710.120    36939.110
  1545:    36944.110    36948.120    36969.120    36975.120    36991.120
  1550:    36995.120    37001.120    37025.120    37029.120    37033.120
  1555:    37075.120    37075.120    37080.120    37086.120    37112.110
  1560:    37119.110    37125.120    37152.120    37155.120    37163.120
  1565:    37166.120    37173.110    37173.210    37177.120    37223.310
  1570:    37323.510    37439.120    37628.120    37941.110    37952.110
  1575:    37957.120    37985.120    37986.120    37991.120    38003.120
  1580:    38006.120    38020.120    38022.120    38028.120    38035.120
  1585:    38061.120    38062.120    38063.120    38072.120    38076.120
  1590:    38084.110    38088.110    38088.210    38093.120    38138.310
  1595:    38238.500    38316.120    38616.120    38620.120    38629.100
  1600:    38634.100    38641.100    38645.120    38665.100    38668.100
  1605:    38671.100    38672.100    38678.120    38684.120    38703.120
  1610:    38716.120    38732.100    38735.100    38739.100    38743.100
  1615:    38755.120    38772.120    38807.120    38810.120    38846.120
  1620:    38848.120    38853.120    38897.100    38907.100    38909.100
  1625:    38913.100    38915.100    38918.100    38920.100    38922.100
  1630:    38927.120    38936.120    38939.120    38941.120    38957.200
  1635:    38959.120    39007.300    39107.500    39123.120    39294.120
  1640:    39295.120    39466.120    39473.120    39534.120    39538.120
  1645:    39556.100    39593.120    39601.120    39614.120    39641.100
  1650:    39643.100    39645.100    39654.100    39663.120    39676.120
  1655:    39702.120    39714.200    39719.120    39764.300    39864.500
  1660:    39942.120    40015.120    40311.120    40319.100    40327.100
  1665:    40333.100    40338.120    40347.120    40365.100    40368.100
  1670:    40372.100    40373.100    40374.100    40377.100    40382.120
  1675:    40386.120    40394.120    40420.120    40438.100    40450.100
  1680:    40464.120    40468.120    40476.120    40497.120    40498.200
  1685:    40548.300    40648.540    40805.120    40907.120    40910.120
  1690:    41009.120    41055.120    41060.120    41060.120    41061.120
  1695:    41065.120    41067.120    41068.120    41073.120    41088.120
  1700:    41094.120    41095.120    41104.120    41105.120    41112.120
  1705:    41141.120    41163.120    41165.120    41171.120    41184.120
  1710:    41191.110    41194.110    41198.110    41200.110    41204.120
  1715:    41235.120    41240.120    41241.120    41247.110    41254.110
  1720:    41257.110    41259.110    41262.110    41265.110    41271.120
  1725:    41274.120    41274.120    41282.120    41287.120    41310.120
  1730:    41313.120    41315.120    41327.110    41333.110    41338.110
  1735:    41343.110    41346.110    41350.120    41353.120    41356.120
  1740:    41373.110    41379.110    41382.110    41386.110    41388.120
  1745:    41391.120    41397.120    41406.120    41411.110    41418.110
  1750:    41421.110    41427.110    41430.120    41438.120    41462.120
  1755:    41469.120    41473.110    41479.110    41484.110    41497.120
  1760:    41505.120    41512.120    41536.110    41539.110    41541.110
  1765:    41543.110    41545.110    41548.110    41553.110    41594.120
  1770:    41602.120    41602.120    41611.110    41619.110    41621.110
  1775:    41624.110    41666.120    41672.110    41677.110    41681.120
  1780:    41711.120    41715.120    41737.110    41744.110    41747.110
  1785:    41749.110    41751.110    41754.110    41757.120    41768.120
  1790:    41770.120    41781.120    41785.120    41792.120    41801.120
  1795:    41803.120    41808.110    41811.110    41815.110    41820.120
  1800:    41882.110    41888.120    41997.120
E:
     0:     1803.000      344.000      461.000
F:
     0:       70.000       26.987       37.320
G:
     0:        1.000        1.000        1.000        1.000        1.000
     5:        1.000        1.000        1.000        1.000        0.000
H:
     0:        1.000        1.000        2.000        2.000
L:
     0:     7231.000     7638.000     7346.000     6467.000     7715.000
     5:     6643.000     6128.000     6297.000     7145.000     7131.000
    10:     6120.000     7387.000     6269.000     7164.000     7025.000
    15:     6212.000     7287.000     6172.000     6442.000
R:
     0:        1.000        1.000        1.000        1.000        1.000
     5:        1.000        1.000        1.000        1.000        0.000
S:
     0:        1.000        0.000
U:
     0:     7638.000        1.000        0.000
X:
     0:        0.000      427.001      433.002      482.003      486.004
     5:      653.005      713.005      763.000      763.000     1456.001
    10:     1460.002     1464.003     1466.004     1516.004     1566.000
    15:     1566.000     2230.001     2290.001     2340.000     2340.000
    20:     2807.001     2812.002     2916.003     2919.004     2921.005
    25:     2925.006     2928.007     2976.007     3026.000     3026.000
    30:     3026.093     3026.094     3026.095     3026.096     3026.097
    35:     3026.098     3026.099     3026.100     3026.101     3026.102
    40:     3026.103     3026.104     3026.105     3026.106     3026.107
    45:     3026.107     3026.000     3026.000     3026.001     3026.002
    50:     3026.003     3026.004     3026.005     3026.006     3026.007
    55:     3026.008     3026.009     3026.010     3026.010     3026.000
    60:     3026.000     3568.001     3574.002     3580.003     3626.004
    65:     3628.004     3629.005     3678.000     3678.000     4318.002
    70:     4332.004     4373.006     4379.008     4383.010     4388.012
    75:     4593.014     4597.016     4599.018     4602.020     4604.022
    80:     4607.024     4617.026     4623.028     4735.030     4740.032
    85:     4758.034     4763.036     4766.038     4772.040     4835.042
    90:     4844.044     4847.046     4849.048     4854.050     4935.052
    95:     4937.054     4951.056     4954.058     4959.060     4962.062
   100:     5133.064     5226.066     6931.001     6934.002     6969.003
   105:     6973.004     6978.005     6981.006     7053.007     7061.008
   110:     7069.009     7071.010     7075.011     7078.012     7082.013
   115:     7113.013     7163.000     7163.000     7807.001     7815.002
   120:     7858.003     7860.004     7863.005     7866.006     7867.006
   125:     7917.000     7917.000     8423.002     8483.004     8486.006
   130:     8489.008     8516.010     8519.012     8520.014     8523.016
   135:     8526.018     8531.020     8596.022     8720.024     8967.026
   140:     8972.028     8978.030     8981.032     8983.034     9083.036
   145:     9098.038     9255.040     9265.042     9270.044     9275.046
   150:     9276.048     9312.050     9316.052     9318.054     9320.056
   155:     9324.058     9327.060     9379.062     9383.064     9386.066
   160:     9388.068     9514.070     9519.072     9522.074     9526.076
   165:     9528.078     9601.080     9606.082     9609.084     9611.086
   170:    10057.087    10061.088    10066.089    10072.090    10075.091
   175:    10118.092    10122.093    10124.094    10129.095    10130.096
   180:    10203.097    10214.098    10221.099    10224.100    10227.101
   185:    10286.102    10289.103    10292.104    10297.105    10302.106
   190:    10306.107    10308.108    10460.109    10488.110    10493.111
   195:    10496.112    10514.113    10520.113    10570.000    10570.000
   200:    11049.001    11111.002    11114.003    11117.004    11119.005
   205:    11121.006    11162.007    11164.008    11167.009    11172.009
   210:    11222.000    11222.000    11890.001    11895.002    11898.003
   215:    11902.004    11906.005    11908.006    11950.006    12000.000
   220:    12000.000    12332.001    12338.002    12345.003    12377.004
   225:    12380.005    12383.006    12384.007    12387.008    12396.009
   230:    12448.010    12451.011    12464.012    12468.013    12539.014
   235:    12556.015    12560.016    12562.017    12564.018    12566.019
   240:    12569.020    12616.020    12666.000    12666.000    13312.001
   245:    13315.002    13323.003    13325.004    13328.005    13372.005
   250:    13422.000    13422.000    13422.145    13422.146    13422.147
   255:    13422.148    13422.149    13422.150    13422.151    13422.152
   260:    13422.153    13422.154    13422.155    13422.156    13422.157
   265:    13422.158    13422.159    13422.160    13422.161    13422.162
   270:    13422.163    13422.164    13422.165    13422.166    13422.167
   275:    13422.168    13422.168    13422.000    13422.000    13732.001
   280:    13744.002    13813.003    13818.004    13822.005    13830.006
   285:    13832.007    13836.008    13838.009    13841.010    13844.011
   290:    13880.012    13882.013    13886.014    13895.015    13973.016
   295:    13976.017    13982.018    13984.019    14033.019    14083.000
   300:    14083.000    14473.001    14479.002    14485.003    14509.004
   305:    14513.005    14516.006    14517.007    14576.008    14580.009
   310:    14584.010    14588.011    14741.012    14751.013    14754.014
   315:    14757.015    14760.016    14762.017    14765.018    14767.019
   320:    14801.019    14851.000    14851.000    15300.001    15385.002
   325:    15387.003    15389.004    15398.005    15458.005    15508.000
   330:    15508.000    15963.001    15971.002    15976.003    16009.004
   335:    16012.005    16015.006    16017.007    16018.008    16021.009
   340:    16082.010    16093.011    16142.011    16192.000
Y:
     0:        0.000       19.001       86.002      135.003      185.004
     5:      298.005      302.006      303.007      331.008      338.009
    10:      399.010      402.011      405.012      482.013      485.014
    15:      487.015      489.016      492.017      528.018      534.019
    20:      537.020      538.021      581.022      582.022      632.000
    25:      632.000     1070.001     1244.002     1246.003     1290.004
    30:     1293.005     1296.006     1342.007     1345.008     1349.009
    35:     1351.010     1353.011     1354.012     1394.013     1395.013
    40:     1445.000     1445.000     2023.001     2105.002     2109.003
    45:     2111.004     2113.005     2143.006     2149.007     2152.008
    50:     2154.009     2190.010     2190.010     2192.011     2240.000
    55:     2240.000     2668.001     2728.002     2802.003     2854.004
    60:     2860.005     2864.006     2871.007     2916.008     2919.009
    65:     2967.010     2967.010     3017.000     3017.000     3719.001
    70:     3723.002     3781.003     3781.003     3831.000     3831.000
    75:     4522.002     4525.004     4555.006     4560.008     4567.010
    80:     4613.012     4660.014     4665.016     4666.018     4670.020
    85:     4673.022     4747.024     4753.026     4756.028     4811.030
    90:     4814.032     4820.034     4828.036     4830.038     4832.040
    95:     4835.042     4837.044     4845.046     4902.048     4909.050
   100:     4912.052     4914.054     4916.056     4917.058     4920.060
   105:     4929.062     4932.064     4941.066     4944.068     4947.070
   110:     4948.072     4953.074     4992.076     4998.078     5067.080
   115:     5072.082     5075.084     5174.086     5556.088     5616.090
   120:     5619.092     8284.001     8284.001     8334.000     8334.000
   125:     8901.001     8907.002     8987.003     8989.004     9022.005
   130:     9029.006     9032.007     9037.008     9040.009     9071.010
   135:     9074.011     9077.012     9081.013     9120.014     9120.014
   140:     9170.000     9170.000     9170.067     9170.068     9170.069
   145:     9170.070     9170.071     9170.072     9170.073     9170.074
   150:     9170.075     9170.076     9170.077     9170.078     9170.079
   155:     9170.080     9170.081     9170.082     9170.083     9170.084
   160:     9170.085     9170.086     9170.087     9170.088     9170.089
   165:     9170.090     9170.091     9170.092     9170.093     9170.094
   170:     9170.095     9170.096     9170.097     9170.098     9170.099
   175:     9170.100     9170.101     9170.102     9170.103     9170.104
   180:     9170.105     9170.106     9170.107     9170.108     9170.108
   185:     9170.000     9170.000     9650.001     9814.002     9817.003
   190:     9820.004     9888.005     9894.006     9897.007     9900.008
   195:     9947.009     9948.009     9998.000     9998.000    10564.001
   200:    10567.002    10627.003    10630.004    10665.005    10668.006
   205:    10671.007    10699.008    10707.009    10709.010    10714.011
   210:    10720.012    10759.013    10765.014    10765.014    10815.000
   215:    10815.000    11325.001    11329.002    11396.003    11402.004
   220:    11405.005    11459.006    11467.007    11470.008    11478.009
   225:    11480.010    11481.011    11483.012    11485.013    11491.014
   230:    11524.015    11526.016    11559.017    11563.018    11567.019
   235:    11571.020    11576.021    11612.022    11612.022    11662.000
   240:    11662.000    12305.001    12310.002    12374.003    12378.004
   245:    12380.005    12384.006    12388.007    12480.008    12480.008
   250:    12530.000    12530.000    13147.001    13150.002    13153.003
   255:    13167.004    13259.005    13266.006    13268.007    13274.008
   260:    13300.009    13300.009    13350.000    13350.000    13977.001
   265:    14020.002    14028.003    14070.004    14078.005    14081.006
   270:    14083.007    14086.008    14095.009    14098.010    14133.011
   275:    14133.011    14183.000    14183.000    14744.001    14750.002
   280:    14826.003    14831.004    14834.005    14835.006    14866.007
   285:    14872.008    14877.009    14879.010    14883.011    14933.012
   290:    14939.013    14941.014    14943.015    14944.016    14947.017
   295:    14947.017    14997.000    14997.000    15671.001    15675.002
   300:    15726.003    15729.004    15732.005    15734.006    15766.007
   305:    15766.007    15816.000    15816.000    16343.002    16400.004
   310:    16406.006    16408.008    16410.010    16424.012    16427.014
   315:    16462.016    16467.018    16472.020    16476.022    16483.024
   320:    16485.026    16490.028    16496.030    16523.032    16529.034
   325:    16531.036    16533.038    16537.040    16542.042    16547.044
   330:    16586.046    16593.048    16595.050    16597.052    16618.054
   335:    16619.056    16621.058    16623.060    16627.062    16648.064
   340:    16650.066    16652.068    16656.070    16704.072    16709.074
   345:    16713.076    16716.078    16774.080    16780.082    16783.084
   350:    16789.086    16791.088    16799.090    16802.092    16804.094
   355:    16870.096    16874.098    16876.100    16928.102    16936.104
   360:    16941.106    16944.108    17280.110    17316.112    17320.114
   365:    17357.116    17361.118    17394.120    17398.122    17432.124
   370:    17438.126    17441.128    17445.130    17531.132    17535.134
   375:    17542.136    17548.138    17552.140    17553.142    17614.144
   380:    19009.001    19015.002    19018.003    19199.004    19204.005
   385:    19207.006    19270.007    19276.008    19279.009    19281.010
   390:    19283.011    19291.012    19293.013    19329.014    19329.014
   395:    19379.000    19379.000    19942.001    19947.002    20115.003
   400:    20122.004    20176.005    20176.005    20226.000    20226.000
   405:    20844.001    20854.002    20987.003    20991.004    20991.004
   410:    21041.000    21041.000    21584.002    21586.004    21591.006
   415:    21593.008    21640.010    21647.012    21649.014    21651.016
   420:    21655.018    21657.020    21719.022    21726.024    21731.026
   425:    21735.028    21739.030    21766.032    21772.034    21774.036
   430:    21778.038    21804.040    21810.042    21813.044    21820.046
   435:    21866.048    21871.050    21876.052    21928.054    21931.056
   440:    21934.058    21936.060    21938.062    21940.064    21945.066
   445:    22003.068    22011.070    22014.072    22017.074    22064.076
   450:    22070.078    22129.080    22137.082    22139.084    22141.086
   455:    22144.088    22146.090    22201.092    22204.094    22207.096
   460:    22275.098
