File: C:\MED-PC\Data\2018-05-15_12h12m_Subject M331.txt


Start Date: 05/15/18
End Date: 05/15/18
Subject: M331
Experiment: DOBLE_PICO_ACO
Group: EXP
Box: 8
Start Time: 12:12:21
End Time: 13:25:46
MSN: IF_ACO_MULTIPLE_PICO
A:     562.000
B:      20.000
D:      20.000
I:       1.000
J:   18000.000
K:    5400.000
M:       0.000
N:      21.000
O:      20.000
P:     778.000
Q:       0.000
T:    1000.000
V:     600.000
W:      20.000
Z:       0.000
C:
     0:        0.120        0.120        0.120        0.120        0.120
     5:        0.510       35.110       40.110       56.120       68.110
    10:       99.110      102.110      106.110      110.110      113.110
    15:      195.110      198.110      200.110      206.110      212.110
    20:      215.110      219.110      234.110      238.110      243.110
    25:      251.110      256.110      259.110      279.110      282.110
    30:      290.110      297.110      301.110      305.110      311.120
    35:      322.110      325.110      356.110      365.110      379.120
    40:      391.120      401.110      422.110      433.110      437.110
    45:      439.110      441.110      444.110      451.110      457.110
    50:      464.120      479.110      483.110      495.110      500.110
    55:      506.110      517.110      532.110      537.110      541.110
    60:      541.210      547.120      591.310      621.120      627.120
    65:      634.120      639.120      646.120      652.120      656.120
    70:      658.120      660.120      664.120      666.120      667.120
    75:      673.120      675.120      676.120      681.120      686.120
    80:      689.120      691.120      691.510      692.120      693.120
    85:      752.120      992.110     1002.110     1007.110     1010.110
    90:     1033.120     1044.120     1053.110     1056.110     1059.110
    95:     1067.110     1078.110     1085.110     1090.110     1095.110
   100:     1102.110     1112.110     1120.110     1129.120     1136.110
   105:     1140.110     1144.110     1147.110     1158.110     1161.110
   110:     1166.110     1172.110     1176.110     1185.110     1191.120
   115:     1192.120     1203.110     1209.120     1226.110     1229.110
   120:     1245.110     1245.210     1250.120     1295.310     1336.120
   125:     1337.120     1342.120     1347.120     1354.120     1355.120
   130:     1358.120     1363.120     1364.120     1372.120     1376.120
   135:     1378.120     1379.120     1395.500     1429.120     1432.120
   140:     1582.100     1628.100     1635.100     1640.100     1643.100
   145:     1650.120     1797.100     1803.100     1809.100     1811.100
   150:     1817.100     1823.100     1826.100     1828.100     1837.100
   155:     1841.100     1845.100     1858.100     1860.100     1863.100
   160:     1871.100     1876.100     1882.120     1905.100     1907.100
   165:     1909.100     1919.100     1921.100     1928.100     1935.100
   170:     1940.100     1943.100     1947.100     1973.100     1979.100
   175:     1988.100     1991.100     1995.200     1996.100     2003.120
   180:     2045.300     2068.120     2145.500     2182.120     2217.120
   185:     2632.100     2649.100     2815.120     2824.100     2841.100
   190:     2845.100     2854.100     2865.100     2867.100     2869.100
   195:     2882.100     2884.200     2891.120     2934.300     3028.120
   200:     3034.510     3087.110     3092.120     3103.120     3310.110
   205:     3316.120     3392.110     3397.110     3399.110     3402.110
   210:     3405.110     3408.110     3411.110     3417.110     3420.110
   215:     3424.110     3434.110     3441.110     3452.110     3455.110
   220:     3468.110     3479.110     3491.110     3499.120     3511.110
   225:     3519.110     3521.110     3526.110     3529.110     3531.110
   230:     3533.110     3536.110     3542.110     3544.110     3551.110
   235:     3564.110     3570.110     3574.110     3579.110     3584.110
   240:     3594.110     3599.110     3605.120     3615.110     3619.110
   245:     3629.110     3633.110     3653.110     3653.210     3660.120
   250:     3703.310     3803.500     4102.100     4115.120     4485.120
   255:     4506.100     4511.100     4513.100     4521.100     4524.100
   260:     4529.100     4535.100     4538.100     4549.100     4560.100
   265:     4566.200     4567.100     4571.120     4616.300     4680.120
   270:     4716.510     4747.120     4954.110     5484.110     5484.210
   275:     5487.120     5534.310     5634.510     6055.110     6061.120
   280:     6082.110     6089.110     6097.110     6112.110     6114.110
   285:     6145.110     6147.110     6155.110     6156.110     6168.110
   290:     6171.110     6186.110     6194.110     6204.110     6206.110
   295:     6214.110     6224.110     6229.110     6242.110     6247.110
   300:     6247.210     6254.120     6297.310     6397.500     6603.120
   305:     6645.100     6692.100     6771.120     7057.100     7060.100
   310:     7069.100     7074.100     7077.100     7077.100     7090.100
   315:     7095.100     7100.100     7112.100     7116.100     7117.200
   320:     7124.120     7167.300     7267.500     7563.120     7578.100
   325:     7615.120     7643.100     7678.100     7682.100     7684.100
   330:     7689.100     7709.120     7741.100     7744.100     7745.100
   335:     7749.100     7754.100     7757.100     7767.100     7770.100
   340:     7779.100     7787.100     7793.100     7802.100     7807.100
   345:     7824.100     7828.100     7843.100     7847.100     7849.100
   350:     7858.100     7880.100     7884.200     7885.100     7891.120
   355:     7934.300     8022.120     8034.510     8059.120     8060.120
   360:     8114.110     8118.110     8123.120     8369.110     8371.110
   365:     8382.120     8405.120     8435.110     8437.110     8448.110
   370:     8451.110     8460.110     8462.110     8470.110     8488.110
   375:     8491.110     8496.110     8498.110     8502.110     8509.110
   380:     8521.110     8530.110     8533.110     8544.110     8546.110
   385:     8555.110     8558.110     8569.110     8574.110     8590.110
   390:     8594.110     8605.110     8651.110     8651.210     8658.120
   395:     8701.310     8801.500     8803.120     9258.100     9264.100
   400:     9266.100     9268.100     9271.100     9280.100     9282.100
   405:     9292.100     9297.100     9301.100     9312.100     9320.100
   410:     9327.100     9331.100     9339.100     9342.100     9355.100
   415:     9366.100     9373.100     9380.100     9388.120     9396.100
   420:     9399.100     9401.100     9402.200     9408.120     9452.300
   425:     9535.120     9552.510     9631.120     9856.110     9870.110
   430:     9874.110     9879.110     9886.120     9896.110     9900.110
   435:     9914.110     9920.110     9923.110     9925.110     9927.110
   440:     9931.110     9942.110     9945.110     9954.110     9957.110
   445:     9960.110     9963.110     9965.110     9968.110     9975.110
   450:     9979.110     9981.110     9990.110    10001.110    10005.110
   455:    10012.110    10014.110    10022.110    10025.110    10036.110
   460:    10053.110    10056.110    10060.110    10067.110    10071.110
   465:    10085.110    10090.110    10097.110    10102.110    10104.110
   470:    10114.110    10119.120    10121.120    10129.110    10134.110
   475:    10145.110    10164.110    10164.210    10170.120    10214.310
   480:    10314.510    10351.120    10365.120    10372.120    10387.110
   485:    10750.110    10753.110    10782.110    10787.110    10789.110
   490:    10810.110    10823.110    10835.110    10847.110    10856.110
   495:    10867.110    10872.110    10879.110    10884.110    10891.110
   500:    10898.110    10902.110    10922.110    10931.110    10931.210
   505:    10936.120    10981.310    11081.500    11127.120    11137.120
   510:    11626.100    11639.100    11642.100    11646.100    11651.100
   515:    11655.100    11662.100    11667.100    11680.100    11683.100
   520:    11686.200    11694.120    11736.300    11836.500    11837.120
   525:    11877.120    11878.120    11882.120    11905.120    11911.120
   530:    12289.100    12294.100    12300.100    12313.100    12320.100
   535:    12334.100    12340.100    12346.100    12349.100    12352.100
   540:    12357.100    12364.100    12369.100    12378.100    12386.100
   545:    12391.100    12404.100    12415.100    12422.100    12437.100
   550:    12438.200    12445.120    12488.300    12588.510    12651.110
   555:    12900.110    12904.120    12919.110    12925.110    12927.110
   560:    12931.120    13235.110    13235.210    13241.120    13285.310
   565:    13385.540    13434.120    13737.110    13745.110    13748.110
   570:    13750.110    13762.110    13765.110    13768.110    13777.110
   575:    13779.110    13782.110    13791.110    13794.110    13800.110
   580:    13811.110    13817.110    13829.110    13833.110    13836.110
   585:    13860.110    13864.110    13873.110    13885.110    13888.110
   590:    13896.110    13899.110    13905.110    13910.110    13911.110
   595:    13934.110    13937.110    13944.110    13947.110    13964.110
   600:    13983.110    13987.110    14001.110    14010.110    14012.110
   605:    14015.110    14040.110    14044.110    14055.110    14060.110
   610:    14062.110    14073.110    14088.110    14093.110    14100.110
   615:    14104.110    14119.110    14125.120    14145.110    14148.110
   620:    14189.110    14193.110    14436.110    14447.120    14513.120
   625:    14670.120    14683.110    14690.110    14763.110    14769.110
   630:    14773.110    14778.110    14791.110    14796.110    14801.110
   635:    14815.110    14823.110    14831.120    14858.110    14986.120
   640:    14996.110    15185.340    15285.530    15534.120    15543.100
   645:    15550.100    15555.100    15563.100    15573.100    15578.100
   650:    15582.100    15597.100    15603.100    15607.100    15620.100
   655:    15624.100    15635.100    15637.100    15667.100    15673.100
   660:    15677.100    15693.100    15698.100    15704.100    15706.100
   665:    15714.120    15726.100    15730.100    15733.100    15736.100
   670:    15742.100    15755.100    15762.100    15771.100    15772.100
   675:    15776.100    15799.100    15806.100    15810.100    16086.120
   680:    16134.120    16154.100    16163.120    16351.100    16696.100
   685:    16700.100    16705.100    16709.100    16724.100    16727.100
   690:    16736.100    16742.100    16745.100    16750.100    16752.100
   695:    16753.100    16760.100    16763.100    16768.100    16777.100
   700:    16783.100    16788.100    16791.100    16799.100    16802.100
   705:    16811.100    16816.120    16822.120    16824.120    16825.120
   710:    16833.120    16843.120    16856.120    16875.100    16881.100
   715:    16883.100    16924.100    17085.330    17185.500    17191.120
   720:    17618.120    17641.120    17676.120    17680.120    17683.120
   725:    17709.120    17728.100    17788.200    17838.300    17844.120
   730:    17887.120    17920.120    17938.510    18012.110    18042.110
   735:    18046.110    18049.110    18059.110    18063.110    18069.120
   740:    18109.110    18587.110    18587.210    18591.120    18637.310
   745:    18737.510    19356.110    19356.210    19361.120    19406.310
   750:    19506.500    19972.120    20000.100    20012.100    20017.100
   755:    20019.100    20022.100    20027.100    20033.100    20037.100
   760:    20043.100    20046.100    20052.100    20064.100    20069.100
   765:    20074.100    20083.100    20090.100    20095.120    20104.100
   770:    20106.200    20108.100    20113.120    20156.300    20256.500
   775:    20296.120    20298.120    20299.120    20307.120    20307.120
   780:    20322.120    21022.120    21037.100    21052.100    21054.100
   785:    21059.100    21078.100    21084.100    21089.100    21097.200
   790:    21106.120    21147.300    21247.540    21256.120    21693.110
   795:    21705.110    21717.110    21728.110    21735.110    21744.110
   800:    21757.110    21760.110    21763.110    21767.110    21773.110
   805:    21785.110    21789.110    21792.110    21795.110    21802.110
   810:    21811.110    21816.110    21823.110    21826.110    21835.110
   815:    21840.110    21845.110    21850.110    21852.110    21856.120
   820:    21866.110    21870.110    21884.110    21890.110    21905.110
   825:    21908.110    21912.110    21915.110    21931.110    21935.110
   830:    21938.110    21951.110    21954.110    21959.110    21961.110
   835:    21963.110    21984.110    21995.120    22002.110    22025.110
   840:    22035.110    22040.110    22056.110    22060.110    22065.110
   845:    22071.110    22090.110    22105.120    22134.110    22139.110
   850:    22142.110    22600.110    22618.120    22951.120    23047.340
   855:    23147.510    23411.110    23416.110    23424.110    23437.110
   860:    23451.110    23460.110    23464.110    23466.110    23471.110
   865:    23484.110    23488.110    23493.110    23507.110    23520.110
   870:    23523.110    23528.110    23537.110    23552.110    23557.110
   875:    23573.110    23581.110    23591.110    23596.110    23609.110
   880:    23612.110    23628.110    23636.110    23660.110    23663.110
   885:    23670.110    23674.110    23684.110    23698.110    23707.120
   890:    23723.110    23759.120    23781.110    23781.210    23786.120
   895:    23831.310    23931.530    24294.100    24330.100    24337.100
   900:    24343.120    24367.100    24376.100    24384.120    24389.120
   905:    24394.120    24434.120    24448.100    24456.100    24462.100
   910:    24465.100    24467.100    24472.100    24476.100    24494.100
   915:    24498.100    24503.100    24508.100    24511.100    24515.120
   920:    24522.120    24529.100    24531.100    24545.100    24561.100
   925:    24583.100    24589.100    24590.100    24596.100    24632.100
   930:    24636.100    24638.100    24643.120    24654.100    24661.100
   935:    24669.100    24677.100    24679.100    24700.100    24705.100
   940:    24708.100    24712.100    24716.100    24749.100    24750.100
   945:    24753.100    24762.100    24768.120    24818.120    24836.100
   950:    24837.100    24851.100    24868.120    24952.100    25016.120
   955:    25289.100    25397.100    25402.100    25408.120    25632.100
   960:    25637.100    25644.100    25646.100    25650.100    25655.100
   965:    25657.100    25661.100    25671.100    25675.100    25690.100
   970:    25694.100    25697.100    25700.100    25705.100    25708.100
   975:    25713.100    25717.100    25723.100    25731.330    25732.100
   980:    25739.120    25831.510    25841.110    25846.110    25851.120
   985:    26086.110    26091.110    26094.110    26097.110    26341.110
   990:    26346.110    26369.110    26381.110    26386.110    26390.110
   995:    26394.110    26399.110    26414.110    26416.110    26419.110
  1000:    26433.110    26438.110    26442.110    26442.210    26447.120
  1005:    26492.310    26592.500    26594.120    26651.120    26652.120
  1010:    27080.100    27091.100    27094.100    27101.100    27105.100
  1015:    27109.100    27115.100    27123.100    27133.100    27142.100
  1020:    27153.100    27167.100    27170.100    27175.100    27179.100
  1025:    27183.100    27192.100    27193.200    27201.120    27243.300
  1030:    27343.510    27557.110    27561.120    27895.110    27972.110
  1035:    27972.210    27977.120    28022.310    28122.500    28581.100
  1040:    28596.120    28596.120    28620.120    28645.100    28654.100
  1045:    28660.100    28663.100    28666.100    28682.100    28693.100
  1050:    28700.100    28708.100    28711.100    28722.100    28723.200
  1055:    28728.120    28773.300    28873.500    28974.120    29287.100
  1060:    29410.100    29427.100    29431.100    29437.100    29448.100
  1065:    29452.100    29475.100    29476.100    29478.100    29482.100
  1070:    29487.200    29488.100    29495.120    29537.300    29620.120
  1075:    29637.510    30044.110    30052.110    30055.110    30060.110
  1080:    30074.110    30079.110    30088.110    30100.110    30106.120
  1085:    30112.110    30126.110    30132.110    30188.110    30193.110
  1090:    30204.110    30207.110    30210.110    30213.110    30224.110
  1095:    30229.110    30239.110    30248.110    30249.110    30249.210
  1100:    30255.120    30299.310    30399.500    30404.120    30409.120
  1105:    30459.120    30460.120    30464.120    30952.100    30965.100
  1110:    30969.100    30972.100    30979.100    30982.100    30983.100
  1115:    30992.100    30995.100    31002.100    31005.100    31008.100
  1120:    31012.200    31019.120    31062.300    31162.500    31189.120
  1125:    31553.120    31569.100    31576.100    31591.100    31596.100
  1130:    31608.100    31613.100    31624.100    31629.100    31638.100
  1135:    31646.100    31650.100    31653.100    31675.100    31684.100
  1140:    31687.100    31692.120    31701.100    31703.100    31705.100
  1145:    31712.100    31714.100    31721.100    31724.100    31725.100
  1150:    31742.100    31747.100    31750.100    31756.100    31763.200
  1155:    31771.120    31813.300    31913.510    32306.110    32310.120
  1160:    32319.110    32323.110    32332.120    32344.110    32348.110
  1165:    32351.110    32356.110    32361.110    32378.110    32382.110
  1170:    32390.110    32401.120    32416.110    32419.110    32434.110
  1175:    32436.110    32439.110    32451.110    32458.110    32469.110
  1180:    32503.110    32506.110    32516.110    32522.110    32537.110
  1185:    32537.210    32542.120    32587.310    32677.120    32677.120
  1190:    32678.120    32679.120    32684.120    32687.510    33118.110
  1195:    33124.110    33170.110    33173.110    33177.110    33181.110
  1200:    33184.110    33187.110    33196.110    33206.110    33216.110
  1205:    33220.110    33225.110    33237.110    33244.110    33246.110
  1210:    33249.110    33255.120    33267.110    33328.110    33332.110
  1215:    33349.110    33353.110    33363.110    33365.110    33369.110
  1220:    33375.110    33391.110    33395.110    33404.110    33415.110
  1225:    33419.110    33424.110    33439.110    33439.210    33445.120
  1230:    33489.310    33589.510    33622.120    33632.120    33854.120
  1235:    33863.110    33866.120    33873.120    33873.120    33881.120
  1240:    33883.120    33884.120    34123.110    34162.110    34336.110
  1245:    34341.110    34341.210    34346.120    34391.310    34491.500
  1250:    34766.120    34812.120    34825.120    34838.100    35130.100
  1255:    35139.100    35144.100    35147.100    35161.100    35164.100
  1260:    35181.100    35190.200    35198.120    35240.300    35340.510
  1265:    35341.120    35355.120    35361.120    35377.120    35381.120
  1270:    35384.120    35386.120    35396.120    35586.110    35977.110
  1275:    35980.110    35985.110    35988.110    35991.110    35994.110
  1280:    36002.110    36009.110    36015.110    36022.110    36032.110
  1285:    36036.110    36043.110    36050.110    36054.110    36057.110
  1290:    36065.110    36072.110    36075.110    36091.110    36091.210
  1295:    36095.120    36141.310    36241.500    36245.120    36288.120
  1300:    36755.120    36774.100    36789.100    36792.100    36808.100
  1305:    36812.100    36816.100    36818.100    36820.100    36834.100
  1310:    36838.100    36842.100    36849.200    36855.120    36899.300
  1315:    36999.500    37446.100    37449.100    37458.100    37464.100
  1320:    37468.100    37476.100    37479.100    37483.100    37488.100
  1325:    37503.100    37510.100    37517.100    37520.100    37541.100
  1330:    37547.100    37550.100    37554.100    37573.100    37580.100
  1335:    37598.100    37601.200    37607.120    37651.300    37751.510
  1340:    38268.110    38270.110    38282.110    38286.110    38290.110
  1345:    38308.110    38324.110    38339.110    38345.110    38354.110
  1350:    38360.110    38369.120    38380.110    38390.110    38405.110
  1355:    38409.110    38416.110    38422.110    38425.110    38436.110
  1360:    38442.110    38455.110    38458.110    38465.110    38469.110
  1365:    38472.110    38479.120    38490.110    38493.110    38495.110
  1370:    38501.110    38501.210    38507.120    38551.310    38647.120
  1375:    38651.540    39219.110    39229.110    39237.110    39241.110
  1380:    39253.120    39261.110    39264.110    39270.110    39284.110
  1385:    39290.110    39293.110    39298.110    39305.110    39312.110
  1390:    39317.110    39319.110    39331.110    39339.120    39347.110
  1395:    39351.110    39361.110    39373.110    39380.110    39384.110
  1400:    39387.110    39393.110    39399.110    39402.110    39405.110
  1405:    39409.120    39427.110    39432.110    39437.110    39441.110
  1410:    39454.110    39459.110    39468.110    39482.110    39487.110
  1415:    39500.110    39545.110    39552.110    39579.120    39589.110
  1420:    39615.110    40003.110    40012.110    40028.120    40451.340
  1425:    40551.500    40773.100    40842.120    41187.100    41191.100
  1430:    41230.100    41246.100    41247.200    41252.120    41297.300
  1435:    41397.500
E:
     0:     1436.000      493.000      673.000
F:
     0:       70.000       25.300       38.507
G:
     0:        1.000        1.000        1.000        1.000        1.000
     5:        1.000        1.000        1.000        1.000        0.000
H:
     0:        1.000        1.000        2.000        2.000
L:
     0:     6107.000     7486.000     7724.000     7301.000     6266.000
     5:     6101.000     6147.000     6127.000     6132.000     6104.000
    10:     8505.000     6111.000     6103.000     6247.000     6229.000
    15:     6110.000     7092.000     6181.000     6120.000     7058.000
R:
     0:        1.000        1.000        1.000        1.000        1.000
     5:        1.000        1.000        1.000        1.000        0.000
S:
     0:        1.000        0.000
U:
     0:     7486.000        1.000      626.000
X:
     0:        0.000      186.001      233.002      240.003      245.004
     5:      248.005      402.006      408.007      414.008      416.009
    10:      421.010      428.011      430.012      432.013      441.014
    15:      446.015      449.016      463.017      464.018      467.019
    20:      476.020      481.021      510.022      512.023      514.024
    25:      524.025      526.026      533.027      540.028      545.029
    30:      548.030      552.031      578.032      584.033      593.034
    35:      596.035      600.035      600.036      650.000      650.000
    40:     1136.001     1153.002     1328.003     1345.004     1349.005
    45:     1358.006     1369.007     1371.008     1373.009     1386.010
    50:     1388.010     1438.000     1438.000     1736.001     2140.002
    55:     2145.003     2147.004     2156.005     2158.006     2163.007
    60:     2169.008     2172.009     2183.010     2194.011     2200.011
    65:     2201.012     2250.000     2250.000     2498.001     2545.002
    70:     2910.003     2913.004     2921.005     2927.006     2929.007
    75:     2930.008     2942.009     2948.010     2952.011     2964.012
    80:     2969.013     2970.013     3020.000     3020.000     3330.001
    85:     3395.002     3430.003     3435.004     3436.005     3441.006
    90:     3493.007     3496.008     3497.009     3501.010     3506.011
    95:     3509.012     3519.013     3522.014     3531.015     3539.016
   100:     3545.017     3554.018     3559.019     3576.020     3581.021
   105:     3595.022     3600.023     3601.024     3610.025     3633.026
   110:     3636.026     3637.027     3686.000     3686.000     4142.001
   115:     4148.002     4150.003     4152.004     4155.005     4164.006
   120:     4166.007     4176.008     4181.009     4185.010     4196.011
   125:     4204.012     4211.013     4215.014     4223.015     4226.016
   130:     4239.017     4250.018     4257.019     4264.020     4280.021
   135:     4283.022     4285.023     4286.023     4336.000     4336.000
   140:     4880.001     4893.002     4897.003     4901.004     4905.005
   145:     4910.006     4917.007     4922.008     4935.009     4938.010
   150:     4940.010     4990.000     4990.000     5443.001     5448.002
   155:     5454.003     5466.004     5473.005     5487.006     5494.007
   160:     5500.008     5503.009     5506.010     5511.011     5518.012
   165:     5523.013     5532.014     5540.015     5545.016     5558.017
   170:     5569.018     5576.019     5591.020     5592.020     5642.000
   175:     5642.000     5642.138     5642.140     5642.142     5642.144
   180:     5642.146     5642.148     5642.150     5642.152     5642.154
   185:     5642.156     5642.158     5642.160     5642.162     5642.164
   190:     5642.166     5642.168     5642.170     5642.172     5642.174
   195:     5642.176     5642.178     5642.180     5642.182     5642.184
   200:     5642.186     5642.188     5642.190     5642.192     5642.194
   205:     5642.196     5642.198     5642.200     5642.202     5642.204
   210:     5642.206     5642.208     5642.210     5642.212     5642.214
   215:     5642.216     5642.218     5642.220     5642.222     5642.224
   220:     5642.226     5642.228     5642.230     5642.232     5642.234
   225:     5642.236     5642.238     5642.240     5642.242     5642.244
   230:     5642.246     5642.248     5642.250     5642.252     5642.254
   235:     5642.256     5642.258     5642.260     5642.261     5642.261
   240:     5642.000     5642.000     6135.001     6148.002     6153.003
   245:     6154.004     6158.005     6163.006     6168.007     6172.008
   250:     6178.009     6182.010     6187.011     6199.012     6205.013
   255:     6209.014     6218.015     6226.016     6239.017     6242.017
   260:     6243.018     6292.000     6292.000     7072.001     7087.002
   265:     7089.003     7094.004     7113.005     7119.006     7124.007
   270:     7132.007     7182.000     7182.000     7545.002     7581.004
   275:     7587.006     7617.008     7627.010     7698.012     7707.014
   280:     7713.016     7716.018     7718.020     7722.022     7727.024
   285:     7745.026     7749.028     7753.030     7759.032     7761.034
   290:     7779.036     7781.038     7795.040     7812.042     7834.044
   295:     7839.046     7841.048     7846.050     7882.052     7887.054
   300:     7889.056     7905.058     7912.060     7919.062     7927.064
   305:     7929.066     7950.068     7955.070     7959.072     7962.074
   310:     7966.076     8000.078     8001.080     8004.082     8012.084
   315:     8086.086     8088.088     8101.090     8203.092     8540.094
   320:     8648.096     8653.098     8883.100     8887.102     8895.104
   325:     8897.106     8901.108     8905.110     8907.112     8912.114
   330:     8922.116     8926.118     8940.120     8944.122     8948.124
   335:     8951.126     8955.128     8959.130     8963.132     8967.134
   340:     8974.136     8983.137    10330.001    10341.002    10345.003
   345:    10352.004    10356.005    10359.006    10366.007    10373.008
   350:    10384.009    10392.010    10404.011    10418.012    10421.013
   355:    10426.014    10430.015    10433.016    10442.017    10444.017
   360:    10494.000    10494.000    10952.001    11016.002    11025.003
   365:    11031.004    11034.005    11037.006    11053.007    11064.008
   370:    11071.009    11079.010    11082.011    11093.012    11094.012
   375:    11144.000    11144.000    11557.001    11680.002    11698.003
   380:    11702.004    11708.005    11718.006    11723.007    11745.008
   385:    11746.009    11748.010    11753.011    11758.011    11759.012
   390:    11808.000    11808.000    12360.001    12373.002    12377.003
   395:    12380.004    12387.005    12390.006    12391.007    12400.008
   400:    12403.009    12410.010    12413.011    12416.012    12420.012
   405:    12470.000    12470.000    12876.001    12883.002    12899.003
   410:    12903.004    12915.005    12920.006    12931.007    12936.008
   415:    12945.009    12953.010    12957.011    12960.012    12983.013
   420:    12991.014    12994.015    13009.016    13010.017    13012.018
   425:    13019.019    13021.020    13028.021    13031.022    13032.023
   430:    13049.024    13054.025    13057.026    13063.027    13071.027
   435:    13121.000    13121.000    13468.001    13760.002    13769.003
   440:    13773.004    13777.005    13791.006    13794.007    13811.008
   445:    13820.008    13870.000    13870.000    14403.001    14418.002
   450:    14421.003    14437.004    14441.005    14445.006    14447.007
   455:    14449.008    14463.009    14467.010    14470.011    14478.011
   460:    14528.000    14528.000    14974.001    14978.002    14987.003
   465:    14993.004    14996.005    15005.006    15007.007    15012.008
   470:    15016.009    15031.010    15039.011    15045.012    15049.013
   475:    15069.014    15076.015    15078.016    15082.017    15101.018
   480:    15108.019    15127.020    15130.020    15180.000    15180.000
   485:    15180.087    15180.088    15180.089    15180.090    15180.091
   490:    15180.091    15180.000    15180.000
Y:
     0:        0.000       35.001       40.002       68.003       99.004
     5:      102.005      106.006      110.007      112.008      195.009
    10:      198.010      200.011      206.012      212.013      215.014
    15:      219.015      234.016      238.017      243.018      251.019
    20:      256.020      259.021      279.022      282.023      290.024
    25:      297.025      300.026      305.027      322.028      325.029
    30:      356.030      365.031      401.032      421.033      433.034
    35:      437.035      439.036      441.037      444.038      451.039
    40:      457.040      479.041      482.042      495.043      500.044
    45:      506.045      517.046      532.047      537.048      541.049
    50:      541.049      591.000      591.000      891.001      901.002
    55:      906.003      909.004      952.005      955.006      958.007
    60:      966.008      977.009      984.010      989.011      994.012
    65:     1001.013     1011.014     1019.015     1035.016     1039.017
    70:     1043.018     1046.019     1057.020     1060.021     1065.022
    75:     1071.023     1075.024     1084.025     1102.026     1125.027
    80:     1128.028     1144.029     1144.029     1194.000     1194.000
    85:     1247.001     1470.002     1552.003     1556.004     1559.005
    90:     1561.006     1565.007     1568.008     1570.009     1576.010
    95:     1580.011     1583.012     1593.013     1600.014     1611.015
   100:     1614.016     1628.017     1639.018     1650.019     1670.020
   105:     1679.021     1680.022     1686.023     1688.024     1690.025
   110:     1692.026     1696.027     1701.028     1704.029     1710.030
   115:     1723.031     1730.032     1734.033     1739.034     1743.035
   120:     1754.036     1758.037     1775.038     1779.039     1788.040
   125:     1793.041     1813.042     1813.042     1863.000     1863.000
   130:     2101.001     2631.002     2631.002     2681.000     2681.000
   135:     3101.001     3129.002     3136.003     3144.004     3159.005
   140:     3161.006     3192.007     3194.008     3201.009     3203.010
   145:     3215.011     3218.012     3232.013     3241.014     3250.015
   150:     3253.016     3261.017     3271.018     3276.019     3289.020
   155:     3294.021     3294.021     3344.000     3344.000     3424.001
   160:     3427.002     3678.003     3681.004     3744.005     3747.006
   165:     3758.007     3761.008     3770.009     3772.010     3779.011
   170:     3797.012     3801.013     3806.014     3808.015     3812.016
   175:     3819.017     3831.018     3840.019     3842.020     3853.021
   180:     3856.022     3864.023     3867.024     3879.025     3884.026
   185:     3900.027     3904.028     3914.029     3961.030     3961.030
   190:     4011.000     4011.000     4315.001     4328.002     4333.003
   195:     4338.004     4355.005     4359.006     4373.007     4379.008
   200:     4382.009     4383.010     4386.011     4390.012     4401.013
   205:     4404.014     4412.015     4416.016     4419.017     4421.018
   210:     4424.019     4427.020     4434.021     4438.022     4440.023
   215:     4449.024     4460.025     4464.026     4470.027     4473.028
   220:     4481.029     4484.030     4495.031     4512.032     4515.033
   225:     4519.034     4525.035     4530.036     4544.037     4549.038
   230:     4556.039     4561.040     4563.041     4573.042     4588.043
   235:     4593.044     4604.045     4623.046     4623.046     4673.000
   240:     4673.000     4745.001     5108.002     5111.003     5141.004
   245:     5145.005     5147.006     5168.007     5181.008     5193.009
   250:     5205.010     5214.011     5225.012     5230.013     5237.014
   255:     5242.015     5250.016     5256.017     5260.018     5280.019
   260:     5289.020     5289.020     5339.000     5339.000     5401.001
   265:     5650.002     5670.003     5675.004     5677.005     5985.006
   270:     5985.006     6035.000     6035.000     6387.002     6395.004
   275:     6397.006     6399.008     6412.010     6415.012     6418.014
   280:     6426.016     6429.018     6431.020     6441.022     6444.024
   285:     6450.026     6460.028     6466.030     6478.032     6483.034
   290:     6486.036     6510.038     6513.040     6523.042     6534.044
   295:     6538.046     6545.048     6549.050     6555.052     6559.054
   300:     6561.056     6584.058     6587.060     6593.062     6596.064
   305:     6614.066     6633.068     6637.070     6651.072     6660.074
   310:     6662.076     6665.078     6689.080     6693.082     6705.084
   315:     6709.086     6712.088     6723.090     6738.092     6742.094
   320:     6750.096     6754.098     6768.100     6795.102     6798.104
   325:     6839.106     6843.108     7086.110     7332.112     7339.114
   330:     7413.116     7418.118     7423.120     7428.122     7441.124
   335:     7446.126     7451.128     7464.130     7472.132     7508.134
   340:     7646.136    10662.001    10692.002    10696.003    10699.004
   345:    10709.005    10712.006    10759.007    11237.008    11237.008
   350:    11287.000    11287.000    11905.001    11906.001    11956.000
   355:    11956.000    12401.002    12414.004    12426.006    12436.008
   360:    12444.010    12452.012    12466.014    12469.016    12472.018
   365:    12475.020    12482.022    12494.024    12497.026    12501.028
   370:    12504.030    12511.032    12519.034    12524.036    12531.038
   375:    12535.040    12544.042    12548.044    12554.046    12558.048
   380:    12560.050    12574.052    12579.054    12593.056    12598.058
   385:    12613.060    12616.062    12621.064    12624.066    12640.068
   390:    12643.070    12646.072    12659.074    12663.076    12667.078
   395:    12670.080    12671.082    12693.084    12711.086    12733.088
   400:    12744.090    12748.092    12765.094    12768.096    12774.098
   405:    12779.100    12799.102    12843.104    12848.106    12850.108
   410:    13308.110    14119.111    14125.112    14132.113    14145.114
   415:    14160.115    14168.116    14173.117    14175.118    14179.119
   420:    14193.120    14196.121    14202.122    14215.123    14228.124
   425:    14231.125    14236.126    14246.127    14260.128    14265.129
   430:    14281.130    14289.131    14300.132    14304.133    14317.134
   435:    14321.135    14337.136    14345.137    14368.138    14371.139
   440:    14379.140    14383.141    14392.142    14406.143    14432.144
   445:    14489.145    14489.145    14539.000    14539.000    14539.138
   450:    14539.139    14539.140    14539.141    14539.142    14539.143
   455:    14539.144    14539.145    14539.146    14539.147    14539.148
   460:    14539.149    14539.150    14539.151    14539.152    14539.153
   465:    14539.154    14539.155    14539.156    14539.157    14539.157
   470:    14539.000    14539.000    14752.001    15090.002    15168.003
   475:    15168.003    15218.000    15218.000    15624.001    15632.002
   480:    15635.003    15640.004    15654.005    15659.006    15668.007
   485:    15680.008    15692.009    15706.010    15712.011    15768.012
   490:    15773.013    15784.014    15787.015    15790.016    15793.017
   495:    15804.018    15809.019    15819.020    15828.021    15829.022
   500:    15830.022    15880.000    15880.000    16272.001    16285.002
   505:    16289.003    16310.004    16314.005    16317.006    16322.007
   510:    16327.008    16344.009    16348.010    16356.011    16382.012
   515:    16385.013    16400.014    16402.015    16405.016    16418.017
   520:    16425.018    16435.019    16469.020    16472.021    16482.022
   525:    16488.023    16503.024    16503.024    16553.000    16553.000
   530:    16984.001    16990.002    17036.003    17039.004    17043.005
   535:    17047.006    17050.007    17053.008    17062.009    17072.010
   540:    17082.011    17086.012    17091.013    17103.014    17110.015
   545:    17112.016    17115.017    17133.018    17194.019    17198.020
   550:    17214.021    17219.022    17229.023    17231.024    17235.025
   555:    17240.026    17257.027    17261.028    17270.029    17281.030
   560:    17285.031    17290.032    17305.033    17305.033    17355.000
   565:    17355.000    17629.001    17888.002    17927.003    18101.004
   570:    18106.005    18106.005    18156.000    18156.000    18401.001
   575:    18792.002    18795.003    18800.004    18804.005    18807.006
   580:    18809.007    18817.008    18825.009    18830.010    18838.011
   585:    18847.012    18851.013    18858.014    18865.015    18870.016
   590:    18873.017    18881.018    18887.019    18890.020    18906.021
   595:    18906.021    18956.000    18956.000    19472.001    19475.002
   600:    19487.003    19491.004    19495.005    19513.006    19529.007
   605:    19544.008    19549.009    19559.010    19565.011    19585.012
   610:    19594.013    19610.014    19614.015    19621.016    19627.017
   615:    19630.018    19641.019    19647.020    19659.021    19662.022
   620:    19670.023    19674.024    19677.025    19695.026    19698.027
   625:    19700.028    19706.029    19706.029    19756.000    19756.000
   630:    20324.002    20334.004    20341.006    20346.008    20365.010
   635:    20369.012    20375.014    20389.016    20395.018    20398.020
   640:    20402.022    20409.024    20416.026    20421.028    20424.030
   645:    20435.032    20451.034    20455.036    20465.038    20478.040
   650:    20484.042    20489.044    20491.046    20497.048    20503.050
   655:    20506.052    20509.054    20531.056    20537.058    20541.060
   660:    20545.062    20559.064    20564.066    20572.068    20586.070
   665:    20592.072    20605.074    20650.076    20657.078    20694.080
   670:    20720.082    21107.084    21116.086
