File: C:\MED-PC\Data\2018-06-07_12h00m_Subject M333.txt


Start Date: 06/07/18
End Date: 06/07/18
Subject: M333
Experiment: DOBLE_PICO_ACO
Group: EXP
Box: 10
Start Time: 12:00:16
End Time: 13:13:42
MSN: IF_ACO_MULTIPLE_PICO
A:     185.000
B:      19.000
D:      20.000
I:       1.000
J:   18000.000
K:    5400.000
M:       0.000
N:      19.000
O:      20.000
P:     785.000
Q:       0.000
T:    1000.000
V:     600.000
W:      19.000
Z:       0.000
C:
     0:        0.120        0.120        0.120        0.120        0.120
     5:        0.120        0.120        0.120        0.120        0.120
    10:        0.120        0.120        0.120        0.120        0.120
    15:        0.120        0.120        0.120        0.120        0.120
    20:        0.120        0.120        0.120        0.120        0.120
    25:        0.510       11.120       31.120       69.110       73.120
    30:       88.120      132.110      135.120      223.110      230.120
    35:      291.110      299.110      303.120      343.110      347.120
    40:      359.120      390.110      398.110      402.110      410.120
    45:      433.110      438.110      441.110      444.110      447.110
    50:      450.120      503.110      508.110      517.110      523.110
    55:      541.110      541.210      545.120      591.310      691.500
    60:      725.120      727.120      732.120      738.120      757.120
    65:      765.120      767.120      768.120      799.120      807.120
    70:      807.120      819.120      864.120      912.120      922.120
    75:     1112.120     1123.120     1203.120     1278.120     1314.100
    80:     1351.120     1364.120     1374.200     1379.120     1424.300
    85:     1516.120     1518.120     1519.120     1524.500     1563.120
    90:     1576.120     1591.120     1692.120     1698.120     1742.120
    95:     1961.120     2008.120     2073.120     2112.120     2163.100
   100:     2178.120     2211.120     2223.200     2230.120     2273.300
   105:     2373.510     2454.120     2507.120     2566.110     2571.120
   110:     2573.120     2576.120     2654.110     2657.120     2711.110
   115:     2714.120     2755.110     2768.110     2770.120     2848.110
   120:     2854.110     2917.110     2925.110     2930.120     2980.110
   125:     2986.110     3031.110     3035.110     3039.110     3044.120
   130:     3078.110     3078.210     3083.120     3128.310     3209.120
   135:     3210.120     3228.540     3233.120     3436.110     3440.120
   140:     3495.110     3499.120     3553.110     3557.120     3567.120
   145:     3571.120     3604.110     3612.110     3654.110     3661.110
   150:     3665.110     3670.110     3675.120     3712.110     3722.110
   155:     3723.110     3728.110     3736.120     3776.110     3781.110
   160:     3797.120     3827.110     3832.110     3846.110     3852.110
   165:     3863.110     3866.120     3909.110     3914.110     3917.110
   170:     3935.110     3941.110     3944.110     3946.110     3948.110
   175:     3974.110     3981.110     3991.110     3993.120     3996.120
   180:     4038.110     4042.110     4045.110     4054.110     4068.110
   185:     4069.110     4076.120     4082.120     4122.110     4132.110
   190:     4135.110     4138.110     4141.110     4143.110     4146.110
   195:     4149.110     4154.110     4164.110     4168.110     4180.120
   200:     4227.120     4252.110     4255.120     4268.110     4279.110
   205:     4280.110     4412.110     4413.110     4416.110     4439.110
   210:     4451.120     4455.120     4458.120     4462.120     4465.120
   215:     4469.120     4546.110     4550.120     4643.110     4648.120
   220:     4652.120     4657.120     4691.120     4747.110     4750.120
   225:     4828.120     4880.120     4951.120     5028.340     5045.120
   230:     5071.120     5127.120     5128.500     5171.120     5372.120
   235:     5381.100     5384.120     5412.120     5419.120     5433.120
   240:     5460.120     5474.100     5517.120     5565.100     5580.100
   245:     5584.120     5625.100     5666.100     5670.100     5674.100
   250:     5680.120     5684.120     5698.100     5730.200     5761.120
   255:     5780.300     5880.510     5887.120     5890.120     5891.120
   260:     5943.120     5947.120     6020.120     6042.120     6105.110
   265:     6110.120     6128.120     6166.110     6171.120     6257.110
   270:     6262.110     6269.120     6321.110     6326.110     6331.120
   275:     6333.120     6359.120     6378.120     6388.110     6399.110
   280:     6404.120     6434.110     6438.110     6442.120     6486.110
   285:     6491.110     6494.110     6498.110     6561.110     6566.110
   290:     6573.110     6576.110     6581.120     6626.110     6626.210
   295:     6629.120     6676.310     6776.500     6782.120     6828.120
   300:     6829.120     6830.120     6835.120     6847.120     6890.120
   305:     7088.120     7119.120     7251.120     7301.120     7330.120
   310:     7367.120     7379.120     7399.120     7405.120     7418.120
   315:     7420.120     7426.120     7455.120     7491.120     7611.120
   320:     7629.120     7639.100     7699.200     7704.120     7749.300
   325:     7849.510     7867.120     7892.120     7897.120     7898.120
   330:     7929.120     7931.120     7933.120     7949.120     8172.110
   335:     8176.120     8219.110     8223.120     8293.120     8339.110
   340:     8342.120     8349.120     8351.120     8353.120     8369.120
   345:     8389.120     8411.110     8415.120     8447.110     8451.120
   350:     8492.110     8492.210     8496.120     8542.310     8543.120
   355:     8642.500     8781.120     8802.120     8804.120     8813.120
   360:     9058.100     9062.120     9107.120     9120.120     9153.120
   365:     9155.120     9178.100     9181.120     9238.120     9251.120
   370:     9357.100     9362.120     9374.120     9402.100     9413.100
   375:     9417.100     9417.200     9422.120     9467.300     9567.510
   380:     9665.110     9755.120     9767.120     9878.110     9885.120
   385:     9887.120     9915.120     9944.120     9993.110     9997.120
   390:    10031.120    10073.110    10130.110    10138.110    10140.120
   395:    10144.120    10182.110    10186.120    10222.120    10232.110
   400:    10237.110    10243.120    10276.120    10290.110    10293.110
   405:    10296.110    10300.110    10303.110    10320.110    10324.110
   410:    10328.120    10350.120    10361.110    10366.110    10389.110
   415:    10397.110    10447.110    10455.110    10459.110    10462.110
   420:    10473.120    10480.120    10502.110    10502.210    10506.120
   425:    10552.310    10643.120    10645.120    10652.510    10671.120
   430:    10688.120    10701.120    11007.110    11014.120    11047.110
   435:    11052.120    11069.120    11142.110    11149.110    11153.120
   440:    11162.120    11192.120    11197.110    11234.110    11240.110
   445:    11245.120    11308.110    11313.110    11317.120    11348.110
   450:    11353.110    11359.110    11364.120    11391.110    11399.110
   455:    11404.110    11406.110    11408.110    11412.110    11414.110
   460:    11417.110    11420.110    11421.110    11423.110    11425.110
   465:    11466.110    11466.210    11470.120    11516.310    11599.120
   470:    11616.500    11629.120    11638.120    11640.120    11665.120
   475:    11666.120    11673.120    11690.120    11692.120    11992.100
   480:    11996.120    12044.120    12100.100    12103.120    12143.120
   485:    12165.120    12187.120    12223.100    12269.100    12276.100
   490:    12279.100    12282.120    12283.200    12333.300    12418.120
   495:    12433.510    12452.120    12486.120    12537.120    12551.120
   500:    12648.110    12652.120    12690.120    12775.110    12780.120
   505:    12790.120    12817.110    12821.120    12859.110    12863.120
   510:    12885.120    12905.110    12908.110    12911.120    12924.120
   515:    12925.120    12947.110    12950.120    12993.110    12999.110
   520:    13013.110    13018.110    13020.110    13025.120    13049.110
   525:    13053.110    13056.110    13068.110    13072.110    13073.110
   530:    13076.110    13079.110    13087.110    13098.110    13151.110
   535:    13156.110    13161.110    13166.120    13197.110    13201.110
   540:    13204.110    13217.110    13223.110    13223.210    13227.120
   545:    13273.310    13373.500    13422.120    13423.120    13448.120
   550:    13640.120    13652.120    13931.120    13937.100    13943.120
   555:    13997.200    14000.120    14047.300    14132.120    14134.120
   560:    14147.510    14173.120    14201.120    14275.120    14329.120
   565:    14357.120    14357.120    14387.120    14388.120    14459.110
   570:    14462.120    14486.120    14489.120    14497.120    14559.120
   575:    14603.110    14606.120    14633.120    14638.120    14663.120
   580:    14667.120    14681.110    14685.120    14732.110    14738.110
   585:    14741.120    14763.110    14768.110    14769.110    14772.110
   590:    14774.110    14777.120    14800.110    14813.110    14820.110
   595:    14823.110    14834.110    14863.110    14865.110    14869.110
   600:    14872.110    14878.120    14900.110    14901.110    14906.110
   605:    14909.110    14918.120    14938.110    14938.210    14942.120
   610:    14988.310    15088.500    15112.120    15405.120    15447.120
   615:    15491.120    15536.120    15553.120    15554.120    15556.120
   620:    15563.120    15565.120    15600.120    15646.120    15712.120
   625:    15756.120    15793.120    15913.100    15923.100    15931.120
   630:    15940.100    15957.100    15972.100    15973.200    15978.120
   635:    16023.300    16123.510    16201.120    16202.120    16206.120
   640:    16207.120    16209.120    16214.120    16235.120    16238.120
   645:    16241.120    16242.120    16609.120    16611.120    16616.110
   650:    16621.120    16655.110    16661.110    16664.120    16697.110
   655:    16701.110    16709.120    16742.120    16745.120    16760.110
   660:    16799.110    16805.110    16806.110    16809.110    16812.110
   665:    16817.120    16840.110    16845.110    16847.110    16856.110
   670:    16862.110    16867.110    16870.110    16871.110    16873.110
   675:    16891.110    16900.110    16902.110    16918.110    16918.210
   680:    16922.120    16968.310    17068.500    17344.120    17383.120
   685:    17391.100    17395.120    17503.120    17510.120    17520.120
   690:    17573.120    17603.120    17622.120    17654.120    17673.120
   695:    17696.120    17749.120    17755.100    17782.100    17792.100
   700:    17797.120    17808.100    17815.200    17820.120    17865.300
   705:    17965.510    18021.120    18032.120    18084.110    18089.120
   710:    18103.120    18105.120    18153.120    18176.120    18190.120
   715:    18231.120    18237.120    18322.120    18328.120    18427.110
   720:    18434.120    18479.120    18494.120    18523.110    18527.120
   725:    18550.110    18555.110    18565.120    18566.120    18568.120
   730:    18608.110    18613.120    18634.120    18649.110    18655.110
   735:    18660.110    18665.120    18667.120    18676.120    18704.110
   740:    18710.110    18716.120    18718.120    18738.120    18759.110
   745:    18759.210    18764.120    18809.310    18882.120    18891.120
   750:    18909.530    19350.100    19356.120    19387.120    19410.100
   755:    19415.120    19500.100    19517.120    19528.100    19564.100
   760:    19583.120    19585.120    19600.100    19665.100    19674.100
   765:    19680.100    19683.100    19705.100    19717.100    19722.100
   770:    19764.120    19770.100    19779.120    19781.120    19783.120
   775:    19824.120    19828.120    19853.120    19866.100    19871.120
   780:    19909.120    19917.100    19922.120    19930.120    19973.100
   785:    20190.120    20235.120    20299.120    20370.120    20553.100
   790:    20566.120    20578.100    20652.100    20658.100    20665.120
   795:    20709.330    20736.120    20740.120    20751.120    20809.500
   800:    20820.120    20828.120    20845.120    20856.120    20868.100
   805:    20875.120    20910.120    20928.120    20962.120    20965.120
   810:    21090.120    21105.120    21135.120    21148.120    21191.120
   815:    21277.100    21299.100    21310.120    21313.120    21349.100
   820:    21352.120    21380.120    21384.120    21411.120    21465.100
   825:    21484.100    21496.100    21499.100    21505.100    21507.100
   830:    21510.100    21515.120    21521.100    21525.200    21530.120
   835:    21575.300    21675.510    21702.120    21703.120    21704.120
   840:    21960.110    21967.110    21979.120    21998.120    21999.120
   845:    22019.110    22023.120    22058.110    22062.120    22069.120
   850:    22109.110    22113.120    22148.110    22152.120    22161.120
   855:    22179.110    22182.120    22212.120    22217.110    22223.110
   860:    22225.110    22229.120    22238.120    22254.120    22265.120
   865:    22273.110    22278.120    22283.120    22306.110    22311.110
   870:    22314.110    22317.110    22322.120    22339.120    22352.110
   875:    22358.110    22361.110    22363.110    22367.110    22371.110
   880:    22378.110    22380.110    22383.110    22386.110    22388.110
   885:    22390.110    22401.110    22405.110    22410.110    22412.110
   890:    22428.110    22436.110    22439.110    22440.110    22442.110
   895:    22445.110    22473.110    22473.210    22477.120    22522.120
   900:    22523.310    22623.510    23083.110    23091.120    23091.120
   905:    23118.110    23125.110    23129.110    23132.110    23137.120
   910:    23150.120    23151.120    23159.120    23186.110    23191.110
   915:    23236.110    23237.110    23244.110    23248.120    23275.120
   920:    23282.110    23320.110    23330.110    23336.110    23347.110
   925:    23354.110    23355.110    23360.110    23362.120    23384.120
   930:    23392.110    23403.110    23412.110    23412.210    23417.120
   935:    23462.310    23562.500    23747.120    23750.120    23758.120
   940:    24058.120    24085.120    24118.100    24178.200    24186.120
   945:    24224.120    24228.300    24235.120    24328.510    24337.120
   950:    24358.120    24381.120    24387.120    24396.120    24397.120
   955:    24407.120    24416.120    24418.120    24419.120    24432.120
   960:    24437.120    24440.120    24479.120    24536.120    24548.120
   965:    24562.110    24568.110    24571.110    24639.110    24644.110
   970:    24646.110    24649.120    24677.120    24683.110    24688.110
   975:    24689.110    24696.120    24725.110    24764.110    24769.110
   980:    24773.110    24776.110    24781.120    24802.110    24804.110
   985:    24818.110    24824.120    24852.110    24868.110    24872.110
   990:    24875.110    24879.110    24885.110    24888.110    24905.110
   995:    24913.110    24915.110    24918.110    24920.110    24964.110
  1000:    24968.110    24970.110    24973.110    24982.110    24984.110
  1005:    24996.110    25000.120    25017.110    25021.110    25026.110
  1010:    25042.110    25052.110    25055.110    25064.110    25068.110
  1015:    25084.110    25089.110    25093.110    25098.110    25116.110
  1020:    25116.210    25121.120    25166.310    25266.500    25814.120
  1025:    25825.100    25828.120    25865.120    25885.200    25935.300
  1030:    25993.120    25997.120    25998.120    26001.120    26024.120
  1035:    26035.510    26052.120    26054.120    26070.120    26082.120
  1040:    26082.120    26401.110    26406.120    26441.110    26445.120
  1045:    26486.110    26490.120    26522.110    26527.120    26567.110
  1050:    26572.110    26577.110    26580.120    26603.120    26608.110
  1055:    26613.110    26646.110    26654.110    26660.110    26665.110
  1060:    26667.110    26672.120    26697.110    26701.110    26704.110
  1065:    26715.110    26721.110    26723.110    26725.110    26729.110
  1070:    26735.110    26738.110    26743.110    26747.120    26775.110
  1075:    26789.110    26792.110    26801.110    26807.110    26808.110
  1080:    26844.110    26844.210    26849.120    26894.310    26994.500
  1085:    27177.120    27211.120    27213.120    27589.100    27596.120
  1090:    27617.120    27631.100    27649.200    27653.120    27699.300
  1095:    27799.500    27989.120    28162.120    28215.120    28264.120
  1100:    28277.120    28306.120    28317.120    28417.100    28431.100
  1105:    28437.120    28437.120    28467.100    28477.200    28482.120
  1110:    28527.300    28627.510    28701.110    28707.120    28745.120
  1115:    28746.120    28767.120    28773.120    28811.120    28824.120
  1120:    28950.110    28953.120    28961.120    29025.110    29029.110
  1125:    29033.120    29051.120    29072.120    29073.120    29130.110
  1130:    29133.110    29137.110    29142.110    29147.120    29168.120
  1135:    29175.120    29208.120    29210.120    29213.120    29228.120
  1140:    29234.110    29239.110    29242.110    29248.120    29279.120
  1145:    29283.120    29295.120    29304.110    29309.110    29312.110
  1150:    29324.110    29332.110    29335.110    29337.110    29341.110
  1155:    29344.110    29347.110    29350.110    29353.110    29359.110
  1160:    29372.110    29403.110    29409.110    29411.110    29415.110
  1165:    29415.210    29419.120    29465.310    29565.500    29651.100
  1170:    29710.120    29756.120    29760.120    29765.100    29770.120
  1175:    29780.120    29862.120    29864.120    29877.120    29896.120
  1180:    29907.120    29933.120    29940.100    29946.120    29995.120
  1185:    30049.120    30156.100    30161.120    30216.200    30222.120
  1190:    30266.300    30366.510    30380.120    30389.120    30601.110
  1195:    30605.120    30653.110    30658.120    30699.110    30702.120
  1200:    30744.120    30771.110    30774.120    30893.110    30900.110
  1205:    30904.110    30905.110    30908.110    30912.120    30948.120
  1210:    30956.120    30965.110    30973.110    30978.120    31010.110
  1215:    31015.110    31017.110    31020.120    31059.110    31062.110
  1220:    31066.110    31069.120    31100.110    31105.110    31108.110
  1225:    31117.110    31125.110    31128.110    31130.110    31135.110
  1230:    31153.110    31153.210    31156.120    31203.310    31303.530
  1235:    31416.120    31418.120    31522.120    31567.100    31570.120
  1240:    31618.120    31669.120    31739.120    31745.100    31751.120
  1245:    31825.100    31832.100    31836.120    31841.100    31867.100
  1250:    31881.100    31884.100    31897.120    31950.100    31969.100
  1255:    31984.100    31989.120    31994.100    32037.100    32040.100
  1260:    32043.100    32049.100    32056.120    32062.100    32094.120
  1265:    32101.100    32125.100    32135.100    32137.100    32139.100
  1270:    32144.120    32150.100    32196.100    32209.100    32214.100
  1275:    32224.100    32227.100    32233.120    32239.100    32242.100
  1280:    32248.120    32252.120    32258.120    32280.120    32281.120
  1285:    32288.100    32296.120    32389.120    32520.120    32522.120
  1290:    32523.120    32525.120    32530.120    32531.120    32739.100
  1295:    32746.120    32749.120    32751.120    32811.120    32853.100
  1300:    32857.120    32941.120    32943.120    32986.120    32991.120
  1305:    32994.120    33020.100    33024.120    33053.120    33056.120
  1310:    33068.120    33093.120    33097.120    33103.330    33107.120
  1315:    33163.120    33164.120    33169.120    33177.120    33186.120
  1320:    33203.510    33222.120    33286.110    33291.120    33329.110
  1325:    33333.120    33345.120    33359.120    33380.110    33384.120
  1330:    33428.120    33432.120    33434.120    33490.110    33498.120
  1335:    33561.110    33569.110    33575.120    33590.120    33648.110
  1340:    33656.110    33661.120    33711.110    33716.110    33719.110
  1345:    33801.110    33810.110    33813.110    33815.110    33823.110
  1350:    33830.120    33845.120    33850.110    33851.110    33857.110
  1355:    33861.110    33872.110    33882.110    33887.110    33889.110
  1360:    33891.110    33894.110    33905.110    33912.110    33918.110
  1365:    33920.110    33923.110    33928.110    33937.110    33946.110
  1370:    33951.110    33956.110    33960.110    33981.110    33990.110
  1375:    33990.210    33995.120    34040.310    34140.540    34290.110
  1380:    34295.120    34328.120    34418.110    34422.120    34463.110
  1385:    34481.110    34489.110    34493.120    34507.120    34546.120
  1390:    34562.110    34597.110    34650.110    34661.110    34675.110
  1395:    34680.120    34721.120    34728.110    34734.110    34738.110
  1400:    34743.110    34751.120    34775.120    34777.120    34785.110
  1405:    34799.110    34806.110    34808.110    34810.110    34853.110
  1410:    34860.110    34862.110    34866.110    34883.110    34889.110
  1415:    34895.110    34906.110    34919.110    34927.110    34929.110
  1420:    34949.110    34952.110    34959.110    34965.110    34973.110
  1425:    34992.110    34996.110    35008.110    35012.110    35028.110
  1430:    35047.110    35050.110    35057.110    35058.110    35060.110
  1435:    35063.110    35069.110    35072.110    35084.110    35098.110
  1440:    35111.110    35119.110    35125.110    35129.110    35151.110
  1445:    35156.110    35171.110    35181.110    35185.110    35190.110
  1450:    35215.120    35216.120    35224.120    35237.110    35289.110
  1455:    35295.110    35297.110    35300.110    35304.110    35308.110
  1460:    35311.110    35319.110    35375.110    35418.110    35436.120
  1465:    35438.120    35469.110    35580.110    35586.110    35590.110
  1470:    35630.110    35639.120    35661.120    35719.120    35753.120
  1475:    35785.110    35791.110    35802.120    35839.120    35859.120
  1480:    35872.110    35875.120    35906.120    35911.120    35940.340
  1485:    35949.120    36040.500    36491.120    36500.100    36510.120
  1490:    36535.100    36549.120    36554.120    36562.100    36593.100
  1495:    36612.100    36635.120    36653.200    36658.120    36703.300
  1500:    36792.120    36794.120    36803.500    36876.120    37060.100
  1505:    37156.100    37166.120    37200.100    37263.100    37270.100
  1510:    37288.120    37294.120    37348.100    37363.100    37367.100
  1515:    37372.120    37375.120    37408.200    37413.120    37458.300
  1520:    37558.510    37613.120    37666.110    37670.120    37674.120
  1525:    37677.120    37944.110    37948.120    37986.110    37989.120
  1530:    38019.120    38039.120    38046.110    38050.120    38096.110
  1535:    38101.120    38140.110    38144.120    38182.110    38186.110
  1540:    38189.110    38192.120    38236.120    38239.120    38246.110
  1545:    38255.110    38258.110    38259.110    38264.120    38289.120
  1550:    38296.120    38311.110    38316.110    38320.120    38351.120
  1555:    38356.110    38356.210    38360.120    38406.310    38506.510
  1560:    38933.110    38979.110    38983.110    38987.120    39002.120
  1565:    39041.110    39050.110    39055.120    39081.110    39087.120
  1570:    39096.120    39098.120    39104.110    39109.110    39112.110
  1575:    39129.120    39151.120    39160.110    39170.110    39177.110
  1580:    39179.110    39181.110    39185.110    39188.110    39192.110
  1585:    39195.110    39197.110    39204.110    39208.110    39211.120
  1590:    39222.120    39230.110    39241.110    39245.110    39248.110
  1595:    39250.110    39254.110    39260.110    39267.110    39272.110
  1600:    39285.110    39289.110    39291.110    39295.110    39295.210
  1605:    39299.120    39345.310    39443.120    39443.120    39445.500
  1610:    39455.120    39457.120    39601.120    39603.120    39611.120
  1615:    39735.120    39739.120    39770.120    39772.120    39787.120
  1620:    39819.120    39908.120    39918.120    39919.120    39930.120
  1625:    39938.120    39951.120    39961.120    39994.120    40081.120
  1630:    40107.120    40114.100    40130.120    40174.200    40179.120
  1635:    40224.300    40324.510    40504.110    40509.120    40526.120
  1640:    40537.120    40538.120    40669.120    40671.120    40704.120
  1645:    40739.120    40770.120    40811.110    40815.120    40847.110
  1650:    40853.110    40857.120    40866.120    40890.110    40898.110
  1655:    40906.120    40937.120    40939.120    40940.120    40944.120
  1660:    40948.110    40951.110    40957.110    40960.110    40963.120
  1665:    40995.120    41002.110    41011.110    41017.110    41018.110
  1670:    41020.110    41022.110    41024.110    41026.110    41029.110
  1675:    41032.110    41036.110    41094.110    41101.110    41102.110
  1680:    41103.110    41111.110    41111.210    41116.120    41161.310
  1685:    41261.500    41276.120    41277.120    41279.120    41284.120
  1690:    41288.120    41290.120    41294.120    41432.120    41435.120
  1695:    41438.120    41439.120    41493.120    41611.120    41626.120
  1700:    41629.120    41629.120    41700.120    41734.120    41739.100
  1705:    41743.120    41853.120    41889.100    41907.120    41910.120
  1710:    41914.120    41918.100    41949.200    41956.120    41999.300
E:
     0:     1715.000      187.000      707.000
F:
     0:       70.000       33.500       30.470
G:
     0:        1.000        1.000        1.000        1.000        1.000
     5:        1.000        1.000        1.000        1.000        0.000
H:
     0:        1.000        1.000        2.000        2.000
L:
     0:     6933.000     7093.000     6119.000     9324.000     7850.000
     5:     6765.000     6338.000     8948.000     7571.000     7257.000
    10:     6267.000     6282.000     6644.000     6879.000     6608.000
    15:     6226.000     6151.000     7390.000     6978.000
R:
     0:        1.000        1.000        1.000        1.000        1.000
     5:        1.000        1.000        1.000        1.000        0.000
S:
     0:        1.000        1.000
U:
     0:     7850.000        4.000        0.000
X:
     0:        0.000      623.001      683.001      733.000      733.000
     5:     1372.001     1432.001     1482.000     1482.000     1482.119
    10:     1482.120     1482.121     1482.122     1482.123     1482.124
    15:     1482.125     1482.126     1482.127     1482.127     1482.000
    20:     1482.000     2344.001     2404.001     2454.000     2454.000
    25:     2869.001     2989.002     3168.003     3214.004     3224.005
    30:     3228.006     3229.006     3279.000     3279.000     3654.001
    35:     3762.002     3885.003     3931.004     3938.005     3941.006
    40:     3945.006     3995.000     3995.000     4558.001     4618.001
    45:     4668.000     4668.000     5492.001     5502.002     5519.003
    50:     5536.004     5551.005     5552.005     5602.000     5602.000
    55:     5924.001     6289.002     6316.003     6325.004     6341.005
    60:     6349.005     6399.000     6399.000     6839.002     6899.004
    65:     6989.006     7017.008     7053.010     7089.012     7154.014
    70:     7163.016     7169.018     7172.020     7194.022     7206.024
    75:     7211.026     7259.028     7355.030     7406.032     7462.034
    80:     8042.036     8067.038     8141.040     8147.042     8357.043
    85:     8766.044     8788.045     8838.046     8954.047     8973.048
    90:     8985.049     8988.050     8994.051     8996.052     8999.053
    95:     9010.054     9014.054     9064.000     9064.000     9620.001
   100:     9680.001     9730.000     9730.000    10288.001    10348.001
   105:    10398.000    10398.000    10992.001    11034.002    11052.002
   110:    11102.000    11102.000    11719.001    11734.002    11769.003
   115:    11779.003    11829.000    11829.000    11915.001    12029.002
   120:    12204.003    12419.004    12479.004    12529.000    12529.000
   125:    12793.002    12971.004    13050.006    13058.008    13067.010
   130:    13093.012    13106.014    13109.016    13176.018    13195.020
   135:    13210.022    13220.024    13262.026    13265.028    13269.030
   140:    13274.032    13287.034    13327.036    13350.038    13361.040
   145:    13363.042    13365.044    13376.046    13422.048    13434.050
   150:    13439.052    13449.054    13453.056    13465.058    13467.060
   155:    13514.062    13965.064    14079.066    14245.068    17726.159
   160:    17761.160    17788.161    17819.162    17838.163    17879.163
   165:    17929.000    17929.000    18186.001    18282.002    18326.003
   170:    18388.004    18395.005    18474.006    18488.007    18492.008
   175:    18534.008    18584.000    18584.000    19252.001    19313.001
   180:    19363.000    19363.000    19840.001    19990.002    20019.003
   185:    20050.003    20100.000
Y:
     0:        0.000       69.001      132.002      223.003      291.004
     5:      298.005      343.006      390.007      398.008      402.009
    10:      433.010      438.011      440.012      444.013      447.014
    15:      503.015      508.016      516.017      523.018      541.019
    20:      541.019      591.000      591.000      783.001      871.002
    25:      928.003      972.004      985.005     1065.006     1071.007
    30:     1134.008     1142.009     1197.010     1203.011     1248.012
    35:     1252.013     1256.014     1295.015     1295.015     1345.000
    40:     1345.000     1553.002     1611.004     1669.006     1720.008
    45:     1728.010     1770.012     1777.014     1782.016     1787.018
    50:     1829.020     1838.022     1839.024     1844.026     1892.028
    55:     1898.030     1944.032     1948.034     1962.036     1969.038
    60:     1980.040     2025.042     2031.044     2033.046     2051.048
    65:     2058.050     2060.052     2062.054     2064.056     2090.058
    70:     2097.060     2107.062     2154.064     2158.066     2161.068
    75:     2171.070     2184.072     2185.074     2238.076     2249.078
    80:     2252.080     2254.082     2258.084     2259.086     2262.088
    85:     2265.090     2270.092     2281.094     2284.096     2368.098
    90:     2384.100     2395.102     2397.104     2528.106     2529.108
    95:     2532.110     2555.112     2663.114     2759.116     2863.118
   100:     4221.001     4283.002     4373.003     4378.004     4437.005
   105:     4442.006     4504.007     4516.008     4550.009     4554.010
   110:     4602.011     4608.012     4610.013     4615.014     4677.015
   115:     4683.016     4689.017     4693.018     4743.019     4743.019
   120:     4793.000     4793.000     5115.001     5163.002     5282.003
   125:     5355.004     5391.005     5436.006     5436.006     5486.000
   130:     5486.000     5583.001     5796.002     5912.003     5991.004
   135:     6048.005     6056.006     6100.007     6150.008     6156.009
   140:     6208.010     6212.011     6215.012     6218.013     6221.014
   145:     6238.015     6242.016     6279.017     6284.018     6308.019
   150:     6316.020     6366.021     6373.022     6377.023     6381.024
   155:     6420.025     6420.025     6470.000     6470.000     6824.001
   160:     6865.002     6959.003     6967.004     7015.005     7051.006
   165:     7058.007     7126.008     7130.009     7166.010     7170.011
   170:     7176.012     7208.013     7217.014     7222.015     7224.016
   175:     7226.017     7230.018     7232.019     7235.020     7237.021
   180:     7239.022     7241.023     7243.024     7284.025     7284.025
   185:     7334.000     7334.000     7549.001     7675.002     7718.003
   190:     7759.004     7806.005     7809.006     7848.007     7894.008
   195:     7899.009     7913.010     7919.011     7921.012     7950.013
   200:     7954.014     7956.015     7968.016     7972.017     7974.018
   205:     7977.019     7979.020     7988.021     7998.022     8052.023
   210:     8056.024     8062.025     8097.026     8101.027     8104.028
   215:     8117.029     8123.030     8123.030     8173.000     8173.000
   220:     8485.001     8629.002     8706.003     8758.004     8763.005
   225:     8789.006     8794.007     8795.008     8798.009     8800.010
   230:     8826.011     8839.012     8846.013     8849.014     8860.015
   235:     8888.016     8891.017     8895.018     8898.019     8925.020
   240:     8927.021     8931.022     8935.023     8964.024     8964.024
   245:     9014.000     9014.000     9506.001     9546.002     9551.003
   250:     9587.004     9592.005     9651.006     9690.007     9695.008
   255:     9697.009     9700.010     9703.011     9731.012     9735.013
   260:     9738.014     9747.015     9753.016     9758.017     9760.018
   265:     9762.019     9764.020     9782.021     9790.022     9793.023
   270:     9808.024     9808.024     9858.000     9858.000     9977.001
   275:    10319.002    10416.003    10442.004    10447.005    10501.006
   280:    10542.007    10548.008    10553.009    10596.010    10603.011
   285:    10652.012    10652.012    10702.000    10702.000    10986.001
   290:    10994.002    11045.003    11084.004    11135.005    11174.006
   295:    11205.007    11243.008    11249.009    11252.010    11299.011
   300:    11332.012    11337.013    11340.014    11343.015    11379.016
   305:    11384.017    11387.018    11389.019    11393.020    11397.021
   310:    11405.022    11406.023    11409.024    11412.025    11414.026
   315:    11416.027    11427.028    11431.029    11436.030    11439.031
   320:    11455.032    11463.033    11465.034    11466.035    11468.036
   325:    11471.037    11499.038    11499.038    11549.000    11549.000
   330:    12009.001    12044.002    12051.003    12055.004    12058.005
   335:    12112.006    12117.007    12162.008    12163.009    12170.010
   340:    12208.011    12246.012    12256.013    12262.014    12273.015
   345:    12280.016    12281.017    12285.018    12318.019    12329.020
   350:    12338.021    12338.021    12388.000    12388.000    12621.001
   355:    12627.002    12630.003    12698.004    12703.005    12705.006
   360:    12742.007    12747.008    12748.009    12784.010    12823.011
   365:    12828.012    12832.013    12835.014    12861.015    12863.016
   370:    12877.017    12911.018    12927.019    12931.020    12934.021
   375:    12938.022    12944.023    12947.024    12964.025    12972.026
   380:    12974.027    12977.028    12979.029    13023.030    13027.031
   385:    13029.032    13032.033    13041.034    13043.035    13055.036
   390:    13076.037    13080.038    13085.039    13101.040    13111.041
   395:    13114.042    13123.043    13127.044    13143.045    13148.046
   400:    13152.047    13157.048    13175.049    13175.049    13225.000
   405:    13225.000    13591.001    13631.002    13676.003    13712.004
   410:    13757.005    13762.006    13767.007    13798.008    13803.009
   415:    13836.010    13844.011    13850.012    13855.013    13857.014
   420:    13887.015    13891.016    13894.017    13905.018    13911.019
   425:    13913.020    13915.021    13918.022    13925.023    13927.024
   430:    13933.025    13964.026    13979.027    13982.028    13991.029
   435:    13997.030    13998.031    14034.032    14034.032    14084.000
   440:    14084.000    14157.001    14406.002    14482.003    14486.004
   445:    14587.005    14589.006    14594.007    14599.008    14690.009
   450:    14696.010    14698.011    14761.012    14766.013    14769.014
   455:    14781.015    14789.016    14791.017    14794.018    14798.019
   460:    14800.020    14803.021    14807.022    14810.023    14816.024
   465:    14829.025    14860.026    14866.027    14868.028    14872.029
   470:    14872.029    14922.000    14922.000    15157.001    15209.002
   475:    15255.003    15326.004    15449.005    15456.006    15460.007
   480:    15461.008    15463.009    15521.010    15529.011    15566.012
   485:    15570.013    15572.014    15615.015    15618.016    15621.017
   490:    15655.018    15660.019    15664.020    15673.021    15681.022
   495:    15683.023    15686.024    15691.025    15708.026    15709.026
   500:    15759.000    15759.000    15759.069    15759.070    15759.071
   505:    15759.072    15759.073    15759.074    15759.075    15759.076
   510:    15759.077    15759.078    15759.079    15759.080    15759.081
   515:    15759.082    15759.083    15759.084    15759.085    15759.086
   520:    15759.087    15759.088    15759.089    15759.090    15759.091
   525:    15759.092    15759.093    15759.094    15759.095    15759.096
   530:    15759.097    15759.098    15759.099    15759.100    15759.101
   535:    15759.102    15759.103    15759.104    15759.105    15759.106
   540:    15759.107    15759.107    15759.000    15759.000    15759.002
   545:    15759.004    15759.006    15759.008    15759.010    15759.012
   550:    15759.014    15759.016    15759.018    15759.020    15759.022
   555:    15759.024    15759.026    15759.028    15759.030    15759.032
   560:    15759.034    15759.036    15759.038    15759.040    15759.042
   565:    15759.044    15759.046    15759.048    15759.050    15759.052
   570:    15759.054    15759.056    15759.058    15759.060    15759.062
   575:    15759.064    15759.066    15759.068    15759.070    15759.072
   580:    15759.074    15759.076    15759.078    15759.080    15759.082
   585:    15759.084    15759.086    15759.088    15759.090    15759.092
   590:    15759.094    15759.096    15759.098    15759.100    15759.102
   595:    15759.104    15759.106    15759.108    15759.110    15759.112
   600:    15759.114    15759.116    15759.118    15759.120    15759.122
   605:    15759.124    15759.126    15759.128    15759.130    15759.132
   610:    15759.134    15759.136    15759.138    15759.140    15759.142
   615:    15759.144    15759.146    15759.148    15759.150    15759.152
   620:    15759.154    15759.156    15759.158    15867.001    16144.002
   625:    16187.003    16246.004    16297.005    16341.006    16382.007
   630:    16386.008    16389.009    16446.010    16455.011    16458.012
   635:    16460.013    16512.014    16517.015    16556.016    16556.016
   640:    16606.000    16606.000    17033.001    17078.002    17082.003
   645:    17141.004    17149.005    17181.006    17204.007    17209.008
   650:    17211.009    17260.010    17269.011    17277.012    17278.013
   655:    17280.014    17285.015    17287.016    17292.017    17294.018
   660:    17297.019    17303.020    17307.021    17330.022    17341.023
   665:    17345.024    17348.025    17350.026    17353.027    17360.028
   670:    17366.029    17371.030    17384.031    17388.032    17390.033
   675:    17394.034    17395.034    17445.000    17445.000    17625.001
   680:    17932.002    17968.003    17973.004    18011.005    18019.006
   685:    18069.007    18072.008    18078.009    18081.010    18122.011
   690:    18131.012    18137.013    18139.014    18140.015    18142.016
   695:    18145.017    18147.018    18149.019    18152.020    18157.021
   700:    18214.022    18221.023    18223.024    18224.025    18232.026
   705:    18232.026    18282.000
